 15 200
  107  25  29  89  91 101 103  74  43  78  89  94
  101  60  18 107  63  43  83 104  25  65  74  40
   32  90  86  63  60  80  53  29  23  61  99  82
   26  93  73  93  55  62  19  71  90  52  46  87
   21  77  46  93  29  78  29  83 110  51 104  55
   14  38 105  82  86 103  88  20 102  31  30 107
   82  17  92  90  15  54  49  26 101 106  37  35
   97  54 101  17  82 101  49  88  55 113  66  96
   64   4  75  98 110   9  86  27  67  98  26   5
   15  43  34  26 109  72 108  75  93  44  94  58
   59  28  70 100  81  96  99  98  50  22  69  55
   41  21 109  95  70  55  90  75  82  76  46  71
   72  42  43 108  53  47  61  81  18  60  65  34
  107  54  88  69  29  58  60 102  17  88  66  98
   51  67 106  29  54  78   7  22  68  15  79  76
   54  60  55  99  69  12  55  39  84  60  47  85
   97  93  20  30  47  31  69  92
  100  99  88  69  38  62  61  61 110  96 105 115
   80  79  93  47  15  96  36  23  46  61  99 100
  103  57  84 113  58 111  22  93  77 107  80 105
   23 105  88  93 102  58  29  33  92  41  57  38
   85  28  59  40  26  38 107 102  34  87  82  24
   59  53 104  39  28 111  32  21  26  87  53  68
   56  36 103  77  30  64  96 103  15  34  87  97
   12  90  42  60  26  77  27  17  68  46  19 100
   73  32 112  49  54  29  92  96  23  79  74  81
   87  69  88  61  72  23  39  22  60  51 106  55
   76  22  79  64  85  69  99  37  40  70  66  69
   99  57  47 104 101  39  98  24  29  61  79  85
   91  98  42  45  61  52 100  83  56  76  51  69
   36  43  78  73  57  21 106   5  60  72  42  54
   53  82  84 106  38  16  89  61 113  49  91  61
  105  88   7  30  11  92 111  52  50  11  55  54
   29  89  59  23  83  37 115  40
   77   9  31  38  31  30  76  56  32  78  28  16
  110  80  55  43  31 107  36  69  74  45  90  82
   59  92 103  67  66  33  42  80  30  13  34  85
   74  79  94 100  69  15  51  43  51  67   8 113
   17  24  39  26  18  70  46  37 110   7  19  45
   21  58  77  96  33  35  11  30  54  37  19  54
   29  23  17  39  92 114  56  67  59  45  21  31
  101  79  10  19  77  99  57  38  56  82  43  60
   71  57  26  80  18  62  88  78  99  22  29  56
  105  39  86  69 101  94 105  59 102  86  48  13
   52  84  67  95 106 106  48  62  50  37  38  18
  113  18   5  40  87  70  47 103  55  60 107  85
   66  44  42  57 106   8  91  43  67  29  70  40
   18  17  77  86 106  88  30  76  63  72  61  63
   69  28  15  59  64  52  22 105  66  30  29  21
   79  68 104  58 107  58  95  84  73  25 113  49
   29  41  17  58  21  67  80  36
   93  26  97  49  97  54 104  95  96  89 108  89
   63  35 111  52  74  67 111  38 106  70  85  43
   29  36 114  41  55  89  33  93 110  92  22  26
   67  83  72  87  97  57  14  76  85 103  78  21
  112  57  48  32  16  94  69  23  88  75  55  76
   35 115  49  18  97  36  93  89  86  52  25  59
  110  81  14  85  22  24  59  81  25  52  21 100
   36  74  79 117  96  66 106  54  32  71  65  46
   81  95  81  77  98  21  33  28  81  68 112  19
   97  56  92  24  10 104  33  35  82  76  15  71
   39  43  96  69  29  56  44  70  71  81  50  75
   67 110  90  66  79  99  45  56  65  99 104  20
   66  83  70  17  22  42  68  84  26  51  72  41
   36  72 112  22  81  15  81  39  23  33  62  28
  113 113  21 100 113  82  26  59  20 110  51  74
   70  71  31 101  68  58  54  18  78  71  50  69
   84  22  54  73  48  42  94  24
   38  24  61  35  42 100   9  74  55  85  81  68
   16  50  77  17 108  30  70  47  90 104  57  49
   97  48  62 103  31  95  69  48  83  25  90 100
  107 103  73  88  14  38  64  75  79  86  40  96
  103  56  82  21  99 107  73  97  46  72  29  33
   91  23 103  79 105  37  97 104  22  28  96  43
   41  24  78 102  43  20  21  62  55  56  26  46
   53  80 101  72  38  52  73  71  29 101  76  58
   65  23  24  41  13  40  10  95 109  95  11  45
   94 105  76 109  97  49  83  97  75 115  89  13
  115  60  73  22  99  83  68  24  56 107  32  43
   94 116  51  36  88  86 100  56  11  46 114  66
   69  48  50  85  16  40  86  13  57  53  34  67
   80  28  90  66  97  77  33  35  94  31  21  75
   83  89  22  26  14  19  65  85  45  51  97  15
   35  28  42  45  80 101  37  24  45  66 113 102
   63  20  95  43  27 106  46  39
   82  32  48  16  69  36 115  41  66  88 106  22
   96  52  55  45  87  46  73  66  35  93  88  30
   80  55  52  80  15  98  40  98  78  51  46  17
   29  79  81  35  46  53  73  32  12  48  23  92
   98  80  68  60  75  15  72  55  64  82  28  24
   78  95  91  60  34  65  76  34  67  68  90  93
   66  99  67  25  35  95  58  96 102 110  33  43
   24  79  48  13  99  62  51  25  21  30  46  57
   92  15  32  36  46  41  34  78  36 114  25  63
   37   5  47 105  80  22  53  26  23  40  24  75
   67  27  17  90 102  71   3  80  73  46  93  14
   78  46  47  23  37 104  80  67 107  28  22  27
   39  18  96  69  30  16  47  89  64  34  46 104
  100  65  30  39  49  56  82   5 101  76  79  58
   53  73  96  67 112  14  46  93  14  56  60  52
   75  62  72  81  85  34 113  12  30  97  32   8
   60  89  38  25   8  99  35  66
  106  28  38  82  87  94 100  51  27  39 111  68
   59 103  55  91  30  33  89  23  75  61 109  58
   99  69  82  45  79 109  21  62  34  51  61  18
   88  47  50  74  26  68  59  54  19  81  55  42
   35  54  41  22  94   7  48   9  41  95 109  89
   46  79  89 108  75  71  73  68 107  75  91  75
   29  94  61  62  34  28  62  11  75 108  25  97
   59  10  47  60  36  58  20  46  38  41  67  20
   96 105  66  63  89  88  53  73  54 101  15  51
   30  72  82  90  78  99   9  87  44  55  67 107
   34  97  83  11  63  95  82  40  89  26  83  95
  106  49  12  12  65  38  61 101  20  60  74  43
   34  54  99  97  20  66   2  32  29  13 108  24
   80  13  18  90  24  79  55  43 106  57 112  54
   68 102  20  18  32  92  44  85  98  54  83  54
   95  22  51  30  23  36  26  73  30  46 105  80
   21  30  64  76  14  53  35  24
  109  33  53  90  35  89  34  23  68  68  30  99
   80  53  41  20  11  37  40  69   4  39  80  30
   73  45  23  98  92  98  73  59 103  21  37  32
   23 101  15  29  61  62  94  68 107  65  96  29
   84  87  15  13  40  59  51  57  23  90  80  66
   52  23  29  96  56  75 105  51 101  79  60 108
   49  47  40  43  25  81 106  30  96  72  84  39
  103  28  50  49 111  86  41  63  22 103  27  12
   28 102  99  76  20  51  43  46  77  17  40  60
   71  83  37  55 105  96  36  66  71  67  42  37
   31  96  72  14  85  85 100  97  20  74  46  87
    6  96  35  62  84  22  17  74  51   2  87  17
   25  77  38  44  77  60  60  24   4 108  89  64
   51 109  41  37  33  29  80  72   5  75  41  57
   76  25  40  38  32  25  40  82  55  72  30  65
   22  78  87  78 101  37  93  78  63  30  75  62
   31  67  63 102 106  96  28  34
   92  89  32  58   7  82  28 103  86  18  75 119
   35  35  47  34  54  63  96  49  84  39  96  45
   32  90  33  84  14  89  75  55 101  51  78  52
   58  83  91  22  56  66  29  39 111  66 109  21
   62  68  65  37  52  65  25  90  22   5 102  87
   39  22  12  38  70 105  22  39  13  62  54 112
   14  94  54  99 103  89  91 102  73  27  92  77
   30  66  22  35  56  65  67  62  85  38  68  96
   82  86  33  63 107  21  49  95 102  89  78  65
   99  50  26  18  57  87  33  33  34  69  41  75
   79 104  63  50  13 103  89 100  51  39  28  91
   22  38  89  45  45 102  89  14  51  81 103  87
   87  91  42  77 104  46  71  69  20  26 113  78
   99  12  95  77  58  80  62  99  52  97  99  57
  106  62 100  83  11 108  73  29  53  52 100  50
   76  14  50  49  21  19 102  61 107  89  15 110
   15  77   4  32  58 101  76  82
   80 112 111  64 103 104  25  80  28  36  12  95
   50  64  21  91  19  46  84 114 109  28  71  33
   36 112  68  80  61  74  89  64  77  80  64  79
  101  36  52  72  46  83  41  92  33   3  20  60
   39  49  48  27  66  56  86  57  47  14  11   7
   14  46  31 103  27  96  85 112  18  65  57  56
   32  67  50  71  46  10  87  12  78  57  67  49
   50  56  68  21  72  46  54  29  87  83  67  71
  100  41  18  40  67  54  76  33  90  22 101  51
   84  50  13  19  71  98  83  52  69  92  79  66
   38  43   6  98  14  84  91  52  62 108  50  98
   27  10  43  24  26  59   8  54  74 108  89  52
   57  69  24 101  15  67  28  69  63  88  48  27
   70  42  56  99  95  63  55  31  73  13  55 115
   80  71  75  64 105  73  52  54  48 100  51  58
   51  84  98  38  66  53  33  91  83  32  18 105
  102  73  65  39 108  26  50 100
   19  52  86  74  68 101 111 102  30  73  25  47
  107  85 106  11  54  90  62  57  73  30  60  62
   79  30  61  70 112  63  64  42  56  92  99  94
   50  65  78  66 103  54  35  77  76  70  43  68
   68  75  53  59  71  36  17  34  10  76  88 104
   75  82  18  35  40  18  76  64  15 106  74  55
   49  56  14  68  74  48  15  70 111  36  92  79
   37  37  98  80  10  40  13  43  80  96   9  44
   97  79 102  34  78  48  74  19  38 114  51  60
  109  87 103 110  19  67  50  87  52 103  35  79
   89  12  96  57  73 109  46 109  47  55  50 107
   63  84 106  64  93  78 102  27  59  84  30  46
   76  42  82  79  93  88  34  89  29  21  97  65
   36  71  23   7  63  91 104  82  32  52  95 102
   99  74  98  33  41 102  15  35   4  67  57  87
   33  77  25  94   7  52  91  16  43  79  87  54
   71  40  76 101  74  59  53  44
   78  23  30  66  86  49  90 105 104  52  83  54
   33  49  41  35  76  58 112  83  10  55  28  45
   32  53 111  66  89  61  81  24 104  27  72  92
   53  39  94  23  53  32   8 105  50  94 105  81
   81 115 113  65 100  69  87  88  49  72  62 101
    9  38 109  55  75  88  12 103 108 106  50  79
   50  40  19  39  61  58  51  52  78  88  73  94
   42  53  54  87  54  60  72  87  83  61  65  30
   27  28  29  46  15  71  22  50  16  98  58  54
   46  26  20  50  60  62  23  36  67  26  56  60
   96  53  79  58  97  27  80  91  99 104  67 113
  101  57  65  25  73  40  39  16  58  65  80  89
   74  45  29  51  85  55  70  59  16  62  59  94
   93  54  20  67  55  10 101  68  56  49  98  81
   47  71  37   7  20  86  87   7  41  92  80 105
   17  31 102  18 103   9  26  52 116  24  93  65
   98  27  85  63  52  43  72  32
  109  91  83  56  51  27  18  62  87 101  37  98
   29  49  82  26  76 103  36  39  83   3  53  84
   99  17  65  81  33  84  82  60 102 108 115  77
   44  19  35  78  97  15  26  25  18 102  95  59
   71  40  57  85  33  98  74  43  88  80  29  64
   99  32 109 100  24 101  66  87  19  47  66  57
   71  44  32  83  88  45  97  41 103  50  58  26
   43  92  78  88 116  61  75  19  87  36  72  45
   19  30  54  66  17  83  35  72  46  62  24 115
  109  56  45  66  23  81  65  50  49  87  26  92
   46   7  34  29  20  40  19  79  27  95  18  51
   54  49  22  77  46  26  43  51  42  90  76  12
   61  96 102  42  25  22  50  15  96  63  78  38
   70  84  40  60  90  68  63  36  52  94  63  73
   66  17  81  25  32  88  33  67  71 103  65  22
   20  43  58  39 103  21  42  24 100  36  54  84
   71 113  96  50  66  67  90  90
   30  12  14  46  19  94  57  54  77 100 105  27
   47  91  92  60  75  52  60  89  55  39  26  79
   44  87 103  35  36  95  46  42  71  48  24  70
   77 106  27  73 100  54  47  92 101  25  65  25
   41  87  74  64  47  27  45  20  95  82  31  60
   75  73 106  25  20  84  96  99  93  77  22  92
   55  86  86  82  41  38  58  33  47  91  83  37
   15  30  97  54  18  39  51  95  56   8  28  68
  108  37  58  50  83  67  39  17 113  22  32  92
   55 108  27  29  63  29  53  15  60  57  14  91
  103  44  43  32  91  15 110  72  94  86  79  36
   80  52  26  96  72  84  36  28  54  87  68  90
   37  53  13  96  30  68  22  41  71  43  86  56
   89  75  39  84  62  25  66  43  91  95 110  42
   16  82  70  17  87  92  99  11  28  45  72  77
   58  28  81  79  71  39 110  48  74 104  54  90
   24  91  15  57  28  11  64  54
   77  89  72  41 100  18  24  87  69  43  20 104
   84  83  81  93  57  44  88  50  33 103 107  53
   99  52  89  46  26  43  51  85 103  37  21  95
   27  37  81 100 110  15  58  21  47  77  51  64
   73  88  93  19  58 106  70  24  22  22  83  78
   50  90  45  19  72  44  21  36  74  86  81  52
   61  46  90  43  68  45  45  86  40   5  52  38
   24  41  57 100 105  94  32  54  27 100  30  30
   94  91  10  70  42  56  72  48  46  51 105  15
   92  29  91  38  60  92  52  60  95  46 104  45
   17  87  46 103  57  91  32  62  62  70  97 110
   20  99   7  31  38  49  93  58  15 101  29  31
   40  31  53  99  72  80  48  92  31  25  77  26
   74  58 105  12  32  36  58  92 110  18 107  68
   16  64  46  45  86  42  10  85  68  74  76  51
   23  60  58  12  66  30  93  17  87  33  93  63
   87  12  99  32  19  57 109  44
   12  86  79  15  17  16   6  34  64  27  26  24
   10  49  92  12  41  72  19   1  94  42  44  79
   75  21  18  42  50  22  52  90  96  45   5  29
   81  15  36  25  53  48  88  45  18  60  72  27
   90  30  58  17  78  34  87  31   1  69   8  51
   96  82  11  26  25  13  21  97   7  75  86  11
   22  86  20  21  96  64  58  77   4   5  72  79
   17  56   6  94  26   7  65  25  62   3  49  17
   46  99  38   8   3  93  19  91  45   7  84 100
   89  75  77  90   2  42   6  28  15  69  15  50
   44  89  38  16  36  11   3  17  55  89  34  48
   69  93   8  22  37  52  13  35  34  39  71  48
   47  69  68   2  67  62  50  27  92  47  40  77
    1  64  21  34  83  47  50   9  98  27  45  10
   54  44   2  80  56  24  98  83  45  88  34  43
   62  50  60  10  46  91  50  64  28  50  69  27
    5  16  95  86  72  73  38  17
   12   8  20  43  66  52  55  44   7  17  13   1
   31  41  15  55  94  22  77  94  62  51  18  19
    5  59  30   2  47   1  95  25  27   1  24   6
   94   7  31  13   4  49  87  71  25  63  45  71
   31  89  56  72  81  75   1   6  70  16  38  95
   48  62   8  68  83   9  72  96  87  18  49  43
   62  77  15  26  82  40  21   8  87  69  29   9
   93  15  75  43  89  42  90  94  36  66  84  15
   29  86   8  68  54  75  17  13  80  31  46  23
   25  47  17  58  41  89  77  89  60  53  13  63
   39  85  28  39  33  35  20  65  66  33  53  41
    6  58  67  16  12  80  12  85  77  48  38  33
   20  16  62  67  45  68  12  19  48  37  67  34
   68  77  29  38  51  85   8  97  58  39  65  59
   63  36  18   1  70 100  18  56   7  57  25  59
   14  24 100  75 100  28   5  53  70  94  61  66
   91  22  50  89  30  79   2  68
   31 100  88  73  71  81  42  61  70  29  85  97
    7  22  56  64  71  10  84  37  33  66  13  28
   43  21   3  46  38  78  71  30  90  96  80  33
   46  27  14   6  35  98  51  67  64  50  97   5
   91  82  66  93  93  41  66  71  10  97  99  67
   99  47  27  23  76  83  94  89  52  72  86  54
   81  83  89  70  15   1  51  49  50  75  96  89
   12  32  93  99  29   9  45  81  46  23  73  46
   42  56  91  24  84  48  28  26   6  81  86  46
    9  70  22  34   9  11   5  45  18  22  58  94
   53  27  43  15   9   4  60  52  56  68  73  92
    6  91  98  65  16  45  65   8  59  56   4  24
   44  67  64  54   5  97  17  66  50  80  37  71
   86  89  27  19   3  21  81  31  42  41  50  47
   39  78  90  48  49  61  82  14  47  75  86  95
   33  49  15  52   5  51  15  33  43  84   7  55
   83  72 100  55  87  38  23  73
   18  91  15  67   6  51   3  18  14  22   3  23
   56  74   3  63  37  50   4  68   3  36  20  61
   76  70   3  78  57  22  78  13   7  17  88  89
   53  33  36  19   8  57  96  40  23  12  33  99
    5  47  54  76  89  22  48  91  16  43  51  26
   76   2  69  87  14  81  15  26  19  67  79  60
    1  24  99  17  98  91  46  29  91  54  85   2
   82  32  39   1  14  50   1  61  83  36  41  72
   24   8  39  42  21  90  87  92  22  34   8  93
    8  55  12  83  95   1  71  79  36  38  99  34
   65  62  24  43  88  49  62  47  48  29  61  44
   52   7  21  54  27  14  70  49  50  11   2  89
   43  30  36  86  82  76  40  27  89  64  47  70
   82  34   8  82  27  99  32  80  85  85  41  77
    2   7  92   3   6  31  90  61  88   2  58  41
   33  48  74   4  37  57  50  84  33  44  53  38
   29  84  57  37  69  61  13  81
   73  94  50  79  61   2 100  45  48  30  25  44
   92  69  29  86  10  89  45  68  29  10  55  68
   22  72  53   5  82  15  51  55  27  91  28   3
    8  13  36  31  94  70  47  28  29  18  73  19
   13  53  20  87  12   4  32  14  57  31  74  72
   16  79   8  32  15  74  14   4  95  85   9  62
   71  86  29   2  73  96  99  44  59  60  82  62
   66  38  16  45  76  57  43  45  87  19  32  60
   55  88  94  76  95  72 100  19   7  17  98  61
   19  14  44   6  15  68  26  14  33   4  21  91
    3  53  44  96  10  30  41  85  58   6  73  68
   18   3  56  83  21  31   2  54  99  57   6  49
   33  64  63  17  93  69  24  89  51  52  81  50
   36  89  16  53  22  29  69  81  16  85  87  42
   24  23  96  81  89  90  49  24  59  65  20  96
   69  82  71  73  27  13  72  84  63  52   5  16
   39  86  16  68  80   5  71  81
   34  80  57  95  42  79   4  63  40  14   7  80
   23  54  59  75  32  68  38  41  84  26  21  76
   31  50  59  34  98  17  80  16  27  51  70  93
   84  32  28  69  59  56  29  73  99  54  84  13
   19  26  47  51  36  95  42  57  52  28  79  89
   42  24  18  46  80  41  42  70  44  39  27  16
   37  16  36  82  84  20  55  16  12   4  78  77
   82  27  58  94   7  40  54  81  86  78  63  48
   10  98  81  80  62  75  86  27  76   2  77  53
   74  98  64  11  26  95  51  82  91  65  96  44
   50  91 100  15   1  48  99  29  32  63  21  94
   36  56  73  88  82  11  32  48  13  80  86  90
   80  84  16  45  86  97  62  26  39  75  59  10
    9  42  88  64  68  64  22  98  15  39  32  56
   64  34   7  44   3  92  71  11  98  46  46  59
   42  49  38  27  35  77   3  99  86  10  70  94
   43  22  76  93  99  20  83  48
    5  85  71  25  25   9   5  55  93  64   5  51
   54   3  49  29  81  77  20  92  44  50   5  58
    8  41  21  62  29   6  81  52  84  53  45  86
   14  65  60  39  85  44  52  58  92  34  58  60
   85  55  69  97  24  99  63  98  79  13  10  23
   70  23  26   3  45  32  47  40   7  42  18  27
   88  21  50  40  82  84  51  95  30   2  86  11
   53  93  58  60  73  44  83  60  68  72  37  86
   22  12  54  52  25  28  57  45  66  19  87  58
   87  44  31  15  32   5  94  15  63  51  41   4
   86  11  24  99  43  22  38  74  15  81  36  19
    7  68  98  92  50  69  43   2  86  58  39  77
   76  59   8  18  99  43 100  70  83  95   5  95
   33  95  93  15  91  37  51  61   6  61   4  51
   35   4  86  88  74  27  60  20  13  58  30  57
   22  93  69  78  91  82  92  29  89  65   6  32
   84  74  49  33  89  56  73  78
    8  86  55  27  81  31  82  86  35  41  87   4
   25  63  69  91  99  72  79  48  99  66  25  90
   42  67  79  13  18  19  41  60  14  94  75  85
   79  11  99  80  44  58  22  45   9  38  10  82
   24  28  89  93  77  55  61  54  92  15  23  40
   64  90  89   6  47  27  10  52   9  24  51  10
   60  73  66  69  89  30  13  85   6  38  31  78
    9  82  56  63   7  17  74  48  91  16  90  98
   87  11  19  36  96  58  76  57  41  90  70  45
   40  19  71  56  11  14  67  53  35  45  78  74
   83  13  38  99  35  35  11  17  88  41  67  33
   97  20  68  49  26  84  86  30  61 100  28  93
   85  31  64  64  27  55  46  82  98   7  15  48
   59   2  71  77  85  75  23  34  97  29  73  51
   29  91  70  73  81  86  79  36  52  32  89  44
   82  40  32  24   8  71  15  39  57  83  45  40
   89  38  55  18   9  21  89  70
   17  20  87  48  98  23  87   2  29  95  44   1
   73  77  60  81  55  45  15  53  23  73  16  67
   76  29  74  19 100  14  37  48   8  60  34  56
   44  23  13  98  59  44  73  77   7  45   7  91
   51  34  40  68  65  55  83  28  96  99   5  20
   74  83  98  72  45  10  90  80 100  49  53   8
   92  20  53   4   3  15  13   1  47  78  27  28
   88  42  80  76  59  48  38  57  24  68  42   8
   21  32  77  54   7  90  67  18  18  17  30  52
   10  70  76  97  53  31  77  70  77  36  71  28
   23   8  56  55  90  15  23  20  65  67  78  18
   89  64  25  71  65  10  20  98  64  22  12  25
   24  23  61  34   4  68  36  49  89  90   6  40
    9  99  12  29  53  35  47  11  68  14  14  61
    5  51   2  24  95  10  46  76  51  61  12  61
   31  97  70  62  98  89   1  44   2  26  96   5
   96  35  98  77  51  14  38  35
   25   8   1  53   1   4  89  38  78  72  99  11
   59  45  86  28  95  58  33   2   7  86  36  81
   66   3  51  29  52  36  30  52  34  38  48  35
   12  80  59  42  72  28  73  13  84 100  86  46
   77  59  66  77  54  46  31  51  65  97  99  98
   94  73  73   7  91   9  28   5  90  45  58  49
   72  38  63  33  73  95  24  95  31  56  49  61
   61  53  39  95  44  65  57  86  24  28  48  49
    7  68  90  72  48  65  35  82  14  98   1  62
   24  58  94  92  44  18  19  51  39  19  24  47
   64  70  96  15  88  22  14  52  45   3  64  17
   93  98  68  81  86  43  96  57  35   6  21  67
   56  51  90   5 100  49  76  51  43  18  64  75
   41  68  56   4  23  40  53  80  42  91  63   1
   33  48  37  40  10  46  52  65  61   3  61  50
   60  35  17  71  50  52  87  22  33  71  90   8
   12  47  42  74  12  84  56  11
   93  61  34  38  34  19   5   5  82  30  88  61
   12  19   6  92  60  12  55  60  46  79  47  56
   24  86  52  49   8  40  42  70  61  11   9  20
   58  53  30  39   5  66  68  40  44  41  70  37
   41  28  60  54  37  68  88  76  97  37  29   4
   45  22  91  78  78  95  32  55  88  10  43  62
   69  63  92  45  30  68  99  38   5  76  21  34
   76  82  15  24  95  71  94  70  32  19  96  68
   17  24   4  78  28  71  38  84  69   6  59  44
    3  22   2   1  85  44  58  23  51   7  70  24
   17  99  17  56  33   3  62   8  69  59  66   4
   46  23   5  44  10  32   9  81  60  24  72  60
   29  69  34  25  16  26  85  29  75  89   6  45
   81  48  79  95  39  16   1  21  79  52  20   9
   12  33  20  81  67   1  99  76  99  44  52  19
   86  31  85  21 100  56  13 100  73  32  31  57
   49  64  31   1  29  49  52  74
   36  80  72  36  22  71  14   5  11  68  24  61
   77  64  72  84  39  51   7  19  93  64  79  59
   85  58   1  38  14  45  39  95   6  75  31  16
   53  81  23  89  58  74  96   6  65   9   9  28
   30   4   7  55  20  45  25  16  68  42  40  15
   99  77   4  63  35  15  99  10   2   6  60  33
   61  69  97  68  58  58  68  60  29  21  39  15
   64  56  61  21  52  55  30  32  20  56  37  74
   76  90  85  74  87  42  80  60  91  10  60  51
   60  87  93  65  53  51  88  75  36  76  48  45
   22  61  32  61  17  90  35  12  11  10  50   4
   11  51  41  89  47  70  73  99  51  38  32  22
   44  60  91  52  24  51  43  50  90  42  59  19
   11  52  94  48  47  95   8  36  49  62   5  28
   58  40  74  97  91  16  32  97  76  27  38   3
   93  89  10  89   1  95  76  57   2  83  16  46
   20  86  25  48  57  67  35  73
    2  20  34  53  53  86  86  41  28  12  72  12
   77  70  21  87  42   8  84  75  33  99  61  23
   14  94  45  29  82  21  25  46  17   5   3  26
   73  90  84  33   5  97  84  87  90  16   7  50
   43  64  61  22  77  17  45  69  18  34  77  44
   20  84   2   5  91   3  43  22  84  69  49  59
   32  63  83  24  30  66  15  78   2  62  60  87
   75  28  31  25   3  53  45  90  32  74  39  62
   94  75  62  47  94  30  67  47  68  40  95   4
    4  59  63  38  83  28  49  56  56  29  90  21
   70  97  79  79  97  69  88  36  88  16  85  61
   57  58  95  28  59  89  60  60  60  13  35 100
   47  16  10  63  91  93  60  89  13  42  31  70
   36  24  64  48  26  42  52  77  63  17  52  37
   42  99  34  82  88  22  79  37  38  11  40  97
   94  75  44  68  12  90  63  78   7  74  49  23
   49   2  17  60  44  48  24  13
   88  92  98  60  87   8  45  65  38  15   3  91
   68  16  23  59  45  58  56  21  64  76  92  25
   67  28  15  80  75  16  71  65  32  58  79  45
   41   5  78  41   3  57  57  12  15  88  48  87
   63  25  38  38  55  84  66  83  17  28  80  50
   28  35   7  84  90  35   7   6  20  28  88  25
   56  19  21  21  67  81  46  73  65  18  25  66
   91  83   5  57  94  66  60  16  57  99  78  45
    2  74  56  66  29  43  69  98   2  84  87  12
   56   8  90  76  41  82  55  89  56  59  90  11
    3  72  63  78  20  93   3  40   9  16  28  70
   25  55  93   8  43  31  79  92  64  21  35  21
   83  54  94   7  81  38  83  72  49  69  26  53
   27  41  69  27  55  93  53  73  20  12   8  65
   89  25  46  87  29  13  11  98  90  61  39  33
   55  86  21  38  43  69  10  70  41   7  51  29
   90  29  89  48  77  97  42  48
   43  23  42  68  19  88  93  30  51  62 100  15
   32  25  30  18  63  76  16  60  82  10  13  63
    8  54  31  71  76  67  55  26   8  81  87  16
   76  77  30   8   3  91  55  93  64  34  69  40
   36  23  17  89  50   7  38  94  98  89  22  34
   53  18  66  96  41  62  95  75  43  32  39  59
   47  68  18  69  43  58  57  22  66  97  59  71
   95  64  55   6   9  21  79  55  91   4  80  85
   13  27  96  35  61  55  41  66  57  67   5  96
   27  75  12  74  56  13  67  54  20  61   2  65
   96  26  65   4  58  29  84  43  56  41  11   5
   89   3  96  83  72  67  21  59  91  18  91  85
   73  86  58  15  39  31  59  19  82  83  30  76
   37  53   7  95  74  73  49  27   3  84   6  48
   94  49  63  66  27  69  93  25  51  38  39  59
   86  59  49  91  54  78  16  97  25  86  18  51
   31  94  16  71  89  62  11  73
    487   502   559   498   530   559   542   566   506   542   499   527
    540   534   556
