 20 400
  112 100  49  11  12  28 103  69 115  48  82  26
  107  53 115  54  59  83  94  48  38  53  46  39
   17 101  44  84 119  97  74  33  47 101  66  92
   37  40  92  96  84  44  58  89  91 101  27  91
   87  38  64  65  84  69  67 106  72 116  14   8
  116  93  59  37  17 102  53 114  54 110  56  22
   18  74  94  89  58  23 101  22  16 106  63  77
   51  79  50  73  26 110  56  31  56  49  10  85
   87   9 115  90  77  33  50  45  80  46  97  95
   40  93  80  11  26 112  67  38  27  98  16  20
   40  47  42  67  84  62  82  43 104  88 105  88
   38  65  95  68  19  25  57  59  50 109  81  15
   83  66  61  96  68  66  21  85  60  32  17  88
   79  89  18  67  68  25  50  80  69  40  70 109
   31  34  99  33  22  26  84  99  69  29  53  43
   67  14   4  71  86 112  31  43 111  45  52  39
   23  86  38  36  65  96  90  56  64 101  75  67
   50  77 106 102  29  10  32  90  39  82  22  79
   84  13  89 101  58  84  45  63  52  78  56  66
   58  29  16  42  17  52  91  48  67  84 105  24
   44  53  87  28  35  81  15  90  17  80 104  16
   49 103  34  55  21  62  14  62  83  13 104  32
   19  32  75  93  85  77  20  48  78 103  26 105
   47  53  39  62  66  21  61  57  99  80  77  37
  107  31  97  75  15  44  57  84  69  66  77  89
   40  14  88 110  16  67  54  57 111  29 115  60
   77  97  50  54  42 106  93  74  60  64  79  55
   22  97  47  62  32  82 104  87  24  89  87  97
   19  72  24  69  22  65  81 103  33  19  58  81
  107  41  42  20  60  70 103  74  99  70  17 104
   89   6  66  39  88  63  18  26  51  83  61  97
   28  58  15 110  95  10  74  86  75  81  59  42
   90  75  21  63  62  19  22  93  67  99  48  95
   47  46  58 117
   59  33  57  79  97  13  22  51  58  77 100  61
   39  56  64  13  68  93 102  34  99  71  38  96
  112 101  57  22  86  43   8  76  77  48  55 101
   72  50  13  87  75   9  57  17  38  59  70  24
   18  67  80  83  23  83  87  60  65  61  37  80
  111  65  87  28  98  51  11  25 115 102  48  37
   66  14  21  13  69  72  80 102  38 104  18  21
  108  48   7  70  30  38  73  98  15  69  30  49
   78  94  27 104  17  27  80  47  89  41  52 108
   81  56   7  94  86  75  77  41  64  66  30  71
   45  66  11  74  44  74  65  26  56  47  65  56
  100  45  23  61 100  64  55  96  24  11 103  42
   21  32  44 101  99  79  69  89  85  32  51  80
   85  21  26  43  26  98  92  55  58  36 105  25
   56  50  72  92  60  38  83  73 117  61  16  17
  100  85  56  88  92  68  56  31  48  88  28 106
   89  98   7  96  75  41  45  64  97  52   8  53
   44  76  60  35  94  34  39  81  75   6  43  75
   22  81  13  23  36  36 101  80  41  97  92  94
  100  61  89  41 100  58  43  91  17  25  83  88
   31 102  35  71  51  78  27  16  31  26 116  12
   23  64  79 109  21  87  93   4  98  35  56  83
  101  19  40 102  51  25  87  41  64  17  46  81
   17  87  55  52  61  51 115  31  52  58 113  22
   85  17  31  60 101  81  77  36  61  23  81  63
   72  59  85  58  51  83  55  25  77  70  62  12
   84  44  92  36  12  90  78  59  73  57  48 101
   93  83  81  44  35 103  71  68  69  62 110  83
   68  37  64  60  25  46  62  58  42  59  48  43
   11  26  65  68  60  96  47  59  84  80 104  50
   79  50  51  31  67  58  92  43  36  47  21 100
   81  97  86  98  89  63  63  27  55  23  68  93
   86  65  91  11  81  91  58  83  35 109  25 108
   56  47  68 100
   39  33  42 105  45  79  39 114  96  21  81  71
   33  81  62  53  34  21  46  83  38  27  64  95
   52   8  40  21  51  13  19  32  78  28  98  89
   35  74  24  74  40  18  45  65  83  65  96  87
   87  57  86  29  83  18  41   7  54  93 110  93
   54  19  80  87  82  32  29  34  73  93  60  38
   83 106  16  99 100 106  78  53  68  80  45  42
  101 101  19  53  73  48  80 101  63  19 105  72
   15  63 102  51  92 111  33  68  57  58  97  26
   65  41  25  66  58  61  73  70 109  35 102 118
   51  97  20  59  93  68  17  69  21  17  72 111
   87  68  77  48  41  18  44  76  85  82  75  90
   86  43  40  31  63  35  29  64  53  48  37  97
   18   9  34  80  44  15  43  11  37  41  35  79
   62  90  26  67  59  52  34  12  12  33  54  75
   75  98 116  13  26 108  82  69  53  32  77 104
   49  84  88  36  71  84 104  43  65  87  48  83
   99   6  56  47  83  21  65  32  80  42  88  42
   29 103  27 107  92  98  83 106  62  16  56  83
   66  57  46  24  33  14  64   4 100  58  42  42
   64  50  46  75  53  82  99  22  92  60  75  60
   32  63  92  69  47  34  55  22  18  55  58  19
  109  95  42  34  41  30  31  16  97  14 101  78
   89  19  33  66  96  49  82  43  85  84 107  12
   68  45  54  66  56  97  81  15  23  41  89  51
   50  96  44  51 109  32  83  51  83   6  45  62
   67  33  16   8  45  40  45  17  67  77 106  66
   61  98  35  92  34  75  58  26  25  15  18  32
   85  34  62  67  67 101  59  90  51  81  83 104
   28  66  62  48  74  38  18  56  43  58  57  52
   90  87  19  88  40  62  56  40  48 109  25  17
   18  81  73  34  31  40  18  48 107  58  64   7
   69  34  39  85  99  90  51  77  73 106  59  92
   30  75  96  75
   91  54  93  62  93  84  89  70  65  90  83  21
   68  85  79  82  57  29  68 101  51  40  29  53
   29  19 104  23  92 106  68  80  27  72  62  26
   28  91  79  58  90  64  29  56  23  16  68  85
   78  89  49  95  44  69 105   4  58  42   6 110
   91  75  14  72  46  84  75  91  84  69  58  38
   44  93  30  43  17  93 106  43  58  34  44  38
  101  89  66  15 101  83 101  28  62  42  34 101
   81  14  70  47  69  92  51  12  98  84  47  51
   95  36  48  38  91  29  89  75  87  92  17  51
   58  32 113  41  30  99  21  88  27  88  68  87
   83  21  88  62  91  46  78  14 105  58  98  90
  111  63  10  44  85  39  45  16  55  12  60  84
   80 105  42  14  95  33  27 102  71  30  81  89
   14  23  83 100  26  18  47  83  74  82  58  93
   39 103 102   6  90  71  98 109  55  37 106  98
   85  56  65  23  97  76  37 113  80  20  99  26
    4  89  64  99  50  91  37  74 113  43  96  45
   77  34  68  67  36  50  83 107  25  83 103 100
   25  72 103  98  24  84  48  78  22  32  56  75
  117  19   4  20  51  54  99  96  28  89  88  88
   71  40  60  39  11  42  19  69  99  59  72  64
   21 106  84  69  23  39  75  76  86  88  97  98
   19  12  16  59  40 101 117  44  22  83  28  16
   76  56 109  97 102  14  49  93  84  28  13  52
   54  69  29 102  73  28  57  63  96  73  36  53
   43  58  56  85  34  19  54  37  96  53  19  18
   61  10  25  86  47  76 105  78  97  99 104  57
   90  64 102  27  30 116  10  63  33  85  61  27
   88  61  48  67 104  41  99  82  77  42  47  45
  103  59  67  17  97 102  72  58  33 103  71  78
   83  96  45  90  43  31  73  56  33  47  97  45
   94  44  76  41  92  50   8  88  68  21  34  81
   36  58  24  69
   85  36  89  25 100  18 102  59 102  24  70  58
  107  26  22  89  87  44 117  59  64  85  96  34
   65  38  21  70  80  60  27  41  42  94  85  19
  112  21  54  23  93  35  54  29 103  47  30   8
   75  30  23  61  38  10  45  45  95  83  22  67
   46  70  82  26  40  43  60  27  89  82  22  60
   66  54  18  90  66  87  99  79  95  27  74  22
  107  54  85  55  48  84  22  86  23 111  83  20
   58  40  48  93  74  90  38  42  82  17  19 108
   23  33  41  18  40  89  90  60  97  92  67  18
   80 100  41  75  55  54  43  37  91  24  35 100
   93  33  89  45  53  46  41  28  17  92  66  18
   68  59  57 102  18 107  44   9  24  70  79  34
   89  85  31  91  94  14  59 111  73  20  31  20
   37 115  83  48  56  37  64  30  94  92  12  49
   30 111 102  76  99  31  59 106  51  14  18  16
   83 106  83  91  40  37  92  60  27  47  67  32
   86  70  67  69  75 109  33  64  61  90  58  38
   39  42  81  77  65  26  35  23  34  82  45  40
   39  93  63 101 100  78 110  29  51 104  46  30
   85  67  45  93  19  35  98 104 100  41  45   8
   78  34  52   8 102  38  46 102 113  60  94  73
   35  85  80  36  60   7  51  62  23 104  29  38
   65  50  74  90  61  66  73  81 114  22  41  41
   85  91  89  45  55  23  19  71  23 108  31  98
   55 102  52  80  80  60  23  59  10  45  37  30
   13  77  46  44  84  79  52  98  77 102  76  46
   44  10  25  10  43  65  28  20  83  45  99  81
   16  91  28   7  96  70  39  15  52  91 100  77
   49  97  17  94  36 108  24  71  69 107  44  40
   87  15 109  25  50  59  28 112  42  56  28  76
   70  71  48 118  37  84  24  62  36  81  24  97
   72  47  54 102  94  88  48  73 115  94  57  14
  102  34  43  72
   66  91  73  35  53  12  85  98  49  57  16  47
  105  76  74  73  90  46  49  34 105  79  21  89
   21  18  63  61  24  21  19  41  47  62  90  42
   84  37   8  29  38  89  41 113  18  94 100  37
   38  58  47  54  46 116  70  50 115  22  77 107
   57  38  35  22  52  69  18   5  73  52  44  25
   55  24  18  73 101 100  12  99  42  82 102  53
   39  45 103  70  39  34  76  84  72  75  94  63
   65  65  66  14  55  61  51  91  21  93 111 103
   13  60 102  68  24  51  59  33  97  29  16  55
  113 107  88  53  75  17  73  56  44  42  96  10
   16  24  45  37  37  49  49  44  37  73  53  31
   22  77  81 104  14  88  19  15  37  73  91  49
   99  43  47   6  52  71  38  49  25  27  19  49
   24  23  73  49   9  21  71  35  36  95  76  71
   72  50  89  53  69  65  78  48  34  35  49  40
   45  48  53  90  17  52  66  38 117 110  32  78
   34  49  39  29  70  55  88  28  88  53  25  80
   92  77  31 109  29  58  35  29  46  25  46  72
   97  60  66  26 101  62  68  88  64  61  49  58
   60  51  80 113  87  21  97  85  25  97  72  52
   54  97 101  97  36  32  86  51  20  54 110  86
   18  92 107  18  33  35  95  31   8  52  82  64
   84  57  25  92 106 103  51  54 100  49  62  53
   52  64  15 102  33  98  77  44  63  51  96  42
   65  39  55  18  53  56  35  59  85  24  98  90
   20  25 110  69  97  63  93  85  16  92  59  49
    8  92  99  87  78  53  97 102  74  69  41  42
   95  94  85  35  25  44  78  69 104  35  75  57
   16  36  88 100  29  13  62  64  33  82  53  43
   65  31  20  35  68  95  30  95  37  98  77  49
   89  39  94  73  77  28 110  58  46  53  25 107
   29  73  90 107  59  68  94  98  42 117  42  36
   80  76  36 103
   53  13  74  20  37  30  75  94  37  31  80  99
   22  97  50  74  18  44  23  67  92  84  52  79
   40  36  62  54  25  64 105  48  61  93  74  82
   35  49  98 113  79  27  72  73  56  15  13  89
   74  67  47  90  34  60  28  34  57  89  91  80
   21  47  83  98  79  34  28  75  40  20  96  72
   71  59 107  63  34  45  99  73  81  68  87 106
   27 112  85  33 112  29  14 116  75  57  40  96
   49  91  99  21  94  92 100  81  90  26  67  95
   44 115  42  59  77  87  65  77  14  91  73  71
   63  75  92  27  93  81  31  16  65  67  91  23
   72  54  61  38  94  49  15  17  14  57  90  23
   38  45  64  48   6   6  44  64  85  45  29  56
   64  73  84  68  65 100 103  88  15  57 109  35
   56  87  71 105  69  60  62  79  40  78  46  64
   25  25 110 104  38  98 105  68 114  18  35  70
   45  90  18  61  31  11  81  87  17  37  99  91
   97  12 104  21  24  89  31  88  43  98   6  88
   77  18 104 108  53  88  34  96  25  97 100  44
   46  81 107  90  52  42  20  18  26  82  52  45
   62  16 103  66  25  36 100  29  79  59   9  22
  103  72  92  81  97  39  67  43  31  23  39  38
   38  20  77  68  80  42  55  64 114  97  43  44
   40  87   7  22  99  23  20  71  73  21  84  80
   24  35 104 103  50  23  27  44  15  90  91  48
   48  60  47  55  38  35  34  83  31  42  76  60
   19  51  37 102  72  41  39  26  58 107  93   9
   71  69  68 104  75  94  45  60  59  27  59  50
   28  67  78  10 107  69  61  60  72  79  26  59
   25  83  71  13  77  92 116 102  40  15  47 113
   40  30  20 110  17  29  43  43 103  32  55   9
   76  39  56 115  36 109  87 104  20  39  51  56
   23  93  55  30  47  65  61  65  23  56  99  66
   49 100  31  12
   65  23  95  23  50  29 107  16  31  35  78  58
   28  20  34 101  43  90  39  54 107 102  82  74
   67  66  91  23  51  81  38  73  60  66  95  22
   57  43 102  62  29  60 103  76  97  40  76  80
   56  24  99  62  14  32  88  27  30  45  22  73
   73  68 101 105  77  29  93  98  63  57 106  15
   31  56  18  50  61 104  91  32  96  24  61  84
   51  32  29  83  34 107  70  67  71  57  50  44
   92 101 112  50  16  93  71  33  31  29  21  69
   82  74  67  37  24  56  43  75  47  24  36  88
   55 105  96  34  54  50  96  67  99  53  15  25
   19  90  10 101  67  32  32  53  51  85  36  61
   93  32  28  29   9  46  62   8  69  46  43  88
   63 103  31  24  39  90  39  99  20 105 110  44
   54  89  16  30 108  75  49  49  21  21  98  39
   79  35  58 100  53  16  32 106 107  57  86  93
  103  85  67 108  25  58  87  46  29  54 108  78
   47  67  39  82  43   9  91  39  50  51  73  35
   65 106  45  22  16  31 111 103  53  24  82  44
   60  69 111  51  89  34  78  29  30  99  75  88
   56 105  54  24  82  74  43  36  98  85 102  48
  109  63  22  36  79  97  85  23  53  93  15  41
   90  77  24  96  43   8 109  48  17  61  42  88
   66 101  17  23  12  45 103  78  99  92  24  74
   43  93  96  36   9  54  65  61 108  32  46  76
   34  52  74   8 101  65 101  84  46  14  65 101
   79  88  15  27  30  58  13  25  19  80  97  39
   75  87  79  76 102  29  64  82 108  14 101  49
   85  25  51  87  30  88  20  57  80  70  72  26
   25  79  60  87  83  67  90 104  57  53  44  30
   84  56  44  27  95  88  80  36  47  28 111  29
   43  45  13  35  69  76  42  54  77 114  15 110
   92 105  58  65 101  50  74   5  93  42 103  25
   37  58  24  94
   44  47 105  17  25  24  73 101  52  60 110  46
   12  48  45  79  58  97 108  55  51  88  62  78
   84  86  13   8  89  51  80  85  36  50  62  65
   29  99  87  17  51 101  15  85  36  35  20  10
   60  76  28  80  90  91  11  49  24  39  59  75
   42  97  69  66  88  72  46  96  88  40  73  95
   77  55  32  17  61  78  95  39  20 100  32 113
   23  10  49  60  53  95  25  72  83  83  89  91
   74  47  93  22  60  47  93  48  39  51  76  16
   27  41  33  94  23  24  73 109  67  64 103  93
   64  73  26  75  53  10 105  42  18  44  95  20
   82  22  49  18  45  80  42  57  92  45  36  19
   79  92  27  49  82  38  58  40  42  57  55  60
   88  93  17  88 108  15 105  45  75 102  85  48
   63  91  81  39 111 108  47  22  58  62  46  42
  106  50  93  59  97  99  63  23  33  21  88  15
   18  11  35 114  14  74  68  49 100  38 106  17
   86  33  51  68  85  81  23  47  95  21  57  63
   17  52  67  20  37  90  63  27  67  20  82  84
   39  34  94  45  48  69  16 102  14 100 109  62
   32  41  91  60  90  30  45 111 108  85  95  64
   45  61  28  51  33  56  95  49  86 105  94 101
   31  57  56  58  13  70  87  33  86  70  84  55
   28  21  88  96  60  31  27  32  94  94  61  33
   17 108  71  85  98  86  66  24 100  32  25  75
   39 103  65  40  73  24 113 110  48  73 105  98
   44  76  11  82  41  94  27  16  11   9  21  68
   31 100  74  59  63  84  53  13  15  22  91  95
   64  67  76 101  27  88  22 105  84  57  63  29
  105  97  71 107  20  46  98  14  22  46  83  31
   28  64  75  82  97  27  65  24  47  75   5  40
   64  86  40  65  68  40  15  27  64 105  94  36
   17  34  17  58  10  25  76  86  63 104  84  62
   43  37  49  87
   78  46  53  14  54 101  61  76  67  68 102 103
   40  59  55  38  27  42  47  82  83  18  49  84
   15  43  42  40  48 107  96  25  71  41  91  91
   34 112  37  77  20  31 118 107  10  24 110  87
   36  82  11  28  43  64  26  13  81  47  82  13
   35  38   9 102 103  30  30  82  77 108  73  86
   97 102  74  18  59  80  81  92  33  72  19  92
   23  74  31 109  73  65 114  92  26  11  90 100
   39  26  73  44  15  31 109  40 101  78  15  52
   19 110  41  62  65   9  97  63  55  74  25  60
   54  76 106  17  34  71  82  71  60 104  15  80
   62  25  20  42 112  54  30  31  23  25  49  29
   34  83  34  56  70  27  44 117  42 112  67  87
  111  27  22  82  66  79  75 109  51  35  26  26
   94  41  26  58  83  63  24  63 101  94  37 110
  102  44  65  51  83  12 102 103  53  42 105  85
   25   9  66  32  13  90  23  63  29  99  94  68
   34  75  80  52  71  14  93  30  66 102  46  31
   79 104  23  25  91  41  32  88  95  25  56  87
   81  52  29  40 100  40  57  66 107 103  20  47
  104  60  33  14  92  14  26   9  92  71  32  32
   77  88  17  24  82  84  90  77  87  29  23   9
   71  41  85  69  35  92  98 100  84 106  40 119
   15  40  43  72  24  86  40  47  42 110  61  61
   47 102  38  20  48  82  59  39  62  17  27  80
   49  89 111 118  93  49  44  10  65  88  90  91
   21  81  35 106  83  53  59  71  73  73  26  39
   90  78  79 101  99  41  66  55  64  18  79  17
   95  63  33  44  75  42  90  20  82  94  24  94
   51  60  31  22  61  53  61  48  70 104  20  65
  101  91  94  58  31  43  58 100  92  62  94  41
   59  26 100   5  91  60  14  67  76  57  54  66
   57  56  16  55  81  44  75  64  32  81  20  48
   43  72 107  22
   21  69  14  69  34  35  70  32  77 108  63  17
  105   7  19  68  51  63  98  95  77  44  46  47
   60  91  99  31  12  77  14  68 108  94  63  68
   43  98  20  67  42  89  38 106  37  30  32 101
   72  38  27  67  21  24  53  43  65  47  38   6
   19  74  99  43  62  51  64  55  62  87  60  31
   96  59  40  72  69  18  54  12  51  21  62  65
   93  46  35  11   6  34  91  81  93 100  91 108
   49  52  48  88  14  20  20  28  29  86  63  90
   38  68  34  45  76  22  22  28  34  95  98  93
   68  68  74  80  74  44  70  70  57  66  75  45
   53  62  61  84   9  63  24  39  83  84 113 105
  100 112  95  52  47  72  25  81  23  79  79  96
   83  64  83  74  59  11  75  80  81  12  30   9
   25  64  94  91 104  46  40  84  93  89  83  93
   67  41  61  98  39  38 103  67  20 100  92  28
   24  51  43  53  38  72  89  27  29 100  10  68
   44  38  94  26  60  21  77  10  17 102  50  55
   86  58  78  88  60  98  25  20  38  85  75  58
   25 108  84  26  28  24  62  65  19  43  86  18
   54  39  91  77  34  37  58  55  56  72  61  81
   87  59  25  94  74  82  85  14  97  21  61  33
   74  83  32  40  66  60  96  87  64  77  40  36
   39  50 107  27  16  49 103  38  59  65  75  41
   21  75  67 117  58  89  61  58  35  98  30  49
  110  74  68  42  40  67  99  59  50 101  67  77
   55 104  63  19  74  37 101  85  27  76  97 107
   45  17  51  24 101  14  70  69  49  66  48  89
   89  61  63   8  88  12  96  15   6  69  53  78
   74  17  69  16  82  74   8  57  80  86  76  40
   62  83  47  39  59  36  82  54  84  90  66  75
  111  47  41  46  93 113  68  94  76  10  21  96
   77  66  94  46  99  61  99  12  85  22  38  53
   25  68  52  45
   53  59  92  33  89  80  35 110  26  53  91  19
  105  77  67  80 104  14  42 101  51  83  39  43
   27  18 111  29  18  31  50  24  14  30  91 117
   74  21  90  23  52 109  38  76  28  48  79 107
   55  63  57  89  99  53  75  22 105  95  18  24
   28  77  11  77  47  73  21  25  13  45  99  79
   19  45   9  90  20  20 106  25  77  62  32 105
   64  87  40  40 111  76  30  31  67  75  57  64
   52  40  24  33  92  15  97  10  65  30  85  16
   38  93  11  56  12  43  13  90  77  87  31  42
   66  35  10 104  44  27  23  30  88  45  83  15
   64  69  94  16  30  78  94  65 103  72  39 110
   75  35  84  39  84  53  80  35 108  79  23   7
   44  33  85  80  74  58  45  49  56  72  88  28
   50  78  19  80  70  54  71 113  28  11  86   8
   17  86  81  66  77  84  31  29  58  92  74  42
   50  11  72  91  37  43 110  89  67  25  20  54
   26  26  56  72  87  22  88  93  82  69  49  21
   91  98  81  48  56  91 105  41  70  73  29  38
   94  64  36  89 116  26  26  45  79 103  52  52
   94  98  32  70  70   6  95  29 108  53  37 104
   26  30  72  87  58  78  60  45  99  57 116  53
  101  75  37  28  97  70  10  40  69 112  99  76
   50 111  36  49  51 102  62 108  57  27  89  24
   32  94  47  71  59 102  29  28  98  61 100  80
   72  29  25  80  85  77  56 109  29  53  84  57
   53  96  18 101  38  47  89  58  49  38  53  29
   45  83  87  18  26  99  76  59  72  78  29  63
   47  62  27  44  76  67  34  12  56  67  52  78
   38   9  48  15  30  76 107  58  63  20  23  50
   25  58 111  58 103 103  97  52  90  18 112  38
   83  20 100  24  99  83  45  94  65  15  97  23
   13  45  89  35  64 112  32  53  12  71  69  36
   39  22  46  36
   68  34  49  63  28  39  51  24  44  85 100 102
   72  22  40  22  42  55  53  87  15  52  53   4
  113  22  66  65  76  93   9  24  28  68 110  54
   97  73  70  53  25  29  76  16  76  55  49  24
   22  51 100  53  18  48  61  25  72  13  86  89
   91  95  85  54  44  14  41  47 114   5  47 118
   22  20  99  49  85  24  77  60  41  71  79  95
   94  19  34 101  18  69  85  95  87  39  79  87
   99  20  67  30  28  50  58  23  74  22  77  24
   71 101  61  69  38 102  17  41 111  41  30  55
   68  20  52  69  96  98 106  63  35  64  14  90
   29  22  97  61  83  37  55 112  66  22  96  70
   76 102  40  58  23  45  25  44  27  45  32  20
   29 106  23  21  31  32  27  38  29  14  44  52
   32 108  78 102  20  96  79  24  93  58  90  57
   78  67  31   4  94  10  50  17  96  78 105 115
  105  67  32  60  37  96  71  35  58 101  53  20
   22  61  65 102  93  15 115   6  30  96 108 112
   70 114  53  83  87  62  67  69  45  34  75  44
   65  48  75  66  45 114   6  37 105  27  69 108
   76  51   6  49  65  71  49  72  76  86  66  95
   35  37  47  39 104  33  45  99  84  17  14  86
   31  77 100  39  21   7  47 100  60  52  39  38
   17  20  31  38  14  25  34  56 107  52  77  62
   30  27  22  95  47  98  99  34  78  89  63  55
   56  36  95  17  29  61   8  81  54  57  31  68
   82  95  65  54  59  24  97  98  78  62  17  59
   22  26  90  83  28  15 102  53  45  27 109  33
    3  82  73  67  12  80  42  84 103  41 102  98
   39  63 101  85  31  21  70  58  59  14  81  37
   80  35  61  22  56  93  26  49 101  39  64 102
   76  36  24  60  78  64  73  59  17  83  84  61
   90  84  92 101  29  74  68  70  36  76  86  70
   23  66  60  44
  112  30  85  47  20 106  82  86  26  90  24 104
   44  95  40  20 112  89 116  21  22  90  41  69
   61  64  78  76  22  53  52 106 111  13  54  81
   70  90  89  34 111 116  58  41  99  54  56  31
  101  86  92 114  92  57  42  67  99  91  91  58
   37 118  34  27  30  30  55  57  96  20  57  53
   50  55  73  34 115  49  54  59  58  38  48  63
   78  14  54  11  72 119  42 115  63  51  33 110
   30  37  58  37  93 101  22  74  24  82  82 103
   49  42  54  74  91  17  66  47  90  85  14  13
   44 105  99 112  33  40  17  69  56  54  54  84
   56  59 105  13  58  36  90 112  96  86  93  73
   81  47  85  49  87  60  61   9  57 104  14  32
  103  30  60  54  34  97 109 100  61  67  89  20
   98  92  34  26  70  26  56 104  39 100  89  52
  102  47  60  28  41  78  76  55  89  91  27  79
  109  66  61  32  20  48  32   6  90  90  17  25
   46  31  79 102   6  37  51  38 110  71  67 105
   39  61  16  66  84  30  75  59  29  18 112  96
  111  92 112  25  59 106  73  13  20  26  67  79
   48  76  21  72  89 101  83  71  95  32  42  45
   46  55 103  63  16  48  96  58  30   8  56  73
   69  60  74  51  85  21  54  69  89  12  68  36
   32  65  30  22  55  47 107  58   8  72  15  86
   36  75  85  82  70  19  96  98  45  28 105  22
   20  84  27 103  77  66  62  28  53  53  26  26
   63  27  59  85  44  72  50  60  14  58  65  68
  107  97  57  35  34  48  22  90  19  62  38 115
   37  32  57  97  30  87  73  99  29  65  91  30
   51  99 105  19  94  73  90  61  56  67  18  96
   61  78  71  58  93  41  74  17  31  11  58  44
   54  59 107  53  51  65  50  36 104 102 105 110
   43  40  27  82  92  39  19  16 107  94  42  86
  103  12  53  61
   40  76  44  85  97  15  69   7  22  54  90  41
   80  55  32  70  62  17 109  53  80  73  58  86
   23  63  10  35  97  27  81  62  94  35  71  85
   63  41  48  93  36  20  33  44  88  60  98  76
   12  21  38  32  80  16  99  48  33  34  18  33
   71  74  50  28  39  67  48  57  41  59  29  25
   84  23  24  92  16  99  87 101  99  33  30  95
   33 103  45  89  92  25  96  41  72   7  29  45
   54  20  86 107  47  80  49  37  65 106  67  78
   95  31  74  46  90  95  94  95 104  33  69  16
   69  61 110  11  69  56  92  69  22  74  91  69
   30  82  70  70  62  20  90 106  79  67  18  50
   85  73  22  21 112  20  30  82  62  25  32  47
   57  18  82 101  44  56  90  68  25  78  65  45
   76  24  83 109  79  25  89  33  66 110  55  39
   88  38  84  91  53  42  83  23   8  87  91  83
  102  31  89  39  63  82  73  79  89  62  71  77
   67  75  34  14  35  54 101  40 100  20  10  78
   45  78  93 108  70  59  57  33  80  62  97  84
   94  87  90  95  66 100  61  98  56  36  42  33
   91  65  71  76  65  44  63  66 100  57  70  52
   41  47  58  89  79  53  40  61  53  72  74  31
   26  64  60  41  95  20  54   7  80  89  68  54
   30 102 100  74  40  63  18  81  89  45  50  53
   61  92  25  53  71  69  80 105  51  18  95  77
   40 101  47  78  25  91  21  43  13  29 100  40
   26  40  65  29  29  48  91  82  48  21  75  34
   99  70  48  39  24  26  92  93  81 115  56  46
  103  96  34  95  99  99  19  85  42  33 101  84
   30  72  77  58  20 103  84  89  70  54  92  70
   27  12  40  62 110  18  98  69  82  68  20  18
   67 109  93  48   9  86  69  35 105 110  27  40
   41  66  76  90  16  52  31  20  63  40  66  32
   39  60  74  29
   77  30  18  18  83  96  64  69  53  72  47  70
    9  56  71 101  89  97  61  69 112  27  27  86
   40  36  96  20  21  83  14 104 117  98  99  93
   50  72  32 101 105  26 108  90  88  95  89  50
   78 106  95 111  77  75  31  24  18  93 104  15
  100  49  47  91 105  87  45  29 110  45  43 100
   84  31  24  27  38  61  15  53 101  42  78  15
   28  56  48  90  23  76  76  94  55  39  24 106
   76   6  19  46  96  64  35  74  92  37  35 101
  104  33  21  63  22  33  51  38  97  14  54  58
   59  79  40  62  57  19 103  41  97  89  48  98
   96 109 103  73  12 100  33  33  25  76  83  86
   42  59  23  97  22  29   6 113 104  18  23  75
   52  51  77  65  85 113  19 110  24   9  26  25
   62  74  80  96  66  54  63  91  98  51 101  36
   65  29  97  48  83  22  68  71  77  62 106  66
   42  91  79  19  31  43  39  96  44  51  67  94
   80  93  34  70  39  22  51  89  66  97  88  28
   75  85  46  90  99  53  65  53  52  56  35  61
   86  76  57  60  22  48  37  65  82  93  74  27
   99  68  38 116  70  79  35  63  83 106  19  33
   36  69  48  92  95 102  31  79  22  72  38 104
   34  57 115  48  59 101  58  15  63 102  49  99
   32  53  50  22 107  17  17  73  71  74  94  59
  111  62  94  89  72  59  39  35  45 110  93  80
   24  60  62  40  14  38  52  14 101  68  74  13
   49  11  25  17  24  14  81  57  65 112  12  34
   25  34  54   6  73 106  33 101  48  55  43  91
   69  72  92  79  31  67 101  87  89 119 108  17
   58  69 101  75  73  67  32  65  74  26  42  41
   21  55  22  51  82  27  96  22  33  34  95  53
   51  52  70  71  51  21  55  16 110  84  15  66
   24  57  75  89  11  17  97  91  71  72 107  48
   41  43  61  55
   21  80  59  38  44  34  31  52 103  83  63  56
   94  78  83  16  88  90  77  91  57  60  96  38
   90  19  58  69  76  18  52  43  79 100  28  80
   63 115  89  85  29  19  63 100 107  26  24  40
   95  44  29  47  75  39  23  95  49 105  38  12
   18  82  21  72  28  87  58  19 102  79 104  12
    6  88  25  50  63  81  51  66  16 100  27  63
   45  84  82  86 115  97  38  30 102  72  42  96
  100  20  85 115  45  70  32  97  46  30  28   8
   24  94  11  25  66  43  14  59  50  19  66  47
   82  70  78 103  56  50  38  51 108  73  70  93
   34  16  93  97  62  60 109  91  36  89  90  25
   42  62  24  53  35  90  80  65  85  36  35  57
   62 103  81  83  49  23  50  52  73  60  80  61
   72  53 107  22 100 112  63  80  94  97 100  29
   19  25  93  71  53  34  10  87 101  98  77  64
   90  67  80  11  25  30  61  41 104  85  62  63
   81  51  31  60  37  82  79 106  28  45  34  38
  103  78  96  99  21  41  35  65 109  78  85  72
   34  49  64   4  56  53  48  53  42  88 106  34
   80  73  37  86  46  81  52  96  28  27  96  10
   20  76  24  16  40  33  38  55 100  66  57  22
   76  29  66  94  27  31  57  35  42  47  75  69
   35  76  93  34  80  91  88  40  44  49  33  89
   12  28  58  43  72   7  50  28  62  91  95  86
   56 106  89  35  34  98  69  95  79  76  26  85
   71  31  88  53  76  86  87  35  40  39  86  54
   29  93  47  72  63  18  72  50  57  58  12  98
  108 103  59  28  40  68  41  38  18  41  75 107
   79  94  58  24  19  42  97 110  36  75  19  43
   56  21  35  86  29  33  96  64  58  57  82 103
   82  36  43   7  30  77  49  67  17  37  70 105
  100  13  92  92  74  76  56  74  93  38  23  76
   18  18  48 116
   59  91  73  91 103  48  96  12 105  79  99  42
   87  86  38  32  89  63  26  57 102  93  31  33
   77  55  97  77  13  79  62  57  37  37 107  42
   43 107  88  33  20  39 105  91  42 107  60  58
  100  38  55  42  82  76  21  99  62  46  90  49
   40  62  31  38  86  39  29  51  18  23  83  12
   42  22  89  22  98  22 107  40  61  52  96  33
   55  37  64  44  20  93  20  82  35  52 107  79
   98  20  69  78  22  78  67  25  62 110 103  73
  112  39  27  53  96  83  82  58  56  47  46  79
   18  16  53 101  78  98  73  62  80  96  61  72
   76 106  19  87 104  26  42  75  25  70  39  30
   97  92   9  61  65  93  28  83  84  51  68  54
  106  56  96  95  40  90  37  75  55  99  22  54
   42 104  55  73  28  24 104  30  87  38  46  69
  100  10  93  50   8  82  33  63  75  10  54  38
   65  22 112 116  98 105  41  23  16  49  75  12
   42  51  90  46  58  21  86  64  39 101  26  91
   12  49  63  94  45  31  51 104 101  73  18  39
   67  95  77   5  98  97  19  35  27  21  95  91
   95  43  84  53  37 104  87  68  87  53  90  74
   72  72  30  89 100 102  86  68  12  39  73  95
   16  33  15  85  55 105  84  25  45  43  70  82
   34  85  79 110  43  31  28  46  95 101 112  69
  105 107  49  86  95 106  53  54  55  74  16  93
   51  55  58  78  79  40  41 113  86  17  85  57
   65  65  27  55  90  91  25  38  88 112  23 102
   71  66  58 111  27  81  17 101  87  55  62 109
  101  18  63  56  53  85  50  41  80  14  83  47
   95 109  85 108  92  16  55  80  62  71  90  26
   34  15  69  74  22  43  96  13  41  32  53  72
   90  25  72  38  96  60  66  48  70 106  78  41
   88  39  80  27  62  91  14 108  87  34  87  20
   94  23  44 102
  101  77  64  22  77  22  42  67  79  23  73  77
   83  38 114 109  16  80  43  64  30  24  29  14
   23  98  16  27  34 105 110  81  52  74 111  97
   25  12  90  83  84  92  20  99  27  63  80  43
   13  25  47  39  96  24  35  63  47  36  45  73
   81  92  94  22  63  67  91 102  60 104  18  60
   18  41  59  62  53  17  69  28  95  38  71  72
   83  42  34  47  54  89  71  57 110  69  45  39
   86  16  41  35  31  28  50  44  77 106  14  47
   26  45  87  99  60  91  98  84  36  83  94  15
   26  79  49  85  51  85  52  50  78  76  63  77
   96  70  21  90  72  66  42  56  89  36  89  86
   18  28  66  58  97  75  87  82  71 101  82 100
   45  45  85  84  72   8  96 113 104  75  17  29
   82  95  42  70 107  34  42  25  65  22  33  57
   34  26  20  19  90  95  25  39  75  38  14  14
   62  83  78  26 100  51  29  75  21  15  37  90
  107  28  35  82  96  49  81  82  88  41  25  56
   92  54  83  49  68  89  10  50  23  63  13  15
   46  87   7  80  81  38  81  82  51  44  39  54
   26  50  68  35   8  30 107   9  73  35  72  49
   69   9  58  46  70 103  35  80  69  28  58  93
   77 102  59  47  84  91  23  91  48  98  94  95
   53  34  41  46  29  77  52 102  42  20  52  33
   18  81  84  87  51  61  36  49 105  67  47  65
   52  74  75  65  59  54 100  50  53  28  73  82
   72  58 104  11  31  51  21  62  60  52  63  21
   37  15  26  78  41   8  26  40  37  22  85  70
   51  92 102  78  88  72  35  68  81  52  86  75
   99  72  91  48 110  74  91  95  53  94  99  33
   34  80  37  51  46  39  85  57  40  70  43  82
   86  19  35  36  85  98  19  60  92  25  96  41
   26   7  26  79  64  28  28  28  44  63  16  83
   63  36 101  94
   18  42  75  99  68  74  89  72  89  24  43  58
  102  40  39  43  69  61  65  19  99  14  68  29
   34 108  22  54  20 110  18  89  34  93  61  42
    6 102 102 104  38  36  60 100  69 106  40  59
   87  26   4  69  25  35  78  62  87  24  54  89
   61  33  45  15  32  65  52  82   8 109  65  50
   57  74  76  35  98  34  97  14  71  47  80  31
   22  82  57 102 103  35  11  97 105  65  98 104
   75  14  76  83  85 101  35  97  90  95  80  62
   68  84  48  78  82  83  43  22 101  77  62 101
   67  54  99  18  82  96  98  30 108  32  63  47
   55 105  50  60  84  94  62  83  48  48  32  99
   66  30 103  27  79  29  94  91  59 102  29  95
   88  91  99  19  98  99  59 111  10  31  11  89
   37  29 108  60  94  68  69 113  84  43  30  63
   49 100  29  41 106  91  50  68  38  38  42  44
   23  53  96  21  83  20  77  37  78  74  91  34
   22  73  99  70  22  79 109  15  44  63  68  66
   72  63  50  19  26  63  46  21  12  86  82  97
   68  98  85  71  70   9  16  86  81  68  78  23
  103  55  33  83  39  78  71  37  39  28  39  48
   82 109  31  36  63  78 105  39  81  58  57 107
   93 106  54  19  49  80 106  20 113   8  70  51
   87  75  54 101  52  27  82  57   5  70  73 103
  105 103  38  49  16  60  48  15  78  26 112  13
   39  56  43  93  95  32  27  36  64  40  60  15
   75  34  73  30  25 103  74  91 100  19  82  30
  102 111  60  27  21  60  24  89  64  61  27 116
   31  84  75  41  82 117  42 105  53  29  79  66
   18 101  90  35  15 102  14  42  57  22  69 111
   52  50  31  29  38  82  76  19  47  42 101  29
   75  17 104  29  68 102  10  86  17 108  42  66
   28  30  18  26  76  17  78  83  51 108  88  35
   75 106  32  53
    4  17  65 100  92  78  13  51   5  59  26  78
    4  59   2  59  45  28  26  69  67  65  65  76
   89   6  62  33   1  20  29  75  58   4  39  10
   76  75  23  12  26  66  61  17  22  16  80  17
   22  65  42  52  18  51  42   6  30   2  97  95
    2  24  50  70  89   7  49   4  63   6  54  83
   93  43  23  13  49  97   8  97  90   1  49  42
   60  30  68  44  82   1  62  87  51  63  97  35
   28  93   3  25  32  87  64  61  39  58  16  11
   67  23  39  93  81   5  50  80  76  19  99  83
   77  72  60  51  32  55  27  61   4  31   5  17
   64  39   7  36  90  78  46  52  56  10  30  98
   25  44  52  12  45  37  91  18  45  84  97  30
   24  17  92  43  47  88  59  22  40  77  37   3
   81  73  18  79  96  76  35   5  51  86  61  77
   48 100  99  39  16   4  80  67   8  66  51  72
   89  33  72  83  40  21  12  52  40  10  37  37
   67  40  11   6  91 100  81  21  65  28  80  40
   21  99  14   7  62  23  58  42  60  33  50  45
   45  87  86  78  98  56  11  68  51  18  12  93
   75  53  18  85  76  39  87  15  89  39   3  89
   70   4  68  47  90  57  97  49  34  95  15  74
   85  80  42  14  28  30  94  62  35  14  77  15
   64  49  77  56  53  90  53  59  11  26  37  78
   11  71  21  38  88  63  54  33  33  51  38  19
   77  93  14   5  98  50  65  50   7  77   5  56
   41  21  70  60  64   9  21  29  51  46  25  56
   89   8  60  48  70  35   4  25  80  26  26  14
   97  30  86  36  85  43  27   8  85  99  60  33
   12  70  74  93  42  47  15  45  17  47  86  11
   29 100  44  76  17  45  85  81  63  20  47  14
   81  61  96   6  16  94  28  23  33  27  53  63
   15  44  96  48  51  99  89  16  39  16  65  15
   69  69  47   2
   56  70  62  37  15  90  93  60  44  31  13  56
   72  53  49  99  36  23   5  79   7  31  73  18
    6  13  59  89  24  63  94  40  40  56  59   7
   40  69  99  31  35  93  48  85  81  59  39  87
   98  51  30  20  87  28  20  46  50  41  69  34
    8  54  15  74  19  60  92  94   1   4  54  81
   45  94  86  98  39  31  31   8  80  14 100  82
    3  71  99  32  87  73  42  18  87  51  72  69
   40  16  81  10  94  78  27  69  22  68  50   4
   39  50  97  17  28  44  39  77  48  47  82  36
   64  45 100  46  58  38  40  83  49  55  49  61
   16  75  88  53  10  46  58  10  79 100   9  75
   85  76  65  13  20  37  41  16  26  88  64  31
   17  97  88  75  92  13  15  57  61  79  12  92
   56  64  34  24  56  66  36  41   1  43 100  96
   14  26  46  29  19  38  56  78  59  15  87   4
   16  22 100   7  28  74  66  45   8  54  96  56
   64  31  51  71  20  78  66  38  27  97  69  36
   89  28  94  97  82  73  10  27  66  17  27  17
   10  43  25  70   9  50  67  15 100  77  24  27
   87  17  83  45  53  34  79  93  83  89   4  97
   80  55  26   4  88  31  16  98   6  68  56  26
    7  86  68   9  60  90  26  65  50  89  73  27
   90  20  50  61  46  58   3  86  51  44   7  92
   29  97  86  58   9  36  33  70  46  96  21  46
   41  52  28  44  55  33  57  92  35  39  51  98
   25  67  13  74  90  25  24  52  35  50  63   6
   18  28  26  63  75  14  44  35  37  48   2  24
   48  78  56  49  81  74  54  62  65  50  55  68
   93  81  47  42  51  22  64  49  27  28   7  63
   39  70  61  85  46  60  19  62  74  60  89   7
   28  11  30  12  14  41  52  76  57  95  49  19
   24  48  12  96  33  20  45  28  82   3  92   5
   63  72  48  18
   79  83  71  14  70  36  74   4   7  91  30  40
   84  29  42  67  78  98  65  31  81  75  44  18
   54  94  64  98  65  98  89  75  35  83   9  22
   82  37  79  29  65  87  71  46  25  46  10  30
   31  47  18  82  24  98  64 100  60  19   5  13
   54  85  24  29  23  76  82  82  30  15  59  72
   31  12  92   7  13  12  31  51  40  33  69  67
    1  17  96  58  47  65  38  12  39  89   2  48
   90  51  18  57  11   8  86  46  51  52  19  85
   45  62  82  45  54  43  44  47  11  67  14   2
   63  20  88  59  19  47  95  44  87  93  38   7
   25  50  37  63  76  93  74  42  23  36  38  22
   22  64  66  82  53  85  90  45  59  70  79  16
   94  95  80  29  64  90  68  93  70  79  83  35
   55  24  81  38  45  68  70  92  94  83  59  36
   27  11   2  97  83   3  35  43  63  71  30  15
   68  29  31  79  47  33   2  72  37  30  66  37
   11  96  55  70  19  87  49  70  31  77  20  73
   85   4  79   3  26  11  19  13  50  95  52  27
   54  48  65  87  71  97  52  98  20  57  66  66
   45  63  58  45  66  24  21  81  14  60  38  57
   80  51  21  34  59  76  55  95  90  59  48  92
    7  15  64  86  69  86  78  92  23  95  11  24
   30  85  78  36  18  59  34  68  26  29  10  92
   43  58  64  49  56   6  24  98  92  66  26  61
   61  21  64  60   2  73  32  67  22  99  67  47
   48  86  92  97  63  80  61  97  53  29   5  48
   50  22  68  18  78  41  61  84  92  98  99  81
   29  83  46  38  42   3  60  27  52  30  36   6
   89  43  49  62  36  73  98  55  71  46  54  61
   13  25  94  19  64  55  57  67  56  11  77  96
   88  32  33  86  79  75  90  55   6  53  47  97
   43  80  72  31  19  15  56  42  46   4  51  25
   74  28  13  30
   25  61   9  58  21  31  26  50  49  28  23  95
   51  30  40  22  57  83  43  10  60  72  90  66
   77  91   5  88  26   9  37  35  87  41  40  94
   76  15  36  53  12  42  81  64  84  86  42  18
   25  30  58   8  74  46  12  99  50  64  98   6
   18  40  95  44  58  25  29  16  35  35  45  69
   67  18  76  68  94  23  11  65  46  71  62  65
   13  20  39  97  12  37  11  83  56  64  77   6
   27  91  41  73  38  19  69  99   7  32  71  59
   21  68  60  65  11  82  22  36  16  22  88  61
   51  87   6  75  81  12  97  20  84  18  39  20
   25  94  24  47  19  63  33  88   4  49   5  21
    9  43  99  71  22  77  75  93  59  94  49  32
   32   8  70  91  21  80  88   8  36  88  22  14
   94  88  25  11  83  92  60  34  30  29  62  24
   72  17  14  96  25  33   6   7  49  80  12  22
   24  58  55  88  11  28  78   3  23  85  12  76
   98  26  40   7  64  18  74  46   6  65  19  72
   38  81  40  51  73  57  35  13  85  28   4  16
   88  42  10  16  94  31  59  38  89  78  61  42
    1  86  99  90  63  50   5  23  90  18  17  19
   42  65  57  68  95  66  97  41  10  56  30  56
   98   2  32  49  97  74  37  42  31  14   5  10
   83  99  87  52  69  18   1  61  97  33  90  88
   42  51   4  16  15  97  54  25  26  76  93  61
   60  43  82   9  42  76  52  55   7  41  80  61
   66  60  57  31  77  85  52  77  17  60  84  94
   42  94  95  25  64  31  11  27  18  12  13  45
   27  51   9  79  73   1 100  53  70  23  51  80
   24  51  55  37   9  70   8  28  32  75  71  58
    6  44  47  97  12   8  43  53  73  16  38  35
   23   8  60  29  71  80  46  61  75  58  15  69
    8  59  35  69  26  65  94  28  39  92  68  27
   80  57  86  35
   30  76  21  80  20 100   4  50  11  92  37  53
    3  84  87  20  30  76   3  44  52  31   7  81
   52  68  86  41  25  58  92  76  73  15  32  85
    4  90  57  97  17  69  65  73   4  58  89  94
   38  86  92  57  69  94  61  69  19  28  98  42
   73  37  21  82  75  60  48  89  20  29  98  46
   49  52  85  14  42  18   5  27  13  80  34  85
    2  58  26  48  70  24  98  29  92   5  33  86
   53  67  63  24  36  20  72  74  24  99  89   4
   84  70  74  97  73  15  21  58  19  27  44  97
   23  11  79  30  51  66  71  69  25  91  69  18
   21  69  22  64  59  64  70  74 100  19  42  87
   37  43  45   7  88   8  59  97  96  43  34  77
   16  29  79  11  10  88  59   4  42  82  88  95
   74   4  21  56  56  71  51  76  21  22  99  62
   78   5  14  31   8  78  55   2  55  96  99  92
   24  13  27  11  67  65  16  50  86  72  35  80
   22  32  44  45  45   7  78  54  56  25  50  75
   75  69  36  32  38  76  76  93  86  22  65  70
   64  23  47   6  14  26   6  75  63   6  64  73
   26  53  74  13  89  71  12  14  17  74  69 100
   31  71  51  95  15  69  67  12   3  60  25  45
   74  21  25  73  49  98  54  43  81  16  79  69
   48  52  41  25  50  47  47  36   3  89  67  78
   27  12  25  65  48  84  92  48  85  11  86   5
   48  17  57  34  30  51  87  54  98  70  82  89
   93  43  64  69  21  34  67  22  41   4  31  63
   69  99  92  94  65  52  82  98  28  65  17  26
   89  14  91  96   9  34  77  88  65  19  13  32
   54  12  95   8  75   1  80  34  36  12  68  66
   33  99   6  86  56  49  74   1  78  59  83  29
   47  46  70   2  82  29  85  54  69  28  94  16
   48  59  64  10  14  26  63  43   5  11  51  99
    1  74  74  38
   47  22  44  68  67 100  20  17  65  53  97  70
    7  42  33  30  19  58  54  80  12  39  81  17
   93  88  40  58  88  96  85  68  59  55  16  73
   24  80  97  83  73  30  78   7  93  20   9  74
   78  47  61  52  57   3  45  64   4  98  32  11
   62  79  68  86  62  42  96  97  41  59  74  85
   56  91  94  38  12  14  99  16  71  25   5  67
   79  75  13  45  80  79  38  32  34  38  19  50
   41  54  43  89  52  55  60  19  97   9   5  10
   95  43  14  51  80  64  44  71  14  77  92  56
    6   2  16  65  38  93  47  55  76  63  15  93
   91  92  62  80  79  53  67  67  78  30  58  75
   89  36  38  12  91  29  93  92  65  36  27  59
    9  67  61  97  54  40  70  56  92  89  89  66
   86  95  40  58  93  96  44  84  81  10  44  34
   48  52  25  51  42  53  27  59  77  80  69  73
   57  55  67  24  88  68  51  71   3   6  82  28
   75  62  77  75  41  58  23  83  17  67  93  28
   19  25  75  11  79  54  80  78  69  79  66  42
   14  51  54  93  12  57  52  23  56  48  68  44
   51  52  31   7  31  96  10  18  79  23  32  60
   48   9   4  10  73  85  24  58 100  57  10  27
   95  19  10  88  70  76  25  86  95  63  28  51
   25  60  80  19   9  17  54  53  16  66  46  62
   54  43  99  17  83   9  25  68  40  63  12  71
   51  67  56  98  58  61  72  61  31  80  16  26
   88  79   1  37  18  46  18  33  94  24  52  64
   95  27   8  15  27  61  18  18  33  43  70  77
   22  17  23  83  83  76  24  35   3  80  31  57
   87  71  26  18  77  98  40  48  71  32  67  61
   40  83  85  73  48  23  75  17  71   4  38  64
   16  71  14  43  36  91   3  59  57  62  80  12
   87  39  22  13  44  46  13   5  64   1  75  84
   31  30  81  15
   53  94  28  96  83  90  45  17  74  82  39  10
   88   5  59  44  94  74  82  42  14  31  59  25
   62  84  57  50  95  55   4  62  48  20  30  33
   85  55  17   3  38  79  35  29  52  99  91  30
   33  53  72  23  83  52  87  74  54  26  12  39
   82  66  31   8  38  71  86  45  69  88  17  41
   41  57   1  50  83  57   5  33  33  45  24   5
   79   4  25  78   4  85  92   4  29  51  71  18
   59  22  11  83  24  15   7  34  22  91  49  21
   68   2  61  51  33  24  47  36  88  12  33  35
   50  37  11  93  24  36  84  93  47  46  12  95
   34  59  48  79  17  56  91  90  94  57  23  84
   69  63  55  67  96  98  73  43  29  57  79  56
   52  43  34  34  40  19   4  32  87  45   4  76
   63  24  39  10  47  48  50  32  77  38  59  47
   92  89   9   4  76  18   9  43   2  98  80  39
   73  15  97  42  71  96  34  25  96  71   4  27
   14  98   7  92  94  22  71  24  61   9  99  15
   30  93  12   3  58  25  85   7  84   6   5  73
   71  39   2  24  55  70  97  90  82  32  52  66
   58  89   2  48  89  79   9  76  26  59  99  83
    9  48  12  36  10  68  38  77  75  95  67  72
   74  96  32  50  37  74  49  52   5  15  64  67
   64  28  96  86   3  89  83  35  41  90  20  27
   85  76   8   2  68  90  93  69  90  24  19  56
   67  49  59  48  70  73  69  33  73  76  27  45
   93  57  76   7  40  77  72  78  50   3  26  95
   39  49  41  14  42  26  69  57  57  79  44  55
   91  37  28  93   2  50  59  51  39  38  88  48
   93  33  31  90  39  23   4   9  72  94  73   6
   64  77  96   2  95  90  66  71   7  81  54  96
   37  72  55   4  73   5  33   9  88  81  57  61
   88  11  55  90  56  51  51  44  94  53  11  39
   68   7  86  96
   44  85   7  81  53  74  10  88  89  76  32  53
   92  84  68  11  77  20  72  62   4   7  27  45
   46  36  14  96  60  36  81  29  55  41  16  92
   60  63   6  49  90  54  14  36  23  80  44  39
   57  89  13  58  92  77  16  81  88  60  95  44
   38  40  13   8  37  77  15  22  50  56   1  96
   80  53  97  70  42  10  20  77  22  95  45  18
   53  83  80  26  83  13  32  39  44  59  70  66
   16   9   5  58  99  18  48  73  87  88  86  48
   29  36  47  67  96  55  70  29  62  91  73  19
   59   9  24  71  55  59   7  46  19  49  89  91
   87  13  99  17  39  74  82  57  59  24  79  47
   10  81  90  82  97  64  46  98  43  63  75  31
   50   3  73  86  73  15  71  13  89   6   7  69
   61  27  88  89  12  40  68  57  88  89   9  68
   36  69  51   8  61  91  87   8   5  56  23  26
    8  19  52  11  83  62  24  68  82  59   8  33
   63  47  67  37  60  94  28  76  55  68  42  83
   42   7  62  91  96  83   8   7  49  78  34  76
   48  46   1  55  30  86  40  79  90  11  27  27
   53  11  48  96  33  29  69  66  13  26   3  71
    5  50  81  66  25   6  20  97  58  24  91  70
   30  25  89  17  72  96   2  67  92  54  74  18
   46  14  86  96  99  62  12  38   5  21  94  46
   61  18  12  66  93  58  48  51  12  88  58  36
   84  68  42  96   8  38   8  30  72  89  45  15
   32  31  91  81  73  60 100  85  86  29  13  70
   30  16  23  40   1  91  48  26   6  91   1  56
   26  78  51  24  88  20  98  59  35  47  43  91
   90  33  51  25  28  53  23   2  45  60  67  75
   26  50  62  77  12  30  31  84  73  90   6  89
   72  69  98  70  38  26  70  57  31   4  98   3
   13   6  47  49  17  57  35  97  14  77   3  79
   81  50  84  22
   64  72  10  95  80  80  39  13  54  46   9  71
   93  72  64  32  60  23   2  60  54  19  56  28
   19  27  97  98  26  59  24  28  72  61  56  54
   76  11  31  89  66   9  94  22  79  71  96  98
   52  30  83  29  15  18  92  70  85  68  48  30
   63   8  48  51  25  46  68  12  14  76  45  16
   37  64  79  88  59  41  21  69  91   4  70   6
   94  98  67  47  62  25  86  38  22  23  31  12
   28  68  26  87  49  69  13  59  72  56  42  90
   86  75  69  12  83  85  44  11  49  53  11  24
   55  38  94  39  57  97   2  78  85  72  11  99
   37  83  63  87  75  27  65  46  18  65  70  94
   33  21  84  59  34  74  52  70  70  52  51  52
   25  26  91  19   4  99   2  66  33  12  29  69
   53  20  27  72   9   4  56  84  46  51  72  71
    5  56  23  54  13  11  39  95  78  99  31  99
   87  94  81   4  93  45  38  71  12  78  10  86
   16  85  56  49  28  21  88  64  18  90  53  42
   87  55  36  86  76  12  50  90  44  98  28  32
   72  79  23  63  55  45  92   9  92   3   2  58
   84  70  12  56  27  72  74   4   1  29  25  43
   71  56  79  59  76  55  24  67  26   6  12  11
   89  62  56  55  94  48  23  77  21  45  25  65
   88  91  16   6  58  75  84  84  20  26  49  72
   92   8  48  28  10  18  38  84  20  74  82  45
   79  15  50  77  42  86   7   9  58  44   8  17
   63  38  96  27  78  13  90  99  95  99  82  34
   78   8  30  50  52  23  50  94 100  95  13  24
   54  39  38   5  90  21  82   6  24  58  40  88
    2  11  34   9  92  72   7 100  88  69  19  77
   92  51  40  24  14  83  43  86  62  44  98  72
   42  16  68  38  45  80  96  88  44  12   9  66
   88  70 100  47  95  95  35  33  45   3  33  49
   74  71  71  32
   36  57  60  91  53  13  53  35  44  40   9  11
   72  47  53  77  85  70  58  30  32  93  59  19
   87  64  72  67  66  13  15  94  42  74  25  29
   69   2  76  30  99  88   1   6  99  88   8  33
   71  32  97  74  73  43  85  99  32  64  21  98
   69  68  98   9  15  82  87  27  27   3  44  30
   14  18  29  93  47  22  31  14  85  39  83  21
   90  36  81   1  47  49   2  15  79  93  24  15
   75  89  46  67  97  76   3  66   9  36  88  58
   88   5  70  53  48  98  13  51  56  31  90  57
   53  28  13  97  68  48  38  46  45   5  94  34
   51  81  99  75   6  51  75  82  92  94  71  84
   80  22  80  50  41  86  60   1  71   8  49  33
    7  89  86  36  45  37  31  11  60  76  79  88
   26  73  85  49  33  52  78  42   4  15  83   2
   17  59  37  67  24  98   8   4  65  77  15  19
   95  94  50  81  94  19  88  40  90  10  15  44
   78  35  40  59  38  88  18  87  53  11  65  88
   30   9  82  93  16  69  70  28  20  85  48  30
   26  68  73  64  20  70  60  49   1   1 100  68
    6  49  78  92  22  97  92  98  12  46  72  85
   29  25  98  96  36  19  21  38  25  82  79  93
   35  62  18  49  72  10   7   5  27   7  63   1
   94  79  64  31  91  20  71  63  76   2  45  59
   67   3  66  91  63  21  53  63  58  94  82  26
   62  20   5   2  24  69  67  95  41  15  27  20
   88  38  76  11  28  59  56  48  35  46  78  72
   12  42  41   5   9  76  51  65  43  89  41  91
   17  46  86  59  34  61  27  97  24  11  83  12
   55  55  78  98  59  58  54  65  42   5  88  53
   10  16  21  49  85  77  61  10  27  46  17  76
   43  78   9  99  20  45  88  49  31  49  57  42
   60  47  88  53  24  66  43  41  81  22  85  61
   61  41  11  87
   83  46  93  34  81  68  41  78  35   4  55  88
    5  95  95  43  63  49   7   7  39  71  62  68
   59  19   5  87  94  41  94  36   5  20  48  45
   76  18  87  46  74  22  79  14  79  83  79  14
   35  65  80  42  90  84  50  73  46  56  78  97
   91  37  21  74  58  69  41  65  54  23  55  84
   15  44  77  44  42  92  60  90  51  88  41  54
   13  60  84  92  96  79  26  32  15  12  18  11
   68  57  69  29  88  96  92  82  81  32  49  16
   68  34  85  59  37  81  86  79  79  10  13  15
   34  49  46  25  38  74  34  34  61  45  32  73
   55  49  50  25  97  49  92  64  32  21   6   8
   17   6  18  53  63  44  86  24  84  27  39  14
   36  38  20  30  58  94  30  36  27  93  76  98
   87  55   9  28   8  65  69  23  14  22  33  14
   41  75  52  10  71  76   3  36  82  15  23  84
   86  68  62  54  78  41  21  91  76  12  95  43
   68  77  26  89  53  91  31  97  85  16  61  56
   19  57  37  28  51  16  94  86  68  26  27  62
   83   3  32  89  88  82  53  46  89  69  24  96
   58  78  12  41  70  77  62  52  50  32  42  26
   18  52  82  20  28  31  24  99  17  90  59  80
   46  28  79  73  45  53  13  30  54  42  74  80
   70  70   5  83  91  63  16  67  55  37  36  73
   90  44  52   1  53  17  53  49  76   9  74  62
    9  41  43  75  64  46  18  53  61   8  36  37
   65  11  57  88  39  80   5  33  79  28  11   4
   66  93  61  83   1  88  38  50  55  44  63  21
   14  50  42  95  15 100   8  98  96  38  66  26
   42  95  37  86  20  44  99  45  29  31  34  69
   45  28  68  72  59  74  22  52  26  18  45  44
    7  61  68  56  10   6  43  17  40  93  83  19
   35  53  17  61  18  42  19  94  33  89  65  65
   93  43  68  57
   58  56  26  86  15  27  73   6  76  61  28  89
    6  37  51  39   2  97  72   9  69  24  63  70
   89  99   6  88  84  83  57  83  92  74  25   1
   29  84  30  84  62   4  76  39  78  70  24   4
   50  42  53  18   8  58  34  93   5  17  97  80
   89  38 100  34  72  32  98  88  94  71  13  23
   98  60  97  30  94  96  10  84  28  50  79  15
   55  24  77  66   3  26  81  77  44  36  50  40
   64  80  87  75  27  90  13  98  50  83  30  89
   67  19  96  60  99  76  90  25  26  23  81  66
   49  76  97   8  64  81  96  79  32  72  30  90
   41  45  19  90  81  26  15  47  13  38  74   9
   30  73  25  75  36  57  36  69   7  24  85  98
   64  75  28  30  41  60  67  59  50  36  21  74
   58  40  90  28  45  57  33   6  83  91  25  95
   98  30  33  53  42  18  85  76  58  21  37  69
   55  96  39  11  70  66   9  28  43  77  98  60
   80  78  63  30  26  84  28  11  30  44  60  96
   20  13  37  70  62  20  11  73  41  34  84  71
   17  38  73  29   4  91  78  71  32   5  54  58
   21   4  75  49  45  99   9  74   4  60  79   6
   90  74  41  20  62  24  43  69   4  54   3  55
    3  35  69  89  16  39  95  67  34   3   7  38
   57   1  67  67  59  12  53  12  58  86  17  86
   83  20  56  31  46  16  88  82   7  59  11  40
   46  81  77  36  30  33  61   5  82  49  27  49
   52  21  98  15  79  60  27  50  70  73  63  84
   58  27  19  89  79  16  44  51  37  36  89  40
   73  47  79  76  36  48  76  99  46  39  54  42
   70  96  63  89  86  37   3  57  55  88  85  53
   85  59   8  51   6   5  23  58  30  97   1  80
   31  98   6  95   6  20  61  21  44  97  15  80
   98  62  16  75  53   4  76  50  90  40  42  66
   64  89  65  66
   50  77  68  48  89  79  58  80  60  17  18   8
   45  98  77  92  69  62  56  22  92  68  54 100
    7  92  51  48  27  19  94  90  83  37   1  51
   22  33  40  52  88  82  35  99  33  48  56  81
   92  68  11  64  94  56  42  79  43  90  17  24
   20   7  25  49  70  97  70  59   3 100  63   2
   81  94  18  59  18  93  43  49  65  40  37  14
   17  98  80  13  90  49  33  20  32  80  23  15
    4  88  44  77  77  61  46  83  31  82  34  93
   43  16  56  51  81   8 100  76   3  74  88  57
   41  98  67  43   7  22   7  42  75  41  89  12
   85  97   8  53  31  76  53   7  52  95  15  43
   33   3  70  58  95  66  82  67  87  70  87  98
   85  11  94  86  79  85  76  66  73  88  64  67
   73   8  41   6  87  14  36  79  14  54  16  63
   38  52  81  98  24  94  61  91  13  27   4   5
   10  52  71  48  81  16  35  80  52   7  67  95
   92  49  38  17  16  93   3  97  72  15   3   8
   43   1  57  29  31  52  52  50  57  71  42  62
   54  58  37  49  59   5  99  80   9  83  38  11
   32  51  99  67  43  33  65  48  37  21  42  14
   82  66  59  80  16  74  57  14  34  97  88  27
   88  30   6  67  81  97  55  16  56  57  75  77
   92  88  86  77  99  84  85  53  12  50  41  49
   78  91  85   9  63  15   9  70  33  14  53  60
   52  70   7  87  81  43  96  33  63  61  83  50
   24  22  54  52  60  82  17  13  38  52  92  51
   85  88  14  35  84  87  10  66  64  84  11  81
   99  37  33  40  98  31  75  21   2  64  17  17
   71  46   4  26  88  88  49  48  44  99  22  76
   37  81  45  90  60  18  85  54   4  72  50   4
   41  79  79  46  27  42  41  52  88  21  21  46
   21  30  21   5  82  30  52  50  83  26  25  38
   84  53  48  59
    6  75  17  71  97   8  27  26  76  12  90   7
   74  11  65  83   6  30   2  90  85  15  61  39
   51  47  36  37  80  67  67  11   9  91  64  21
   47  28  23  80   6   1  45  76   8  65  54  87
    9  26  21   2  20  59  73  35  21  28  22  53
   80   2  75  85  78  77  63  49  19  95  46  62
   54  59  46  68   2  53  54  51  59  65  57  52
   31  99  54  96  39   1  71   2  46  69  87   5
   73  81  47  77  21   8  81  45  81  33  28   4
   65  73  48  44  15  94  47  64  26  33  88  92
   64  13  20   4  85  65  85  39  54  48  49  27
   61  61  11  97  45  69  25   3   8  20  21  38
   35  59  21  57  15  54  59  94  56  10  98  79
    8  86  53  60  77  23   5  20  49  50  19  91
    5  14  70  86  37  89  55   4  76   7  15  53
    5  60  50  74  72  37  43  52  22  29  75  39
    3  53  45  74  93  72  88  99  18  12  97  77
   62  78  36  13 100  81  61  73   5  47  45   2
   71  42  86  40  35  88  34  47  88  84   6  15
    3  23   5  90  43  10  40  94  91  83  44  37
   63  31  94  39  24  11  28  49  13  70  62  67
   57  61  14  54  93  63  20  60  84  98  49  37
   40  54  31  60  34  98  66  46  25 100  47  69
   71  48  81  87  55  67   3  52  96  44  98  32
   75  35  20  32  48  95   8  10  66  91   6  95
   97  22  83  11  43  36  54  88  54  53  88  87
   56  80  44  18  62  32  70  52  94  46  41  52
    3   9  61  79  81  66  95  21  91  48  81   4
   76  84  47  15  81  24  35  20  74  55  17  83
   61  21  15  85   8  43  15  41  55  36  95  18
   43  26  36  58  24  74  42  95  84  91  61  70
   62  56   4  57  69  37  57  72   5   9  14   4
   74  71  77  20  17  71  93  95  11  17  60  29
    4  96  50  56
   76  32  62  27  14  88  51  97  84  51  28  61
   22  63  78  43  49  86   3  50  28  41  55  25
   95  48  96  80  17  76  27  51  19  83  38  31
   40  64  54  22  76  86  75  73  18  43  19  30
   97  90  68  71  35  94  16  60  77  73  99  81
   46  40  59  89  77  52  66  51  70  46  79  86
   26  88  82  20  95  17  27  14  20  85  79  21
   76   5  65  24  23  88   8  78  36  98  77  61
   64  85  32  10  63  34  63  66  44   6  37  24
   15  84  40  68  26  20  22  22  13  70  41  88
   42  44   6  95  50  50  19  41  92  34  23  33
   83  27  41  35  43  86  25  11  38  44  93  67
   28  44  82  97   7  90  80  29  48  88  80  58
   49  93  20   4  72  46  24  44  91  24  51  66
   34  81  34   4  28  95  27  84  38   7  47  74
   19  64  20  19  53  72  20  88  94  28  18  21
   16  71  24  67  48  25  29  35  30  40  49  28
   44  38  74  96  67  57   4  76  12  92  95  34
   67  42  10  12  48  53  49  69  34  58   9  28
   17  29  12  15  41  11  59   7  50  71  73  74
   29  44  38  26  46  72  44  47   4  50  36  53
   71  67  51  22  40  58  64  48  58  35  36  80
   80  42  50  65   8  92  61  95  33  18  37  48
   85   4   4  34  73  43  87  35  27  71  59  53
   45  18  78  54  35  42  39   6  58  84   8  27
   76   4  73  32  91  26  87  68  89  86  10  67
   88  71  49  82  76  64  11  38  60  87  38  68
    8  50  57  65  87  85  20  17  21   2  48  58
   17  20  77   9  21  20  98  21  60  84   8  20
   80  43  42  50  98  17  29  17  38  57  27  33
   80  96  73  58   1  87  22  49  20  47  91  95
   42   2   9  70 100  31  51  71   2  10  90  63
   70  54  38  23  89  64  85  82  46  66  53  76
   78  59  30  78
   32  80  84  86  21  20  50  33  49  42  68  42
   95  50  48   9  16  22  52  39   3  83  76  21
   64  76   6  92  85  28  91   9   1  15  19  14
   61  38  73   8   4  90  11  15  20  21  25  53
   25   8  19   5  26  27  71  80  91  19   6  92
   18  58  62  21   2  24  60  84   6  66  71   6
   28  73  89  84  73  47  95  63  18  63  29  96
   80  48  55  21  89  41  34  22  56  65  91   6
   37  99  84  62   7  42  73  41  26  82  85  15
   10  69  89  51  96  80  62  77  17  88  55  56
   61  34  66  46  52  88   7  76   9  30  70  14
   17   7   5  30  97   7  73  72  79  28  33  33
   62  47  95  15  87  87  99   2  10  86  79  28
   59  67  35  48  20   6  95   2  87  99  93  85
   47  36  32  21  37  62  53  24  19  54   6  71
   47  84  15  71  36  89  52  34  30  42   4  36
   72  17  35  92  72  60  67  24  75  60  38  26
   33  12  77  38  67  91  69  13  45  20  29  81
   43  33  61  29  16  52  40  55  68  52  68  51
   23  29  53  59  86  69  69  51  21  18  33  90
   12  48  66   4  36  32  68  46  33   6  84  76
   68  38  71  21  11   3  72  41  91  46  78   7
   81  53   3  63  52  18  47  96  53  15  71   9
   71  63  61  80   8  97  97  43  42  39  26  46
    2  58  24  28  31  50  70  81  62   2  16  25
   80  54  48  71  93  81  63  93   4  51  35  98
   70  99  79  92  87  94  30  47  43   8 100  76
   93  82  57  97  33   4  85   3  57  64  62  28
   37  36  19  23  84  37  16  17  24   1   7  89
   58  45  11  39  38  41  79  52  32  82  65  70
   94  51  90  60  34  90  18  82  83  71  16  61
   67  60  32  48  69  90  57  98   5  31  96  36
   87  49  39  19  96  88  22  15  49  32   7  63
   64  70  41  50
   81  36  51  76  71  68  87  64  13  20  41  61
   23  33  21  96  25  21  41  16  46  60  16  77
   13  89  54  42  39  93  52  72  27   7  88  22
   55   2  16  30  74  84  57  16   1  85  96  74
   12  60  76  66  38  75  89  14  57   6  69  94
   85  30  92  33  77  20  62  99  13  39  11  98
   96  32  86  63  47  22  52  54  94   2  77  46
   69  27  31  26   3  16  75  85  15  33  64  18
   11  92  28   4  74  47  75  14  61  82  83  97
   92   9  91  78  51  60  96  47  69  84  45  55
   32  35  28  11  59  70  73  67  11  43  41  26
   71  95  17  19  49  51   5  11  68  15  22  90
   63  56  92  63  69  15  39  46  23  83  81  60
   48  11  25  27  55  89  57  59  32  50  40  56
   39  58   5  96   4   7  47  33  11   7  18  87
   99  85  18  41  58  78  92  30  13  22  26  39
   26  48  32  97  88  79  50  68  14  21  40  47
   30  53  74  50  74  29  30  13  90  66  86  82
   17  38  16  10  82  71  80  46   4  39  20  33
   71  53  53  99  52  56  65  56  76  23   7  83
   35  43  83  32  72  24  50  14  80  79   8  95
   89  28  93  91  67  79  77  59  11  37  54  92
   35  83  37  16  75  82  52  76  73  64  34  38
   76  26  15  78  28  22  22  78  62  58  71  18
   99  87  60  68  36  99  58  89  43  21   9  20
   55   1  15  71  69  13  37  24  32  41  85  19
   41  82  16  52  33  31  20  68  79  80  23  54
   79  10  72  34  57  84  38  61  48  46 100  13
    3   5  48  82  70  38  68  78  99  79  44   9
   31  15  44  85  87  76  21   9  70  35 100  68
   56  93  78  32  84  84  15  42  55  59  23   8
   22  83  68  98  85  31  62  42  87  77  49  13
    4  93  11  26  40  42  49  37  22  66  87  27
   93  86  62   3
   56  24  39  12   9  70  22  99   1  31  11  68
   22  30  72  78  20  43  90  47  18  12  82  69
   34  63  20  39  98  34  49  60  74  79   4  73
   76   4  31  70  85  66   6  15  74  12  49  58
   20  82  51  62  27  37  84  16  43  74  27  53
   79  44  77  72  30  73  78  58  88  80  32  93
   68  97  17  85  21  84  11  80  54  51   8  80
   54  75  38  68  97  22  84  22  78  61   1  32
   18  87  35  25  92  37  44  78  45   9  14  41
    8  80  76  53  20  32  32  60  46  58  65  37
   95  91  64   4  40  21  40  45  34   7  44  32
   33   6  90  32  12  82  69  40  80  36  68  85
   12  10  94  59  48  20  85  29  30  66  37  57
   11  54  15  23  75  15  77  38  58  20  90  64
   64   4  53  39  86  82   8  85  26  68  65  37
    7  94  21  53  99  30  75  42  38  96  48  73
   37  94   5   2  13  13  67  83  99  55  37  98
   71  53  15  62  59  90  17  51  68  16  92  20
   99  65  48  16  67  81  60   4  16  30  97  81
   42  19  39  98  13  21  92  75  80  84  12  24
    7  60  20  61  78  16  22  35  26  56  28  37
   43  41  72  24   8   4  28  36  94  72  30  18
  100  83  89  31  61   7  19  79  66  60  45  26
   83  30  29   9  74  86  85  64  14  11   6  42
    8   2  66  25  14   5  58  49  59  28 100  21
   58  55  58  37  32  75  63   3  30  90  35  50
   42  40  92  57  24  22  80  66  14   5  83   6
   48  51  47   2  84  36  95   6  18  64  49   6
    2  88  47  51  62  31  61  66  24 100  19  73
   21  11  19   7  21  98  51  36  42  45  17  84
   72  93  46  43  87  65  15  94  70  83  66  30
   29  86  30  67  17  51  36  71  49   9  41  70
   25  65  40  76  42  20  88   6  19  82  23  91
   12  93  74  11
    9  43  54  91  38  81  69  47  39  94  30  38
   35  65   3   4  95  24  72  48  82  87  85  88
   88   7  95  93  85   7   3  32  67  34   4  15
   91  98  30  35  26  17  94  18  89  56  36  61
   98  79  58  78  10  88  80  45  63  66  75  38
   27  23  17  85  40  39  20   6  56   6  89  51
   89  73  58  56  55  95  35  76  16  66  48  33
   24  72  84  61  65  30  40  48   4  33  58  77
   26  93  77  76  80  88  70  58  28   3  93  64
   80  70  26   9  45  23  16  24  71  27  24  99
   91  34  64  33  65  21  53  67  25  35  49  39
   15  35  97  18  43  40  74  54  16  68  31  23
   87  83  36  61   5  37  21  21  44  15  21   6
   61  75  25  19  36  99  11   5   9  32  95  91
   32  23  76  38  10  75  75  77  42  86  82  57
   70  91  99  86  19   9  86  78  40  81  97  93
   57  25  36  84  10  65  87  40  93  87  72  28
   11  78  82  37   7  68  30  25  20  75  86  59
   18  53  32  62  52  28  95  52  90  47  98  91
   68  22  99  27  29  71  38  34  69  64  77  61
   82  65  52  74  99  76   4 100  39  84  35  68
   45  99  44  57  33   3  73  37  33  88  54  13
   36  10  46  68  35  19  84  13  66  14  23  19
   61  81  76  71  82  40  67  10  69  84  65  70
   84  29  34  33  54  53  75  59  15  41  71  44
   55  30  27  53  59  52  17  68  53  76  29  34
   46  55   5  97  73  68  84  53  43  62  56  89
   79  99  89  29  63 100  88  71  80  83  30  43
   60  15  10  36  25  48  84  50  30  68  20  43
    7  38  27  67  10  40  12  21  59  18  19  82
   82  26  70  63  59  67  17  46  68  40  73  33
   25  83  68  81  33  15  87  58  19  81  15  75
   83  97  76  36  42  92  87  81  69  53  93  30
   41  66  13  24
   89  73  33  17  35  37  28  36  20  88  71  59
    7  62  72  68  40  53  55  91  21  91  36  77
   69   9  82  56  95   5  91  15  72  20  52  66
   97   3  14  10  67  75  59  11  41  10  71  61
   16  88  99  51  89  77  33  41  32  93  65  24
   54  75  67  98  75  50  50  37  94   2  39  53
   56  41  41  72  21  74  13  98  32  71  29  84
   87  35  52   2   8  70 100   5   2  51  18   4
   39  91  40  33  17  13  68  18  29  12  33  46
   34  31  63  33  28  29  60  93   6  43  58  10
   36  66   3  98  29  10   9  81   3  72  39  55
   53  13  67  57  23  15  48  35  72  59  86  18
   43  88   6  80  32  79  16  18  57   9  85   9
   26  27   5  85   6  18  60   8  93  78 100  23
   80  78   3  42  25  35  47   5  19  77  81  48
   58  20  90  79  10  26  65  37  81  80  71  68
   88  57  20  91  27  87  32  67  39  30  11  68
   80  36  11  46  94  24   3  98  73  42  46  45
   35  43  56  86  85  48  73  81  90  17  31   9
   45  18  27  43  40  95  88  17  31  40  41  93
    9  54  83  34  67  25  47  68  72  89  72  59
   29   8  74  76  53  25  11  63  37  46  51   3
   23   4  49  89  64  24   5 100   3  95  39  57
   30  43  60   2  60  91  31  58 100  35  40   8
   14   8  71  56  92  50  68  97  27  81   8  89
   72  64  65  19  16  76  84  70  50  76  48  96
   41  77  44  84  90   9  36  27  14  93  30  89
    2   8  44  80  93  56  79  18  42  41  86   1
   87  24  34  75  20   2  77   6  52  73  29  41
   89   7  26  85  92   9  99  66  54  94  43   4
   60  56  80  78  66  29  36  99  58  64   3  75
   27  95  12  81  35   8  98  30  85   5  75  36
   90  81  96  89  39  89  29  21  69   7  23  72
   33   7  76  66
    784   810   842   774   828   837   817   816   830   823   826   829
    848   788   805   790   810   767   839   789
