 15 150
  100  74  71  28  77  57  54  37 101  94  84  83
   15  36  60  54  32  52  92  27  16  32  13  54
   27  40  94  46  27  73   8  79 109  62  42  38
   34  81  98  57  20 114  91  12  56 104  73 107
   22  48  89  65  24 100  68  26 114  33 113  32
   97  49  56  48  27  97  45   9  75 106  81  70
   38  67  14  38 110  42  23  30  25 106  40  50
   62  55  18  25  67 108  64  63  41  92  82  64
   76  43  56 103  57  61  41  37  86  91  14  29
   86  80  41  57  36  28  39 106 113  29  73  63
   90 107 103   9  23  70  44  35 101  26  10  22
   38  81  50 108  79  92  21  12   5  20  49  13
   35  62  95  45  26  42
   28  38  35 106  79  88  94  44  97  68  56  86
   90  38 101  14  19  59  91  90 101  63  91  34
   29  34 103  11 105  54  19  73 103  85  51  94
   93  46  53  92  50  25  63  45  51  47  60  61
    9  20  64  85  42   7 110  78  60  95  28  85
   96 105  95  49  55  80   8  87  47  48 101  84
   25 105 100  41  69  77  79  78  44 105  97  11
   81  73  64 108  22  58  81  48  15  60  93  30
   24 117  66  80  65 111  51  91 109  99  77  54
   65  65  80  51  34  41  62   7  86  70  61  13
   60  17  90 107  71  49  66  87  89  94  87  76
   40  73  77  93  18  85  41  64  28  37  19   3
   17  35  90  29  63  97
  108  35  76 112 112  46  49  41  46  69  79  34
  103 107 111   4  67  21  78 105  37  52  52  59
   51  35  45  50  84 106  43  57  38 109  17  23
    6  85  82  91  23  94  10  38  69   8  32  85
  108  96  12  63  34  46  92  78  12  13  17  49
   28  66 106   9  23 104  13  93  43  78 107  95
   78  34  47  32  82  93  83 110  91  91  77  75
   61  36  45  96  15  86  20  15  69  89  87  10
   70  31  28  38  50  67  20 101 112  98  87  30
   56  54  46 104  64  48  29  46  99  68  54  47
   93  14  52  36  33  99  63  87  55 105  50  98
   47  64  88  11  75  65  85 104  23  29  73  17
  106  59  72  62 112  44
   48  41  83  47  92  11  40  18  45  70 112  90
   82  20  65  65  63  23  73  85 109  50  12  20
   31  40  30  67  26  98  79  31  92  13  62  72
   71  48  24  19  52  46  94  44  77  29  97  62
   48 104  19  55  60 113  93  34   9  99  45 108
   30  25 101  95  33  44  81  75  45  76  80  95
   40  32  74  45  33  26 106 105  49  93  44  48
   61  96 101  60  84  24  49  17  37  25  16  70
   42  60  24 110  44  37 105  56  96  60 105 103
   85  82  84  43  69  78  87  93 112  64  60  93
   96  75  94  84  62  96  70  46  55  52  80  41
   42  57  34  88  18  87  68  23  37  28  58  77
   63  98  71  66  99  84
   95 105  54  19  64  22  36  36  97 107 108  74
   25  85  89  61  60  94  88  13 102   5  17  87
   18  24  25  61  60  22 101  21  26  14  99  35
   55  31  88  15  31  44  52  34  88  25  82  24
  108  53  58  45 102  25  24 104  50  87  29  89
   92  49  77  93  58  23  78  76  16  37  42  38
   45  36  10 115  56  54  36 100  22  90  26  35
   39  66  99  25  21 111  99  67  92  43  81 102
   70  75  96  58 107  62 108  79  66  53  15  39
  103  75  12  93  11  23  37  71 107  46  16  69
   64  15  27  12  19  29  23  84  90  54  82  27
   28  33  76  71  40  77  60  41 112  53  16  92
    7 110  91  32  98  82
   74  17  72  73  44  13  56  69 105  10  82  21
   70  21  25  54  70  10  56  55  10  11  58  50
   28  65  72  48  57  58 103  67  47  41  88  73
  107  56  41  10  58 106  69  18  63  46  56  64
   44  37  86  19  32  31  91  27  64  23 108 102
   72 109   6  36  18 107  79  86  20  74  96 105
   91  26  74  24  53 106  75  79  86  93  41  24
   93  63  63  73  12  95 104  13  77  35  60  68
  100  76  71  15 106  43 100  51  93  48  27  91
   64 100  71  76  66  99  19 112  60  18  27  22
   88  31  34  96  16  35  22  89  38  85  65  66
   25  29  76  40  57  95  62  33  18  46  55  53
   85  90  75  45  95  33
  112  69  26  28  75 100  57 109  66  53 109  55
   73 104  55  54 113  24  81 109  61  50  38   7
   94  80  24  12  62  81  83  73  82  66  30  39
   98  61  60  32  69  79  22  14  56 112  20  72
  108  80  98  23  38  45  50  77  72  45  26  91
    9  86  94  96  88  26  43  32  28  75  70  81
   10  74  61   3  98  59  90  18 101  90  69  23
   59  80   8 101  58  32 108  48  16  58  16  91
   13  10  31  67 101  86  77  35  67  47  47  90
   93  63   5  25  81  28 101  70  92  69  72  62
   91  81  21 113  74  98  52  15  72 109  38  91
  106  60  75  49  19  41  74  55  30  91 109   8
  101  47  56  43 109  14
   80  33  28  75  95  68  68  77  26  25  22  75
   47  24  41  80  49  96  78 104  34  16  41  20
  102  70  60 103 102  84  60 101  97  63  63  78
   62  67 102   5  95  14 100  76  63  91  14  37
   93  46 101 100  31  49  27  57  36  94 103  28
   26  14  52  72  22  56  35  93  46  66  73  67
   45  65  98  59  24  64  89  82  73  20  98  26
   24  86  80  41  54  98  38  86  93  37   7 112
   55  44  53  76  38  20  39  46  49  78 101  44
   99  63  36  77  90  41  93  50  79  72  64 103
   82  85  55  62  42  93  84  50  95  41  99  79
   15  21  56  89  98 101  17 102  49  88  81  89
   23 114  28  48  88  40
   25  99  86  42  22  69  34  89 106  51  57  72
   87  42 101  94  93  61 109  51  67  55  74  45
   41  89  73  87  22  94 103  40  70  57  46  91
   89  60  96 102  28  46 105  51  53  46  15  74
   87  71  14 104  86  79  34  14  92  94 106  99
   47  29  50  80  62  82  48  90  83  81  85  41
   83  21  70  92  47  40  82  89  96  45  71  46
   88  35  19  68  87  38  32 109  50  58  44 103
   74  82  57  94  27  94  57  76  41  81  57 105
  101  37  83  45 101  49  23   4  91  94  31   8
   33  36  75  33  93  43  13 100  76  83  26  94
   79   9 100  41 103  18  94  49 105  36  58  36
   92  67   9 106  70 102
  109  87  44 100  87  89  43  90  14  13 102  75
   51  31  24  93  65  77  14  87  26  65  18  94
   92  22 112  77  76 111  23 104  24 114  20  78
   40 108  34  58  67  87  83  39 104  91  81  64
   11  81  99 108  18  61  82  83  16  28  49  51
   38  22  16  23 103  58  67  44  62  33  36  62
   15  28  37  36  52  97  39 101  12  21  51  29
   44  61  65  52  34  98  78  76  99  41  52  89
   36  18  56  37  21  47  21  58  77  38 104  56
   76  78 108 111  56  15  35  27  88  12  36 103
   38  76  97  47  53  49  66  60  49  40  93  23
   88  77  66  92 100  66  91  48  36  37  89  62
   63  74  82 111  81  15
   56  44 103 109  71  72  83  46  39  36  99  55
   97  83  56  83  66  25  35  47  77  73 112  64
   27  32  55  91  41 107  20  56  63  54  63  13
   12 105  49  72  40  34  26  35  16  89  79  54
   57  25  49  54  21   4  62  63 103  48  99  99
   65  24  30  19 103  84  40  73  43  71  81  30
   99  75  99  27  50  52  70 106  56  97  75 100
   18  48  97  81  97 100  90  33  46 106  74 109
   90 102  76  32  36  77  75  16 112  97  50 106
   38 112  74  71  52  23  38  84  95  74  12  16
   29  97 115  22  79  46 107 105  10  27  83  62
  109 110  40 100  86  17  46  94  31  11  72  12
   88  54 108 101  65  84
   71  67  28  76 102  20  38  68  79  78 103  93
   71  30  25  46  54  83  62  45  39  18  58 100
   95   4  28  96  52  79  43  30  39  58  68  47
   71  22 117  84  92  43  94   7  39  29  41 100
   83  63  83  44 108 103  56  40 108  89  27  82
   30  88  41  34  30 119  26  61 109  97  76  87
   20  72  18 101  90  51  39  36  39  47  52  44
  108  14  65  95  35  46  93 103  89  68  69  82
   48  93  51 101  21  76  73  43  92  79  82  63
   98  19  39  58  32  16  65  92  37  48 101   9
   42  29  45  98  33  55  32  26  32  95  45  98
   25  11  19  84  31  12  58  48  38  84  94  81
   43  40  65  44  57  65
    8  27  42  74  58  63  61 104  80 101  95  16
   64  54  63  83  51  24  13  22  34  32 112  51
   66  63  54   9  96  25  82  52  82  71  26  38
   31  95  25  13  78  22  71  57   8  41   3  54
  111  81  90  31  85  49  75  94 104  59  99  33
   65  40 102  20  36 117  72  64  82  95  25  26
   96  59  69  65  35  11 103  26  36  81  36  43
   50  44  54  50  52  52  46  71  92  66  26  62
   35  56  97  48  19 115  83  11  84  73  84 102
   85  69  84  39  81  36 100  77  18  82  85  50
   32  18  93  73  70  63  15  99   9  19  22  13
  111  60  46  28 105  58  82 109  26  89  54 103
   22  25  82  14  81 108
   56  10  32  96 109  42  86  78  85 108  88 100
   86  83  87  22  56  66  25  51  63 104  68  37
  111  21  73  77  97  29  46  83  12  27  90   7
   92  27  64 108  77  67  39 107  75  86  49  45
  114  59  19  47 101 103  30  54  50  60  35 104
   38  31  94  67  89  50  25  83  44  92  74  21
   52  17  39  60  42  74  27  23  98 106  51  35
   89  42  87  36  29  65  54  41  62  63  88  59
   56  69  22  88  67  23  27  73  39  14  55  48
   39  18 101  65  25   8  60 113  64  47  90  15
   40  91  95  60 113  27  42  44  54  85 101  18
  103  68  36  25 112  27  33  99 105  11  99  96
   82  92 101  71  74  16
   67  33  18 102 107  33  40 104  33  78   4  54
   37  69  17  56  68 112  89  34  58  71  55  58
   37  45  71 105  16  17  36  85  89  20  71  79
  106  75  50  99  28  43  39  24  62  97  49  23
   50  35  80  79   9  31  41  92  88  29  34  22
   64  98 108  39  16 109  76 108  71  66  28  18
   85  63  26  67  49  63  94  64  79   2   5  80
   78 103  33  96  18  86  84  81  85  52  18  71
   54  31  39  19  15  90  83  33 101  39  26  86
   84  48  31  94 101  45  94  45  40  12  77  33
   13  57  56  40  63 114  37  31  35 102  18  85
   22  15  89  45  68  29  78  93  34 101  89  39
  107  11 101  36  27  28
   15  38  33  87  26  54  63  78  17   9  20  35
   98  75  50  52  87  65  23  82  92  77  93  58
   84  69  20  58  84  33  95  35   2  51  68  80
   84  21  14  60  91   5  16  93  64  11  35   9
   98  55  24  53  96   8  50  77   5  81   4  85
    5  56  47  68  84   5  68  99  30  11  21  33
   82  40  89  64   6  68  83  90  88   9  74  55
   48  59  99  91  41  10  49  53  61  10  29  55
   30  66  61  10  46  55  78  70  18  18  89  81
   30  25  71  49  75  85  65  14   7  83  29  54
   28   2  15  99  88  43  58  81   8  91 100  94
   69  26  63   8  32  28  88  91 100  99  58  98
   81  40  18  67  85  72
   84  80  73  10  39  19  18  64  16  34  51  33
   15  72  14  95  86  52  20  22   5  48  27  78
   81  78   1 100   3  55  90  41   9  26  54  26
   15  56  55  10  70  78  57  73  66  72  51  52
   96  91  40  34  63  95   4  29  45  17  85  27
   20  15  13  66  56  37  94  22  55  58   6  32
   81   6  11  78  42  43  32  32  63  14   6  92
   25  40  42  12  86  53  33  56  96  53  15  74
   83   1  40  36  42   5  53  13  11  20  41  56
   41  39  38  51  78  62  58  96  31  41  49  98
   54  90  20   9  40  54  50  20  19  13  26  34
   76  30  25  12  88  28  70  41  79  73  92  99
  100  81  29  79  39   8
   11  80  34   4   3  72  67  72  65  51  27  77
   14   7   8 100  35  95  32   4  82  60  61  56
   62  76  62  61  27  11  73  60  73  11  86  94
   98  17  21  12  81  12  97  64  46  95  79  27
    3   6  96  56  84  67  18  27  92  98  90  62
   84  52   2  98  83  13  97  11  71  41   3  12
   39  82  70  76  36  24  28   1  25  19  26  36
   58  78  62  11  89  27  95  94  43  26  16  99
   50  89  80  77  69  47  91  14   7  21  22  75
   53  57  59  13  52  70  85  62  18  52  49  69
    9  97  57  66  85   9  48  22  63   8  52  10
   70  51  21  97  30  46  32  12  92  79  32  88
   13  59  43  47   5  63
   63  71  25  56  18 100  74 100  66  37   5  16
   29  82  43  54  45  91  44  23   3  69 100  83
   82  80  74  43  81  16  24  81  13  95  58  32
   44  65  87  92  62  57  14  75  35  81  18  57
   58   7  98  54  50   3  10  81  95  10  57  12
   86  94   4   9  72  73  31  36  58  35  27  16
   79  80  30  57  69  89   2   9  62  27  69  58
   51  18   3  42  34  82  62  88  66  81  92  42
   62  51  87   5  66  70  11  47  12  58   2  11
   22  35  27  63  48  38  33  21   8  39  54  21
   12  42  22  26  55  19  35  62  47  54  37  79
   62  59  73  19  94  24  42  90  72  75  44  26
   50   4  32  37  10  18
   15  11  61  99  54  87  77  71  12   5   7  36
   78  32  30  50  57  20  24  93   9  98  96  28
   96  93  80  59  46  93  15  91  81  98   7  82
   62  81  16  96  78  65  51  72  23  92  25  90
    3  58  45  59  18  83  94   9  52  24  86  15
   11  61  36  26  61  96  33  38  93  73  69  72
   66  66 100   4  58  56  84  12  81  15  89  70
   80  48  16  82  85   2   9  51  17  68  26   3
   32  29  21  54  10  49  10  35  53  57  96  71
   10  41 100  14  94  84  80  47  10  73  94  40
   51  95  76  93  89  78  90  30  21  64  34  80
   74  84  37  35  67  26  56  79   4  59  90  17
   97   7  19  72  20  29
   36  94  32  46  60  96  52  39  13  99  38  93
   36  88  88  57  39  96  50  64  92 100  53  69
   82  49  34  68  59  51  15  45  56  70  31  44
   12  64  77  94  59  13  48  87  39  66  58  51
   76  70  17  94  83  89  26  80  47  91   9  14
   34   1  99  78  93   9  24  20  86  28  10   9
   11  76  28  87  67   7  28  26  22  23  61  87
   18  41  52  37  91  15  12  92  41  75  59  51
    8  34  41  89  13  70  13  63  20  66  79  18
   51   7  46  32  43   8  87   3  54  90  91  86
   26  71  68  19  95  71  89  30  75  22  55  52
   85  79  44  69  53  10  50  82  90  68  53  49
   25  27  36  75  22  75
    8  42  82  80  38  20  53   5  52  64   2  54
   46  12  49  62   7  88  26   3  55  60  69  95
   20  31  91  98  41  29  34  37  34  44  83  76
   19  58  52  83  34  34  96  97  52   7  90  41
   11  36  11  86  70  66  61  40  31  58  86  20
   96  32  13  12  29  85  59  84  90  36  44  25
  100  41  59  99   7  46  17  88  16  21  38  96
   57  27  98   8  44  81   5  61  96  58  98  21
   90  92  80  42  10  24  35  74  43  55  63  20
   22  55  99  83  34  80   5  39  11  45  41  40
   16  27  95   2  42  17  64  89  45  10  73  25
    9  59  38  66  83  62  36  56  86  25  11  97
    7  64  63  61   3  91
   37  86  89  35  24  39  43  31  85  86  90  36
   59  80  74  32  66   9  37   6  69  89  78  88
   10  44  54  15  12  25  42   3  16  54  50  26
   40  50   9  99  21  95   2  33  47  19  95  74
   23  57  10  13  76  62  85  47  66  10  15  90
   83  95  66  34  97  63  76  17  73  39  46  35
   74  45  12  54  93  44  24  25  40  85   5  85
   90  34  25  61  65  14  65  20  27  67  96   8
   47  72  61  27  65  96  69  67  68  40   9  71
   12  53  76  27  28  67  26  70  24  37  45  13
   27  26  51  50  76  27  35  68  18  70  16  30
   96  90  56  30  18  11  92  10  56  22  35  28
   86   3  91  68  28  78
   77   6  29  76  91  33  71  28  11  60  50  46
   33  69  18  26  18  51  11  64  46  60  45  75
   68  26  39  33  89  23  15  74  32  54  61  27
   13  56  11   9  84  65   1  59  67  64  92  45
   28  49  92   9  34  32  68  91  26  18   2  13
   61  73  65  23  46  32  63  22  22  38  32  61
   22  89  32  12  69  77  37  24  20  73  40  63
   24  78  88  37  26  68  73   8  55  59  67   4
   38  32  58  24  86  22  62  40  78  35  58   7
   10  76  33  73  11  63  87  99  13  16  73  99
   72  76  33  78  17  68  92   9  27  37  92  10
   30  95   7  67  12  97  21  66  12  70  44  66
   21  48  95   3  49   1
   10  18  63  11  21  15  66  20  95  89  18  29
   60  81  96  23  48  28  90  19  85  40  85  24
   15  92   3  41  37   1  87  10  94   3  93  32
   71   7  75  54  53  18  36  77   2  23  36  47
   96  30  15   1 100  42  28  37  98  77  60  60
   65  96  98  88   8  62  49  61  50  85  66  46
   98  84  72  77  52  15  64  18  99  87  53  91
   69  47  49  66  73  16  40  40  12  71  67  13
   69  85  55  79  86  71  89  56  29  69   9  53
   33  26   3   4  59  91  73  84  28  99  67  12
   68  35  21  70  54  68  36  42  63  63  25  96
   26  34  37  27   6  52  21  60  79  77  16  54
   42  36  36   4  31  97
   58  65  10   7  37  48  28  64  68  77  12  48
   22  27  55  37  37  90  67  71  35  34   4  46
   87  83  61  17  64  12  88  58  52  49  43  96
  100  14  53  47  62  72  88  81  88  16  38  60
   58  83  65  50  86  98  53  55   4  65  18   3
   39  84  72  87  15  27  64  35  66  44  31  72
    8  36   6  79  60  62  41   3  48  19  44   4
   95  63  20  30  21  16  15  72  59   7  30   6
   14  11  36  72  76  38  28  95   2  10  64   5
   71   4  32  41  60  88  67  30  19  32  96  94
   79   7   4  84  23  74   4  13  92  76  22  53
    2   6  63  13  22  96  67  11  88  93  31  93
   30  53   3  18  39  26
   37  41  74  31  17  86  77  49  28  35   3  10
   39  81  90  61  57  22  53  59  78  94  49  12
   20  98  79  21  52  36  65  80  72  62  52  60
   43  97   2  22  14  75  17  99  71  77  62   4
   31  47  19  63  12  13  48  67   5  25  87  38
   85  32  70  80  77   1  81  41  10  14  33  25
   88  30  99   5  12  63  68  76  64  56  55  73
    2  95  46  16  77  59   9   8  13  37  36  36
   64  10  64   9  99  36  35  73  11  32  31  51
    5  84  64  44  87  90  46  28  78  58  16 100
   67  76  57   7  72  63  73  89  86  18  69   4
   86  95  88  36  80  95  60  66  81  19  21  26
   75  69  43  67  59  48
   97  89  76  46  52  50  43  12  32  13  15  86
   41  55  48  33  69  83  93  81  83  85   3  68
   38  50  54  96   9  82  36  59  37  37  80  72
   79   8  86  92  40  94  33  51  99  77  99  65
    6  24  12  83  34  66  37  13   6  58  20  82
   42  67   7 100  66   3  44  47  24  22  92  76
   21  45  48  49  76 100   7  88  68  25  75  74
   68  60  50  62  57  61  70  42  18  53  84  41
   72  53   7  67  93   5  25  93  36  29  30   3
   19  47  29  73  21  71  11  32  95  26  18  53
   83  95  15  32  34  57  91  12  96  95  85  92
    2  58  73  91   3  50  28   3  78  30  52  10
   82  91  23  99  32  11
   54  98  83  22   3  74  25  38  23   4  14  11
   16  28  31  89  64  54  87  59  47  15  39  73
    9  87  34  26  17  85  67  34  91  81  19  98
   18  85  54   1  38  35  73  11  35  30  67  61
    2  52  88  71  10   9  81  51  66  49  76   8
   79  86  14  49  15  66  80  23  72  27  28  90
   55  93  66  59  68  28  93  89  14  13  60  82
   21  63  15  78  86  50  57  69  43  43  15  52
   56  37  90  19  52  83  88  32  73  89  63  64
   81  92  14  43  90  97  42   7  52  62  29  91
   74  27  16  56   7  78  69  73  64  33  10  88
   11  42  68  78   5  88  72   9   6  99  19  18
   38  22  19  36  37  94
   37  83  89   7   8  74  70  10  85  39  98  56
   76  39  90  56  36   7  31  76  58  42  57  47
   65  57  40   8  96  91  75  30  25  85  41  31
    5  29  53  20  81  70  65  86  58  15  54  88
   62  84  23  32  95  73  72  10  17  74  78  83
   41   4  11  80  95   5  44   1  32  54  83  85
   27  57  77  52  60  51  17  47  24 100 100  28
   33   5  75  16  95  16  22  26  31  61  93  38
   63  88  80  91  97  28  19  79   7  65  93  27
   27  58  74  17   4  62  25  61  68 100  26  81
   99  53  58  80  47   5  68  79  74   4  89  20
   91  95  18  63  35  74  28  25  77   9  23  67
    9  93  10  68  81  86
    428   374   400   383   427   424   387   393   371   411   370   405
    419   405   414
