 10 400
  103  63  86  91  57  37  33  51 100  62  61  59
   99  57  61  76  66  34  89  66  69  63  42  40
   85  70 102  37   9 112  67  16  23  15  52  12
   17  81  37  84  25  68  79  91  46  12 101  76
   41  69 102 109 100 114 109  97  25  34  59  37
   47 101  99  25  83  47  20  62  76  67  36  58
   26  19  44  63  57  92  23  37  69  23  35  55
   34  17  88  62   2  36  61  91  61  64  51 105
   49  84  29  51  60  44  64  52  27  50  37  51
   95  42  64  11  97  62  13  64  94  64  15  34
   24  94  77  74  17  43  39  73  51  39  49 107
   37  49  38  55  98 107 106  95 113  48  20  95
   56 100  28  36  96  92  68  24 103  15 116  53
   31  50  84  87  24  65  31  26  22  83  81  16
   96 111 108 105  47  21  76  74  86  35  51  84
   96  88  14  64  80  83  77  16  41  95  56  91
   84  83  13  10  77  11  41  49  42  60  22  52
   99  81  64  94  85  48   8  74  78  76  62  15
   18  38  37  98  89  44  62  98  80  97  96  62
   67 104  71  60  43  25  87  31  95   9  54  86
   63 107  36  33  47 112  49  57  21  15  64  58
   69  17  83  21  78  20  68  18  79  79  89  94
   85  30  33  63 104  90  89  49  51 105  29  95
   98  95  53  84  68  39  49  60  69  66  98  80
   74  25  63  25  54  34  98  42 109  99  95  58
   48  97 109  85 106  42  24  57 107 106   4  65
   53  59  27  96  34  82  52  61  88 111  35  71
   46  58  46  96  52  47  90  87  62  91   9 102
   12  97 114  81  41  77  68  42 102  68  22  97
   42  31  22  52  65  67  88  56  62  82  26  63
   23  90 104  65  37  30  77  72  91  41  72 117
   20  17  61  94  41  48  56  24  44  34  59  49
  111  42  72  36  74  60  95 106  89  28 102  57
   40  80  55  73
   66  63  22 112  27  99  36  43 102  57  54  53
   19  58  75  35  69  15  68  78  72  51  76  88
  106  26  27  31  97  28  96  49  96  76  33  25
   57  64  23  53  56   9  35  46  36  58  97  82
   51  61  47  96 101  92  14  27  59  82  35  12
   22  56 101  33  29  10 105 106  90  66  87  35
   83  50  85  90  42  81  78  45   7  53  92  17
   80  60  14  41 112  95  46  92  59 103  20  51
   99  54  12  33  55  89  39  86  98  41 109  72
   98  81   2  67 105  90  30  10 109  69  98  65
   58  92 102  48  24 108  86  41  37  25  86 102
   46  60  11  90  63  20  24  91  76  90  81  99
   48  39  51  24  96  40  37  53  87 108  87  35
   78  82  69  84 107  42  70  22  20  13  23 114
   23  53  45 101  89  68  49  36  54  95  48  76
   29  20  98  41  41  83  14  57  31  14  16  66
   91  89 112  76  37  25  21  50 107  55  13  57
   38  62  12  71  14  75  78  31  82  79  85  97
   99  80  15 102  32  78  18  38  24  22   6  22
   72  61  34  74  97  78  59  19  65  97  90  53
   56  61  30  72  20  51  53  90 114  49  68  82
   37  62  17  16  33  88 101  77  74  52  16  90
   72  88  55  93  80  90  57  46   4  81  68  16
   26  39  33  77 100  99  26  96  11  31  71 101
   67  93  86  49  62  46  46 105  58  69  99  49
   41  62  67  10  74  86  29  14  31 107  17  54
   14  75  33  89 100  16  74  79  43  21  64  84
   38 102  92 110  26  70 113 103  21  15  25  77
   59  38  72  28  30  11 102  48  97  59 105  44
   35  33  37  61  59  60  27  77  51 106  82  27
   11  91  46  73  10  38  53  93  87  55  39  29
   86  79  50  88  24  80 105  39  54  66  98 105
   60   8  72  29  35  66  70  52  35  35  70  30
   33  29  24 107
   64  35  82  95  25 108  16  63  20  62  30  86
   73  22  53  67  78  30  99  54 112  84  45  43
   47  70  58  72 111  65  84  47  63  17  17  68
   65  81  68  55  32  13 103  27  28  40  53  84
   99  56  77  98  22  26  75  79  72  46  57  22
  101  29  40  14  30  50  85  72  56  89  87  67
   24  70  28  69  24 103  78  82  91  45  73  80
   46  96 104  34  74 103  14  90  51  14  40  72
   39  41  71  82  19 103  51  60  38  81  51  50
   31  32  82  81  65  65  37  21  30  17  53  27
   60  87  43  18  73 103  19  22  45  98 103 100
   96  87  42  31  25  58  32  72  21  85  35  44
   64  87  73  59  16   7  87  85  39  92  47  92
   42 101 111  91  92  96  52  95  58  25  90  52
   79  52  55  66  14  27  40  42  52  49  82  90
   13  33  61  95  85  77  91 102  82  72  82  90
   85  92  75  36  13  28  46  72  16   8  12 102
   17  72  18  86  75  71 102 104  18  51  26  15
   82  83  12  25  18  34  94  35 101  13  96  81
   98  66  50  32  78  27  71  99  95  15  38  97
   55  22  17 105  72  76  64  66 114  40  57  41
   43  21  22  69  91  66  41 111  22  82  23 113
   38  83  55  24  44  54  38  58  44  11  17  55
   20  70  60  11  94  39  94  93  30  20  22  55
   21   5  46  36 105  81  75 102  65  50  86  79
   42  19  73  38  30  35 115  23  91  41 104  79
   16  78  26  37   6  59  16  26  58  29 101  67
  107  92  57  34  63  67  34  63  34  20 110  31
   64  37  37 104  41 101  93  87  21  61  86  45
   91 109  69  41 111   4  97 117  63  31  28  65
   10  22  71  11  87  92  40  95  18 100  43  37
   51  29  48  35  17  56  70  37 102  54  97  96
   21  97  94  15  33  76  73  58  54 104  35  26
   39  76  13  57
   50 101  47  46  80  16 115  65  96 109  73  57
   63  82  58  14  41  27   5  44  17  42  77  26
   25  51  79  38  59 103 102  15  51  25  64 111
   39 112  89  46 107 106  30  17  69 104  54 104
  104  88  26  52  21  96  83  58  66  63  49  15
   73  17  50  39  18  56  69  33  59  61  39 109
   59 115  37  98  69  49  60  52  60  88  91  36
  108  60  81  30  38 105  73  72  63  80  18  79
   89 112  22  30  90  32 102   5 100  13  33  42
   20   8  21  27  58  58  46 112   7  99  40  21
   79  83  66  44 103 116  78  72  69  19  53  72
   95 106  60  45  20  32  82  87  23  53  23  82
   96  50  64  62  63  25  12  21  96  88  45  86
   88  54  14  26  27  96  92 109  73  87  79  14
   15  93  74  46  70 107  19  91  96  62  37  49
   35  36 101  23  94 111  90 100  22 102  31  66
   98 119  88  64  54  85  90  54  24  30  46 111
   76  76  88  37  48 100  91  25  81  71  66 105
   28  76  52  13  67  23  58  49  22 101  51  34
   88  56  14  99  76  69  94 102  36  68  14  27
   60  29  69 100  86  97 100  91  74  86  61  72
   60  56  52 112  62   7  79  28  54  13  28  62
   79  71  29  21  97 101 101  92  72  83  81  62
  103 108  37  28  79  70  34  38  34  52  93 105
   48  17 100  60  54  25  21   7  12 115  14  98
   69  53  46  91  25  44  66  69  45  20  34  91
   88  84  16  30  89  61  87  12  58  46  81  85
   98  21 101 116  12 110 106  86 102 109  66  25
   44  52  85  94  72  91  56  56  35  84 109  34
   55 102  84  29  66  69  15  87  54  72 111  82
   26  71  87  85  38  63 102  99  82  35  81  90
   30  52  15  48 100  41  92  24  41  99  18  55
   41  87  98  55  65  58 110  40  45  89  81  60
   59  85  26  29
  119 110  22 108  43  41  42  73  91  51  65  69
   26  18  81  42  73  12  91  26  76  87 115  88
   80  68  81  35  33  32 100  36  68  39 105 101
   95  76 104  99  20  30  73  98  75  56  20  16
   93  27  19  68  26  85  60  71  26  46  20  30
   77  79  16 102  66   8  59  79  74  60  37 113
   69  31  93  90  19  88  33  29 112  79  18  45
   50 104  36 110  44  65 107   9  81  97  83  54
   96  77  53  71  60  88  44  46   3 105  80  20
  109  41  57  63  61  90  41  42  30  24  76  98
   44  61  75  88  27  17  17  92  52  94  17  41
   31   3  86  71  15  90  44  46  16  84  85 105
   93 104  27  71  69  62  57  37  78  11  61  13
   80  69  74  88  67  85  73  27 115 104  19  72
   83 104  68  76 102  35  37  82  26  76  13  70
   77  32  22 103  90 115  68  50  86  15 117  35
   66  47  83  29   7  28  68  69  51 113  16  41
   61  96 101  36  61  81  89  80  28 100  18  51
  103  65  65  57  48  38  18 109  52  57  18  91
   57  24 103  77  82  89  39  97  54  14  67   7
   12  61   6 108  82  48  57  88   9  33 101  87
   21  44 106  60  98  99  89  42  71  34  40  70
   32  26  12 103  39  76 108  39  66  26  57  30
   60  58  15  35  77  77  19  47  92  51  24  14
   40  26  37  55  17 105  94  45  36 102  90  67
   27  79 109 105  87  61  88  98  93  76  74  53
   52  81  95  24  90  54  49 102  36 106  25  34
  101  44  15  91  18   8  67  21 109  28  13  62
   18  48  62  77 116  36  41  90  38  90  22 108
   33  20  54  69  55  66 102  80  27  67  67  58
   24  90  27  18  68  86  71  72  83  88 110  34
   88  34  49  78  43  21  48  85  79  53  69  95
   87 103 103  45  32  95  49 100  27 106  66  37
   40 105  78  41
   35  97  39  92  60   4  37  43 107  46 109  68
   86  43  28  62  93  75 101  48  25  68  66  44
   93  34  64  39  69  61  65  82  85  79 102  85
   24  45  83   8  83  91  20  87  17  26  79  98
   36  46  66  23  65  31 106  51  32  95  55  28
   91  56  34  31  78 100  95  44  96  79  66  28
   45  94  11 110  21  31  90  23  23  56  12  31
   15  81  35  98  46  76 100  72  20  81  31  17
   73  55  72  32 113  63  46  82   9  36  97  45
   20  39  58  38  45  79  21  87  62  49 110  18
   45  41  22 111  21  70  72  91  74  42  16  13
   42  57  76  48  16  60 101  46  27  19  91   9
   82  82  73  90  26  44  94  75 100  91  90  93
   86  26  93  77  72 103  52  41  48  86  52  71
   32  15  22  70  91  64  60  87  56  99  88  48
   48  50  96  16  75   7  66  86  94  69  23  74
   23  47 114 111  85  62  70  41  31  77  10 102
   58  10  22  89  34  31  49 104  32  46  46  56
   71  92  63 107 106  50  67  92  67  25  58 108
   35  23  98  74  48  25  15  88  67  19  57  99
   71  46 101  58  69  45 101  28  19  25  11  59
   52   9  40  47 108  78  67  79  35  47  68  91
   25  20  77  24  76  77  12  98  62  32  47  68
   77  57  26  61  72  58  79  42  40  79  78  15
   21  66  48  75  98  41 110  56  27 113  61  26
   88  61  36  23  51 105  19  79  15 102  28  55
   28  73  25  92  48  29  10  63  76  20  70 111
   97  17  88  79  28  42  52  37  35  25  70  85
   67  47  65  38  49 103  38  72  73  38  67  24
   21  29  58  98  34  71  52  53 111  30  84  57
   63  41  66  88  49 112  31  91 100 101  35   4
   72  28 113  79  16  81  13  58  25  50 102  35
   44  17  96  46  62  43  33  27  55  35  60  31
   92 109  46 102
   31  43  52  79 118 109  15  33  90 101  10 106
   88 108  50  52  68  50  79 102  99  37  20  68
  104  19  47  12  99  71  91  85  26  45  19  96
   33  16  41  97  39  68  72  56  26 101  81  89
   84  28  14  41  41 117  25  70  47  51  52  70
   88  37  57  13   9  25  24  70  14  75  75  59
   30  94  40  40  85  30  75  17  63  90  85  44
   66  94 109  93  31  44  55  34  44  30 112  50
   99  23  97  17  14  74  70  44  56  60  73  38
   86  40  62  58  66  64  68 111  92  31  52  44
   30  21  44  64  30  59  53  52  98  62  74  42
   10  35  89  28  26  72  59  17  20  40  74  16
   14  73  81  53  60  17  96 104  57  89  47  89
   18  11  31  36  51  95  98  74  41  93  82  49
   79  47  90 103  56  59   9  65  94 114  28  15
   53  63  54  36  73 106  40  20  24  81  47   8
   50  80  97  86  16  40  78  33  18  76  88  57
   57  57 108  92  25  27  79 114  60  91  18 100
   42  29  22  53  68  52  89  30  70  53  78  75
   27  60  16 107  90  25  92  14 103  96  25 109
   81  89 106  75  33  45  88  94  34  85  80  12
   97  87  87  40  53  23  63  10  30  60  54  10
   27  99  73  97  24  84  68  33  67 111  31 101
   77  33  89  31  65  42  44  45  21  36  78  55
   26  39  49  72  68 107  65  54  27  51  58  20
   68  52  21  38  52  69  57  64  12  48  33  34
  112  33 107  62  34  76  61 115  58  97   4  19
   47  45  39  88  91  38  51  17  99  22  42  95
   91  20  70 101  27  29  12  90 105  40  34  43
   58  63  22  32  86  98  60  10  58 107  52  99
   47  40  90  47  99 109  20  16  60  43  28  89
   38  23  25  70  31  27  45   8  39  86 112  96
   74  68  53  84  78  66  27  83  29  66  65  34
   14  88  91  50
   54  82 102  20  50  93  11  31  58  25  76  33
  105  72  26  40  52  79  67  53  72 113  25  41
   53  13  89  31  67  72 105  67  77  99  76  55
  100  39 101  75  31  17 109  70 106  40  24  77
  112 110  50   9  80  20  63  50  40 113  32  30
   70  80  82  68  91  89  49  31  60 106  73 110
   93  11  32  16  86  61  41  40  24  23  55  72
   99  69  36  24  56  82  50  56  12  42  31  76
   42  62  73 102 102  55  91  41  65  52  24  47
  104  28  53  45  13 115  66  63  61  72  55  16
   28  77  33  83 100  63  19  99  14  15  63  85
   92  28  48  86  52  35  83  50  50  26  72 114
   24  22  72  20  78  27  26  42  15  22  97  46
   19  77  70  93 101  27  22  87  49  77  55  24
   22  16  41  89  35  97  39  97  19 111  25  67
   84  76  74 106  96  68  81  68  91 103  41  17
   60  45  94  69  88  13  73  85  65  97  47  83
  111  94  82  65  91  67  85  96  89  46  54  40
   22  32  50  13  85 106  87  57  96 102  53  90
  102  78  68  16  22  47  62  30  27  92  90  74
   51  70  17  25  95  69  60  95  78  93  76  95
   56  90  76  61  32  54  93  64  34  96  46  96
   78  98  88  33  82  92  59 106  46  91  48  49
   97  19 114  70  66  34  74  91 103  90  52  45
   45 101  19  97   9  56  25  40  20  29  72  20
   75  39  12  31  49  61  73  17  94  82  26  88
   81  87  82  98  89 106  49  88 104  89  94  51
   73  53  41  42  23  80  45  46  59  83  30  40
   25 100  72  58  29  63  65  77  15  48  85  31
   26  39  27  94   4  32  71  67  49 104  63  67
   24  79  87  73  96 100  68  28  34  54  27   8
  106 110 110  92  94  53  38 112 104  76  70  55
   98  23  48  94  50  76 116 115  26  58  82  22
   74 111  40  58
  115  93  33  62  28  51  98  64  40  67 107  82
   77  73  44  62  67  50  78 112  30  49  93 102
   67  61  99  62  38  12 101 101  26  77  13  74
   95  29  49 101  20  59  85  71  28  90  89  91
   74  72  63  64  72  91  79  70  91  60  98  46
   95  96  18 100  24  84 103  61  41  99  53 110
   32  75  95  64  38  47  97  76  52 101  24  87
  101  29  65  18 104  43  91  21  51  64  60  91
   23  12  51  32  62 103  83  37  31  49  61  19
  101 100  61  97  78  18  20  37  92  70 104  88
   44  24 102  42  79  32  47 111  79  43  39  18
   33  89  75   9  17  91  68  80  20  28  75  94
   36  28  60   9  48 106  76  39  13  37  40  81
   45  81  76  66  76 107  76  61  80  35  73  39
   71  62  91  59  58  55  83  29 106  60  20  39
   28  76  23  43  52  28  60  30  92  81  31  97
  103  97  99  83  30  38  58  71  44  88  24  52
   83  94  34  77  40  72  13  59  48  78  54  42
   76  80  59  64  16 104   4  25  90  34  69  54
   76  60  24  85  70  19  47  16  92  21  97  52
   94  27  63  58 103  79  43  63  64 110 103  70
  108 106  88  23  95  56  50  27  74  12 105  92
   49  27 109  97 102 111  92  74  28  27  82 113
   95  11  69  60  33  52  42  91  37 113 104  76
   82  17  92  78  73  89  44  88  81 111  83   7
   62  95  42  89  46 105  78  46  67 109  53   9
   71  48  10  80   7  93  77  30  59  26  92  57
   95  27 106  50  19  80   3  57  74  82  91  27
   38  17  32  21  50  40  26  50  31 105  23  97
   88  55  96  99  37  83  12 106  38 111 103  60
   92  82  11  89  98  64  54  44  60  21  46  10
   41 102  41 109 105  99  47  63  99  39  37  65
   92  32  52  25  20  14  51  93 103 109  73  49
   72 104   6  81
   16  81  40  94  15  76  23 104  66  47  28  95
   84  29  62  67  80  79  33  19  67  40  70  69
   65  17  56 110  69  37 101  28   6  39 111  78
   49  59  71 107  95  44  81  37  49   2  38  68
  102  48 101  67  26  94 115  33  98  80  37  40
   81  93  68  35  67  84 109  74  52  48 101  44
   68  95  57  83 107  91  67  22  51  13  52  70
   13  60  85  98  24  69  63  32  21  95 102  72
    8  57 102  37  37  78  76  89  22  50  57  38
   47 101  73  73  87   8  63  77  91  84  96  32
   20  24  69  78  35  33  78  77  99  85  79  67
   24 106  25  30  28  40  32  84  47  16   4  69
   91  28  40 100  94  55  73  50  22  28  78  43
   32  48  72  94  14  60  38  69 114  99  85  72
   53  43  52  37 105  22  86  66  34  19  53  77
   61  32  60  56  95  53  95  26  58  60  73  27
   55  94 102 110  39  66  95 109  20  20  78  68
   87  17  20  82  47  29 114  69  28  55 114  70
   73  33 111  37  37  78 106  88  48  92  39  31
   32  57  62  41  45  57  33  21  43  59  29  43
   68  90  47  26  84  70  32 106 103   8  44  89
   68  73  49  96  45  37  38  46  30  95  93  28
   39  28  65 102  66  77  14  78  61  81  54  95
  100  31  54  20  71  80  51  80  40  87  58  50
   58  81  80  61  78 101 108  57  31  30  29  62
   79  98  31  99  34  66  46  60  34  33  31  92
   40 101  20  37  83  56  38  99  50  40  26 108
   65  47  66  84  80  44 102  16 104 100  16  87
   80  74  95  99  83  15 113  65  95  25  41  46
   59  73  38  93  84  34  21  61 105  84  69  47
   68  19  27  46  14  42  10  67  39  37  64 100
   59 105 102  14 115  89  32  79  45 109  90  69
   95  10  39  20  18  72  13  88  20  23  33  58
  102  87  77 105
    4  54  21  16  63  65  77  51  20  51  55  58
    3  49  50  31  46  68  25  38  34  52  67  66
   18  48  16  78  99   8  51  95  83  98  60  92
   97  37  65  18  88  39  27  28  74  91   8  39
   77  42  16   9  19   3   6  16  83  79  55  81
   55  17   8  93  21  63  87  57  39  49  77  59
   83  92  71  57  49  18  90  79  34  94  72  54
   81  95  24  44 100  70  53  16  44  46  53  13
   68  36  73  54  49  75  43  55  75  70  78  60
    8  69  45  98   5  54  98  56  23  42  88  69
   79  17  35  34  85  74  72  36  54  81  61   1
   65  63  66  56  12   4  12  24   5  63  94  17
   55  20  77  71  16  28  39  79   3  89   3  58
   71  56  27  24  78  38  71  91  97  37  25  92
   12   2   8  10  71  91  37  33  24  70  67  30
   11  14  93  42  29  33  31  90  69  22  50  11
   21  20  97  95  34  95  73  66  72  46  80  56
   12  21  44  17  27  56  97  39  30  36  43  96
   91  68  70   5  24  75  52   5  31  16  10  55
   36  10  40  55  64  94  18  75   8  93  63  17
   53   4  77  79  73   6  54  58  99  89  47  51
   50  97  19  90  39  90  52  89  40  31  30  13
   34  81  83  55  15  27  18  54  67  15  88   7
   15   9  67  18  36  67  61  54  44  41  10  28
   45  82  44  93  57  80  20  66   2  13  16  57
   61  14   5  25   9  65  85  53   5   5  98  42
   59  47  89  14  70  37  61  50  27   5  81  34
   74  57  65  20  64  71  28  19  54  20  96   2
   93   8   4  25  65  30  40  69   3  49  81   6
   74  88  81  67  37  48  31  56  54  34  94  51
   91  15   7  52  73  87  41  31  11  67  47   2
   97  96  58  17  76  68  63  79  73  76  56  64
    2  74  39  77  32  60  12  13  31  77  17  46
   75  35  61  34
   49  54  96   6  85   3  70  61   7  50  55  53
   92  58  32  83  33  88  46  33  48  69  37  14
    1  93  82  80   5  74  23  69  22  34  82  87
   60  43  88  53  62  96  82  65  80  46  18  28
   61  56  64  15  10  26  93  78  52  38  68  98
   97  62  18  83  80  94  14   6  14  45  32  85
   21  68  17  22  69  38  33  57  96  63  11  98
   31  52  93  71   1  13  65  23  45  10  82  68
   12  49  99  82  53  19  80  29  13  70  11  39
   11  38 100  36  13  12  83  93   8  45   6  50
   62  13  13  57  86   8  29  75  74  85  25  18
   59  50  91  28  42  84  91  11  30  25  21   4
   57  76  51  87   9  78  72  49  29   6  28  82
   34  21  43  32   6  66  48  84  90  96  93   4
   87  67  62   4  28  51  69  73  52   8  62  40
   78  97  13  76  67  36  98  54  77  91  87  39
   15  29   3  32  80  94  94  52   5  51 100  60
   82  45  93  37  96  30  37  88  38  26  19  14
   20  24  91   1  79  35  98  73  87  86  96  84
   34  53  74  43  21  41  58  98  43  11  20  56
   63  45  72  44  82  60  60  21   2  61  47  29
   79  43  89  88  84  27  16  40  35  56  88  24
   41  19  64  11  36  26  47  72  99  27  40  92
   79  72  80  29   5  20  78  17  91  79  46   9
   41  14  19  71  40  64  68  13  45  42  20  64
   62  45  50  98  29  27  85  94  76  11  96  48
   97  41  78  21   2  87  32  38  67  83  38  29
   82  12  19   8  85  42   4   2  98  95  77  25
   48  69  31  88  90  95   3  61  20  46  10  71
   76  82  82  53  49  49  83  36  68   9  22  77
   93  25  68  41  95  81  54  16  32  55  72  83
   19  25  65  25  88  27  14  71  52  54  11   5
   47  98  38  90  81  40  32  68  72  72  41  73
   79  81  80  10
   56  75  33   7  86   3  99  45  92  54  76  25
   33  84  58  49  33  81   9  60   2  28  66  69
   62  38  54  42   2  48  22  59  46  92  94  46
   43  39  50  65  76  91  11  87  85  71  49  20
   17  53  26  14  81  84  31  33  42  62  53  98
   15  81  66  92  86  61  33  39  54  21  29  51
   83  47  82  44  86  12  39  22  13  66  36  31
   68   7   6  76  42   3  89  20  64  97  74  32
   70  77  47  26  95   7  66  49  75  37  59  53
   79  81  25  25  52  54  71  89  76  88  58  85
   59  15  66 100  31   9  83  83  65  14   7  20
   19  27  70  84  87  52  80  48  85  30  84  69
   38  27  43  43  95  99  33  22  68  25  61  13
   74   3   5  26  13  19  60  13  50  89  20  56
   30  60  62  38  99  85  65  74  50  70  34  17
   89  84  47  23  17  39  28   2  27  43  27  17
   30  16  29  68  91  75  72  39  89 100  94   7
   91  46  93  33  45  44   4  14  97  61  94  99
   28  35  92  88  94  68  12  84   8  99   9  26
   19  43  58  80  28  90  44  12   7  88  69  13
   49  82  86  11  33  27  45  38   1  67  60  69
   62  91  96  36  16  45  72   2  84  24  84   6
   78  22  50  86  65  64  66  56  69  96  91  61
   85  49  42 100   8  64   9  16  86 100  93  51
   93  99  65  83  15  24  31  15  54  59  28  40
   63  97  36  81  85  71   5  91  18  72   4  23
   97  29  90  72  99  58  91  85  59  84  12  37
   10  25  55  80  39  46  69  55  69  90   2  81
   50  66  82   4  70  17  24  19  94  41  33  61
   11   5  51  68   6  98   6   3  47  85  88  51
   95  97  39  91  31  17  64  24  94  18  61  75
   56  76  71  72  94  54  40  78   2  50  10   7
   99  14  22  94  78  36  36  53  59   5  78  82
   66  30  98  52
   56  12  59  63  31  93   3  37   6   3  36  50
   41  26  45  98  70  86  97  60  87  77  42  82
   90  67  34  76  56  17  16  93  63  80  39   5
   66   3  28  69   1  13  85  95  44   6  50   1
    8  22  86  59  87  23  32  49  44  51  70  87
   38  99  69  65  98  53  44  70  46  48  74   9
   52   5  65  17  44  66  44  67  53  27  11  71
   11  54  26  72  80   5  44  35  43  35  91  23
   15   5  86  81  23  74   4  99   8  95  82  78
   86  96  81  86  48  62  70   6  95   6  73  86
   35  32  51  72   3   2  27  44  42  84  58  37
   20   4  51  62  88  78  22  25  89  62  92  22
    8  67  44  50  55  86  99  96  16  14  62  30
   23  52  91  78  81  17  22   9  38  32  29  91
   91  24  40  70  48   5  83  12  23  52  82  62
   76  79   1  87  10   7  22  12  86  14  77  53
   13   1  17  46  53  31  23  57  89  72  71   8
   31  37  32  71  59   4  13  79  23  45  52  14
   74  41  52  96  49  89  53  69  89  12  58  70
   15  46  94   4  30  44  24   4  81  50  94  87
   58  85  37  12  32  17   3  11  45  23  47  39
   42  57  60   3  40  98  35  81  49 100  79  52
   34  31  79  99  19  10   2  25  35  34  32  44
   16   3  74  83  32  33  78  68  72  68  18   4
   67  86  11  50  56  89  88  95  99   3  97  13
   38  55  57  21  81  60  50  37  64  87  68  15
   20  26  91  87  22  52  16  98  49  73  27  26
   10  84  10   4  99   2  11  34   7   2  41  90
   63  52  17  26  38  29  56  62  68  35   7  77
   47  10  24  88  41  36  95  32  63  32   3  24
   79  45  27  30  70  40   9  21  22  72  36  23
   75  62  88  58  11  63  20  90  78  20  84  51
   69  22   8  65  39  53   4  73  63  29  30  43
   47  35  89  77
    1   8  94   7  74  74  78  31  19  52  42  45
   83  94  26  60  36  90  20  86  29  25   3  28
   40  48  30  85  76  70   6  83  47  72  12  17
   13  33  15  15  91  77  35  22  44  48  87  98
   20  84  91  45  81  34  50  37  85  68  92  84
   43  32  94   9  42  99  59  34  43  54  70   6
   37  89  18  23  84  22  80  84   7  32  93  65
   59  14  70   1  67  51   4  99  33   8  28  63
   11  39  53  36  48  24  72  68  99   7  26  97
   10  70  50  50  58  20  78  63  82  86  28  21
   65  51  37  15  87  85  88  18  54  17  88  78
   89  99  21  41  98  23  72  69  96  21  17   4
   12  11  79  32  51  49  62  74  38 100  43  92
   22  34  36  17  48  31  31  91   3  16  94  37
   29   7  43  36   2  76  77  29  82  42 100  39
   36  72  89  12  18   5  44  67  29  91   3  80
   42  57  25  78  96  83  46  47  58   2  99  71
   51  15   3  81  57  27  22  26  85   5  97  59
   10  46  40  50  72  73  97   6  63  46  87  19
   57  85   3  34  33  27  78  23  50  88  38  95
   99  51  99  10  22  66  52  20  96  79   6  27
   96  72   5  60  12  21  13  68  44  80  65  36
   72  76  91  16  77  27   6  77  48  77  63  82
   43  54  92  68  36  36  88  59  16  51  81  91
   62  83  67  56  92   4  13  69  70  18  27  47
   86  33   1  12  15  45  19  12  21  40  34  57
   59  23  15  82  22  53  62  18  67   8  94  86
   13  65  95  21  95  95  43  89   7  83  94  55
   88  64  47  39   4  72  66  13  73  21  81   8
   81  91  55  36  51  44  12  40  88  47  43  55
   93  27  79  92  41  33  33  40  33  23   3  81
   14  70  53  37  60  85  64  20  36  58  44  15
   16  17  13  70  81  11  55  12  83   8  46  79
   69   8  37  74
   77  17  76  23  51  98  77  62  12  68   4  34
   23  71  83  44  15  45  16  56  90  37  48  58
   23  70  41  76  44  52  38  28  35  26  14  22
   96  66  31  98  28  21  83  24  93  91  35  10
   77  62  46  94  42  71   6  59  73  23  50  88
   22  48  69  77  41   7  24  76  11  33  37  89
   62  25  93   8  95  76  26  90  87  58  96  88
   96  33  76  12  61  27   7  41  87  33  71  85
   37  64  47  78   7  50  58  21  97  77  16  71
   83  71  61  68  72  23  95  16  55  62   6  88
   58  71  82   5  82  42  35  22  37  78  96  93
   71  45  28  57  93  53   7  72  90  95  20 100
   35  25  43  30  91  73  19  43  12  16  22  27
   26  81  27  31  32   5  61  63  66  20  57  35
   83 100  98  46  20  46  55  17  53   8  15  59
   55  55  12  97  41  96  44  31  13  36  88  32
   86  72   3   4  29  50  33  68  77  43 100   4
   54  93  96  25  78  87  61   8  70  72  58  55
   45  26  45  13   9  63  37  18  40  87  62   5
   71  88  14  43  58  79  93  28  48  83  50   6
   40  57  11  53  37  64   7  89  93  88  94  44
   58  95  63  58  10  29  51  33  80  62  35  24
   85  84  34  79  33  36  92  17  40  84  62  49
   29  45  80  51  33  47  36  74  79  41  36  97
   83  52  59  29  19  72   9  48  92   6  56  92
   15  47  79  88  55  11  92  24  96   4  75  65
   84  37  90  24  66  84  94  54  28  87  49   9
   22  96  20  28  88  67  67  77  73  86  39  29
   39  55  53  81  64   6  66  33  45  69  52  89
   86  82  57  22  83  39  61  63   3  86  28  51
   57  67  48  19  65   1  76  18  19  10  69  99
   31  90   1  28  86  32  91  45  82  68  15  71
   63  87   8  58  49  68  69  81  57  81  56  75
   21  11  71  13
   81  61  67  24   1   3  93  75  22  19 100   5
   17  10  57  68  37  61  25  18  17  80  97  46
    5  98  69  93  13  42  16  34  84  72  96  22
   78  94  72  14  72  40  48  51  88   6  27  22
   35  75  90  79  65   3  87  42  59  61  55  50
   21  69  46  98  93  80  84  41  99  39  30  51
   90  12  74  65  25  85  43  86  55  26  22  60
   42  20   6  15  83  72  61  80  61  83   6  61
   10  81  14  94 100  40  35  62  48  51  32  79
   31  73  40  54  38  45  40   9  22  75  58  75
   85  86  76  54  78  45  67  50  12  47  44  71
   94  79  29  92  90  46  47  99  89  67  29  90
   97  43  39  53  53  86  23   8  50  29  65  16
   91  91  80  70  53  23   7  34  69  11  29  66
   41  62  21   9  55  44  96  37  26   2  91  93
   61  47  55  71  36   4  67  85  92  34  67  97
   60  29   9  20  87  67  27  80  96  39  29  62
   59  50   3  11  88  80  40   5  47  24  85   4
   77  86  95  57  52  60  27  88  38  63  34  44
   84  51  89   8  27  91  24  93   9  11  84   2
   26  13   7  38  85  61  17  13  84  30  39 100
   13  30  33  71  63  95  40  92  75  45  60  94
   81   9  32  10  84  25  51  76  53   7  85  19
   25  75  30  84  41  62  62  59  92  81  33  49
   89  72  60  31  45   4  54  65  79  56  55  91
   43  67  89  77  61  46  47  48  91  60  78  78
    6  84   4  53  86  26  50   2  45  14 100  95
   58  57  65  17  19  73  68  95  15  85  60  20
   15  89  38   2  84  83  92  30  13  74  77  76
   62  50  83  81  33  17  45  99  51  11  59  21
   72  74  25  56   6   6  99  94  55  70  75  30
   79  87  77  49  73  84  72  99  64  16   6  19
   30  52  51  33  36  45  79  26  85  50  50  77
   97  25  18  69
   55  26  13  82  67  16 100  79  60  83  34  79
    7  45  78  70  67  24  42  63  41   5  79  72
   61  90  30  87  38  39  10  39  39   8  35  58
   16  80   3  30  78  98   4  43   6  73  86  29
    8   5  62  97  25  86  53  66  75   5  85  81
   43  36  27  35  13  31  65  74  50   2  34   9
   14  91  79 100  28  47  71  62  90  84  60  41
   19  40  73  92  53  25  62  58  91  67  84  30
   74  52  35  11  12  54  23  65  55  59  85  73
   11  87  53  64  97   5  53  57  53  30  56  86
   74  34  73  27  10  39  90   6  92  99  50  18
   19  89  71  26  67  76  23  58  63  87  31   3
   88  81  36  87  32  93  90  62  88  94   6  71
   94  35  32  18  14  78  92  24  64  34  59  88
   89  89  66  27  73  19  75  21  94   6  77  46
   36  44  45   6  23  42  23  50  20  13  66  96
   57  66  19  33  15  89  40  28  37  22  67  26
    2  25  34  37  26  45  22  24  19  71  58  79
   80  84  63  98  35   3  30  48  21  18  61  21
   14  30  41  93  98  72  49  75  84  26  29  44
   64  42  88  85  13  39  48  19  37  10  38  24
   63  14  31  52  73  63  26  40  77   9  66  11
   38  13  14  72  34  18  58  11  67  12  70  70
   20  85   4  38  44  77  36  11   5  28  56  66
   61   6  93  20  99  50  93  78  95  91  36  89
   35  68  93  80  70  47  38  94  23  23  92  23
   30  24  20  19  31   2  63  21   6  25  21  62
   47  56  78  71  84  31  66  71  49  24  81  70
   79  14  34  49  75  41  54  35  94  57  28  79
   91  68  87  21 100  75  41  44  61   4  46  38
   94  31  30  39  13   4  44  75  77  54  78  97
    8   5   5  13  17  65  71   5  12  35  38  47
   18  85  58  19  62  42   3   5  91  62  26  90
   37   3  79  62
    2  23  78  52  75  65  19  48  72  37  13  32
   38  47  75  53  53  54  41   6  75  62  22  14
   49  47  16  41  80  90   3   7  86  40  92  33
    9  85  59   4  99  52  25  43  74  18  29  16
   30  41  56  45  42  18  36  42  17  46  14  69
   24  21  86   6  90  34   8  44  70   9  62   1
   71  40  15  43  64  58  14  39  55  13  81  26
   19  77  54  90  15  60  11  81  62  55  53  27
   88  90  63  76  42   6  30  66  78  54  43  92
   11   7  50  17  38  93  95  76  26  48  15  23
   72  81   4  76  36  72  58   3  29  69  76  95
   83  22  38  98  88  24  44  26  91  79  32  17
   66  80  55  98  59  14  32  74  96  77  66  26
   60  22  33  38  35   7  38  42  28  76  35  73
   46  55  28  52  56  63  28  84   1  47  85  72
   91  31  91  59  67  88  44  75  24  31  86  16
    8  15  15  31  83  65  49  40  69  27  80  55
   35  23  83  36  79  42  93  50  67  33  59  64
   40  34  61  47  91   2  99  90  20  77  47  54
   34  58  79  24  49  92  62  95  28  97  18  66
   13  87  56  59   8  28  71  52  44   4  15  38
    5  10  28  93  21  57  53  75  39 100   2  25
   54  83   6   6  14   2  25  44  87  84  27   3
    9  98  42  60  86  66  77  20  76   6   6  32
   35  88  22  36  30  13  67  18  28   4  24  95
   43  23  74  14  65   4  36  59  42   2  59 100
   46  63  96  40  96  18  38  86  60  83  22  51
   17  90   3  52  87  32 100  50  45  26  11  92
   82  94  86  81  53  70  86  60  78  13  94  19
   30  47   9  14  73  27  92  12  82   3   7  54
   26  24  95  28  21  50  53  74  52  81  57  97
   63  13  61   3  15   5  70  54  18  69  72  43
   21  79  52  83  84  95  55  22  12   9  44  64
   48   9  97  29
  100  31  71  19  97  36  96   8  45  56  82   9
   31  81  58  45  33  27  71  99  50  65  48  41
   40  98  49   3  42  80  15  88  99  71   7  34
   67  51  43  12  24  60  27  74  68 100  69  43
   18  63   6  43  94  17   4  81   6  28  71  65
   21  27  49  69  42  24   5  43  63  60  16  59
   34  10  52  19   1  20  44  80  60 100  52  50
   90  51  23   7  88  38  47  73  91  10   6  32
   97  60   8  78  78  33  31  30  89  69  47  69
   64   4  43  31  15  97  42  41  16  23   8  85
   88  82  51  42  76  79  30  35  10  28  35  48
   78  13  79  78  78  80  72  28  69  88  99  45
   16  90  80  11  26  65  35  61  83  89  33  60
   72  59  45  16 100  49  80  37   5  19  24  35
   65  59  66  71   2  88  22  46  69  89  49  32
   48  83  58  49  22  62  17  91  55  51  46  85
   63  21  11   1  74  44   8   4  87  95  40  51
   21  90  94  32  58  76   3  48  87  59   5  44
   31  79   3  76  70  29   5  30  68  15  70  74
   79  60  43  65  59  57  81  94  62  58  75  76
   40  14  72  80  25  50  77  12  13  94  64  29
   42  45  67  12  60  78  77  64  85   9  23  74
   69  83  51   4  38  29  99  28  47  35  64  25
   12  86  54  95  42  36  51  39  67  23  55  65
   58  34  24  55  36  10  10  62  80  90  86  54
   32  15  76  12  86  50  58  51  78  75  86  12
   70   8  89  69  21  64  65   3  59  79  79   5
   46  57  45  32  32  70   1  99   6   5  87  25
   40  43  12   7  30  98   4  55  24  86  76  60
   48  43  68  11  31  85  87  46   8  20  44  64
   37  87  80  65  93  60  93  42  66  74  53  11
   44  13   7  90   3  28  87  27  74  11  12  49
   19 100  65  86  88  42  95  15  85  84  86  54
    7  21  29  12
   1562  1658  1684  1545  1600  1687  1700  1565  1538  1611
