 10 300
  101  93  38  41  82  15  55  79  14 101  38  81
  111  39  54  49  91 106  24  34  16  59  84   9
  107  18  24  75  47  63  54 107  47 109  84  88
   30  51  30  29  23  15  31  45 118  64  85  11
   72 103  22 105 117  40  30  24 100  20  60  68
   83  80  90  51  79  32  32 102  92 106  96  46
   22  57  86 105  20  57  73  35  88  33  65  47
   80  45  99  25  44 102  19  25  95  34  12 118
   66  16  94  98 110  63  45  70  85  56  90  47
   62 102  61  49  44  61  27  68  62  34  78  59
   30  23  22 101 104  66  73  10  85  87  82  22
   94  10 100  47  94  28  38  19  29  41  76  48
   32  74  28  69  64  69  47  31  37  52  78 107
   67  92  38  52  41  26  76  21  87  46  15  93
  105  33  38  24  83  81  82  75 111  83  24  75
   85  46  52  14  15 109  31  37 103  95  65 106
  112  35  23  23  17  25  49  37 104  65  67  30
    5  40  87  27  39  28 100 107 112  70  30  49
  103  64  71  96  88  87  18  66  68  92  22  62
   25  64  58  35  46  71  29  20  43  65  70  47
   71 103  50  53  60  39  90  28  53  75  41 101
   44  51  70  47  23  86  64  81  21  18  83  76
   52  82  23  46  74  73  42  32 103  27  57  71
   52  77  69  54  40 110  50  19  25  19  87 101
   44  93  65  12  48 102  98  36  39  26  34 107
   17 105  37  74  72  20  83 110  35  51  62  85
   95  71  55  61  25  66  67  74  72 112  20 102
   73  51 112  48 118  21  66  45  42  24  40  48
   93  69  22  32  89 106 105 102  27  77  79  50
   53  94  71   8  29  43  33  89  87  55  48  22
   30  31  25 103 108  76  93  15   9  73  48  20
   84  24  72  41  85  34  67  95   4  83  69  76
   52  11 101  17 108  85  20  77  90  53 105  50
   75  53  41  75 100  95  16  61  72  89  27   6
   53  66  52  35  26  56  81  76  60  38  94 101
  106  85  86 115  38 112 112  38 103  72  19   5
   45  37 108  85  95  81 102  43  62  49  34  23
  102  28  56  99   8  59  51  76  20  28  55 100
  101  17   8  92  54  43  32  24  67  44  24  78
   69  67  80  77  77  48  65  55 101  23  97  80
   47  19  23  72  75  72  45  68  36  48  32 109
   49  25  17  69  99  97  22  47  75  82  92 100
   47  82  27  63  28  76  92  13  34  87  85  22
   71 108 103 103  47 113  26  94  68  69  19  46
   68  42  17 101 109  74  86  90  56  54  52  86
   11  12  22  12  85  89  70  41  20  45  28 106
   95  38  34 100  55  34  50  45  70  78  55  47
   35  79  90 102  37  97  43  56  88  63  78 105
   72  77  55  76  55  88  46  62  87  50  12  34
   84  49  21  51  48  54  30  70  64  27 107  16
   64  67  62 102  89  55  40  53  41  95  90  43
   69  35  66  72  93  19  48  28  57  92  45  24
  103  36  74  34  75  29  77  30  60  91  27  86
   30  26  69 113  38  84  96  36  35  47  47  30
   62  51  38  22  94  95  90  85 100  12 104  55
   35 103  62  72  69  82  82  29 109  15  58  42
   33  51  57 108  16  56 105 109  24  26  28  41
   91  18  77  37  39  53  64  17  57  55 110  34
   62  81  56  50 101 111  18  89  20  25  26 108
   86  28 103  95  65  83  58 102  36  88  49  27
   87  66  60  61  33  99  57  97  14  20  42  45
   84  85  85  25 105  42  47  95  83  31  45  62
   15 104  81  55  86 103  21  60  49  43  48 104
   28  23  20 108  12  38  86  73  93  25  13 100
  106  48  89 100  80  28  44  51  55  45 113  32
   87  77  37  82  76 105  56  51  36  40  14  47
   95  65 101  87  28  35  74  85  28   5 116  83
  108 108  89  78  64  72  28  83  77 104  47  37
  105  27 102  74  21  20  94  79  73  80 113  33
   39  53  60  93  64  17  44  89   9 117  94   6
   61  38  43 107  82  98  78  96  49  30  15  21
   77  79  57 102 100  76 117  15  90  99  90  13
   79  45  71  63  86  43  49  85  59  31  47  87
   78  72  63  77  67 108  49 102  50  82  42  30
   51  30  58  42  52  49  52  96  12  73  31  71
   38  96 110  90  22  65  91  46  66  95  93  59
   98  84  27 106  32  73  66  13  87  36 102 103
   17  69  77  51  31  19  59  56 104  56  77  54
   22  30  33  10  28  77  80  74  48  74  49  86
   35  23  67  55  19  28  77  92  32  12  24  22
   33 114  42  44 109  14  74  47  40  72  74  61
   96  74  68  14  12  93 106  81  30  95  77  57
  102 111  80  92  70  44  72  49 100  41  11  57
   59  40  80  22  65  75  74 102  59  73  75  82
   10  78  37  92  38  82  16  81  99  63  32  35
   31  30  92  99 110  27  72  71  68 116 105  60
   68  88  83  40   8  16  66  19  51  58 105  82
  106  75  84  85  42  42  87  30  79  64  10  83
   48  56  55  25  41  58  11  32  36  71  78  58
   47  69  21  95  42  67  28  73  62 103  40  96
   23  31  68 106  76 112  15  65  50  43  66  14
  112 103  26  21  20  36  89  61  67  54  25  68
   93  96  91  90  50 103  64  89  37  51  94  73
   68  67  49  79  45  69  66  57  33  84  11  93
   28  40  34  33  74  59  39  25  27  22  13  90
   74  21  95 108  81  99  58  61  93  91  67  67
   50  48  29  48  54  64  75  73  92  98  21  81
   22  42  49 104  54  15  76  80 102  94  19 111
   85 100  28  98  42 101  92  47  50  62  34  90
   62  31 100  72  57  47  49   6  50  35  52  95
   96  79  69  30  67  78  33 104  48  75  60  60
   49  33  50  42  42  38 107  75  31 107  53  75
   98  85  68  62  69  49  58  51  40  74  28  25
   46  14   8  84  16  47 115  77  34  29  45  78
   92  73  35  17  57  77  58  96  58 100  53  27
   16  43  67 105  98  64  21  32 108  47 100  45
   23  99  16  61  50  74  13  42  49  57  43  87
    3  12  86  55  80  93  62  58 104  78  51  49
   76  25  47  31  93  80   6  51 100  79  87  76
   24  77  61  81  65 103  47  82  95 106  27  99
   51  68  62  61  52  37  89  88 102  47  83  16
   21 103  12  21  29 117  73  28  27  60  25 105
   86  34  60  53  78  86 103  94  58  29  88  48
  104  53  89  44 100  42  32  91  88  34  15  83
   35  40  84  83  98  64  87  46  34  95  96  76
   78  66  27  46  91 115 105  47  60  26  53  66
   80  98  66  68  23 104  64  32  99  81  62  64
   16  29  44  29  87  73  87  39  57  70  20  64
  104  98  71  52  87  68  88  32  82  32  28 110
   56  73  95  55  70  20  36 100  99  63  40  87
   87  39  30 100  27  94  74  52  19  16  49  72
   84  66  57  73  82  48  53  53  55 108  54  11
   26  36  28 114  21  42  67  64  61  70  53  29
   46  85  14  40  87  94  77  20  78  49 105  66
   58  24  83  37  75  94  60  43  94  29  69  57
   93  70  70  25  19  51 100  63  57  74  89  54
   16   8  68  46  38  63  81  12  94  87  64  18
   94  69  80  96 103  69  49  68  27  72  83 108
   41  21  39  38  46  76  29 101   8 107  46  30
   54  59  62  75  23  60 101  14 100  66  57  85
   60  94 112  57  80  83  20  44  70 102  96  73
   23  87  50  75  37  19  85  93  56  62  28  12
   55  77  50  74  52  68  44  43  99  16 103  84
  111  56  57   9  54  96  17 114 101  97  70 111
   30  12  30  54  60  83  30  53  72  48  52  53
   99  45  30  38  41  81 116  83 106  59  84  13
   30  44  95 107   9  73  30  22  98  31  76  58
   31  82  49  87  45  52  16  56  44  73  38  96
   89  88 102  36  24  88  95  99  25  43  41  15
   38  89  27 100 109  65  23  23  18  34  20  50
   56 100 106  36  55  84  34  88  48  87 100  34
   53  32  60  79  93 114  27  81  16  66 104  98
   73  20  85  34  66  76 103  25  54  72  90  60
   52  56  41  21 106  92  35  79  67  22  56  12
  103  78  81  89  55  78  56  13  19  87  90  89
   27  42  53  30   7  59  72  20 106  38  26  83
  101  52  10 101  39  26  88 106  73  37  98  28
   64 112  48  92  76  89  87  38  62  70  48  51
   98  39 100 101  99 106  30  82  21  84  50 106
   26  63  16  26  27  27  84  96  38  20  56  33
   26 102  80  23  61  94  24  94  53  22  83 112
   91  41 105 111  87  55  32  18  39  63  85  64
   97  91  87  46  40  47  32  69  74  58  31 110
  109  71  90   7  75 110  53  33  44  98 106 102
   64  52  80  62  84  13  66  46  77  75  39  48
   36 108  24  45  57  84  91  48  55 106  72  48
   72  62  52  87  29  64  45  88  17 108  71  42
   18  25  18   9  33  63  94  41  17  75  88  60
  102   8  16  74  28  80 106  28  75  69  81  80
   21  24  45  66  83  66  73  48  64  55  73  56
   56  24  75  88  79  92 111  89  48  61  26  53
   68  57  84   6  93  53  54  65  74  93 102  66
   61  52  46   6  81  46  14  24  67  73  25  54
   87 106  60  73  18  49  38  22 107  20  58  12
   19 105  90  29  62  78  44 104  30  48  19  59
   95  51  55  95  33  78 101  80  71  20  39  67
   53  89  77  28  29  14  21  89  37  68   5  62
   38  93  63  48  24  81  71  96 100  73  59  28
   56  18  13  36  76  66  32 112  59  22  93  88
  101  19  28  65  83  14  17  69  56  28  87  58
   43  33  51  64 105   7  57  67   8  94  53  79
   36 102 106  80  14  84  96 106  27 102  86  99
   61 104  57  84  89  94  92  37 100  92  97  68
   85  55  34 104  43  91  92  59  75  20  66  96
  104  61  18  62  39  43 118  24  28  91  91  14
   72  97  54  47  74  65   9  47 110  27   7  29
   80  86 100  44  69 104  11 106  56  90  22  46
   55  18  73  47  76  44  51  67  66  72  35  86
   17  65  19 109  48  65  59  76  15  44  50  94
   25  26  59 103  89  32  24  15  36  50 105  94
  113  83  38 106  16  72  27  74  26  48  29  29
  102  68  18  34  39  71  39 104  19  28  91  49
   38  23  15  42  31   7  53  40  29  73  51  39
   58  64  13  86  75  63  93  87  46  91  38  35
   83   3  20  94  37  67 100  68 108  67  25  63
   46  61  44  31  44  94  60  94  54  60  96  23
  104  74  78  55  75  48  39  17  29  94  34  53
   54  33  29 100  94 106  14  26  15  60  76  57
   96   6  60  99  76  41  76  98  27  52  19  14
   83  60  39  31  23  79  38  19  60  45  66  54
   85  65  92  68  61  42  42  68  27  88  83  69
   45 105  97  95 101  41  20 113  49  57  63  97
   23  15  54  60  14 110  36  48  78 101  20  33
   83  68  37  20  69 100  44  85  39 112  99  27
  101  92  79  21  82  60  64  68  98  51  34  99
  100  69  33   8  76  22  71  61 103  99  94  76
   68  24  92  22  93  80   9  74  87  88 100 100
   63  39  46  44 110  90  41  42  17 107  14  71
   77  85  43  96  40  78  71  11  39  34  86  45
   85  86  80  71  69  60   2  59 102  58  25  12
   53  28  81  48 101  22  18  73  96  55 111  93
   66  71  29 102  82  40 107   5  90  18  93  22
   63 105  56  41  18 107  15  19  58  46  36  40
   94   3  24  38  66 105  46  18  79  18  49  36
   79  23  22  96  84  35  89  55  52  93   7  38
   15  54  29   9  94  73 100  98  75  79  45  88
   10  42  39  17  71  94  66  95  38 100  81  52
   69  98 100  18  76 100  24  33 105  38  33  98
  108  36  74 106  40 103  89  67 117  81  58  61
   45  91  57  78  17  58  20  12  81  35  14  76
   65  95  32 106 116  94 102  36  37  27  22  78
   82  11  98  51  77 101  55  71  59 117  72  63
  109  65  98  99  28  38  44  20 115  54  77  19
   17   7  41  84  64  92  25  13  98  93  66  48
   78  19  99  96  20  12  87  67  74  41  52  74
   77 108  59  28  58  49 101  31  68  42  83  27
   45  90  68  45  20  88  33  33  45  16  61  95
   25  37  35  34 104  36  60  24 100 104  74  37
   90  16  16  40  63  66  70  24  10  82  11  36
  104  27  89  53  32  22  91  99  22  33  93  75
   78  69  57 105  67  89  76  81  77 100  18  69
  105  30  41  25  27  28  39  19  65  86 116  81
   60  86  61  47  29 103 109  75  89  76  87  46
   63  77  63  95  81 104  81  35 105  15 114  88
   69  89  33  95 115  18  67  28  86  18  56  90
   16  47  67  31  99  37  93  62  70  99  55  87
  103  43  49  21  83 106  43  29  37 100  34  18
   62   9  44  91  75  97  97 102  86  95  24  58
   66  38  40  50  63  20  63  73  14  37  87  67
   17  86  25  76  88  18  96  46 105 100  15  88
   90  99 100  32  30  37  19  19  31 107  45  46
   50  27  15  76   5  55  76   7  90  36  28  63
   97  63  24  54  79  57 114  31  17  40  30  47
   20  60  91  43  85  23  78  32  21  48  83 104
   74  26 106  64  50 100  83  93 112  40  16 103
   46  80  41  92  87  86 106 108  54  53 110  66
   63  39  33  11  52  28  78  88  10  10  91  54
   70  44  16  78  80 108 106  49  58  89  29  86
   21  92  65  67  41  86  96  19  59  13  82  81
   31  75  55 116  26  55  73  19  34  49  41  21
  114  56  39  68  96  85  93  72  69  78  40 116
   63  24  37  95  26  22  79  45  53  69  58  23
   27  23  14  13 118  77  42  15  77  18  48  72
   75 106  37  80  33  83  84  69  27  78  71  85
   19  23  34  87  87  83  29  13 109  23  72  57
   49 113  91  99 102  20  16  85  16  98 108  69
   44  90  37  24  34 113  88  64  46  92  84 104
   29  78  10  38  63  71  28  92  76 100  56  11
   32 101  71  97  28  38  91  70  42  92 110   9
   73  63  87  83 108  67  19  20  50  83  57  50
    6  18  70  73  36  94  54  25  95   7  74  35
    8  80  50  67  11   4  78  70  86  46  18  96
    1  85  85  44  56  57  66   5  56   7  34  24
   83  56  83  80  90  89  80  66   2  44  21  94
   30  13  96   5   3  70  85  90   3  95  46  36
   22  22  25  66  24  87  79   9  25   9  14  68
   82  57  20  13  96  53  43  74  31  75  49  61
   31  74  10  83  72   7  96  85  12  77  96   2
   48  95  25  16   7  43  68  33  23  55  21  72
   52  12  54  61  76  50  79  52  40  73  38  43
   85  89  92  18   8  52  42  92  18  15  38  80
   24  98  20  67  15  79  64  95  73  72  39  62
   80  46  79  39  51  33  69  88  69  67  39   7
   44  25  74  68  72  77  35  92  21  66  92  17
    9  77  77  81  19  38  32  34   8  23  89  35
   34  68  52  89  98  11  89  78   2  22  51  12
    1  70  82  88  93  86  60  73   7  46  41  81
   97  62  21  81  71  89   4   2   8  46  83  62
    2  42  49   7  14  23  85  52  41  26  97  54
   86  50  44  80  58  32  85  94  64  46  41  61
   35   5  62  52  44  80  14  77  53  32  72  17
   64  54  37  72  82  29  47  29  95  96  19  32
   66  32  88  70  30  45  77  78  13  79  57  48
   62  36  39  52  80   3  63  83  83  94  18   2
   63  14  49  99  65  17   7  72  81  92  80  10
   85   3  79  34  46  89  31   6  78  64  43  21
   23  46  60  41  86  36  53  34  30   7  96   2
   31  68   7  72   1  89  41  57  68  81  66  63
   24  50  81  77  28   4   5   4  79  26  32  70
   49  11  40  96  74  65  71  18  19  62  69  85
   86  71  79  14  10  39  12  98  93  38  72 100
   19  79  44  79  17  84  44   8 100  20  36  28
   57  96   3  89   9  30  90  37  30  62   5  63
   33  49  79  31   8   9  98  45  35  28  84 100
   52  42  54  85  87  62  29  44  55  82  10  13
   11  32  20   3  74   3   2  65  10  36  83  97
   71  67   5  32  13  36   4  68  52  64  69  87
    9  87  58  10  97  52  63  32  85  79  58  11
    9  87  99  26  62  73  84  90  38  68  83  32
   36  40  25  36  32  71  46  47  12  93  11  40
   64  86  80  44  41  35  57  38  75  57  81   6
   64  86  97  48  12  18  81  67  41  26  26   5
   59  29  91  48  92  31  25  97  82  16  32  94
   40  11  16  12  66   7  78  12  37  47  85  60
   45  71  92   7  11  30  30  27  48  55  61  24
   99  96  89  98  32  20  38  79  90  66  85   9
   21  78  73   3  53  80  61  66  42  34  59  73
   81  40  15   5  66  19  63  57  31  41  42   8
   41  29  65  44  53  15  67  55  32  63  97  86
   35  61  87  57  57  60  78  37  38  91   6  90
   41  48  43  12  18  53  63  50  69  16  24  70
   42  81  54  46  15  94  56  78  60  20  69  84
   10  75  44  79  36  81  31  81  47  16  77  29
   89  89  40   6  70  27  14  83  83  64  62  72
   58  60  71  88  10  13  12  29  13  96  12  64
   78  10  45  39  48  31  31  90   2  93  45  74
   74  64  45   3  87  47   8   1  92  85  77  70
   23  88  31  65  71  62  48  87  62  58   4  83
   46  31  60  63  12   8  88  27  97  77  85   6
   26  82  16  13  44  30  56  11  83  14  64  88
   26  47  48  50  84   7  55  21  95  99  71  58
   31  24  34  82   6  63  55  18  19  76  61  41
   91   7  38  51  25   8  99  44  66  72  54   6
   91  84 100  10  99  73  20  40  16  85  92  12
   13  72  22  16  39  82  68  68  64  74   5  79
   32  34  72  28  32  13  60  53  80  71  88  58
   10  38  12  24  77  82  28  35  85 100   4  26
    9   6  13  27  38  44  86  34  38  13  72  83
   15  91  10  45  97  95  21  23  29  29   4  71
   74  58  51  22  39  97  69  25  98   1  20  99
   42  78  65   4  28   9  35   7  55  81  96  82
   40  37  46  13  12  32   2  98  17   5  25  93
   39  60  38  39  31  72  62  20  53  85  71  28
   36  40  49  43  43   5  64  17  54  27  63  83
   59  83  61  68  62  62  62  18  99  38  77  44
   66   8  10  23  86  55  12  56  52  10  22  51
   12  21  86   7  79  39  38  95  19  75  15   7
   93  33  38  58  73  89  55  59  15  54  41  51
   86  78  70  96  78  31  40  37  54  39  66  17
   75  88  38  61  90  88  31  23  81  94  90  91
   73   1  69  60   6  89  37  59  72  46  42  52
   17  31  44  90  94  25   4  38  90  24  38  48
   15   8  38  13  41  63  45  68  20  73  97  63
   57  70  30  94  42  45  43   3  48  30  30  23
   94  29  74  13  70  26  95  31  17  47  73  81
   75  83  25  21   2  84  43  33  38   3   5  55
   44  16  37  76 100  95  45  93  67  51   6  33
    7  28  20  31  68  70  30  80  41  51  99  36
   55  57  56  87  64  44  93  87  77  44  39  51
   55  49  84  12  72  44  76  38  41  10  68  20
   96  88  44  14  42   8  89  48  65  69  40  91
    6   1  79  89  92  69  14  57  43  59  94  38
   22   7  12  20  67   6  51  22  73  67   8  37
   36  50  67  41  70  45  46  61  78  30  97   9
   86  79  76  73  43  45  70  82  78  90  89  20
   29  95  25   8  23  18  60  52  26  22  53  52
   55  61  78  64  51  38  30  42  10  12  90  27
   86  75  57   5  52  94  38  29  18  12  98   1
   20   5  89  14  68  16  17  63  58  42  86  16
   41  83  10  38  61  55  71  97  54  70  53  16
   23  41  36  84  37  31  72  12  66  38  56  50
   53  86  64  63  69  80  11  28  80   5  60  43
   11  35  52  49  34  62  47  56  65  32  74  87
   71  92  99  36  92  56   2  36  76  76  65  36
   25  31  80  99  51  26  59  10  53   5  61  84
   97  74  41   9  15  41  89  79  12  63  11  60
   85   7  91  49  66  28  95  61  58  55  63  19
  100  90  31  62  38  19  56  62   7  39  57  56
   27  93  66  88  17  23  97  67  11  26  21  33
   94  36  55  36  49   4  67  38  15   4  91   8
   58  40  56  48  59  74  22  21   5  63  36  93
   99   4  97  92  87   2  35  75  84  42  94   8
   28  75  49  59  30  23   4   8  57  80  32  58
    6  50  13  73   4  74  81  20  20  86  99  19
   80  71  27  19  11  41  18  72  72  21  17  36
   32  52  80  69  25   2   4  57  42  83  55  37
   28   4  36  48  87   3  43  81   9  22  45  52
   94  76  73  77  15  40  28  72  56  50  87  53
    4  16  40  60  18  44  25  81  32  74  81   5
   64  33  16  64  37  91  81  17  11  41  64  18
   32  81  90  19  88  21  37  68  86  86  63  33
   30  49  50  30  20  62  50  67  61   9  58 100
   84  66  83   3  82  78  42  42  54  46  61  80
   64  21  93  73  15  25  42  91  29  68   6  54
   47  90  26  65  38  11  58  75  17  83  44  50
   16  47  43  84  87  67   5  44  46  32  15  61
   96  97  47  72  78  54  23 100  14  24  53  94
   26  36  23  24  13  49  56  42  85  46  35   8
   69  87  77  68  71  32  86  15  99   7  58  84
   57  59  46  38  92  56   2  96  11  50  60  35
   53  13   8  46  32  21  92  64  35  15  14  47
   88  15  61  27  82  99  27  20  58  48  74  99
   64  42  68  32  63  38  71  74  14  90   4  35
    7  49  57  97  64   7  85   3  11  23  41   3
   88  99  89  65  57  22  73  52  35  66  50  51
   21  63  84  74  64  29   3  22  10  57  20  99
   90  71  16  10 100  44  81  96  14  75  29  57
   78  34  60  15  62  61  96  52  71  40  77  15
   25  23  17  66  92  23  22  14  94  67  76  92
   71  19  84  16   2  49  82  82  97  84  99  53
   51  11   3  84  53  35  80  26  64  19   5  80
   55  72  54  32  10   4  90  25  86  36   6  14
   47  91  33  77  41  28  10  87  61  48  18  47
   55  60  70  87   1  13  77  27  48  84  58  98
   16  38  30  30  58  36  48  96  92  23  16  28
   83  65  55  84  96  56  38  89  14  81  77  30
    5  50  93  17  72  85  25   5  45  78  17  83
   51   8  64  19  35  15  17  71  52  49  54  61
   17  69  11  10  18  14  79  34  95  27  63  11
   77  52  95  94  81  84  26   8  77  91  59  87
   89  16  29  92  48  12  92  10  60  95  31   7
   20  63  15   4  18  64  70  93  79  46  17  53
   14  25  25  65  76  64  84  49  45  58  87  10
    3  42  18  96  42   5  58  73  73  13  11   4
   54  56  27  48  21  98  48  70  40  42  64  61
   75   7  84  73  55  19  11  64  61  13  38  58
   34  52  57  16  76  48  73  21  85  10  40  72
   84  88  94  98  75  48  25  74  98  41  27  57
   13  97  94  35  74  31   7  80  43  51  36  28
   91  91  68  52  31  52  31  71  46  49  36  49
   48  82  38  20  34  12   3  24  62  47  85  51
   41  55  26  99  25  66  55  50  31  13  11  47
   58  59  71  98  30  63  98  82  40  33  89  66
   17  13  53  47  96  68  81  91  11  91  51 100
   86  12  23  74  56  32  66   4  86  58  84  60
   11  61  60  10  83  39  14  31  37  91  67  49
   60  13  28  87  84  98  82  20  81  51  99  44
   79  18  50  70  83  24  40  10  14  29  50  91
   58  89  94  78  30  41  86   4  46  82  23  17
   11  83  74  42  19  97  92  50  64  91  28  44
   68  83  60  52  14  96  45  39  95  24  65  29
   84   7   1  35  97  27  13  10  90   4  30   5
   52  16  62  36  22  24  14  74  10  14  18  41
   35  47  73  13  77  29  11  47  36  85  51  15
    9  49  92  46  72  68   1  91  89  20  18  91
   46  22  62  71  40  47  97  60   8  79  97  83
   33  30  16  68  35   4  93  10  63  18  83  74
   53  85  37  63  39  61  51  40  38  43  76  16
   88  51  96   5  54  52  55  33  92  58  62  20
   86  85  50  13  29  70  95  90  84  54  10  24
    3  28  80   8  97  39  90  41  89  63  82  88
   11  34  97  83  69  39  77  15  83  78  18  54
   66  83  96  68  87  98  59  74  83  29  62  71
   44  44  89  24  45  50  22  19  61  22  73  74
   28  99  89  21  71  41   8  34   3  48  80  40
   69  43  61  77  73  19  51  25  49  42  11  88
    8  28  34  52  40  65  81  93  82  19  80  59
   48  84  81   4  17   5  88  87  90  58  38  47
   10 100  51  15  33  70  40  12  78  62  86  95
   29  59  72  78  97  27  79  98  57  67  51  61
   34  46  14  42  57  68  65  45  82  28  19  33
   67  11  15  18  11  70  96   7  63  53  43  18
   89 100  66  58  96   1  77  60  32  13 100  85
   29  45  67  84  33   5  59  26  72   2  21  84
    7  18  32  90  26  43  43  49  21  69  73   7
   11  44  71  99  37  95  40  50  15  11  16  29
   49  85  27  86  20  25  94  35  17  21  11   7
   49  77  72  60   7  12  79  65  96   8  96  31
   28  35  74  18  71  38  37  92  71  72  29  59
   30  18  23  46  45  46 100  59  17  53  79  90
   59  74  30  63   5  83  93  36   9  54   2  17
   37  32  76   5  35  68  10 100  12  91  12  93
   45   9  64  61  98   4  99  84  47  62  78  67
   19  99  89  77  47   5  57  93  34  94  62  70
   31  83  81  12  27  67  24  54  52  10  99  74
   94  54  86  94  24  40  15   9  35  34  63  21
  100  70  69  94  34  12  48  16  69  17  32  62
   50  15  11  99  35   9  91  72   8  72  76  21
   10  74  37   6  79   7  20  42   1  28  49  53
   75  20  51  27  95  56  87  98  34  81 100  29
   49   8  75  11   1  17   9  77  75  80  92  28
   27  91  14  66  31   7  58  48  49   3  37  43
    5  44  19  12  78  64  74  91   4  60  37  94
   88  95  77  24  41  23  81  93   6   9  49  67
   24  83   7  11  92  93  24  49  43  69  50  46
   35  10  60  87  55  68  13  82  35  69  24  75
   75  17  49  70  91  30  80  71  62  86  56  23
   94  77  78  84   5  74  55  95   6  14  39  66
   12  86  87  77  53  47  41  91  99  29  96  78
   11  78  14  51  77  94  16  16  94  87  18  36
   35  48  57   4  42  23  39  29  32  16  97  38
    7  86  69  86  84  74  71  85  39  24   1  33
   53  34  47  70  80  10   9  41  29  31  28  64
   45  35  40  24  22  11  29  68  11  98   2  23
   49  18  70  10   5  89  48  90  22  84  61  17
   94  67  50  86   4  69  15  58  41  17  53  22
   13  60  65  93  22   5  66  75  74  16  77  95
   51  94  76  19  38  14  14   8  23  16  84  52
   51  69  71  66  47  99  42  35  96  66  16  39
   89  18  89  27  31  97  23  61   6  20  93  24
   19   3   9  75  81  69  83  95  74   6  75  65
   67  83  89  27  98  50  41  96  21  69  81  48
   12  40  85  51  39  61   5  78  96  75  79  69
   98  59  17  62  34  88  27  83  92  63  28   4
   40  85   4  55  68  17  36   9   3  80  90  17
   66  39  65  18  20  31  13   4  53  64   4  48
   40  81  78  96  63  80  39  26  94  98  17  56
   37  63  98  31  38   4  13  60  54  19  84  25
   86  18  46  43  73  17  15  98  52  95  29  33
   72  28  55   2  83  61  44  87  80  65  62  84
    4  48  79  34  19  20  18  34  42  37  69   3
   39  94  67  11  80  91  30  69  59  49  57  88
   81  97  97  90   1  28  71  90  34  98  64  40
   27   9  72  26  86  35  19  46  78  31  32  29
   84  81  80  33  17  36  77  95   9  82  40  54
   53   7  22  21  14  93  93  30  93   5   4  37
   65  13  83  88  70   3  28  51  74  27  33   1
   85  31  97  81  39  40  86  17  41   6  56  95
   79  18  44   7  85  73  21  49  76  19   2  94
   43  43  25  21  10  39  87  99  55  28  50  53
   1246  1199  1185  1191  1177  1219  1200  1254  1193  1210
