 10 225
  106  52  38  22  84  22  96  88 105  46  99  56
   95  63  77  79  51  74   9  41  24  28  21  99
   29  16  37  77 110  80  14  14 103  62  48  57
   50   8  79  55  62  11  56  26  85  61  60  79
   60  94 104  82  49  60  77  21  98  46  42  19
  107  75 116  61  31  97  66  72  33  47  62  79
   84  55  46  16 102  53  77  88  39  65  24  72
   28  64 105  89  75  61  61  46  98  38 106  78
   56 100  14  13  95  44  73  44 101  92  99  41
   83  10  81  76  67  91  86 113  84  96  82  60
   85  47  97   8 111  68  70  32  70  31  19  80
   19  50  45  63  19  48  95  90  14  88 114  42
   93  21  92  63  92   5  37  43  68  25 108 107
   88  81  25  35  59  14  26  82  52 100  80  18
   65  73  82  77  11 114  50  77  59  39  23  42
   54  97 112 111  85  82  95 112  41  59  99  11
   76  24 105  74  89  31  17  97  45  95  38 108
   77 109  47  98  30  94 101  62  61  87  38  56
   57  76  34  88  27  33  29  75  27
   20  84  13  91  56  89  70  88  19  53  94  91
  102  82  24  34  72  30 104  32  86  71  45  12
   86  46  16 104  90  41  52   9  53  55  81  53
   36  65  67  65  84 101  13  61  73  57 108  72
   93  23  30  90 105  63  76  46  66  55  79  74
   41  90  39  87 112  78  97  83 102  72  55   8
   78  74  95  44  60  19  21  83  58  69  33  51
   85  93  81  52 107  60  74  37  62  87  51  76
   85 112  82  44  42  63  56  47  24  30  98  21
   30  78  14  62  83  85  91  91  46  32  56  77
   32  94  80  29 111  72  40  63  67  93  67  28
  107  80  40 102  37 100  73 100  13  17  93  25
   82  20  53  96  37  70  45  76  27  45  95  54
   79  79  66  38  66 101  71  38  45  53 105 106
   61  26  78  80  73  79  20  17  58  69  70  64
   60 118  42  97  30  28  95  48 103  33  65 104
   36  51  11  66  31  86   7  80  92  35 101  53
  105  28 101  21  43  64  72  62  87  34  93 111
   93  47  66  15 108  68  18  38  89
   75  63  44  49 104   9  86  71  13 109  75  45
   76  11  59  37  57 117  56  61  81  45  61  17
   87  65  90  14  95  97  70  53  65  36  60  53
   33  96 103  84  98  22 101  13  10  98  68  61
   13  53  80  98  13  32  15  14  32  31  43  29
   90  10  52 104  47  93  49  81 111 104  99  32
   79  83  64  45  50  24  95  20  57  17  89  36
   40  33  53  38  23  70  57  11  33  76  33  93
   47 110  65 111  22  89  56  70  49  88  22  89
   82 106  14 104  17  59  50  48  60  56  95  70
   49  97  86  39  83  94  61  83 104  92  24  56
   35  35  67  38  70  34  63  65  10 103  21  74
   44  75  75  19  61  28  33  78 113  99 111  69
   58  94  91  50 105  66  18  92  13  39  98  76
  101  96  82  19  58  37  68  60  19  36  72 103
   18  77  39  21  66  50  46  77  99  55  89  58
   10  38  66  51  44  89 100  76   6 104  66 103
   46  81  60  20  57  53  74 105  76  45  67 102
   28  33 109  23  42  26  29  25  42
   75  54  65  16  50  97 102  65  47 100  90  77
   38  20  66  65  52  82  91  74  17  78  71  49
   51  31  67  15  47  24  93  96 105  25  48  36
   43  71  49  83  66  86  55  17  78  77  20  45
   66  52  11  12  90  56 107  71  86  22  67  60
   94  87  57  62 102  78  21 100  98  33 104  60
   25  51  33  28  12  46  20  36  73  75 106  16
   96  22  36  73  76  61  53  18  94 100  53 101
   56  73  94  73  94  41  25  95  76  86   9  31
   90  59  21  61  78 102 102  26  12  30  83  49
   64 116  85  82  53  69  74  87  85  54 105 105
  119 104  20  58  33  22  15  94  99  79  28 104
   54  77  71  86  72  60  71  44  26  91  55 100
   33  15 118 105  98  22  44  81  32  16  44  32
   82  50   5  59  76  82  93  28 104  54  18  36
   18  64  57  17  19  70  25 103  64  45  59  84
   96 101  48  67  79 102  25 104  41 115  47  93
  105  69  86  36  64  91  95 100  25  63  19  91
   34  76  84  98  87  60  31  91 103
   68  17   9 107  76  26  40  73  84 103  87  30
   37  21  59  26  84  24  73  68  71  66  80  38
   68  71  88  62  57   8  88  27  95  87  43  43
   34  95  44  56  83  40  32 109 103  40  37  99
   94  53  24  42  24 106  96  61  30 116  34  71
   70  86  66  18  20  31  14  34  24  85  34  83
   64  22  14  45  53  82  90  71  70  24  62  67
   86  19  50  33  63  33  69  28  89  51  34  85
   26  96  51  25  76  23  83  32  33  85  89  10
   20  40  99  25  68 106  34  66 104  61  50  85
   73  35  30  77  45  88  73 107   5 107  96  47
   44  23  74   9  34  22  65  20  28  18  39  74
   57  13 113  44  50  85  97  19  78  99  78  16
  112  76  88  36  79  93  98 103  39  29  65 107
   78  87  62  27  91  63  49  63  99  71  10  77
   46  28  19  66  44  28  66  66  87  22  75  26
   67  93  60 107  94  37  75  17 107  69  27  70
   35  61  39  86  59  76  73  37  65  41  58  46
   85  16  18  27  48  98   3  48  28
   50  25  90  29  61 118  36  78  92  83 100  26
  117  11  24  13  21  36  65  41  99 100  50  82
   79  50  69  52  10  14  52  19  86  37  75  59
  107  30  65  90  61  34  46 107 101  87  84  77
   67  91  67  85  73 104  92  35  33  84  12 104
   57 101  96  36  49  70  39 110  18 101  75  78
   43  91  19  80 104  42  99  56 108  85  75  84
   66  62  46  21  23  92  29  33  43  45  24  35
   51  75  56  69  41  77  47 112 105  47  93  86
   58  52  81  63  55  43 104  20  85  54  26   5
   58  41  34 107  32  82  22  43  59  58  35  45
   41  92  64  17  32  42  17  54  84   9  74  55
   43  10  36  35  88  48  13  86 114  65  64  60
   18  61 109  53  83  72  78  86  69  68 105  83
   73  49  64  89  50  75  74  64  61  50  84  93
   63 100  76  14  98  94  54  24  25  32  59  32
   72  85  27 103  70  79  80  16  14  91  62  81
   96  41  46  50  32  88  31  42  88  81 100  84
   25  47  24  68  69  65   6 113  55
   34  25  79  48  30  21  79  54  31  68  47  26
   29  91  77 103  54  54  53 101  41   8  56  79
   38  94  67  92  31  44  69  43  41  51  36  53
   57  33  45  67  92  10  11  29  89  49  64  70
   87  83  83 101  94  74  75  46  60  76  52  76
  100  34 101  23  92  84  66 111  74  44  78  46
   91  44 101  58  29  94  42  40  60  45  32  24
   25  28  78  97  46  99 105  36  49  64  52  67
   20  64  48  85  25  21  20  35  86  59  68  79
   80  81  70 105  14  74  39  80  33  32  98  49
   28  69  33  92  30  43  41  62  87 101  61  60
    4  98  74   3  10  54  95  90 108  34  28  63
   11  39  72  54  90  93  19  49  94  23 111  59
   18 108  54  61  64  37  85  76  37  62 100  92
   17  60  34  97  44  41  59  25  54  17  71 100
   75  57  70 113  96  81  49  75  82  69  76  49
   34  27  36  83  82  66  87  77  79  35 103  33
   33  10  59  49 102  13  25  42  62  70  17  91
   61  99  21  32  81  43  95  81  10
   73  31 103 104  95  66  93  85  26  55   6  81
   78  32  72  38  35 112  75  87  54  63  21  20
  103  91  44  61 106  36  53  42  28  71  40  95
   39  23  20  55  12 107  62  94  98  47  81  76
   51  34  36  44  14  56  31  92  40  42  19  26
   20  49  90  17  69  24  58  68  24  59  96 102
  104  19  43  99  39 116 106  58  67  49  75  39
   18  25  93  87  47  50  81  96  28 112  14  95
   76  66  68  91  95  69  69  38  68  59  33  40
   86  51  46  26  34  24  77  36  73  40  64  88
   95  58  73  51  73  51  35  80  41  98  31  23
   16  54 100  33  65  90  72  92  38 108  83  93
   21 100  77  65  31  58  67  27  72 105  31  61
   27  43  93  79  24  79  57  33  14 107  70  80
   57  47  68  63  60  24  18  69  43  46  43  55
   59  70  55  67  68 100  14  11  33  32  63  54
   15  71  45  58  50 113  91  18 111  48  97  29
   51  95  53  83 102 101  46  56  13  30 112  41
  106  38  96  51  62  94  24 111  77
   50  67  96  73  34  47 104  12  89  40   9  23
   94  19  27  71  63  38 107  41  21  59  70  92
   65  44  45  40  87  95 110  96  35  48  20  81
   23  43  58  89  14  88 103  65  23  39  61  90
   93  80  37  40  21  53  89  87  73  67 110 113
   39  81  41  24  23  94  24  19  85  79  92  59
   49  86 103  87  79  53  18  51  74  51  43  54
   96  72  33  20  40  34  19  12   7 103  98  72
   49  36  20  11  93  77  81  79  73  87  90 101
   49  72  57  39  88  86  44  51  21  74  50  65
   96  49  79  41 108 101  81  26  38  65  85  34
   77  23  32 100  60  71  46  36  23  88  70  75
   17  20  78  99  34  80  18  49  92  69  15  83
   36 105  57  95  79   9  35  77  71  58  12  86
  108  72  71  84  67  29  19 104 106  91  31  43
   66  46  67  68  20  65  99  47  87 102  77  48
   96  80  43  17  26  69  48  25  90  32  31  30
   57  32  73 109  55  49  55  51  23  73  15  28
   28  34  75  33  91  58 110  13  44
   77  58  83  75 114  50  46  15  18  85  99  25
   30  87  18  51 108  90  21  64  75  65  56  24
   40  74 100  36  49  98  64  71  55  27  22  24
   78 112  79  96  77  84 111  96  16  56  18  65
   53  74  93  13 113  60  61  14  24  25  80  17
   67  83  53 108  46  93  25  48  44  67  47  76
   17  83  55 103  92  36  46  72  92  98  24  37
   97  32  63  94  52  85  24  19  63  47  50  81
   19  97  98  66  80  82  53  96  26 101  33  20
   84  86  80 111  18  54 112  28  97  22  21  45
   10  64  71  71  34  72  30  24  73  83  75  61
  107  12  70  74  40  78  40  84  34  80 110  39
   61  19  31  47  21  42  22  94  10  62  47  73
  115  42  20  46  81  89  44  71  96  41  80  94
   70  69  93  35  83  22 104  34  30  50  79  84
   97  69  87 105  33  87  89  53  87  19  95 102
   45  79  37  61  84  25  80  30  33  59  93  93
   89  84  25  49  20  87  64 101  39  97 104  87
   74  21  27  27 102  86  63  43  93
   14  58  70  90  25  98   7  23   9  62  14  56
   16  56  43  34  64  29  97  70  87  82  85  15
   88  91  78  32   9  38  88  90   9  58  55  63
   61  98  41  47  56  94  51  88  23  44  51  24
   55  14   7  29  59  43  34  93   9  65  61  86
   11  43   2  56  88  17  45  30  75  60  50  27
   20  51  64  88   4  59  43  17  72  42  89  31
   80  50   4  27  43  53  44  60  13  68   2  34
   49  16  89  99  21  67  39  75  10  24  14  74
   25 100  37  40  38  18  21   7  27  16  26  56
   27  72  15 100   6  38  32  73  37  82  89  28
  100  56  64  56  83  56  15  17  99  16   2  70
   23  95  26  40  27  99  81  68  43  89  11   1
   30  23  86  75  49  97  93  23  66  13  32  84
   51  39  28  36  95   3  56  34  49  80  79  62
   59  14   1   3  27  23  19   7  75  48   8  93
   33  90   3  44  23  73  98  23  71  15  65   3
   27  10  68   7  88  26   7  57  52  18  66  48
   62  39  76  14  84  86  90  27  84
   90  19  90  20  46  31  47  26  96  63  10  15
    9  36  85  81  32  81   5  79  22  49  73  98
   25  65  96  16  25  61  50  95  59  62  28  65
   84  37  43  48  19  14  95  52  34  54   3  33
   21  94  88  14   8  45  42  62  51  51  29  42
   79  26  74  18   7  33   5  23   4  41  49  95
   31  37  10  69  45  99  89  36  50  42  82  60
   26  11  32  67  12  47  42  81  54  20  61  40
   22   7  23  58  69  51  49  64  83  72  18  94
   72  42  92  49  33  25  14  12  69  78  51  37
   79  18  24  87   5  39  80  46  39  11  35  86
    1  24  76   3  73   7  35   6  96  98   9  81
   31  92  57   9  81  32  57  44  79  75  16  62
   35  27  54  71  45  18  43  74  66  65  15   8
   51  78  25  33  47  41  82  95  55  47  42  43
   54   1  60  10  84  83   8  61   1  78  52   1
   77  56  98  39  82  32  96  28  16  76   2  55
    5  87  10  99  67  38  45  54  30  68  18   8
   20  55  37  87   8  37  95  69  22
   34  49  71  71   2  93  23  34  94   4  33  67
   31  94  47  72  63   2  47  48  32  69  50  89
   20  48  29  88  25  10  37  57  46  68  46  54
   78  22   7  32  20  96   4  90  95  13  42  47
   90  60  31  13  99  80  92  92  79  72  70  86
   27  98  64  11  57  15  65  24   7   5  10  77
   37  28  45  65  57  87   9  95  59  98  16  69
   65  77  63  75  81  44  46  96  78  30  81  27
   64   6  53   4  91  16  63  48  58  30  95  26
   34   5  92   9  92  59  52  64  57  59  22  41
   62  21  19  77  22  18  57  23  16  10  88  64
   85  80  52  72  43  81  43  55  92   3  89  28
   62  37  41  95  55  76  73  42   6   7   2  38
   49  22  12  62  10  46  94  28  95  73   7  27
    4  16  28  87  49  67  44  42  92  73  35   9
   89  27  77  81  48  59  60  39   3  56  15  62
   95  82  50  65  74  20  11  40 100  14  39   8
   72  36  51  93  57  64  34   2  39  62  40  13
   75  83   8  87  74  82  87  86  70
   34  54  42  93  54  22   5  50  56   6  30  37
   64  88  42  48  62  34  13  31  86  26  32  64
   69  76  40  91  60  90  22  18   2  95  62  71
   61  34  71  29  39  17  63  95  31  38  98  58
   49  61  99  94  19  52  12  44  23  90  40  48
   21  32  45  41  18  39  99  18  13  75   5  52
   91  54  78  87  92  62  96  76  38  32   2  99
   15  89  71  35  30  55  52  93  26  11  56  18
   53  31  13  42  10  72  95  15  43  29  99  87
   14  50  89  57  24  18   4  83  98  89  28  54
   47   4  26  29  66  42  32  30  26  66  13   7
    1   2  85  58  76  97  99  20   8  41  80   8
   51  39  41  32  48  55  49  70  79  19  56   2
   78  91   2   6   6  90  59  23  88  90  65  75
   23  68  98  58  36  26  24  80  14  66  98  81
   86  38  49  99  85  36  92  12  51  71  43  27
   12   2  61  52  23  17  77   9  65   2  71  26
   13  44  22  82  56  22  12  19  91  40  94  11
   72  36  32   7  23  49  87  24  15
   43  96  94   2  26  89  64  46  27   3  16  86
   83  83  43  86  35  93  40  43  45  43  33  77
   40  49  18  49  59 100  23  75  16  31  72  63
   73  16  69  59  29  69  87   8  17  62  80  20
   18  49  96  60  87  11  12  43  89   3  69  38
   46  23  43  97  99  89  98  86  92  32  77  29
   45  91  88  67  64  38  17  37  49  96  41  45
   19  88  60  72  48  84  45  76  20  68  85  19
   81  18  63  94  27  89  35  82  77  28  20  99
   84  76  11  78  41   4  86  45   6  51  52  20
   41  76  72  25  61  27  33   5  98  10   8  61
   70  89  41 100  74  85  37  91  81  89  70  37
   55  92   2  58  66  26   8  91  42  13  29  93
    4  36  20  72  38  12  21   9  66  83  39  13
   35  22  41  78  13  42  55  55   4  32  98  34
   71  88  99  39  75  75  43  45  26  85  31  88
   37  19  44  11   9  72  29  98  11  44  84  46
   84  48  76  25  50  42  45  68  37  66  48  70
   18  97  92  87  59  15  99  71  83
   52  80  13  75  47   2  73  38  27  19   9  86
    3  93  88  91  83  82  51  70   8   4  63  29
   34  54  47  55  96  91  59  91  21  76  44  55
    5  85  42  29  56  78  65  12   2  29  28  33
   53  22  50  29  35   9  15  80  74  32  91  14
   61   1  23  66  58  41  70  10  87   2  29  42
   64  22  95  37   8  68   9  56   6  26  42  29
   41  57  70  86  89  21  87  69  68  57  94  84
   54  30  48  33  66  34  68   4   6  66  18  19
   55  59  28  48  54  74   7  87  24  57  91  98
   57  62  77   5  75  33  98  59  47  45  81  70
   63  17  49  90  80  77  98  64  26  99  36  47
   64  94  73  76  27  69  89  16   3  47  54  50
   92  49  10  54  28  41  26  16  48  36   6  26
   42  71  56  30  54  36  31  41  51  66  23  14
   48   5  27  88   5  17  59  88  77  80  51  81
   36  21  88  13  41  27  25  87  91  15  58  24
   23  66  62  68  77  18  85  69  32  22  14  19
   90  63  87  51  39  47  97   6  60
   82  77  25  60  79  81  28  61  82  50  55  93
   77  26  27   5  52  63  50   3  74  96  55  24
   81  17  42  21  81  69  41  65  71  61  77  55
   63  71  64  45  24  92  94  78  30  63  49  39
   30  35  21  14  24  30  45  67  53  31  51  26
    5  68  19  82  22  29  45   4  39  72  39  59
   15  66   6  52  88  24  66  78  45  64  72  78
   94  77  41  18  56   8   4  75  68  47  65  39
   99  40  72  18  78  99  98  70  30  44  44  40
   35  35  40   4  88  35  71  32  81  76  15  70
   90  43  78  21  80  60  67  40  17   4  49  59
   99  19  43  99  96  48  14  17   2  74  79  46
   96  81  36  64  30  19  91  68   9  82   6  60
   97   9  59  43  39  80  19  41  74  46  20  15
   91  48  68   7  72  70  46  85  59  89  33  11
   36  46  42   5  12  24  64  44  29  46  29  54
   77  77  72  25  22  45  27  34  40  67  13  85
   78 100  51  55  16  91  79  60  43  46  92  24
   50  14  84  72  31  76  10  28  98
   33  73   7  13  11  48  14  27  84  60  98  28
   39  76  43  72  73   6  36  18  51  51  95  93
    3  15  64  54   2  79  58  72  88  37  76  15
   74  89  84  65  91   8  47  20  19  57  30  40
   61  81  68  70  91  50  86  16  66  72  91  86
   87  64  22  97  39  91  62  42  80  61  20  15
    8  84  59   6  64   1  12  57  36  64  29  76
   84  88  19  17  61  58  27  20  77   4  90  21
   32  36  52  11  10  42  36  70  41  51  86  62
   16  52  68  81  71  81  32  73  32  71  38  16
   24  60  46  57  38  65  69  24  64  19  83  84
   90  64   5  80  53  21  30  18  64   3  34  22
   88   5  39  52  89  53  36  84  39  14  75  50
   84  66  17  41  84  39  45  78  99   8  45  39
   54  55  38  48  51  95  89  37  60  59  64  52
   59  39  59  44  40   6  89 100  84  74  39  55
   89  46  74  57  68   2  25  91   4  64  14  81
   68  24  66  35  11  19  70  63  95  85   2  65
   14  72  14  60  53   8  91   1  27
   62  48  17  30  69  65   7  91  25  62  94  96
   12  93  90  48  46  72   1  68  84  43  43  25
   42  64  69  74  24   9   4  13  67  65  91  37
   97  69  62  31  97  31   5  49  89  79  51  22
   24  31  80  68  89  49  27  30  31  40   9   3
   78  38  61  96  92  24  88  96  19  39  27  44
   56  25  16  22  40  67  87  62  30  53  66  60
   24  48  81  99  69  71  88  95  98   3  13  46
   68  83  89  98  19  39  37  25  42  19  20  16
   59  35  48  78  19  27  65  56  97  30  68  53
   24  58  29  78   5   7  33  92  71  55  26  79
   32  88  78  20  45  36  63  82  95  14  34  27
   92  87  33  20  70  37 100  62  10  48  97  29
   70   6  46  20  29  99  76  30  41  52  91  23
    5  48  37  23  45  82  93  16   5  19  75  66
   50  62  40  46  92  40  13  72  15   2  28  59
   20  28  75  88  80  48  61  80  13  80  85  88
   54  70  29   2  57  59  49  59  96  46  98  75
   86  80  43  85  12  51   3  94  72
   32  56  33  36   1  64  65  98  92  21  19  77
   76  27  85  56   3  14  91  45  39  53  54  79
   70  37  19  73  58  14  50  43  62  91  81  84
   27   1  37  24  31  20   8  22  94  64  94  43
   56  38  13  89   7  48  59  97  86  77  38  90
   46  28  59   4  69  19  85  62  62  51  55  30
   94  33  56  14  17  69  73  37  28  14  88  68
   16  81  49  16  50  23  96  91  49  67  58  23
   96  20   4  40  31  28  58  19  90   4  85  89
   30  18  25   6  84  48   2  77  13  91  89  64
   92  43  39  38  81  32  75  93  37  27  45  42
    7  93  38  46  74  27  65  33  70  36   2  64
   43  97  85  64  98  66  93  21  93  56  62  38
    2  72  86  56  32  20  67  40  14  61  33  14
   50  47  19  79  24  98   4  78  72  68  23  28
   21  44  26  15  83  32  13  52  24  89  19   3
   74  33  78  56  26  95  33  77  74  58  14  15
   29  32  86  66  89  18  48  15  79  13   3  24
   43  89  84  91   8  33  51  72   9
    855   856   917   862   957   880   913   912   931   884
