 20 150
   88  37  64  18  88  21  43 103  36  33  67  24
  108  84  35 100  82  32  44  57  47 110  91  61
   52  98  71  49  10 103 101  37  95  82  47  81
   31  44  95  86  48 112  53  96  47  28  10  30
  106  91  19  88  60  66  64  75  56  17  94  83
   32  59  80  29  65  98  76  65  96  70  27  71
   22  64   7   9  85  50  79  74  27  91  50  84
   98  83  75  86  56  97  94  22  39  35 111  51
   61  29  74  39  92  61  58  67 106  51  48  69
  110  31  45  62  27  78  39  21  51  68  62   6
  102  84  71  40  16  74  96  95  74  17  18  19
   66  60 104  66  89  33  94  93  72 114  38  69
   58  30  21  88  47  82
   85  58  88  81  69  96  30  20  18  42 100  53
  102  73  86  16  34  32  23 103  30  27  17  68
   72  27  89  12  21  13  20  30  82  76  45  60
   44  64 104  54  64 100  84  53 113 101  98  38
  113  94 102  37 101  83  93 113  56  59  94  21
   71 107  54  86  28  78  37  32  91  80  64  51
   38  52  70  25  10 102  72  53  48  70  94  31
   82  45  99  36  88  58  17  68  78  53  41  87
   68 104  56  30  97  39  81  75  80  60  67  78
   74 112  22  48  94  39  14  33  91  91 109  20
   92  39 109  98 105  48  88  83  25  33  62  39
  105  61  31  95  16  59 112 100  71  13  62  72
   43  23  13  93  93  42
  105   4  20  53  31  22  42  36  24  42  80  18
   73  36  77  74  59  56 111  44  92  26  79  72
   66  71  33  17  13  71  84 101  21 111  14  46
  109 102  97 105  62  62  92  35  88  56  92  89
   35 105  59  49  80  63  54  81 100  63  51  56
   29  76  92  42  85  78  95  77  28  47  50  79
   85  51  30  97  38  66 100  92  49  23  21  22
   29  83 103  28  72  92  22 107  63 109  89  66
   40  41 100  41  88  34  18  88  82  85  67 100
   26  45  56  14  69 106  52  28  43  88  65  27
   71  58   2  63  57  72 111  24  89  41  21 104
   38  25 112  82  58  28  24 111  59 109  34  84
   58  38   9  62  28  56
   68  85  84  46  47  49  72  70  62 101  43 100
   67  39  99 106  93  29  25 104  51  33  93  38
   54 104  78  90  80  55  38  70  18 104  30 106
   99  82  77  28  74  78  17  24  83  35  91  28
  109  79  62  79  50  20  78  90  87  70  95  79
   88  13  49 105  87  56  53  19  28  31 113  87
   68  15  23  32  15  48  22  40  41  66  49  85
   72  57 115  53  19  60  35 112  76  57  37  23
   89 109  81  76  27 101 103  68  95  61  20  78
   73  82  69  45 100  39  49  96  30  84  28  66
   60  62  36  27  39  58  46  95  15  52  29  58
  106  77  28   8  30  39  72  65  72  27  78 113
   19 100 104  28  32  54
   37  33  74  24  79  53  94 109  98 108  82  62
   67  39  81  56 104  85 107  28  64  32  26  44
   83  36  17  19  41  60  74  56  32  43  73  18
   29  56  65 118  28  30 110  74  48  55  31  62
   36  46  41  63  94  20 100 102 105  64  87  97
   78  37  55  76  52  24  32 102  66  94 107  11
   26  66  63  79  17 106  94  29 114  97  31   4
   64  52  94  48  82  49  78  65  57  76  31  23
   39  75  41  26 115  64  17  73  19  37  31  87
  100  48  79  27  63  17  51  36  38   7 101  31
  110  45  82   8  58 116  58  20  37  15  96  56
   20  86 103  94  66  79  28  22  77  62  81  37
   81  83  31  90  20  60
   37  60 108 101  45  91  24  59  62  53  79 101
   30  25  93  92  88  57  39  26 101  29  65  51
   75  69  25  79  23 105  70  58  85  58 100 100
   95  89  60  65 101  25  65  38  29 107  26  40
   93  76  26  75  84  36  63  60  47  21 103  89
   15  84  87  36  87  13  88 102 106  17  39  89
   73  39  11  54  75 102  58  94  15  61  21 114
   35  88  68  78  27  26  92  45  62  52  50  76
   27  78 100  77  94  82  71  78  14  36  81  39
   51  99  23  28  29  21  56  65  35  38  29  94
   15  96 103  27  29 100  47  65  57  29  67 105
   39  24  26  36  22  24 109  52  73  38  82  18
   57  94  81  52  21  79
   56  90  38  18  50 117  64  72  44  23  61  49
   53  82  91  18  43  60  29  84  51  38 100  25
   92  50 108  25  53  50  99  29  68  52  14 103
   66  92 100  46  31  34  33  88  20  68  13  82
   56  75  96  67  20  90  47  38  21  60 111  64
   53  78  13  20  40 108  30 110 102  65  73  99
   71  84  75  68  95  90  79  68  86  61  18  43
   18  85  77 116  44   8  83  58  30 107  34  50
   32  14 114  44  58  29  13 101  47  65 101  74
   40   4  20  96  60  75   6  79  25  62  41  46
   41  64  90  53  87  58  76  30  25  24  82  26
  110 100  32  78  19  35  79  33  36 103  67  75
  111  89  28  18 101  93
   97  29 117  29  93  30  35  24  16  85 111  44
   51  89  42 102  24  79  65  47  57  94  61  96
   40  76 109  16  83 108  31  30 108  66 106  80
   28  94  91 104  45 106  64  28  40  74  76  55
   67 114  53  83  10 105  40  35  83  89  56  91
   97  41  87  17  43  81  40  88  69  30  68  47
   30  98  18  51  61 100  64  29  50  29  12  71
   72  79  35  64  37  33  31  18  28 105  74  71
   70  53  90  81  85  17 101  64  59  25 108  22
  102  30  39 114  97  41  98  40 109  75  62  34
   85  12  34  92  61  63 107   4  95   6  75  53
   80  18  62  47  38  46  56  55  31  42  20  25
   76  92  28 102 112  75
  105  32  70   7  87  15 103  76  48  75  25  95
   45 107  92  57  47  62  94  65  73  81  33 108
   42  58  49  54   6  98  78  56  56  21  83  54
   51  30  28  60  53  83  78  18  91  69  19  99
   85  71  99   6  87  76 102 103 107 107  53  75
  108  14  90  36  19  47  33  56  84 110  33  93
   42  18  96  39  70  94  91 112  84  65  46  40
   29  31  71  19  82  30  86  35   3  89  19  75
   29  23  88  73  43  47  88  37  48 110  28  20
   20  42  15  36 102  38  63 110  72  76  40  36
   83  38  36  40  45  84  14  96  88  41  18  51
   23  70  80  53 109  16  78  87  57  40  58  32
   16  98  55  43  80  67
   91  33  90  78  19   8  81  98  80  42  71  81
  113  48 110  79  50  70  37  25  35  66  88  93
   39  16  50 102   9  12  11  74  19  55  17  61
   88  69  63   9  89  48  43  55 103  91  85  93
   50  97  43  59  38  53  90 104  64 106  86  69
   61  45  58  17  51  22  49 102  38 105  66  51
   20 108 102 102  81  73  40  90  71  54 107  11
   46  29  96  55 104  35  82  68  27  32  88  51
   81 100  71 103  37  29  96  87  79  87 110 104
  101  42  96 108  70  71  54  98  72  24  32  10
   54  31  60  61  99  58  41  78  85  25  66  81
   84  23  57  73  27  19  36  78  72  66  97 108
   19  15 104  86  52  25
  113  50  59  73  68  65  29  48 113  99  96  70
   82  46  67  95  88  71  25  63  79  33  52  72
   93 102 102  92  31   4 110  34  21  45  46  23
   60  50 102 110   6  34  77  74  43  49  92  95
  115   5  47  68  55  52  59  18  87  48  35  26
   89  33  68   9  64  18  55  85  28  23  52  34
   45   4  24 105  59  91  77 107 109  98 110  45
   99  54  77  16  35 111 117  44  83  77  74  23
   22  17 108  78  22  32  82  99  85  77  42  64
   66  85  62  51  44  84 104  75  34  27  46  62
   13 106  54 110  46  26  95  39  28  71  93  84
  100 106  98 106  63  26  19  10  23  77  15  86
   54  74  52  40  47  63
   37  43  85  97 113  35  52  78  39  66  49  51
   75  85   8  25 102  86  87  86  81  60  93  62
   37  72  63   4  99  48  84  83  87  76 100 106
   51  90  51  64  54  46  95  87  99  53  78  31
   79  28  46  22  78  65  92  74  55  15  24  37
   63 107 112  33  16  14  56  62  27  89  58  33
   52  92  71  21  73  99 102  45 106  68 110  75
   70  40  97  47  45 102  97  99  80  76 110  90
   88  28  63  53  19 104  68  64  30  61  26  41
   23  82  32  30  67  27  93  78 102  38  21  71
   69  91  94  83  52  88 108  25  82  38  33  64
   91  51  91  50  14  89  32  14  66  56  56  94
   21  76  85  54  17  97
   29  59  46 100  86  48  16  71  28  21  96  25
   91  95  72  97  46  35  49   4  38  62  99  84
   66  24  30  63  98 113  13  75  39  55  99  61
   27  81 116  40  97  99  73  59  50  16  37  88
   65 112  80  17  68  36  66  39  75  36  84  48
   35  26  19  90 105  72  66 102  80  11 119  50
   37  71  15  59 107  41  67  47  53  66  58  19
   75  73  56  75  69  73  57  47  97  47  74  33
   54  18  70  78  37  26  66  82  93  83  64  82
   78  59  68 111  84  61  84  63  15  79  31 111
   58  87  91  41  37  45  61  39  43  41  75 104
  109  54  20  92 102  24  46  10  53  17  23  80
   90  67  44  69  16 102
   97  78  24  36 108  71  24  47  33  19  23  66
  102  94  60 103  88 110  32  62  48  41  28  28
   77  84 107  95 107  41  46  53  17  84  89  42
  113  54  71  63  83  65  98  37  91  71  68  58
   39  37  16  79  13  95  58  87  82  98  69  86
   87  25 107  49  57  82  22  47  92   8 101  79
   69  32  61  37  44  39  54  42  26  59  39  28
   56  74 109  13  75  35  27  85  32  35 105 101
   48  78  19  59  95  57  96  29  76  59 108  61
   65  85  35  26  97  20  36  46  87  21  83  98
   85  37  60 104  93  15  22  83  59  36  80  39
  107  26  71  46 116  54  42  63  84  72  74  88
  103  24 108  24  76  21
   22  77  76  29 101  79  28  60  35 103 109  47
   43  39  98  49  18  37  72  94  57  86  27  37
   72  60 100  32  46  30  57 100  18  62  30  11
   65 106  38  47  10  67  37  34  33  20 113 108
   85  64  36  53  27  10  30  55  86  74  42 104
   45  36 107  40  85  26  86  60  22  76  72 104
   38  77  67  76  74  53  48  65  59  22  92  24
   54  79  16 104  87  70  56  80  79 116  96  72
   53  72  87  50   3  77  13  50  70 104  80  30
   16  43  82  12  51  14 101  47  72  63  46  38
  107  54  63  95  62  37  44  54  73  89  32  19
   58  16  54  60  17  53  76  51  89  15 113  68
   88  49  45  75  28  24
   90   4  40  22  84  91  68  59  62  86  20  46
   73  44  56  78  61  94  79  90  61  61  67 116
   76  45  60  99  54  46  80  61  56  49  55  39
   88  39  57  72  18  73  97  26  81  38  30  11
   24  26  91  21  83  96  93  49  29  70  48  55
   50  84 111  63  11 104  46  45  80  13  97  81
   49 105  27  34  23  84  26  53  82  47  63  50
   34  40  43  57  68  18  71  93  75 100  98  18
   87  85  19  23  96  40 112  70  77  94  95  96
   35  92  30  70  75  26  20 104  69  67 101  46
   48  37  37  94  32  47  28  48  10 102  41 115
   57  18  71  98  37  34 108  32  73  40  29  22
   39  38   9  79  45  28
    8  31  73  41  32  95 103  88  26  60  69  53
   43  45  38  54  75  96  43  49  91  80  14   9
   88  35 105  64  96  99  35  25  84  79  74  85
   98  98  72  47  27  14  49  16  99 105  61  92
   42  91  97 111  95  42  76  61  61  46  68  46
   74  69  21  77  41  21  38  26  16  95  24  87
  104  16  86 107  24  30  55 104  74  62  72  49
   85  51  29  25  58  30  69  18  88  74  69  32
   50  60  65  35  34  10  75  25  90  31  99  83
   19  61  20  82  59  89  71  90  28  85  93  31
   83  27  85   6  89  57  17  16  76  59  73  27
   59  41  47  14  70  99   8  74  52  40 112  57
   47  80  28  91  90  71
   19 111 107  34  60  20  60  40  31  52  52  46
   40 117  29  61 110  34  22  54 103  60  80  53
   41  64  27  19  68  30  11 110  19   8  12  86
   30 112  46  69  74  14  69  24  14  65  10  25
   66  75  65  18  92  91  51  19  31  20  37 100
   58  67  36  71 106  65  77 101  90 107  60   4
   55  65  67  16  40  71  32 102  62  99  97  78
   14  15  27  72  30  85  56  29  25  37  61  46
   86  44  41  83  23  24  38  29  99  83  38  88
   28  37  68  57  22  23  73  22  90  85  63  64
   63  94  57  73  53  74  80  83 102  64  94  47
   94  76  89  56  48 104  21 110  19  23  94  42
   87  27  86  78  45  46
   23  36  78  27  53  24  95  21  31  74  71  32
   43 114  33  50  86  78 104  82  95 102  70  80
   86  38  70  28  56  48  13  96  44   6 109  43
   40  68  58  57  40 108  51  76 113  25  32  69
   43  97  75  65  91  37  64  72  34  21  93  54
   94 102  22  24  18  45  39  98  41  37  99 104
   77  40  44  61  49  98  14  57  37  29   4 101
   90  85  82  57  32  40  44  36  70  90  44 104
   51  37  42  22  77  31 109  94  69  86 103  98
   72  79  38  44 110  51 102  21  61  49 100  51
   50  14  22  84  69  76  34  49  49  79  56  44
   58  89  28  74  82   9  27 115  90  83  59  59
   33  45  87  73  10  68
   86  35  97  41  96 103  22 105  56  25  29  27
    6  15  96 102 105 101  93  62  76 105  73 105
   33  50  59  51  67  96 115  85  47  49  14  21
   28  76  67  90 103  19  53  49  45  20  89  80
  100 107  59  19  43  91  75  46  29 109 102  21
   25  98  22  96  62  92  80  69 105  77  34 111
   63  23  36  28  46  51  22  43  35  76  95  71
   92  28  51  20 101  18  64  92  76  28  57  66
   60 114  39  40  45  52  81  88  63   8  76  21
   57 111  38  41  99  78  48  74  95   5  97 106
   63  56 103  66  37  53  48  33  73  21  73  87
   72  48  53  93  35  77  36  59  54  71  18  15
    7 114  16  63  87  24
   19  66  48  97  26  83  71   9  66  78  37  84
    3  28  75   9  38  81  73  60  57   5  19  50
   58  14  32  57  95  13  10  71  14  32  55  23
   87  66  23  27  57   8  50  18  69  91  99  86
   10  27  90  21  44  36  44  38  55  92  15  27
   79  58  30  82  44  22  28  44   8  35  93  36
   92  49  98  98  28  56  37  32  82  24  62  31
    6  31  29  20  61  11  22  96  69  81   4  63
   41  89  44  68  16  45  61  41   2  57  60  33
    7  76  66  50  85  26  68  94  69  45  51 100
    5  23  34  71  94  36  10  19  33  89  84  98
   43  51   7  48  13  86  16  25  37   6  69  45
   50  88  88  18  66  32
   33  58  18  21  38  23  89  83  96  64  11  63
   13  31  33  90  81  81  91   3  78  79  99  34
   46  75  28  99  84  98  97  88  31  42  65  44
   58  50  12  59  53   5  28  55   7  19   4  76
    6  15  16  76  14  21  15   3  62  52  12  84
   40   2  65  24  75  25  71  80  27  31  51  58
   72  68  33  94  92  10  47  49  61  46  10  86
   33  66   9  69  29  51  94  42  24  57  66  20
   37   4  59  76  17  65  30  30  29  52  50  33
   43   4  87  56  24  73  96  81  12  14   5  83
   19  70   2  22  10  63  26  26  91  77  50  81
    3  50  73  23  96  56   4  16  33  98  47  47
   64  93  99   9  23  61
    1  99  84  62  71  96  65  78  85  66  34  99
   35  66  31  36  45  46   3  61  15  85  31  46
   48  32  79  99  97  40  24   6  98   6  93  59
    9   9   9   4  43  43  15  72  16  60  25  21
   70   6  52  65  26  55  52  24   8  51  57  52
   88  43  13  76  24  24  20  38  91  65  68  27
   28  60  74  21  65  53  20  19  70  86  90  85
   79  29  11  83  41  20  83  12  45   5  25  45
   70  70   6  67  14  84  86  15  32  35  53  11
   77  62  59  99  37   4  59  90  68  23  49  91
   38  56 100  48  60  41   2  78  30  63  93  14
   67  83   5  35  47  85  93   9  43   6  84  28
   62  75 100  46  83  55
   41  35  29  63  71  53  47  45  49  13  75  17
   45  66  14   5  11  90  83   7  59  73  15  76
   61   6  38  12  26  65  64  40  90   3  79  11
    9  35  28  78  39  26 100  89  29  79  24  75
    4  24  47  34  56  99  27  21  31  48  18  35
   16  98  60   6  24  55  65  83  86  83   4  25
   36 100  94  77  97  62  89  75  74  47  63  17
   35  48   2  59 100  58  84   3  35  58  78  79
   28   3  22  41  87  10  12  45  24  48  93  41
   38  26  46  64   9  71  69  15  81  31  77  51
   55  47  75  76  68  53  56  24  88  56  86  45
    1  25  88  99  90  80  34  41  36  80  29   4
   92   8   1  89  82  57
   77  73  40  93  37  61  26   3  22   8  29  53
   45  81  26  47   9  24   2  75  38  86  85  59
   26  70  89  87  62  59  43  52  77  62  37  85
   77  47  52   1  82  81   5  28  63  65  80  49
   78  73  70  40  12  91  13   5  14  51  26  14
   32  71  49  42  55  92  78   6  47  16   6 100
   85  41  52  38  98   1  13  85   4   5  86  98
   42  68  19  66  20  59  36  42  47  26  85  81
   66  44  71  85   1  47  91  32  85  66  77  15
    7  69  30  84  39  96  56  81  82  97  10  74
    2  72  26 100  61   3  58  99  65  95  19  53
   92  19  14  24  37  37  82  88  41  49  34  78
   39  29  83  18  88  58
   71  59  12  19  74  25  82  43  46  50  37  17
   73  93  25  25  20  59  70  89  11  88  50  68
   27  46  90  30  84   8  49  53  29  48   5   7
   21  28  43  40  19  80  47  69  73   4  82  65
   13  39  82  43  27  69  43  44  58  95   2  31
   90  35  31  69  32  99  24  18   5  90  80  14
   35  80  97  63  36   4  53  26  98  44  96   5
   79  21  37  33  83  76  27  60  58  64  52  42
   76  39  20  25  25  37  44  36  93  72  35  70
   59  19  85  77  77  97  61  49  67  68  81   8
  100  11  14  90  86  20  59  43  63  87  39   1
   80  90  80  81  92  81   9  66  41  71  30  96
   46  23  23  51  89  34
   51  20  68  98  61   1  42  44  72  91  51  66
   51  24  27  88  76  49  74  20  64  66  11  87
   17  67   3  80  50  70   3  82  38  60  89  11
   46  24   2  56  73  85  79  15  84  50  98  32
   49  36   9  35  83  16  73  73  81  51   3  55
   56  30  96  85  76   6  78   2   5  37  32  14
   32  20  43  39  19  28  32  43  34  50  93  74
   84  29  38   1  62  96  21  53  74  12  85  54
   85  98   2  62  52  84  99  10  63  37   8  32
   74  99  93  16  46  32  97  29  84  46  73  62
   75  45  24  64  21  58  37  78  81  80  27  85
    9   8  70  35  86  78  41  84  66   8  51  41
    5  24  86  92   1  11
   18  81   1  79  27  85  67  96  94  21   6  65
   69  27  71   6  87  25  53  65  61  10  59   6
   65  35   2  95  25   1  88  89   2  44  10  26
   83  22  23   5  70   1  42  80  63  46  26  49
   50   6  64  35  94   2  66  77  22  13  47  19
   10  67  16  94  71  27  62  15  45  77  48  60
   84  11  87  59  41  18  40  86  54  75  99  40
   38  29  74  39  72  87  82 100  83   4  33  36
   37  66  20  34  24  87   4  49  48  85   3  89
   13  78  76   4  10  69  20  68   5  30  44  76
   27  96  68  25  56  47   4 100  10  98  44  67
   30  87  53  58  71  61  49  56  89  64  95  86
   28  23  87   5   3  40
    3  82  43  95  18  91  15  32  56  29  93  20
   64   4  14  46  73  42  13  39  40  30  73   1
   77  47  53  48  99   7  30  49  55  90  32  58
   66  86  82  59  63  29  33  94  26  35  99  14
   20  40   5  98  32  37  11  13  11  13  61  28
    3  89  14  71  88  55  83  55  23   7  72  20
   69  87  17  67  41  20  15   4  36  48  72  70
   73  72  35  86  35  89  28  82 100  27  92  43
   82  81  26  40  68  58  14  69  56   8  74  92
   90  61  89  72   2  69  47   8  44  41  76  75
   30  80  84  66  71  23  95  21  16  74  90  67
   83  46  37  62   3  95  36  24  53  64  53  72
   97  10  58  65  23  48
   19  81  20  24  85  99  34   6  32  71  43  23
    6  56   4  26  68  45  77  95  78  52  17  24
   80  97  55   7  93  98  94  28  97  54  90  50
   22  34  40  98  30  66  71  49  10  24  31  19
   61  14  68  52  81  63  25   5  56   7  26  37
   43  75  59  97  59  81  69  12  73  10  45  68
   89   2   3   9  35  46  75  15  47  62   5  91
   63  90  21  63   7  82  36  51  75  79  28  69
   26  12  32   6  65  75  24  15  36  28  10   2
    5  70  13  11  49  37  61  14  45  82  76  96
   55  71  59  46  15  61  76  40  21  93  51  30
   19  80  50  35  91  92  67  24  44  45  15   6
   92  87  12  16  52  87
    6  53  56  32  50  45  81  69   5  17  23  49
   32  57  38   8  23  42  84  43  33  69  52  42
   21   2   2  25  84 100   2  77  98  63  69  93
   56  61   6   9  98  80  30  40  59  53  23  23
    1 100  60  47  48  67  53  96  29  60  81  85
   14  85  37  97  47  87  55  19  89  82  56  83
   57 100  81   1  51  20  32   3   5   8   4  74
   13  53  27  94  74   9   3  74  28  26  43  90
   91  93   4  27  95  74  26  10  24  43  70  46
   50  25  58  63  76  30   7  41  69  93  65  54
   97  14  57   7  71  87  13  73  76  49  10  32
   15   6   7   5  40  77  88  94  97  35  94  23
   59  34  62  64  61  56
   75  63  20  23   7  72  60  32  72  37  60  58
   36  29  94  84   8  16  31  34  32  47  15  52
   75  38  56  99  17  64  20  35  27  43  10   8
   66  23  59  40  63  73  19  16   9  67  39  73
   39  75  65  83  26  46  17  46  63  99  82  72
   54  11   3  74  97  97  58  50  79  13  60  73
   56  26  34  83  44  12   8  65   7  42   2  45
   43  67  14  73  71   9   8  12  22  42   2  23
   22  90  53  59  83   4  49  46  87  55  90  70
   79  22  84  73  47  75  26  30  18  69  90  43
   35  25  19  26  57  21   4  92  37  80  80  47
   13  57  12  66  93  24  76  89  49  59  57   8
   96  38  26  49  86  14
   81  47  73   7  25  66  89  44  78  86  10  92
   20  15  45  13  57  74  62  98  69  41  13  20
   42  85  75  54   8   4  92  29  77  61   7  55
   84  27   1  67  20  10  32  60  66  98  70  28
   43   1  39  98  35  75  49  71  36  74  36  59
   85  78  99  21   4  34  41   2  32  92   1  67
   67  47  93  47   3  70  48  66  61  50  45  86
   40  30  52  40  39  44  63  72   5  55  37  75
   66  93  32  26  71  92  45  25  26  30  50  32
   31  59  34   7  18  52  34  42  89  34  76   6
   55  23  13  73  69  63  59  71  68  69  33   9
    8  58  88  19   2  87  56  94  57  95  81  28
   17  36  60  46  88  18
   19  37  92  72   7  41  78  57  82  96  87  37
    4  21  48  16  19   2  79  58  62  76  78  74
   39  29   3  16  12  71  64  54  86  33  16  74
    6  49  34  56  29  47  10  70  28  32  37  58
   65  80 100  24  90  19  57  18  21  22  33  29
   33  88   4  68  49  38  82  59  24  94  13  24
   33  74  49  68  58  73  50  74  81  54  63  85
   61  36  11  90  33  78  81  18  85  72  15  18
   55  26  90  53  10  51  14  82  41  53   5  54
   44  19  85  88  14  97  66  65  25  99  35  17
   25  72  44   7  17  96  97  27  52  68  38  76
   13  90  36  57   3  56  74  52  34  41  40  23
   13  84   8  88  29  83
   80  29  30  85   2  36  89  55  72   7   7  58
   77  74  22  62  99  81  43  17  58  16  87  83
   47  48  12  78  72  73  54   7  90  41  72 100
   44   2  77  57  97  35  76  79  82  96   5   5
   26  46  67  53  92  92  73  57  22  29  77   2
   66  68  13  63  25  81  32  44  87  38  41  13
   64  41  43  40  31  62  68  37  60  84  17  90
   62  37  94   5  22  32  49  36  36   3  11  30
   51  42  26  60  99  38  97  64  39  15  24  83
   89  64  29  99  68  90  10  70  33  41  66  69
   13  50  43  24  49  70  64  49  35  15  71  89
   47  93  65  52  88  49  35  51  25  94   5  35
   20  54  63  35  74  96
   24  99  67  81  35  16  38  49  49  33  91  71
   43  74  48  35  50  12  27  23  48  59  35   3
   44  60  53  13  66  73  28  54  49  59  53  72
   21  72  62  48  89  41  13  84  35  65  75  93
   91  92  21  85  37  14   9  54  82  50  71  65
   57  35   6  45  95   8  58  66  29  96  14  36
   67  10  81  84  89  20  82  49  34  55  41  68
   79  80  66  61  38  93  43  21  41   6  20  99
   25  31  94  97  21  76   4  47  41  25   9   6
   67  27  81  38  39  85  96   7  35  44  17  60
   71  76  78  17  78  69  80  55  95  15  73   3
   56  95  44  18  73  71   6  84  30  69  82  94
   66  69 100  38  65  90
   97  85  32  67  73  15   8  30  88  52  48  51
   59  73  78  59  31  18  73  64  13  25  89  95
   22  72  11  39  15  17  77  78  27  25  29  26
   12  16  42  64  75  97  62  86  18   3  50  27
   64  28  11   3  11  72  35  51  54  70  39  68
   35  37  94  42  72  95  77  94 100  24  92  18
   11  87  23   9  83  76  58  13  28  47  39  53
   23  53  87  77  49  90  51  85  28  29  39  76
   62  51  55  79  70  92  40  92  23  76   9  24
   86  50  83  23  52  29  36  23  81  24  25  78
   37  87  29  97  24  48  88  87  28  48  42  84
   49  77  63  95  43  20  98  34  57  79   4  60
   66  28  83  15  15  37
   99   6  11  70  51  90  45  70  86  57  60  62
   72   2  91  42   6  68  93  52   1  43  36  67
   76  39  85  84  44  80  94   6  95  97  90  31
   88   6  59  42  37  99  38  92  95  37  99  93
   53  30  40  99  10  25  66 100  74 100  83   7
   49  46  84  36  12  53  34   1  12   4  59  98
   51  55  36  94  74  31  75  15  57   4  13  30
   91  88  93  42  73  25  62  75  94  67  52  62
   23  71  65  29  94  82  69  87   3  23  78  17
   80  79  42  57  92  90  35  92  19  33  42  40
   47  11  48  38  55  44  22  32   1  50   9  63
   11  41  13  57  66   2  87   8  88  83  22  67
   33  87  30  36  67  56
   87  76  32  88  66  94  16  95  81  44  33  77
   76   5  70  62  16  35   5  29  25  16  40  39
   22  79  48  83  62  55  99  12  69 100   7  75
   78  41  60  59  69  10  64  26   6  81  76  48
   72  12  45  49  15  74  44  38  71  98  13  49
   18   9  95  79  98  58  73  22  68  66   8  11
   28  62  73  51  60  17  97  63  72  79  98  14
   28  21  22  59  87  64  76  76  45  30  76   9
   67  65  75  96  29  87   2  17  49  20   3  22
   33  27  75  75   8  56   8  90  57  71  16  68
   61  93  81  32  36  35  85  70  67  41  52  67
   50  23  83  46  25  99  92   5  16  31  51  52
   70  59  15  46  93  45
   21  81  20  63  19   2  96   4  61  93  78  89
   99  97  15   9   3  19  14  54  42  12  31  14
   78  69  57  55  52   7   4  17  69  55  93  92
   90  44  45  21  16  92  61  71  72  93  19  32
    7   2  52  97  64  24  43  57  85   5   9  82
   85  11  88  11  49  25  30  39  11  29  79   7
   47  91  66  84  64  58  92  62  83  36  21  38
   27  83  58 100  13  93  50  22  32  88  60  44
   44   2  65  63  63  64  35  22  41  99  28  90
   61   3  72  63  19  33  55  37  17  99  14   3
   45  49  17  36  75  52  56  77  42  95  34  27
   36  64  49  27  84  29  83  52  48  39  93  94
  100   4  92  55  18  84
    288   285   296   294   307   308   295   290   308   285   291   284
    296   292   315   320   306   320   311   303
