 25 100
  110   9  14  27 115  94  56  88  91  32  54  45
   24  91  36  67  49  24  67  31  84  76  82  34
   30  26 115 107  76  31  39  26  69  63  33  98
  117  76 104  18  77 101  68  41  56  77 102  80
   78  78  60  82 101  45  98  48  85  47   7  41
   32  64  67  51  92  71  18  34  56  89  81  30
   80  75  18  20  18  84  68  35  96  39 103  78
   66  70  29  31  48 103  22  88  71 105  55  67
   90  74 101  60
   65  84  38  24  72  15  55 105  79  38  42  69
   73  25 103  87  37  47  72  49  37  25  18  36
   75  58 100  80  15  51 117  61  58  53  98  27
   54  92  71 101  22   7  41  84  55 110  46 110
   60  82  62  31  21  62  64 101 103  86 103  32
   31 108  70  25 103  51  42  20  58  54  75  21
   49  64  43  53  69 103  45 110  96 116  44   6
   67  19  31 113 106  31  61  25  49  97  26 106
   19  56  55  52
   45  59 103 102  15  21  52  62  55  33  37  91
   87  43  97  49  81  64  82  56  66 100  69  98
   74  11  72  99 100  61  27 103  77  44  59  22
   74 108  13  90  63  81  33  54  11  77  22  45
   68  31  55 108  33  76  35  13  83  28  62  29
   18  19  45  13  50  45 101  67  70 107  65  37
   78  19   8  30  65  88  85  42  96 112  62  79
  104  60  19  72  92  90  25  49  32  22  94  33
   80  56  55  72
   58  32  20  62  31  36  42  40  79  22   2  48
   57  98  38  62 102  57  72  95 103  89  80  28
   46  93  24  65  21  67  36  49  86 107  49  21
   45  55  99  90  19  34 106  59  22  34  87 100
   62  27  74  38 103  30  30 104  14  21  86 104
   91 112  56  14  73  39   7  91  24  15  60  55
   34  68  87  62  92  69  66  96  77  90  72  86
   95  29  29  29  82  80  30  55 113  49 109  72
   72  59  40  77
   67 108 115  37  11  59  64  42  57  49  62  97
   11  54 102  20  60  40  60  26  38  27  69  22
   79  75  35  71  95  31  32  32  93 103  19  69
   45  22 113  11  20  34   6  74  94  98   4  43
   47  54  66  48  60 114 100  53  18  46  72   6
   77  15  37  63 105  74 102  27  50  93  50  40
   97  64  77  75  36  43  28  10  92  83  49  58
   63  80  40  61  74  50  21  62  55  17  81  37
   80  69  37  82
   88  66  69  11  22  93  97 115  40  98  22  52
   41  41  30  25  25  83 104  37  88  39  45  12
   86  32  86  98  25   7  69  30 111  21  42  47
   49  63  36  43  69  50  61  58  66 106  95  78
   41  99  48  72  47  58  16  63  30  46  81  70
   30  85  92  41  28 109  45 103  73   8 102  80
   42  43  31  80  83  44  40  70  92 100  22  38
  101  58  38  29  20  39  88  39  46  96  79 104
   68  98 106  36
   95  31  59  19  12  68  35 111  42  42  77  18
   69  56  84  41  32  47  65  17  49  97  92  91
   69  30  43  57  41  98  74  65  51  40  82  55
   67  93 104  31  28  57  24  97  44  25  13  60
   67  56 109  90  23  70  40  11  86  29 110  92
   71  21  90 110  16  67  19  54  90  38  48 105
   95  95  75  18  13  31  61  10  87  58  33  28
   45  22  80  46  47  21  66  73  92  10  76  46
   89  40  77  57
   25  25  57 109  97  76  76  78  78  43  88  42
   52  83  19  92  61 111  78  74  92  89   8  84
   18  72  61  50  42 101  86  31  43  99  70  31
   97  92  54 100  62 110  93  32  63  20  39  49
   58  78  69  44  62  79  26  98  12  25  24  14
   89  64  87  72 101  65  66 106  40  49  92  54
   29  80  33  18  12  24  30  11  52  24  76  84
   32 100  40   8  33  28  40  63  67  19   6 106
  114  65  36  55
   55  22  20  38 111  41  75  33  60  35  75  71
   64  88  66  60  72  35 108  11  58  94  77  38
   94  86  64  80  40   8  60  55  38  21  14  20
   22  22  37  36 107  52 111 102  26  16  25  12
   87  72  37  34  67  56  44  61  60  76  59  66
  105  42  34  45  54  69  41  48  31  91  31  26
   14  56  64  22  27  89  84  21  43 109  35  61
   65   9  96  31  14  45  25 108  96  99  91  79
   11  69  68  44
   24  62  52  94  79  89  76  50  54  48  23  88
   68  61  32  43  59  98  35  68  90  61  97  84
   96  78  22  43  95  75  68  72  72  42  32  91
  115 110  46  37  55  96  18  22  20  81  66 103
  114  90  13  97  73  80  72  46  95  17  73  92
   66  49  58  74 107  71  44  95 110  18  89  42
   50  82  65  75  87  39  30  66  44  85  21  35
   52  31  43  29  68 109  61  23  90  70  73  16
   31  90  77  20
   22  40  76  17  72  51 108  51 114 103  60  41
   53  19  22  60  43  13  57  29   5  68 103  91
   70  38  42  26 107  95  12  95  34  61  45  39
   34  34  21  36  16  94  41  43 106  11  77  63
   71  49  58  68  43  28  81 106  69  23  46  86
   96  28  44  19  86 114  82 111 103  34  74  60
   35 106  68  77  72 111  36  94  38  80  31  22
   74  23  71  35  93  31 103  89  49  39  65  46
   15  87  53  36
   80  36  36  90  76 111  21  17  70  27  21  40
   20  80  17  66  23  54  62  49  70  34  49  22
  117  52  83  53  49  42  67  75  26 111  73   4
   41  90  57  43   7  84  76  55  44  18  36  20
   82  48  73  54  33  56  62  99 106  53  48  63
   35  73  76  68  38  27  40  30  81  61  43  62
   58  81  68 100  84 103  79  79  58  25 104  65
   91  96  48  93 108 104  79  51 102 101  72  57
   80  87  79  16
   15  66  84  46  23  34  68  33  98  65  24  29
   90  28  86  64  27  57  44  22  23 106   3  93
   20  64  22  74  97   8  77  38  26  66 100  21
   31  69 104  40  47  35  79  69  49  43 101 107
   72  65  21  91 102  57  87  41  93  41  52 102
   79  60  93 100  20  71  46  75  66 114  84  77
   83  24  83  29  61 115  20  60  73  18  85  51
  111  99  51  62  55  31  24  16  16  40  17  39
   49  68  61  58
   97  84  56  69  12  53  69  55  74  58  31  81
  106  59  87  43  97  71  31 106  64  31  35  91
   44  59 101  91  33  66  32  64  73  44  27  16
   54  49 104  29  76  47  29  66  68  80  81  43
  105  49 103  23 102  43  93  50  53  72  85  74
   98  32  19  30  14  95  29  94  49  25  23   8
   43  53 107  75  40  38  25   8  67  89  26  95
   49 101  60  36  84  91  56  89  94  88  20  25
   30  29  93  95
   21  82  60  28  33 110 100 100  84  70  16  44
   50  98  85   9  26  31  94   8  44  49  50  39
   38  83  96  20  91  45  40  37  67  36  88  68
   27  76  91  61  73  96  16  42 102  59  31  58
   31  71  66  60  99  71  37  60  25  56  44  25
  105  39  52 114  59  35  24  80  45  28  50  59
   43  40  16  22 110  94  29  22  59 102  25  67
   66  91  20  65  38  95  98  12  50  72  26  14
   27  37  31  46
   88  66  39  48  15 103  66 101  48  20 102  16
   41  56  16  69 104  16  95  91  87  65  23  89
   76  26  98  99  86  58  76  69 114  62  81  56
   37  72  34 101  52  27  84 110  81  86  73  46
   82  16  72  90  69 107  49  30  18  92  80  31
   68  45  77  51  20  88 107  80  77  73   9  82
   84  39  33 105  81  53  23  47  39 113  21  48
   71  56  59  94  38  84 104  89  32 104  40  76
   30  54  51  33
   13 102 101  75 104 115  26  59 100  27  74 109
   88  70  19  50  69  79  74  27  87  43   8  49
   35  33  17  44  21   9  38  61  66  25  58  32
   55  47 102  47  61  90  60  83  86  45  92  48
   46  68  42  33  25  55 102  40  87  17  89  25
   12  55  75  94  66  20  72 107  97  58  83  49
   98   7  97  38  91  51  55  86  96  23  92  71
   69  37  78 105  96  85  52  75  53  65  62  54
   49  58  28  40
   79  42  67  38  78 101  13  45  43  62  28  53
   71  73  64  25  63  48  33  18  72  75  32  15
   65  23  25  14  53 104  72  99  73  81  17  56
  104 107  84  24  49  20  94  80  84  80  55  90
   46  56  65  95 112  30  99  81  25  93  48  76
   88  72  17  71  51  35  43  96  68  51  65 117
   33 102  95  20  77 107  77  73  92  17  22  49
   97  90  65  24  76  83  80  94  24  91  87  88
   86  69  99  57
   75  35 103  59  36  25  93  13  84  14  97  61
   47 105  53  51  81  73  72  28  95  53  69  62
   72  37  18  49 103  95  59  74  47  97  31  45
   54  51 100  64  95  45  18  98  63  65  71  40
   34  15 113  29  63  81  77  52 110  12  27  98
   29  29 100 105  37  90  35  81  70  38  16  73
   40 112  48  43  76  85  39 103 113  34  90  44
   96  34  42  56 109 105  38  62  69  78  12  97
   31  89  30  93
   52  69  24   9  54  20  25  50  55  64  68  25
  104  95  92 114  87 108  87  58  89  44  93 102
   61  59 110  31  23  86  94  63  49  78 108  63
   54  36  25  24 101 102  80  18  29  50  94  76
   24  30  48  89  57  67 114  39 111  27  69  53
  105  48  80  62  52  93  41  74  77  63  73  21
   69  49  80  94  42  32  82  30  88  14  17  15
  108  46  88  93   5  38  20  88 103 100  76  57
   52  33  45  90
   89  74  35  39  50  52  30 112  61  44  39  72
   59  22  69  26  93  46  31 107 118  68  57  20
   60  39  88  43  11  94  62  90  53 101  82  51
   20  80  19  62  33  47  92  77  93  92  64  37
   63  42  18  68  53  41  49  72  93  88  92  30
   33  71  34  71  70  36  68  86  16 111 100  43
  100  92  45  26  44  36  37  99  20 107  93   7
   96  11 105  49  14  79  15  74  89  10  47  20
   52  56  60  97
   31 106  65  86  30  27  86 101  89  80  73  16
   32  50  69  30  29  26  86  48  37  82  89   7
   96  60  49  26  19  91  21  37  64  23 102  33
   39  59  98  22  62  50  35  89  71  27  72  75
   70  24  63  87  76  90  19  74 115 101  76  73
   33 107  80  59  98  60  26 116  74  80  48  49
   48  23  29  17  66 101  35  79 100  33  63  35
   47 105 111  42 101  86  85 104 111  36  73  54
  104  91  91  82
   84  12  38  44  97  97  39 102  87  39  68  44
  100  60  63  89  14  46  31  35 101 110  34  93
   97  54 113  69  56 104  41  76  12  89  80  21
   97  60  80  69  39  59 109  17  59  31  51  86
   59  65  78  57  43  33 111  91  40  57  18  89
    5  92  76  81  55  20  27  64 100  20  31  74
   71  35  77  99  21  61  49  13  38  57  35  63
   68 102  40  85  36  23  94  20  36  21  57  32
   13  72  46  29
   67  73  32 104  99  35  30  46  98  45   3  38
   65  94 108 101  79  74  86  96  62  68  73  46
   36  99  49 104  65  23  89  86  68   9  33  59
   44 107  97  60 110 116  13  30 108  86  31  43
   56  50  76  22  80  85  64  36  89  45  38  93
   88  56  49  21  48  49  40  98  16  60  18 100
   77 114  96  44  86  98  48  61  20  93  47   9
   37  33  66  72  18  21 101  43  84  37  94  55
   14 112  28  34
   96 106  24 109  78  49  68  52  50  49  96  58
   26  24  94  48  55  52  70  53  98  21  76  11
   75  80  76  48  49  56  28  23  27  39  80  66
   37  50  51  62  18  68  93  51  96  46  25  39
   88  52  74  64  78  32  67  47  31  34  75  88
   87  11 113  60  44  44  27  68  60  93  86  11
   29 105  22  36  70   8  17   7  31  75 109  51
   99  47  90 101  57  24  56  53   8  72  84   9
   58  57  72  81
    9  93  97  81   5  13  63  14  12  78  60  61
   93  19  66  46  55  89  42  85  33  43  36  69
   77  85   5   7  29  80  69  76  34  49  81  19
    2  41  13  99  35  19  50  78  55  33  11  32
   41  30  54  34   6  64  11  69  29  69  96  72
   75  47  41  62  13  40  93  77  51  29  38  75
   36  44  84  97  99  20  49  68  15  72  17  31
   48  47  85  81  57   8  80  17  32  11  49  39
   30  44  15  48
   54  26  82  80  35  92  53  11  34  78  63  38
   41  88   8  29  66  68  48  57  80  78  97  81
   30  53   5  29  96  66   2  42  49  66  20  75
   50  15  39   6  86  95  75  29  65   6  62  10
   51  24  48  77  92  55  54   3   9  32  15  70
   79   3  47  81  17  62  73  86  58  59  44  95
   62  48  75  64  41  10  60   4  18   4  67  97
   36  90  73   1  11  76  54  86  61  20  85   7
   96  61  64  61
   71  49  12  12  94  81  62  57  58  77  68  21
   24  77  18  55  35  49  36  62  52  11  47  19
   36  98  47  17   5  45  76  10  36  62  46  95
   36   8  96  24  43  25  78  54  97  35  82  60
   44  75  51  11  78  44  82 100  30  78  49  86
   90 100  68  96  62  57  16  50  41  12  46  80
   24  86  94  81  44  29  31  77  15   2  40  41
    7  58  88  39  20  17  79  58  79  86  26  78
   35  59  51  30
   56  80  94  44  80  83  67  72  39  81 100  68
   54  21  79  52   4  47  40  11  16  29  31  91
   60  24  82  43  85  44  77  65  19  12  53  97
   74  61  17  16  99  69  13  50  98  75  24  19
   54  79  40  67   7  72  85  15  95  83  28  14
   20   3  61  94  44  72  96  27  79  94  45  56
   84  44  19  49  12  49  49  16  37  21  47  25
    7  87  90  90  37  30  73  56   3  61   2  34
   35  49  78  31
   39   2   1  65  98  59  47  77  63  56  55  23
  100  62  17  86  44  79  60  81  68  78  45  97
   27  39  71  42  11  77  70  81  14   6  97  44
   60  93   4  94  83  82  99  37  15  19 100  59
   66  56  48  71  58   6   9  59  94  60  47  98
   28  89  66  49   5  41  16  86  56  11  65  72
    6  49  35  42  68  59  84  92  12  37  59  54
   46  32  77  42  32  66  82  44  49  93  22  75
   31  33  80  26
   27  51  39  97  89   9  11   5  68  11  80  54
   73  75  82  86  88  28  15  68  20  76  69  91
   34  88  21   4  94  97  49  81   4  92  68  65
   61  57  73  76  47  60  56  62  39   2   9  41
   75   5  65  35  67  51  97  44  82  65  22  42
   86  21  25  74  83   6  71   7  29  95   2  25
   60  73  72  31  22  67  62  34  23  17  90  73
    8  46  67  91  82  73  20  78  70  16  27   7
   39  16   2  84
    7  71  52  84  91  49  72   7  64  69  39  98
   41  62  22  73  82  69  40  88  55  18  14  24
   41  78  59  58  62  14  45  39  53  66  30  61
   47  19   8  76  87  60  85  12  60  81  96  47
   47  63   5  18  79  48  77  97  22  78   3  22
   39  94  14  10  93  51  98  52  19  76  66  10
   11  15  38  96  98  78  43  95  20  56  79  75
   71  92  24  64  60  95  48  35  22  92  35  68
   30  71  40  53
   86  90  48  10  14  43  27  28  33  67  16  73
   54  32  90  28  52   2  33  33  11  15  97  23
   98  42  53  61  70   5  25  76  67  15  35  80
    9  18  64   2  57   8  24  76  49  85  66  57
   49  25  38  76  55  40  79   7  91  93  81  88
   18  55  18  38   3  43  50  11  69  55  28  50
   87  38  72  84  97  79  81  96  57  82  40  35
   82  16  65  97  75  79  72  52  36  92  99  11
    5  52  75  47
   48  96  85  67   6  78  30  73  57  85  28  47
   47  19  53  51  46  71   1  97  60   9  41  74
   22  26  42  37  74  94  59  56  81  99  88  88
   82  93  79  71   7  58   5  18  77  94  87  94
   29  44  73  75  44  63  58  46  54  37  50  53
   11  69  85  65  48  36  73  58  73  23  80  77
   88  52  47  90  75  17  32  88  72  11  79  43
   46  93  23  83  97  69  86   2  14  16  23  39
   94  47  52  73
   95  47  59  17  27  22  27  54  53  62  87  16
   48  45  71  75  54  13  81  49  24  42  13  21
   21  32  81  68  12  44  38  47  39  64  74  20
    5   4  65  83  55  11  87  89  91  24  39   5
    2  28  95   9  34  39  48  71  20  94  40  22
   48  60  52  29   6  39  62  20   2  88  18  65
   61  32  49  30  29  79  72  41  63  32  89  72
   51  84  63  76  42  11  44  82  12  43  41  95
   72  22  27  86
   82  80  29  86  38  52   5  64   5   7  43  68
   62  83  86  42  65  91  59  80  98  44  11  15
   36  64  73  89  12  13  99   7  77  47  66  78
   77  76  90  69  94  15  64  66  13  95  34  55
   47  62  55  44  73  79  34  14  33  91  72  27
   16  75  65  92  25   4  32   7  13  71  46  58
   76   5  44  34  41   5  76  18  82  31  80  95
   29  95  37  71  10  73   2  20  62  78  50  57
   88  30  54  79
   31  70  71  23  29   4  93  86  41  87  86  80
   88  28  98  41  86  60  56  60  49  86  69  94
    3  62  24  51  60  76  42  41  82   8  36  99
   70  28  51  69  98  22  29  49  60 100  68  88
   28  72  29  53  76  48  55  21   4  59  58  45
   83  40  34  51  72  75  63  75  30  52  64  46
   59  22  45   2  23  13  33  30  55  90  12  53
   16  18  64  23   9   6  37  51  11   4  31  47
   35  30  32  90
   98  47  20  71  94  84  40  86  20  42  87  88
   19  91  19  51  84  59  70  91  89   1 100  26
   86  44  84  40  10  96  42  74  84  46   5  99
   89  39  10  71  72  71  29  37  53  75  17   4
   30  41  93  16  18  52  28  70  26  67  62   9
   26  45  24  10  86  33  70  32  50   5  26  28
   24  95  33  74  50   4  92  44  36  95  18  56
    4  11  67  48  55  79  80  87  87  64  95  72
   71  34  57  47
    9  24  48  38  99  52  47  51  43  49  78  25
    5  44  23  62  18  41  72   4  55  84  69  20
   67  51   6  28  73  38  79  43  46  63  80  88
   57  55   8  82  42  61  75  39  47  22  30  76
    2  67  14  87   6  74  14  67  58  35  32  41
   12  81  98  88  89  12  79  21  59  78  94  98
   71  56   9  36  78  75  85  95  50  25  94  19
   65  18  50  81  35  18  61  29  20  20  95  90
   90  88  17  10
   92  28  42  89  86   4  12  14  35  41  98  72
   58  16  23  93  89  88  10  97  58  58  69  72
   66  29  24  83  18  75  67  75  44  77  30  34
   85  36  17  50  45  19  90  67   2  56  75  52
   88  39  45  58  21  31  83  43  92  57  66  91
    3  74  60   5  52  81  89  29  65  84  61  56
   70  71  99  88   2   8  91  93  53  13  77  39
   53  24  93  38  73   9  15  98  57  39  84  93
   84  78  88  57
   21  49  70  64  99   4  53   9  62  91  16  94
   70  53  99  40  11  96  16  24  19  52  84  29
   35  80   7  14  27  58  26  44   6  56  30  46
   77  35  68  10  68  85  27   9  36  26  32  65
   38  88  40  27  46   4  67  81  94  23  31  73
   36  74  38  53  99  15  13  28  37  44  94  36
   22  64  85  10  21  51  84  63  76   4  97  63
   38  59  53  13  73  24   7  15  82  15  71  44
   83  61  61  86
   98   9  12  29  10   3  76  56  11  93  39   3
   19  38  92  68  49  36  41  92  24  68  99  53
   69  72  91  67  86  93  73  41  51  77  50  84
   48  59  13  55  57  22  55  30  28  59  13  69
   56  36  74  84  77  63   1  65  16  93  22  83
   94  51  28  13  44  99  33   7  10  61  31  57
   10  96  10  72  29  51  56  19  11  80  17  40
   33  68  38  10  15  32  54  35  56  41  50  58
   57  53  76  79
   33  64  46  68  37   2  98  57  71  44  77  55
   46  40  49  82  50  61  72  86  41  41  79  99
   49  92  93  97  59   8  46   6  32  31  96  47
    6   5  31  80  69  85  26  24  29  33  56  19
   65  46  44  15   4  82  12  38  95  12  57  35
   29  42  91  32  68  81  66  22  43  64  44   2
   86   5  19  91  40   6  42  41  27  99  82  57
   11  23  51  81  37  30  26  10  87  28  21  14
   32  43  14  58
   39  79   6  55  84  79  11  98  18  88   8  50
   66  11  49  56  21  40  38  91  16  50  35  44
   38  70  91  63   5   7  47  39  63  12  87  60
   57  63   9  41   7  69  92  22  45  48  32  69
   72  97   3  77  48  21  37  65   2  96  83  13
   75  80  18   6  73  22  76  38  47  75  86  38
   69   2  69  76  44  28  70  17   2  70  24  60
   15  77  73  60   5  13  73  42  49  26  99  18
   86  24  74  20
   68  37  91  93  65  88  95  63  49  49  45  88
   10  10  11   3  28   6  15  53  29  76  26   6
   45  52  10  73  82  31  11  48  65  32   3  50
   53  79  93  83   8  11  22  96  91  54  17  38
   95  76  70  20  61  42   3  63   7  91  43  50
    7  67  34  48  50  10  64  37  26  42  44  99
   45  62  33  10  63  79  22  80  16  94  89  97
    8  69  31  14  98  79  82  17   7  12  34  50
   66  78  57  12
   25  37  72  70  60  61  88   2  51  71  79  31
   53  93  51  82  23  58  73   9   2  44  55  87
   50  71  22  65  96  19  52  22  67   9  21  54
   82  31  95  46  77  57  19  25  27  16  53  82
   53  65  97  37  61  61  64  39  14  27  19  83
   78  47  73  37  49  79  37  33  94   4  17  59
   16  16  67  77  75  74  78   6  90   8  19  98
   23  96   2  63  91  38  96  42  24  94  69  91
   60  52  53   9
   72   5  50  28  82  77  34  17  15  36  44  98
   88  57  48  83  82  77  21  67  74  29  26 100
   10  49  58  82  93  22  84  76  40  84  11  87
   63  61  12  96  42  60  70  15  44  83  31  32
   47  96  43  30  34  12  85  28   1  15  41  47
   69   3  34  43  18  59  78   2  44  40  58  56
   60  79  90  90  40   8  83  34  20  79  54  67
   64  12   7  65  15  25  32   7   9  77  47  50
    7  14  20  30
   33  92  67  67  19   9  81  17  23  64  41  67
    3  58  49  28  96  62  82  69   4   3  84  15
   17  63   6  41  49  11  70  37  99  13  37  87
   14  42  30  35  67  49  10  88  47  81  55  26
   50  45  29  60  65  83   2  20  67  57  95  15
   99  28  41  35  51  91  91  45  16  95  86  40
   49  76  33  13  90  43  67  97  82  54  79  53
   50   4  71  29  66  79  10  95  76  91  59  82
   95  38  58  88
   39  33  82   6  12  72  90  71  22  75  99  69
   43  23   5   9  29  29  25  17  49  40  45  69
   74   5  71   4  44  89  27  18  50  99  76  49
   72   4  13  42   8   1  98  73   3  29  72  74
   64  68  40  97  36  28  52  75  16  66  72  16
   23  47  64  82  60  65  80  15  99  52  86  15
   38   3  15  71  33  17  66  47  85  10  60  98
   73  80  51  45  94  95  14  68  31  68  18  59
   92   2  77  82
   22   6  88   1  33  62  45  57  70  65   6  47
   86  86  13  69  61  56  43  58   6  90  28  97
   44  36  30  56  61  47  77  92  86  81  36  43
   81  56  53  52  99  48  18  56  10  61  88  78
   23  58  37  40  27  88  50  59  75  86  39  28
   25  94   1  53  67  68  89  37  56  27  20  93
   73  13  83  75  36  97  87  99  75  34   4  62
   14  66  30   6  53  95  53  60 100  41  28  95
   53  60  42  21
    152   164   165   169   171   162   170   166   183   153   162   162
    171   165   178   150   156   149   151   152   170   151   169   154
    173
