 25  90
  104  74  33  86  91 108  71  19  99  17  26  74
   18  56  91  93  80  29  84  70  22  99  16  26
   68  62  71  82  20  50  75  95  85 100  68  31
   31 100  52  68 101 101  55 104  98  96  42  97
    9  95  86  31  34  26  22  80  38  53  42   7
   71  70  52  24  62  63  18  90  61  47  12  79
   67  54 108 112 111  68  87  91  81  49  45  64
   42  68  43  11  42  42
  113  70  94  18  37  18  28  45  81  34  66  50
   35  55  74  68  33  45  20 111  67  17  18  69
  110  89  64 110  41  73  30  20  70  11  69  34
   46  91  96 104 107  53  38  33  28  84  52  14
  100  49  91  25  33  54  90  99  53  96  13  47
   74  36  98  12  75  54  38  18  72  66  21  25
   37  74  68  22  99  79  24  50  57  47  95  27
   90 100  57  45  51  52
  117  68   8  66 111  61 110  23 107  31   7  31
   42  88  34 108  29  85  65  34  67  26  24  60
   99  40  91 100  11  66  32  77  92  55  20  85
   51 108  81  52  60  57  40  30  58  35  22  83
   18  72  86  76 103  88  98  23  38  70  36  61
   31  55  98  87  99  80  91  67  38  94  18  30
   31 108  50 102  91  76  84  40  14  45  70  63
   96  41  31 100 102  78
   89  96  74  91  96  65  28  58 101 100  55  96
   80  57  61 101  35  74  54  88  88 101   4  26
   84  71 103  40  82  42  15  43   7  76  14  57
   91  86  79  12  90  38  64  51  39  94  39  11
   61  62 100  38  76  16 109  44  33  85  48  73
   73  46  54  72  36  54  84  99  82 107  39  38
   90  40  82  60  53  86  31  56  54  30  99  32
   88  26  81  61  81  57
   69  36  54  19  47  17  86 103  11  60  66  48
   25  33  95  54  20  40  66  36 102  66   5  56
  110  34  59 116  79  82  55  70 104  44  31  19
   25  53  43  10  52  67  28 111   7 115  18  86
   99  41  31  70  61  68  40  44 101  84  53  76
   38  64  46  25  73  65  86  21 106  29  49  47
   47  97  78  36  54  64  21  53  83 109  30  71
   43  38  17  79  90  95
   89  61  32  34  73  13  29  45  32  96  42  66
   25  38  55  67  41  49  89  58  74  31  32  78
   61  66  59  87  75  87  93  53  20 109  31  20
  102  95  16  84  18  17  34  83  24  94  74 103
   46  66  36  14  56  45  59  33  91  62  55  22
   52  82 103 105  66  68  26  24  46  63   7 100
   60  90  63  99  37  92  42  28  99  27  45  40
   15  19  48  36  68  38
   34 110  74  98 100  43  59  39  47  28  25  75
   83 106  66  96 116  90  31  90  84  74  26  27
   71  24  87  17  91  70  36 107  65  60  37  54
   95  38  23  29  34   4 112  86  42  57  74 102
  112  71  48  50  98  41  32  11  81  93  86  17
   51  20  39  27   4  75  12  58  99  55  15  57
   26  51 113  73  64 101  70 105  45  68  93  39
  108  74  54  36  97  53
   90  76  94  65  35  77 108  37  89  71  69  19
   55  15  25 112  24  57  32  32  44  61  20  46
   24  81  22  52  38  54  97 103  43  57  70  14
  109  76  70  92  86  87  58  67  65  44  46  72
   50  27  95  32  79  35  36  76  51  37  70  47
   72 115  25  23  33  48  28  55  85  52  41  51
   33  86  53  44  80  81  29  42  91  65  78  75
   95  82  19  79   6  64
   93  62  97  23  22 111  86  26 116  66  62  91
   37  14  66  43  40  17  90  90  96  61  75  17
   41  12  99  85  13  30 101  39  23 100  80  43
   88  84  11  56 113  69  15  72  73   5  48 102
  102  66  69 104  61  32  13  38  39  67  74  38
   24  62  92  49  25  63 104  51  26  98  19  25
   68  68  55 107  71  57  39  29  84  66  25  36
   56 102  86  39  34  84
   27  34  32  92 114  48  93 108  53  10  44 102
   75  47  15   6  18  80  22  82  49  59  47  91
   43 113  85  98  79  55 106  95  32  55  50  29
   72  73  37  20  13  87  67  69  89 105 116  64
   89  31  87  36  93  23  60  49  86  56 114  55
   71  48  74  61  54  17 110  51  22  20  81 102
   82  85  52  81  19  62  92  99   9 103  27  69
   94  50 100  26  63  86
  103  79  50  28  27  84  86  50  48  67 114  53
   52  73 114 102  10  39  41  76  88 102  99  82
  112  59  67  71  97  73  54  16  24  16 109 104
   28  78  21  96  54  98  85 100  64  29  61  63
  104 109  37  93  40  59  68  86  20  59  54  50
  104  47  78  59  49  47  60  82  39   5  50  46
   51  34  42  80  26  51  54  39  92  42  28  96
   51  34  76  77  68  35
   65  72  24  51  45 109  84  14  40  70  41  21
   45  90 108  76  76  82  75  88  95  81  53 105
   11  81  17  57  17  85  42  24  81  65 100 100
   61  17  25  15  23  42 102  82  26  76  57  57
   64  82  24  30  92  27  14  87  17  41  77  50
   87  99  57  96  28  76  45  60  30  98  11  45
   21 107  21  96  16  30  75  45  87  42  90  67
   52  44  29  48  43  59
   68  73  78  20  13  86  27  92  78  30 100  35
   99  67  86  66  55  28  26 105  29  41  58 104
   47  52  45  45  92  66  48  38  40  42  54  19
   12  49  22  45  30 111  49  44  48  81  79  48
   98  41 104  37  63  27 103  86  39  97  78  22
   35  20  44  36  55  89  73 102  41  70  66 109
   40  90  63 104  54  59  49  18 117 111  62  35
    9  27  27  24  15 105
   41  84  37  45  31  62  33 104  53  24  42  30
   76  83  23  45  65  85  50  26  33  37   6  52
    6  11  66  16  65  48  38  17  34  46  76  76
   38  81  20 103  62 104  72  56  25 104  98  28
   91  88  43  17  76  50  11  60  35  47 102  34
   35  54  63  36  99  98  36  53 105  65  57  78
   48  74  96  67  86  26  31  77  62  61  71  49
  100  57  67  34 107  61
   72  44  21 101  88  85 112  94  47 104  94  34
   88  70  54 100 101  38 112  65  41   7  78  88
   82  60  27  45  24  23  28  55  45  55  50  48
   31  43  30  32  84  23  43  62  35  23  42 104
   23  66  52  53 115  29  88  15  27  34  90  19
   26 101  87  13  91  65  18  74  40  70  66  18
   68  46  78  45  43 103  18   5  56  48  53  32
   80  84  29  83  42  83
  105  92  68  47  71  63  62  49  22  27  10 104
   46  50  92  72  67  38  57  52  98  82   4  78
   45  77  62  24  76  20  82  40  99 104  16  45
   42  95   5  20   9  75  72  21 112  33  46  76
   62 106  75  26  87  20 108  64  68  11  45  35
   12  22 108  31  70  72  83  99  32 101  74   9
   27  30 103  90  73  78  30  20  43  38  60  68
   22  31   9  22  80  40
   58  84  49  32  88  19  47  76  60  49  64  84
   20  54  88  29 109  21  83  42  80 104  20  49
   81  50 100  85  78  57  30  63  47  85  46  39
  106  84  15  33  34 101  63  80  80  81  45  88
   22  75  36  49  99  39  87  80  26  94  28  97
   74  98  26  45  44  83  82  33  73   7  23  49
   33  25  74 111  36  84  25  34  19  84  85  94
   97  43  58   6  38  91
   64  36  62  24  27  76  30 100 101  16  58  69
   59  86  89  21  26 100  87  99 102  40  67  48
   39  68  57  17  16  76  87  84  67  22  97  84
   82  35  94  18  33  94  92 105  37  96  38  50
   83  15  51  17  14  66  43  57  58  77  89  89
   74  22 108  67  33  24  30  48  60  55  40  13
   36  55  86  90  58  42  78  53  19  75  53  81
   15  90  83  35  61  30
   54  29 109  54  35 101 100  84  70 110  38  17
   11 100  59  80  92  34 104  43  15  68  91  13
   66  12  72  33  58  98  90  50  87  60  13  99
   26  27  81  42  47  65  92  31  49  40  68 104
    6  57  16  73 102  23  33  27  71  57  59  84
   97  55  30  83  31 102  19  69  80 100  36  11
  101  53 100  53  69  91  67  20  80  46  48  76
   75  29  42  17  83  56
   95  23  34 116  62  80 102  86  65  76  26  95
   78  49  81  31 101  80  98  97  29  49  24  53
   46  98  48  20  88  65  70  99  47  44  41  43
   37  95  27  95  46  31 102  68  74 102  59  28
   28  71  86  50  72 100  35  56  51  79 102  90
   99  38  87  93  25 110  94   8  35  21 112  74
   71  46  83  44  67  89  69  16  63  44  64  42
  100  88  89 100  47  37
   91  81  41  45  63  25  69 102  65  92  50  40
  101  62  18  55  22  76  35  12  39  49  88  97
   53  91  71  80  38  13  28  13  78  33  90  76
   86  53  39 107  93  91  61  65  92  81  22  85
   49  39  24  22  94 104  95  80  48  39  25  21
   96  94  52  66  62  59 100  47  25 107  41  12
   51  50  71  19  87  48  88  15  25  43 103  60
   74  49  81  74  63  42
   18  49  88  56  57  90  64  59  97  66 102  51
   57  99  70  20  26  95  97 113  19  80  93  17
   57  44  91  96  49  86  16  12  40  76  30  72
   24  39  94  23  97  50  39 109  61  11  81  58
   11 113  76  32 109  20  36  76  51   9  21  95
    8  70  46 103  14  60  46  41 107  18  62  90
   72  90  49  95  73  90 110  98  35  69  79  55
   21  43  44  61  31  90
   38  74  89   7  97  25   9  86  44  32  59  50
   41  71  11  21  29  55  60  80  60  78  91  16
   22  50  66  49  85  55  78  55  69  63  16  42
   70  45  95  85 102  54  81 107   6  37  87  62
   88  80 112  67  35  94  19  26  86 108 113 102
   93  46  80  58  17  34  29  89 107  59 113  47
   30  34  66 106  20  53  30  91  61  23  74 108
   29 102  64  51  23   7
   18 112  93 100  61  72  29  47  61 106  69  14
   20  34  90  26  21  23  71   7  84  82  23  75
   86  21 100  14  56  43  57 110  23  83   8  66
   33  39  18  53  37 106  52  36  43  86  44  56
   49  13  92  19  64  58  32  48  71  64  97  34
   78  27  29  54  64  73  27  49  19  19  48  25
   47  35  58  36  97  22  91  75  21  64  91  12
  114  67 112 100  86  14
   64  59  44  31  27  37  59  31  68  32  84 102
   97  72  82 105  14  37  55  55  56  18  18 116
   90  71  77  48 102  12  88  93  43  17  71  79
   25  18  72  87  60  68  86  18 108  38  15  16
   25  44  93  98  77  90  89  66  68 109  55  51
  108  75  98  73  66  70  64  28  39  22  47 104
   64  20  70  30  48  78  29  90 102  85 104  55
   42  66  62  20  95 108
    5  39  78  32  24   3  40  96  12  91  92  38
   88  60  19  26  27  87  32  41  91  17  95  88
   35  41  34  29  95  54  45  19  33   9  45  84
   80  13  52  35  11   3  59  14  14  15  78  22
   96  17  19  87  73  93  89  31  73  67  71  96
   40  40  55  92  40  40  98  21  50  58  97  34
   53  57   5   1   9  39  17  18  21  54  59  41
   72  40  67  91  61  65
    5  42  17  90  76  86  83  73  24  86  38  55
   79  56  35  40  75  58  94   2  44  96  93  36
    6  19  39   7  62  36  85  84  50  99  39  69
   61  29  24  10   2  52  67  87  81  34  52  97
    7  61  13  95  78  60  12  17  62  16  89  69
   28  68   7  97  32  49  73  93  42  46  97  88
   67  40  37  84   6  32  90  56  54  70   9  83
   21  14  58  59  57  50
    1  38  99  52   4  41   5  87   4  84  97  77
   64  24  73   7  84  31  48  79  48  90  78  51
    7  74  24   7  96  48  85  35  27  62  86  30
   53   4  27  53  57  46  68  87  60  76  81  32
   89  48  31  42  13  19   4  91  82  41  76  47
   77  52  19  25  12  39  28  36  73  18  89  83
   81   5  69  12  16  32  28  80  99  62  48  57
   19  66  87   4  16  28
   22  20  29  28  16  43  89  46  15  12  63  10
   24  53  49  15  84  33  53  18  14  18  98  80
   18  49  17  75  23  65  99  76  99  35  94  51
   20  26  28  90  28  79  53  68  70  19  81 100
   43  50  11  66  30  96   9  74  70  20  63  38
   38  57  48  33  72  57  35  19  30  12  80  73
   18  80  33  44  58  19  88  56  60  73  19  70
   32  86  35  55  29  60
   46  67  58  89  57  86  22   9  91  55  46  68
   92  72  14  56  92  72  45  78   7  43  98  53
   10  79  45   3  28  37  53  42   5  69  87  92
   83  49  68 100  52  38  81   5  96   5  97  31
   19  68  85  47  44  48  71  68   2  22  50  40
   78  44  70  92  37  50  26  89  13  90  62  64
   57  13  29  73  64  47  99  58  25   8  72  38
   67  69  87  27  20  21
   20  51  87  83  45  95  77  74  79  23  64  36
   80  71  63  49  77  67  15  58  44  78  80  36
   50  38  46  30  45  15   9  59  91   6  82  85
    3  14 100  24  88  90  69  27  85  10  29   2
   60  51  81  91  62  58  56  86  22  46  47  88
   65  29  16   6  48  46  82  92  66  48 100   5
   60  20  39   5  66  17  68  77  21  76  68  75
   94  83  60  80  38  67
   85   3  31  16   6  68  51  74  61  74  79  41
   32  10  41   7   4  17  77  23  35  44  87  83
   41  92  19  93  22  36  75  13  46  54  71  65
   24  67  93  91  81  99   3  29  68  53  38  13
    6  46  59  68  17  67  77  91  39  18  19  89
   64  88  78  87  99  42  92  53   4  52  99  58
   89  60   5  31  45  17  40  13  59  50  18  68
   11  46  60  81  17  64
   28  43  21  46  77  32   6  83  20  41  39  90
   58  96  81   2  96  45  72  87  72  54  84  59
   82  36  95  59  77  56   7  14  67  53  40  97
    9  44  44  19  30  28  61  52  52  69  62  39
   68  80  14  79  38  68  83  33  53  79  42  56
   48   3  79  93  87  62  77  52  30  63  75  59
   78  21  54  67  26  36  78  75  20  47  36  36
   18  27  99  32  97  42
   21  54   7  83  82   5  21  80   2  39  40  22
   81  97  52  60  68  88  24  30   8  53  37  88
   77  95  10  26  95  85  17  69  87   5  28  77
   22  34  92  49   7  42  89  39  36  98  59  10
    2  49  50   5  47  82  93  82  72  37  31  80
   82  52  15  70  80  48   9  57  94   4 100  83
   48  35  64   7  49  47  69  87  21  46  93  83
   53   3  22  63  81  31
   93  74  78  17   2  63  25   8  58  93  71   7
   31  56  91  99  98  34  83  24  63  45  65  22
   67   1  32  14  32  63   5  16  77  56  61  82
   33  32  73  91  90  26  50  33  23   9   1  50
   14  77  28  68  22  86  55  69  19  57   4  56
   38  69  28  48  64  86  10  61  97  96  36  16
   35  30  53  28  89  42  26   6  96  14  84  39
   26  64   2  84  54  17
    8  29  55  91  91  36  32  55  62  42   2  56
   66  46   6  17  94  81  66  36  28   9  18  29
    6  53  53  43  22  38  66  88  89  87   2   4
   75  31  99  20  52   8  35  15  53  88  53  40
    2  10  82  12  76  54  46  34  97  54  48  57
    1  63  38  43  62  69  57  30  65  97  53  67
   57  68  60  33  92  64  61  76  16  77  91  17
   61  78  26  40  48  82
   37  42  95  57  65   5  27  97  69  39  77  81
   60  14   7  31  40  30  36  14  23  38  65  12
   99  32  85  46  85  17  65  78  35  37  16   8
   54  88  86  96  97  73  13  30  90  35  59  54
   44  33  89  81  17  88  98  28  93  65  35  59
   21  11  59   6  88  29  63  42  79  15  93  71
   82   4  93  15  98  74  35  58  25  72  26  44
   54  72  80  60  67  58
   34  43  33  87  94  24  91  26  37  74   8  75
    8  50  31  48  48  79  87   9  88  66  49   4
   69  62  58  64  21  38  62  67  71  77  57  93
   94  56  81  62  81   8  56  74  59  32  30  63
   14  69   6  66  54  89  17  18  79   9  36  89
   83  86  69  68  49  29  31   4  71  37  40   1
   78  22  54  12  62  49  62  93   3   9  48  69
   99  81  77  88  87   4
   70  22  72  66  72  49  72  12  51  83  70  90
   42  21  84  65  47  29  59  88  75  83  96  61
   97  97  48  97  46  67  66  98  79  57  39  32
   75  37  97   6  51   4  34  52  81  13   4  89
   12  15  60  95  41  63  91  51  67  65   7  80
   69  49  48  67  20  13  68  58   6  39  50  28
   54  37  11  37  18  84  74  38  52  50  40  66
   13  53  35  83  11  58
   31  70  91  15  17  27   1  12  61   8  18  84
   14  42  63  20   7  67   8  51  69  96  31  26
   31  43  80  67  82  90  85  53  68  49  61  59
   82  75  73  70  34  90  68  44  67  86  74   7
   91  49  56  58   5  84  27  92  82  84  24  89
   91  10  18  94  22  40  90  34  80  48  37  84
   51  68  28  57  64  10  92  98  61  68  54  71
   29  23  85  26  68  31
    7  28  52  68  38  44  40  59  92  77  98   7
   70  65  20  43  48  67  46  66  17  36  99  29
   68  33  50  78  37  88  35  65   4  12  88  66
   65  23  98  96 100  40  34  95   5  82  66  43
   48  13  43  85  26  96  10  46  39 100  59  83
   91  84   4  76  41  39  27   4  79  15  45  95
   85  74  13  23  29  42  90  95  62  68  50  47
   89  86  95  82  33  73
   52  18  67  79  28  87  70  43  48  54  54  27
   83  66  31  74   5  86  20  72  34   9  95  53
   24  68   7  20  42  47  83  57  69  29  71  79
    3  24  88  76  70  13  50  27  31  29  73  20
   95  30  79  66  17  65  27  39  90  18  85  15
   37   9  80  67  69  24  32  87  39  98  91  62
   74  84  35   7  75  31  83  70  99  35  33  17
    8  63  53  98  75  18
   39  77  51  92  86  35  78   7   2  93  44  46
   47  27  19  96  80   4  18  18   9  71  45  68
   78  52  61  96  95  29  15  32  47  83  21  27
   37  77  22  98  80  19  14  14  79  21  72  64
   33  89  61  85  97  50  67  56  44  40  27  28
   35  84   3  41  75  89  73  65  44  55  80  99
   67  53  25  19  45  67  28  56  93  36  54  23
   96  15  37  76  48  75
   48  91   5  62  77  11  10  26  36   7  77  94
   94  18  53  22  20  78  13  68  90  36  24  98
   48  93  31  70  53  13  19  54  18  51  93   9
   91  76  29  75  61  45  28  77  55  67  40  15
   96  56  96  39  14  86  85  79  39  54  43  25
    5  59  75  29  76  16  92  36  31   3  71  93
    7  54  16  66  39  17  43  95  33  60  61  35
   42  79  69  93  35  59
   11  86  68   4  57  30   2  24  39  42  81  16
   41  62  23  71  10  30  20   8  88  58  92  58
   74  19  70  89  19  49  50  11  69  70  63  60
   77  19  81  16  59  76   4  38  43  16  54  78
   91  38  17  55  30  18  68  51  62  29   4  12
   16  75  27  18  95   2  14  95  77  98   3  46
   37  73  26  61  36  23  34  96  56  59  41  77
   18  28  22   2  62  79
   14  28  61  59  56  78  46  12  53  27  64  73
   11  44  87  58  87  31  79  90  76  70  16  15
   63  26  47  36  81  92  77  99  37  74  30  28
   28  60  65   6  19  16  47  45  12  35  87  18
   69  72  89  90  10   8  12  39  69  64  80  86
   21  21  59  39  47  48  11  65  78  12  69  98
   67  61  33  85  24  62  24  87  84  75  12  50
   34  57  36  35  56  69
   89  63  19  59  57  18  54  43  16  41  15  54
   46  16  41  94  87  14   8   5  99  29  19  92
   49  76  29  12  64  25  95  93  72  35  84  31
   82  67  13  95  15  59  75  10  51  96  23  48
   91   6  37  79   4  84  84  35  55  94  83  16
   94  41  65  13  93  53  70  64   3  95  57  15
   36  25  65  16  42  27   9  13  71  34  39  63
   91  70  64  48  82  20
   72  41  18  96  21  85  93  25  72  88  59  57
   79  37  92  81  83  59  46  34  48  38  14  88
   88  56  40  65  34  56  30  61  34  48  99  77
   46  61   8  26   1  52  33  10  98  72  29  51
   31  30   5  53  69   9  87  93  25   7   4   4
   24  57  36  58  94  83  83  22   8  52   6  64
   83  80  53  12  88  66  81  29  46  81  40  10
   75  16  42  64  92  95
   99   4  23   8  50  33  74  69  59   2  39  90
   86  69  20  93  97  92  43  95  34  38  93  41
   16  93   9  97  49  60  50   9  81  33  98  45
   79  64  93  57  77   5  62  74  64  21  70  50
   60  89  28  87  54  51  78  64  38  42  22  82
   38  84  85  54  49  36  93  59  86  95  62  85
   64  71  53  79   5  86  27  28  97  48  24  90
    3  44   5   9  28  98
   39  54  73  75  91  75  54  72  35  79  31  12
   21  44  24  11  98  70  57  58  56  98  89   4
   21  36  32  58  13  93  23  21  67  97  45  41
   86  85  46  25  57  40  25  89   4  82  91  91
   89  71  21  16  43  22  22  51  43   6  56  56
    9  44   7  30  39  45  39  76  68  96  65  14
   53  84  37  83  63  33  79  23  10  27  14  61
   66  40  53  94  21   5
    138   152   146   143   152   158   143   154   154   139   142   149
    153   154   158   154   151   150   144   132   145   145   151   165
    141
