 25  90
  106  39  31  99  74 102  72  42  59  38  51 102
  100  81  88   5  65  20  57  73 107 100  29  54
   66  40   4  74 106  60  34  83  17  99   7  98
   95  96  39  56 102  64  46  87  65  97  93  10
   50  82  81  94  55  17  76  96  29  57  91  13
  100  58  32  46  21  58  14  34  49  12  54  74
   97  40  26  25  18  89  34  65  56  70  86  65
   94  20  45 117 103  77
  106  74  52   5  20  48  93  51  34  31  96  93
   99   9  55  13   9  22  56  79 101  80  68  58
   81  76  45  29 109  82  75  55  86  55  67  47
   93  22  60   4  93  29 100 101  38  42  60  66
   49 100  86  29  98 111  86  71  90  12  89  62
   83  35 102  69  38 105  44  33  59  61  61  18
   32  52 112  83  42  62  59  73  48 106  15  94
   22  16  51  72  96  31
  104  95  87  56 102  87  92 100  47  27  52 115
   77  63  40  89  82  13  21  18  12  91 105 116
   45  83  52  80  54 109  48  24  47  42 108  39
   87  35  60 106  91  39  39  74  22 107  58  36
   51  41  71  96 108  66  35   7  68  70  12  29
   97  22  69  34  89  88  57 103  88   7  50  27
   21  78  83  61   9  47  62  62  63  83  74 103
   26  86  46 107  35  31
   27  45 102  90  69  91  30 112  91  72  86  27
   18 108  80  23  26  88  92  77 103  45  84  32
   74  32  13  68  38  85  68  90  93  85  96  45
   94  38   9  31  48  53  65 103  93  37  74  72
   83  37  26  94  27  82  67  28  35  49 110  41
   18  77  39  60  32  64 100  74 100  19 108  48
   47  79  10  96  78  88  74  68 109  67  81  63
  110  88  19  86  35  76
   40  91  38  27   3 105  49  73  22  58  59 106
   24  62  30 102  47  81 100  94  86  92  52  28
   63  91  72  71  34  20  26 100  62 102  60  98
   22  54  91  91  12  51  97 102  34  92  43  88
   33  43  19  93  25  88  94  76 104  35  64  35
  108  57   7 117  57  29  26  20 109  48  15  43
   28  40  28  23  76  80  51 109  36  15  36  80
   40  74  88  42  31  65
   77  87  81  21  21  17  82  69  26 102  22  77
   69  66 100  37  38 110  41  76  70  58  36  11
   34  52  29  42  68  11  73  32 103  43  70  24
   68  87 109  99  71 100  77  91  87  44 101  92
   20  50  72  11  34 116  66  60  80  84  79 113
   14  87  77  60  53 105 107  73  53  34  63  90
   20  33  88 100  68  17  53  62  53  38  53  36
  111  30  63  21  56  68
   53  63  49 107  51  25  78  31  97  65 101  86
  102  62  26 100  66  17  22  55  63  75 109  37
   21  72  26  25  82  51  73  47  64  26  40  90
   39  56  70  46  67  53 106  26  87 107  70  25
    5  90  66  79  98  91  17  85  71  67  76  28
   87  74 101  63  73  13  87  52  96  54  44  28
   87  15  55  60  24  66  87   9  64 108  54  51
   71 105  30  33  83 103
   63  14  55  90  56  13  75  18  28 105 104  42
   76 102  94 105  30 114  53  59  96 116  47  99
   95 101  16 106  70  19  35 111  20  68  63  53
   50  33  85  99  36  82  34  44  51  44  76  82
   81  30  39  57  36  72  79  61  32  79  52  68
   65  13  48  90 108  28  36  44  69  37  61  34
   67  37  86  50  45  26  66  26  54  18  94  46
   51  37  93  88 116 106
   30  87  43  41  17  57  17  25  53  24  65  17
   14  53  27  48  34  68  21  61 112  62  41  51
   32  68 111  68  22   8  27  85  22  37  60  73
   89  80  99  87  24  48 100 107  96  78  47 103
   61  52  36  76  46   6  71  77  93  40  15  20
  107 112  99  61 113  29  51  72  73  58  73  57
   66  92 116  43 100  16  54  94  43  16 105  69
   76   7 106  98  79  12
   61  77  30  58  92  75  80  23  15  69  42  87
  104  34 106  40  39  81  30  94  49  63 108  75
   28  87  39  53  51  61  91  15  55   8  41  49
   66  94   5  24 107 101  48  90  46  68 118  46
   98  91  13  52  18 119  76  63  78  55  80  91
   32  70  91  94  32  39  30  31  36  49 112  92
   16  50  66  26  98  95  65  37  40  23  47  93
   53 108  78  70  51  83
   72  13  93  83  95  49  67  65  40  26 102  63
  109 108  16  86  22  47  77  27  91  45  66  74
   19  94 100 102  78  71 107  74  15 108  15  28
   64 110 103  25  43  31  37  99  56  99  29  25
   26  16  15  43  60  54  55  84  67  60  54  29
   46  66  61  74  67  23  42  15  99  68  88 110
   63  20  19  68  74  59  99 115  80  18  34  51
   59  37  87  24  74  32
   43  96  17  67  71  26  69 111  39  94  84 115
   71  32  93  66  35  20  41  10  97  16  94   3
   78  25  28   9  52  85  32 103  69  90  60  92
   54  54  83  24  49  76  66  49  45 103  29  45
  113  15  21  83 106  79  99  77 105  24  43  28
   86 110  23  45  38  12  37  71  41  28  88 109
   99  36  58  69  29 108 101  97 102  26  15  43
  102  71  52  99  31  75
   99  61  20  26  68 111  77  62  90  51  24  60
   82  92  77  62  20  97  45  41  70  37  49  50
   73  96  74  46 118  12  41  83  85  46  87  39
   69  43  89  77  95  76 111  11  31  99  25  53
   52 106  89  54  19  60 107  18  31  49  65  28
   43  88  53  39   8  57  76 101 116 109  44  74
   91  36  23  92  44  27  69  54  78 103  25  15
   42  19  24  89  14  67
   71  56  33 105  80   7  81  98  78  85 110  90
   67  21  84  29  76  89  39  44  30  80  92  52
   24  25  14  40  57  87  68  34  71 112  50  58
   50   9  91 100  24  56  69  80  72  90  78  75
   70  85  99  73  44  84  70  88  25  76  66  50
   57  36  97  79  59  27  47  43  39  88  35  76
   46  94  93  36 112  84  84  58  73  24 105  68
   34 101  85  19  31  36
  100  60  17  48  30  95  71  44  45  37  41  85
   77  16  93  95  52  45  37  99  63  72  26  37
   46  42  37  50  80  56  99  28  99  88  44  10
   17  91  35  19 104  64  14  26  14  70  77  70
   79  81  90  61  42  44  57  87  63 115  23  49
   20  20  55  86  88  76  43  13   6  39  27  75
   93  11  50  55  91   9  20  26  37  86 105  30
   77  59   3  40  39  77
  100  24  91  96  44  36  72 103  26 104  84  47
   25 101  57  74  35 102  60  22  76  81  85  36
   25  52  30  65  58  85  45  54 100  87  28  58
   16  74  96 104  60  55  37   8  99 112  81  71
   34  54  85  22  61 103 103  20  20  49  58  17
   60   8  47 114  91  97  91  61  67  55  18  98
   39  29  12 103  11  66 105  50 101  77  86  85
   86  50  99  41  44  97
   77  30  23  31  51  76  80  23  45 110  69  39
   50  78  22  73  11  13  68  69  90  41  11  72
   84  91  69  97  92  44 107  96  62  51  49  20
   37  97  19  10  48  62  37  25  62  36  12  76
   65  73  79  50 103 103  23  51  90  73  51 102
   33  95  36  99  77   9  81  23  82  51  42  66
   17  61 117  28  66  97 101  46  93  91  89 103
   15  38  36 117  22  80
   13  87  75  86  80  73  66  10  85  84  60  54
   24  88  56  82  80 106  74   5  85  88  24  75
   69  56  47  29  60  72  13 105  50  85  65  50
   35  21  21  70  71  49  55  56 106 116  29  31
   44  98  62  62  50  94  80  47  94  49  54  75
   38  44  25  99  79  74  42  29  29  95  94 114
   78  79  96  53  55 102 101  89  65  28  22  90
   18  64  11  20  26  37
   70  41  38  51  87  36  86  22  88  94  56  65
   90  73  29  64  66  37 108  98  43  17  95  96
  115  84 102  61  72  62  13 103  13  94  45  23
   58  46  12  38  47  22  88  59  37  17  76  86
   43  63  20  64  30 104 102  45  41  77  14  92
   64  79  16  79  35  59  37  49  24  83  18  86
   91  56  99  26  57  83  32 103  96  11 106  48
  105  50  43  93 109  86
   17  91  86  94  58  24  32  34  47  34  26  60
   48  49 103  92  74  97  75  27  35 104  52   5
  113  24  99  49 117  10  31  16  31  51  81  67
   75  92  23  81  25  26 103  71  94 106  28  29
   95  67 101  16  95  77  39  69  81  39  24  64
   64  91  49  58  18  18  13   7  12  45  24  64
   36  66 108 100  39  96  23  45  51  98  42 104
   89  41  96  35  31  65
   17 116  59  97 109  18  30  18  99  30  36  86
   89 113  77  71  83  93  52  25  29 107  94  86
   12  25  73  90  27  72  24  17  67  40  43  41
   98  78  26  29  78  42  96  50 103  65  62  94
   89  28  86  61  81  76  68  90  76  98 100 101
   95  97  51  81  70  76  80  84 105 109  90  61
   13  26  55  37  69  67  23  31  29  17  35  24
   41  98  50  89  35   8
   72  25  92  70  62  69  12  53  99  93   7  39
   33  23  71  81  75  24  14 101  80 115  52  31
   17  23  35  73  20 108  76  71  77  97  55 110
   70  88  91  89  52  42  11  86  78  96  89 112
    6  68 105 112  59  93  84  49  89  42  35  54
   16  14  68  67  65  46  32  46  53  86  67 100
   64  50 110 115  91  73  74  91  17  40  60  30
   36  22  90  95   9   8
   64  16 100  94  21  82  95  92  69  49 106  65
   77  10  80  26  12  21  92  73  88  90  27  44
   89  57  80  31  70  39  47  77  21  69  70  50
   71  99  13 106  86  92  74   5  65  97  38  94
   45  21  90  26  97  89  84  29  93 104  81  57
   60  91  63  90  61  66  69  31  51 101  31  85
   50  85  28  16  66  12  63  56 105  90  54  22
    4  26  23  76  13  82
   49  54 102 100  20  34  41  85  66  24  62 103
   87  81  13 108  68  97  44   8  48  75  80  90
   55  88  31 106  55  62 108  49  70  35  58  48
   34  40  78 113 101   8  33  54  93  55 104  31
   19  89   3  57  47  53  45  67  86  75 100  94
   61  13  71  21 108  17  81  24  43  62  31  29
   86  33  40  78  63  89  72  54  29  86  30  59
   76  49  65 103 110  96
   45  62  12  37  88  84  49  33  79  58  67  84
   54 114  50  61  36  25  32  59  46  35  11  45
   48  84  75   9  85  55  53  64  90  11  12  20
   74  31  18  23  72  98  74  89  21  74  62  26
  101  28  82  23  97  51   9  35  89  85 103  21
   23  41  82  39  99  76  51  39  35  97  53  82
   80  31 108  42  53  35  65  67  49  86  38  42
   37  86  72  87  84  40
    4  73  85  10  44   9  38  65  43  79  51  18
   12  36  28  97  50  88  61  33   3   2  77  64
   45  75  98  46   7  44  83  29  94  11  97   7
   21  22  81  55   7  43  69  21  53  13  19  92
   53  33  22  22  48  90  36  21  88  54  12  96
   12  49  70  61  90  51  91  74  64  98  64  46
   14  70  77  79  90  23  84  53  50  42  31  47
   15  94  66   2   7  34
   12  42  55  97  91  58  13  62  82  74  19  18
   19 100  55  96  98  83  50  31   2  29  43  55
   38  44  71  88   6  35  27  55  25  48  47  64
   19  85  51  98  21  78   8  18  68  60  53  52
   70   8  21  78   4   4  21  40  19  94  30  41
   37  78  16  37  81   8  66  73  52  45  55  88
   82  51   2  35  72  43  59  34  57   7  88  11
   89  91  61  44   9  87
    2  23  32  52  14  30  19  13  59  84  56   2
   33  47  75  29  33  98  83  99  96  11   5   3
   61  35  67  32  62   7  62  90  73  62   5  77
   18  72  48   5  25  72  65  32  81   7  46  80
   52  70  39   6   9  45  74  97  43  33  94  77
   18  86  47  68  13  17  45  12  25  96  56  89
   95  40  35  44  93  64  53  48  53  23  33  17
   90  22  56   5  85  88
   77  75   2  24  47  13  76   5  17  47  25  90
   99   3  24  83  85  32  17  43  13  57  19  88
   34  79  97  47  67  25  36  28  23  20   8  62
   19  71  94  85  63  56  46   6  18  73  32  36
   21  76  78  24  91  38  43  74  79  67  10  78
   93  25  76  58  70  52   7  42  12  84   3  63
   60  32  99  15  37  15  29  46   8  44  33  39
    4  18  97  29  73  34
   77  21  68  76  99   2  67  38  80  52  50  11
   93  49  82  11  64  28  14  15  33  12  59  83
   39  19  32  44  78  86  92  18  41  11  51   7
   89  63  17  12  94  53  15   4  78  12  74  21
   79  77  96  19  94  31  15  31  15  83  52  82
    7  61  95   3  54  77  78  90  11  57  99  70
   90  80  83  90  35  28  67  11  80  94  76  25
   76  35  32  67  72  37
   37  32  36  90  87  94  23  36  78  12  86  27
   42  36   8  76  69   5  62  38  46  50  84  96
   72  53  78  77  36  93  29  76  12  67  48  87
   50  28  11   9  45   3  32  23  29  61  17  27
   94  65  46  91  80   4  41  54  37  18  36   3
   97  33  41  60  63   4   5  34  52  74  50  30
   95  82  16   5  43  90  58  47  65  79  50  66
    5  90  46  87  62  45
   64  39  65   4  58  88  36  79  21  43  18  29
   14  53  78  15  47  85  96  59  54  36   6  81
   86  39  86  95  29  61  38  55  47  82  71  14
   74  59  46  73  51  64  11  81  21   6  42  78
   98  18  53  26  11  22  87  26  34  52  38  75
   22  44  18  48  39  92  31  57  16  48  67  88
   25  91  58  59  90  38  23  93  46   4  57  59
   43   6  72  71  23  15
   48  94  58  15  56  94  42  98  76   9  10  63
   35  15   8   8  83   3  52  49  22   4  68   8
   14   3  93   8  33  85  72   8  87  44  53  59
   68  78  21  12  75  28  84  75  59  61  27  37
   30  78  67  59  84  31  28  53  84  24  51  40
   52  99  71  27  11  82  74  71  35  75  58  85
   41  67  31  52  75  80  45  89  49  93  15  56
   51  65  16  18   3  11
   81  28  63  72  91  47  93  77  65  91  39  86
   92  58  91  55  84  42  93  54   7  57  62  57
   71  46   6  43  80  96  80  33  95  79  48  36
   21  40   4  25  85  63  17   4  14  25  58  16
   51  66  73  27  59  97  38  40  24  66  99  89
   13   4  12  51   7  73  65  31  46  45  47  58
   36  18   4  59  15  99  49  23  62  98   7  35
   40  99   6  15  36  99
   48  27  86  48  17  34  30  88  99  43  77  30
   10  68   7  74  81  30  81  15  54  51   9  27
   82  29  80  61  55  50  14  94  65  98  75  59
   46  19  98  88   7   4  67  18  63  42   2  69
   21  22  94  57  93   1  44  50  24  59  36  17
   77  41  11   8  79  81  77  77  79  61   3  14
   91  52  41  87  16  12  38  66  71  89  69  16
   54   3  32  46  58  35
   44  98  24  30   8  58  42  41  76  78   4  57
    2  12  98  34  95  57  29  78  25  66  45  39
   90  14  15  14  25  36  11  44  97  11  98  83
   50  10   7  86  60  84  81  10  59  17  75  87
   90  98  93  64  45  66  52  34  52  60  54  91
   71  37  45  30  52  94  61  89  18  43  23   7
   40  88  84  50  43  52  12   2  32  92  71  69
   58  67  17  90  35  83
   66  21  86  38  41  87  35   3  73  25  32   2
   40  76  20  54  73  83  65  96  23  97  14 100
   34  78  87  99  68  31  79  17  35  16  46  19
   61  64  32  92  67  29  40  63  73  13  78  58
    2  99  90  27  11  40  14  29  15  92  64  91
   24   1  87  58  77  95  78  31  77  90  24   7
   13  82  46  41  83   8  12  18   5  78  98  68
    2  33  55  12  82  45
    3  51  84  86  34   3  31  49  18  53  79  44
   33  19  34  56  87  18  58  72  37  80  71  61
   39  14  43  56   1  93  76  30  29  60  26  72
   36  77  16  39  21  44   5  99  82  13  83  59
   62   3  28  66  99  59   5  91  81  64  55  79
   68  25  50  72  94  57  36   4   3   4  71  41
   27  76  85  11  76  80  34  60  42  14  92  87
   64  85  79  14  92  53
   48  51  73   2  26  99  34   9  37  21   9  24
   36  82  20  84  40  19  71  72  72  33  15  54
   90  92  95  73  59  24  48  78  38   8  69  62
   60  95  27   9  78  50  47  22  35  14  27  30
   50  34  20  37  70  31  43  22  87  30  48  55
   61  70   9  27  43  93  62  64  64  17  69  32
   61  18  15  81   8  18  25  62  29  92  10  50
   68   5  32  94  77  79
   10  51  93  59  85   7  41  68  66  69  69  34
   29  91  18  17  50  62  79  20  56  46  85  71
   67  75  70  53  22  59  20  83   9  32  72  92
   99  22  81  93  13  49  88  92  93  34  31  37
   39  30  23  44  68  66  46  15  51   3  91  70
   94  89  56  20  17  35  75  91  96  66  81  36
   19 100  59  47  25  97  97  88  76  17   6  85
   34  47 100  66  80  40
    2  85  11  13  70  84  37  14  85  10  21  66
   91  10  61  43  67   5  59  97  34  38  26  83
   78  59  75  55  54  28  69  65  12  22  89  62
   95  39  20   7  51  64  80  97  12   5  23  47
   72  56  31  81  44  11  13  99  95  57  46  86
   56  94  63   5  12  14  26  50  44  49  88  11
   65  76  96   8  93  45  13  55   2  25  21  28
   16  61   5  61  74   6
   25  86  86  81  69  38  24  80  61   6  36  75
   60  29  82  34  94  92  50  42  17  65  93  39
   36  24  41  19  20  67   4   7  44  60  66  85
   74  14  97  97  60  40  68  92  45  78  99  35
   42  47  36  56   3  16  80  67  17  32  62   3
   76  23  84  12  42  97  30  90  30  55  61  45
   85  53   1  86  39  11  19  62  13  25  22   3
   88  67  77   2  86  28
   90  29  43  34  29  41  39  93  19  34  46  48
   87  28  56  33  24  10  37  97  25  31  78  28
   42  62  65  81  52  47  98   8  61  26  39  60
   70  81  82  48  35  71  63  56  13   4  82  74
   59  18  45  56  53  23  31  70  10  66  57  34
   71  72  78  13  35  38  64  80  86   8   8   2
   27  31  16  51  49  18   6  18  42  87  97  22
   97  46  92  82  85  69
   33  65  73  55  27  77  20  84  27  22  51  54
   15  42  85  49  51  72   5  14  66  85   7  19
    1  25  12  58  36  58  96  14  97  20  63  92
   61  62  95  69  55  87  21  58  83  86  35  22
   60  55  88  55  88   3  17  59  64  34  92  19
   49  24  96  31  85  51  77  64  90  26  90  26
   27  60  12  94  59  33  84   7   8  97  13  63
   12  63  62  12   3  20
   87  13  34  13  62  89  71  77  67  77  94  57
   57  68   8  20  34   7  28  85  72  11  57  97
    7  80   5  67   2  92  87  88  80  55  30  50
   36  11  90  35  85  81  16  38   9  12  83  84
   19  38   8  91   9  25  72  45  33  79  79  39
   47  20  69  52  87  86  90  99  93  66  90  48
   67  42   3  19  71  13  95  73  57  13  61  14
   20  72   7  71  84  41
   85   3  48   6   6  86  85  90   8  80  75  27
   18   3  32  46  22  18  65  87  81   4  12  21
   95  78  35  25  77  34  89  91  48  79  77  79
   14  34  80  84  31  70  10  57  16  54  50  22
   22  77  33  47  24  31  34  14  36  13   7  11
   11  22  67  36  41  35  34  22   7   5  26  48
   93  88  56  79  36  43  80  87  82  92  69  80
   70   7  60  22  85  95
   32  84  13  48  51  41  99  51  15  26  96  81
   75  95  42  35  27  78  89  17  39   3  54  82
   85  92  85  45  97  12  37  38  38   9  49   4
   46  17  21  24  57  72  93  25  32  22  17   5
   98  50  14   3  52  23  30  54  16  70  76  66
   95  99  39  38  44  70  87  72  60  18  37   8
   42  55   8   4  23  47  32  12  98  73  42  81
   82  89  15  10  99  97
   47  96  13  26  88  22  16  16  48  60  13  55
   31  97  29  91  94  90  28  32  18  21  79  59
   22  58  26  80  41  74  55  32  82  45  48  61
   42  11  89   5  25  19  29  98  48  11  79  17
   70  87  19  88  10  17  18  90  18   6  23  57
   58  19  40  17  53  45  50  83  68  10  80  17
   69  29  84  89  43  98  44  58   6  29  52  89
  100  92  83  35  93  26
   53  54   2   7  86  85  68  26  47  88  56  15
   24  30  96   8  49  20  59  96  67  42  33  21
   49  21  71   2  54  42   3  56  37  82  44  56
   85  67  27   2   2  94  70  52   9  60   7  86
   90  28  99  51  57  56  61  44  30  43   6   8
   51  97  37  83   7  98  30  90  64  48  77  76
   20  78  79  27  52  28  48  53  85  32  87  60
   42  57  38  15   9  23
   57  58  97  72  17  31  57  76  31  46  35  24
   61   5  68  46  74  82  84  43  63  78  96  66
   57  36  38  96  23  49  62  52  24  93  97  82
   45  87  93  86  36  18  29  18  88  37  40  92
   17  75  28  94  19  63  96  68  22  18   1  96
   79  76  35  78  12  40  54  71  75  11  54  22
   40  83   2  74  66  68  41  45  57  17  77  71
   77  24  44  29  21  71
    140   143   138   130   146   140   144   139   148   142   145   139
    147   136   164   133   144   142   147   150   140   140   151   143
    153
