 40 200
  102 101  67  79  38  19  67  40 110  81  51  90
   66  60  11  34  70 105  84  54  46  44  79  91
   96  37  72  23  39  88  24  27  30  78  25  54
   43  84  75  79 114  63  82  71  70  47  95  96
   21  85  83  80  70  71  50  65  66  88  53  53
  104 103  42  41  87  95  47  66  70  88 109 103
   32  99  79 104  80  24  71  77  70  75  12 110
   85  87 110  92  18  44  31  21  24  58  38  22
  110  71  69  13  37  49  46  48  80 107  21  24
   94  90  33  92  15  52  90  26  86  24  25  88
   46  40  22 106  34  70  68  86  78 100  66  28
   57  98  39  10  56 104  23 107  47  62  96  39
   88  48 110  55  71  99  43  48  70  71  38  24
  110  16  48  50 105  81  75  88  10  15  47 101
   93  86  21  72  32  16  78  33  70  64  73  81
   93  92  26  69  66  36  61  69  52  28  96  27
    6  45  74  31  29  15  87 105
   90  52  43  16  17  23  36  83  53  51  53  94
   43  88  38  65  96  62  75  81  85  50  68  21
   80  58  28  92  36  29  39  39  63  91  57  49
   62  50  92 109 108 100  97  34  25 106  29  71
   70  88  62  18 107  92  18  65  61  62  55  53
   37   9  16  99  21  57 101  42  64  40  57  24
   95  29  91  48  48  20 110  38  76  63  84 100
   73  81  64  22  75  67  99  74  82   8  69  23
   95  75  85  47  94  81  85  55  22  45  90  47
  102  37  39  53  23  59  14  80  72 108  75  61
   96  27  73  82  48  96  91  63  98  82  79  54
   45  46  47  75  59 100 102  80  61  31  22  72
   65  48  39  68  75  63   8  75  33  32   8  13
  101  47  38  14  83  87  37  55  87  26  51  36
   79  88  80  60  13  90  32   4  93 102  51  34
   58  19  88  55  39  55  32  75  53  31 115  79
   57  61  70  21  12  92  72  48
   24  48  18  91 100  20  91  93  21  82  22  45
   91  26  61  88  77  31  57  93  82  52  41 102
   53  69  84  48  78  38  60  54 103  17  37  54
   95  63  70  89  19  99  11  75   6  99 109  96
   20 104 102 105 111  16  22  87  70  89  23  56
   82  29  16  80  37  73  39  93  85  23 102  41
   18 100  26  40  62 103  20  37  28  40  85  48
   11  85  34 101  96  48  62  73  19  24  28  14
   30  82  67  17  39  82  37  95 100  31  16  86
   26  86  79  77  31  99 107  50  45  29  19  72
   82  28  49  65  38  70  80  20   7  70  90  93
  100  89  38  98  16  55  46 100  27  92  34  44
   30  32  78  95  79  95  63  85  73  94  31  76
   65  33  80  62  35  43  55 105  36 108  35  98
   28  23  45  26  29  90  47   3  33 102  82  50
   44  28  77  87  34  59  91  75  87  60  35  52
   80 108  25  81  93  69  12  79
   55  34 110  31 106  32  76  63  24  40  61  13
   38  57  31   7  89  28  23  85  96  98  10  65
   64  23  80  95 100 115  73  96  62  63  66  69
   44  20 104  43  26  42 117  46  37  36  16  15
   22  46  19  83  18  48  42 100  43  86  72  28
  112 109  61  82  18  17 115  91  48  73  57  80
   75  32  45  26  77  10  23  42  98 100  19  56
   80  54  29 104  76  50  49 102  79  29  98  99
   27  34  45  18 102  98  55  14  90  34 103  58
  102  37 107  95  54  31  28  82  41  79  71  15
  106  36  67  56  58  29  27  70  45  42  30  90
   64  51  58  67  33  69  96 100  32  39  75  31
   32  59  68  47  21  26  32  55  37 104  50  15
   54  98  68  37  79  57  76  12  58  56  70  59
   84  96  46  57  90  57  84  72  35  28  18 108
   45  35  11  66  26  39  19  35 106  92  43  19
   87  24  24  61 105  35  50  35
   93 106  63  16  79  74 107  43  83  91  31  77
   38  36  32  14  61  34  46  70  91   8  35  48
   75  23  24  70  72  12  61  44  97  26  33 101
   76  42  96 108  30  98  23  86  67  77  94 108
   74 100  10  38  50  18  75  18  63  58 113  72
   97  95  99  54 108  81  99  73  65  37 115  24
   71  81  99  42  98  43  97 110  74  83  69  54
   78  73  64  53  67  49  87 102  23  99  75  70
   23  87  41  29  62  93  64  20  24  38  79   4
   44  10  38  98  93  35  21  91  34  91  99  34
   79  28  62  73  80  87 107   7  39 105  90  68
   65  28  75  59  87 101  57  24  85 111  50  24
   32  96  77  89 110  82  95  91 101  15  33 101
   33  28  72  60  88  86  47 103 106  19  47  76
   74  49  32  99  57  12  94  66  83  19  40 103
  105  29  50  25  45 102  36  66  11  61  22  50
   51 109  24  35  46  98  75  66
   96  65  63  16  53  85  56  30  25  46  68  10
   26  48  98  61  97  84  20  39  71  86  27  42
   18  62  23  73  40  13  76  89  24  62  25 104
   85  24  30  88 104  96  21  51  90  27  52  72
   16   4  69  72  20  89  39  31  72  82  96  39
   26 101  43 107  39  81  89  42  60  47 108  47
   63  47  63  20 106  86  23  58  37 100  38  93
   29  29  94  35  80  22  37  69  97 107  62  20
  113 113  90  22  48  82  68  75 107  71  90  88
   44  96  97  91  55  30  19  90 106  18  65  44
   72  87  96  54  48 100 103  34 102  14  57  16
   23  82  76  45  93  39  91  47  94  68  52  26
   59  98  98  56 104 107  40  53  77  54  65  47
   46  91  77  84  12 109  60  12  56  38  27  66
   28  61  55  68  50  55  73  89 101  79  33  60
   17 107  91  47  50 108  34  74  66  51  56 100
   15  35  72  82  73  23 108  92
   46  29  84  33  14  24  49  59  81  63  77  45
  107  38  95  16  36 100  53  94  34  57  84  99
   31  48  51 105  30  87  38  60  53  68  39 104
  106  75  49  23  10  91  69  85  19  37  90  24
   19  79  59  25  80  68 119 105  21 106  12  64
   78  75 103  51 100   7  31  14  39  66  72  72
   31 103  52  85  57  96  78 102  65  79 107  54
   89  62  81  83  45  91 104  26  59  48  67  37
   18  89 106  46  95  65  64  37 110  81 106   9
   71  84  88 115  24  66  82 109  64  84  37  35
   34  66  75  35  77  52  94  80  87  82  33  48
   41  15  73  60  79  73  46  24  28  45 104 110
   58  68  12  59  33  83  70  72  52  95  71  57
   42  72  34  49  41  17  55  84 102 101  62  32
   18  43  71  76  71  26  54  55  18  53  78  65
   41  43  88  78  64  27  59  40  18  37  66  88
   59  73  39  83  49  36  81  75
   10  51 104  98  86  84  64  83  78  23  39  38
   72 103  16 103  85  46  53  66  87 104  40  40
   16  15  90  31  17  74  13  72  24  51  41 108
   41  81  37  91 102  18  53  99  11  47  73  89
   95  62  66 112  58  52  35  24  46  82  24 114
  100  23  35  59  88  76  52  63  85  70  93  61
   76  26  45  78  78  71  18  64 113  65  78  65
   96  89  76  68 105  85 114  76  74  13  43  74
   84  46  23  85  40   9  40  52  42  52  55 112
   98  17  91  13  45  74  47  47  27 100  66  94
   17 105  65  55  61 103  22  64  89  84  13  34
   67 118  96 104  40  18 104  27 110 105  16  14
   28  12  96  15  88  62  48  45  20  43  35 111
   20  78  51  45 109  12  43  93  84 105  43  22
   71  99  34  78  37  77  51  67  25  38  48  73
   86  79  60  39  40  22  46  30  72  20  12  63
   82  88  54  40  19  25  61  63
   85 104  30  81  60  43  49  99  61 112  69  70
   70  63  41  81  99 110  56  89  89  42  85  39
   10  12  30  24  90  38  99  64  41  93  55  44
   68  71  97  24  36  20  22  45  44  71 107  61
   93  82  44  68  45   5  46  76 107  92  61  58
   78  70  78  97   9  29  20  24 102  70  68  57
   72  39  47  41  59  30  31  33  66  29  37  32
   93 103  79 107  98  32  31  78  56 103  80  91
   20  89  74  35  81  33  77  33  50  64  95  33
   52  21  26  13  14  66  68  94  35  35  99  12
  115  28  54  64  79  35  84  40  54  89 116  15
   99  79  24  49 104 113  28  75  19  76  71  16
   70 111  18  54  64  78 104 104  21  96  29  12
   23  98   6  61  28  27  25  38  91  23  40 102
   31  84  78  29  55  93 102  21  93  42  19  26
   15  67  27 100  64  52  88  54 103  53  79  52
   55  33  33  22  18  41  85   7
   63  62  77  75  90  51  23  42  83  67  62  43
   25  15  99  66  10 115  67  22  82  18  95  80
  104  26  61  95  44  31  58  63  40  82  24  17
   88  34  95 114  92  75  56  99  27  44  22  27
  102  55 101 100  73 108  58  68  15  64  97  31
  104  62 106  97  98  64 117  97   5  37  99  99
   55  65  66 115  81  96  10  19  81  81  69  85
   68 107  57  72  62  71  98  92  22  22  87  52
   51  98  31  89  48  16   9  25  23  91  30   7
  114  29  54  18  38  46  79  85  74  87  27  82
   23  99  94  36  87  47  11  96  47  75  52  81
   52  96 112  23  27  44  72  21  62  47  10 111
   45  19  84  55  48  38  78  72  84  78  20  86
   70  42  68   3  97  67  74  48  29  37  63 105
   98  94  51  91  15  24  84  53  91 111  58 100
   79  67  84  32  20  22  64  78  62 101  12 100
   73  45  68  76  47  22  74  26
  103  54  27  53  37  83  25  57  60  37  88  15
   28  62  24  41  87  85  49 103  59  73  74 100
   87  32  94  16  56  90  83 112  29  76  56  71
   89  17 102  37  44 101  82  93  15  76  86  83
   90 112  94  90  70  21  38  21  47 106  17  38
   82  42  81  66  86  18  74  54  39  25  48  23
   75  31  44 103  77  11  96  97  16  15  64  35
   54  53  43  21  27  20  95  62  94 105  98  67
   76  45 110 105  33  90 109  83  98  73  20 108
   98  31  36  12  48  94  44  21  73  97  56  85
   89  19  45  75  23  29  19  41  29 103  30  72
   75  60  53  80  98  94  55  56  26 101  15  91
   36  79  79  95  96  21   7  43 104  86  63 104
   28  75  71  73  28  60  78  82  73  83  23  45
  103  40  18  93 107  71  18 103   6  35  37 106
   66  89  75  78 115  55  82  15  80 111  22  91
  101  60  23  21  94  41  69  60
   69  64  68  41  36  99  84 114  31  28  89  49
   29  76  47  44  56  94  77  51  91 100  51  99
   31  14  56  49 101  53  13  18   7  30  35  30
   63  94 110  93  39  61  85 102 102  51  91  34
   12  66  24  46  58  16  67  45  29  50  37  58
   87  84  89  20  45  21  89  66  32  63  98  19
   93 116  35  82  64  35  64  63  97  74  71  20
   58  36  93  64 103  39  22  21  89  98  22  93
   23  62  94  71  46  47  91  11  35  16  80  44
   36 110 104  57 115  62  79  72  51  79  35  61
   76  83  93  97  14  51  34  40  46  91  51  68
   46  50  46  29 102  39  63  13  77  38  35  91
  106  48  70  27  23  72  31  77 106  61 112  72
  100  68  49  40  72  50  20 115  73  29  48  57
   22  68  64  26  72  40  15  52  14  75  63  44
   51  54  23  35  78  57  81  24  86  69  42  76
   23  42 104  97  66  27  76  57
   62  99  70  79  64  53  79  36  70  29 105  95
   43  79  10 113  49  12  11 101  94 104 113  19
   11  35   9  98  70  25  60 108  90  72  66  91
   34  92  80  55  95  43  42  65  27 106  28  84
   30  70  49  39  79  55  28  18  67  39  34  31
   28  50  23 112  63   6 108  64  74  62  86  40
   23  25  80  68  20  57  92  11  52 104  50  19
   16  37  83  60  23 109  44  13  17  33  67  51
   74  32 108  58  84  62  31  69  48  91  19  20
   60  44  36  88  12  12  92  54  38  63  59  65
   76  78  52  42  29  32  69  59  42  49  49  25
   76 106  95  39  69  57  55  34 105  65  75  16
   44  27  89  44  62  15  69   8  42  29  74  32
   66  84  65 113  78  53  42  44  53  92  92  65
   18 117   4  90 109  57  87  90  27  29  57  82
   48  44  12  26 115  90 107  82  59  85  71  34
   83  60  24  14  24  37  38  62
   47  22  58  86  14  85  24  80 103  92 113  43
   60  41  62  71 103  74  42   8   7  84  41  60
   82 107  86  47 100  52  78  88  67  63  58  53
   61  61  37  99  84  88  50  25  50  36  65 103
   48  62 103 106  88 108  92  38  57  86  46  65
   72  50  38 102  34  25  23  93  37  42  24  64
   29  94 108 108  80  48  38  90  16 107  46  35
   54  75  90  19  12  30  81  40 104 100  83   9
   59  63  21  17  68  41  75  86  71 101  60  83
  108  82  53  61  77  65  61  81 109  94  90  89
   37  30  46  61  86  32  26  34  96  66  27 113
  108 108  81  17  21 103  97  59   3  16  81  68
   85  42  18  19 111  20  62 106  88  58  31  99
  108  94  99  32  72  25  31  39  49  19  14  47
   68  70  90  88  94  38  95  84  68 109  27  58
   49  60  16  78  72  88  10  30  27  80  31 111
   23  12 103  99  61  79  65  68
   61  22 101  55  37  22  25  74  68  81  22  50
   12  56  23  93  35  49  54  65  28  87  12  68
   90  19  90 110  80 104 100  70   9  26  66  64
   84 106  48 100  48  64  40 106  79  34 114  58
   12 101  79 100  93  17  93  75  30  49  12  58
   59  62  91 104  56  59  56  76  89  70 107  43
   47  12  69  15  89  62  28  13  30  70  54  59
   42  86  35  25  12  84  86  82  41  32  64  52
   47  71  19  37 100  97  33  70  33 107  90  45
   45   6  44   5  36  59   7  73  39  42  63  83
   83  94  77  51  73  41  46  77  68 107  99  92
   66  35  87  48  13  80  53  23  56  50 111  18
   57 115  21  43  12  13  47  15  12 103  14  29
    4  53 101  29  31  17  67  12  68  31  20 104
   91  97  22  52  27 103  77  79  97  66  62  98
   46 102  66  85  61  97  98  61  16  20  80  54
   34  81  67  56  55  48  13  23
   48  60  51   7  75  15 100  42  93  80  74  64
   13   8  69  30  23  37  58  34  48  38  94  34
   83  31  92  75 108  80  98  38  33   7  66 105
   60 111  85  57  35  34  41  15  80  76  24  93
   97  69  59  53  26  98  91   8  68  32  27  75
  101  92  68  89  86  47  40  65  98  95  81  30
   35 102  36  66  91  88  80  53 100  58  77 109
   17  44  41  99  53  10  71  35  20 109  64  78
   31  23  93  60  32  23  74  82 114  30 100  74
   86  50  23  13  92  23  55  45  82  95  85  51
  116 103  46  14  63  53  63  48  23  18  67  77
  100 100  42  36 113  32  75  63  87 117  31  13
   76 104  34  83  43  56  66  63  43  55  91  33
   93  66  49  37  68  10 101  94  26 104   7  48
   56  35  81  54  35  95 105 112  73  28  95  80
   22  85  85  78  90  69  49  34  30  68  83  51
   27  21  20  94  48  99  89   5
   57  39   6  19  56  20  23  99 109  60  64   7
   90  81  54  63  91  22  50  55  79  62  34  43
    6  34  18 104  28  72  40  39 115  66  24  18
  104   7  29  17  37  77  54  23  42  25  47  28
  102  69  51  54  83  72  67  67  95  88  31  69
   27  56 103  58  45  68  72  32  47  55  74  45
   38 103  57  70  73  45  48  19  52  79  30  18
   66  90  91  54  90  20 107  13  72  64 102  73
   79  80  66  58  17  78  40  23 109  54  88  63
   17  75  49  73  38  28 102  42  28  17  81  37
   85  25  42  70  96 112  90  99  98  99 100  32
   34  39  57  26  30  46  28  98  68  75  67 103
   74  31  84  59  62  64  90  94  16  19  88  36
   61  97  24  53  17  41  94  11  89 107 105  89
   34  75  28 109  45  97 101  93  58  25  73  51
   87  49  80  59  76  97  86 108  97  53  40  11
   51  82  62  48  65  43  20  91
   48  73  90  73  50  55 103  68  65  31  34  63
   40  16  28 100  57  31  76 100  58  18  49  26
   36  42 100  60  94  27  83  50   5  81  54 102
   98 108  12  89 111  25  32  17  95  77  37  21
   85  99  48  31  83  46  31  27  46  94  67  21
   36  99  88  17  73  63  18  87 103  64  49  22
   52 106  33  98 106 110  60  84  95 107 107  22
   49  98 109  25  19  57   7  74 100  30  94  30
   26  70  75  37  13  48  71  17  60  66  29  77
   46  90  69  82  74  46  63  83  26  49  59  89
   65  84  44  14  97 109  90  45  33  74  14  25
   59  17  69  85  45  93  91  47  85 104  37  86
   14  87  70  68  24  69  87 111  73  46  33  46
   80  11  32  71 106 102 108  41  92  59 111 116
   59  61  11  77  96  44  54  67  84  21  36  47
   94  65  66  65  96  72  85  26  41  23  26  80
   78  93  49  55 104  45  92  45
   27  62  30  89  96 105  48  51  91  35  31  62
   58  40  54  60  52  67  39  87  42  89  41  18
   28  53  99  37  74  49  71 100  25 104  37  11
  101  57  93  44  12  67 103  29  97  75  25  57
   65 104  18  59  39  92  61 107  84  27  98  34
   49  83  87  92  97  31  52  11  37 106  35  28
   53  79  94  70  15  86  34  40  27  17  79  82
   40  49  68  98  19  73  27  97  55  69  19  80
   75   8 105  55  68  85  54 102  44  37  69  15
   73  41  33  92  85  51  71   6  29  27  28  36
   14  19 112  40  94  52  49  93  60  97  64  71
   42  58  82  99  52  68  92  49  22  68  22  81
  105  74  39 113  53  89  87  88  99  31 101  42
   97  19  25  17  62  31  88  29  44  90 100  83
   60  56  13  17   6  50  12  34  52  33  49  33
   39  86  94 100  39  73  80  71   9  94  93  95
   63  90  30  88 100  29  59  20
   31  37  25  61  93  30  92 102  66  41  46  58
  107 111  17  52  31  78  98 102 100  69  73  59
   64 108  40 110 108  93  52  53  33  97  96 101
   92  63  90 104  91  92  94  44  53  82 109  57
   54  73  67  31 103  15  95  31  45  18  53  36
   60  17  20  38 111  92  97  42  16  84  35  29
    7  26  66  94  40  23  46  67  65  15  14  48
   44  78  57  54  11  38  19  55  59  22  58  19
   70  44  67  21  84  36  46  16  36  79  24  30
   70  58  82 104 104  23  22  34  59  99  15  69
   99  72  62  71  51  33  70  58  85  91  47  62
   43  74  66 105 118  75  86  72  20 108 105  72
   93  38  70  94  73  82  92  80  53  77  41  25
   55  89  17  38  45  40  40 103  29  85  96 101
   58  36  95  81  75  16  92  30  55 100  43  66
   25 106  29  44  95  77  78  54  96  12  39  38
   24  47 106  69  62  48  19  63
   46  66  70  57 114  18  42  56  17  72  40  16
   75 114  70  83  31  47  78  70  98  60  94  90
   44 101  71 103 105  66  63  67  36  89  29  42
  100  13  32  77  94  74  71  59  68  41  19  61
   47  41  78  74 105  84  28  95  69  21  98  28
  106  33 109  88  86  33  62   6  16 105  19 106
   40  54 104  22  85 106  54  85  40  72  52  55
   23  86  39 107  43 100  27  86  28  37  24  76
   12  74  84  82  45  76  81  59  68  90 118  18
   40 108  74  75 105 101  33  49  68  83  61  41
   98  35  15  78  86  95  57  43  10  48 113  31
   18  40  34  13  59 100   9  64 110  44  93  42
   43  60  98  11  58  74  54  92  35  60  15  36
   78 102  70  69 112  51  25  86 113  12  76   4
   47  79  10  74  13  46   9  85  85  48  47  98
   69  70  72  60  64  70  26  39 100  58  78  70
   82  81  37  46  49  90  40  45
   34  71  30  53  87  94  97  91  21  38  82  41
   26  24  35  66 100  89 113  28  71   7  40 101
  109  24   7  42  37  53  49  58  36  73  33  97
   41  25  86  41  29  47 108  90  44   9  20  83
   61  81  14  29  33  91  43  98  30 102  73  97
   20  90  52  69  62  94  78  52  21 105 111  81
   87  70   5  90  18  58  50  65  78  29  31  76
   58  81  97  39  54  50  45  37  91  10  35  82
   99  64  75  67  18  62  24  81  66 101  98  48
   16  24  32  68  45  62  37  40  53  65 113  77
   35  23  33  72  44 100 105  70  23  18  17  38
   22  50  52  34  57  92   8  56  31  17 100  99
   51  30  22 111  75  34  44 101  44 109  27  91
   48  54  19 103 101  79  54  70  86  58  31 108
   50  34  77  48  52  89  66  12  48  27  38  64
   11  59  98  85 111  82  80  51  95  24  64  73
   46  87  95  20  22  79  69  79
   32  18  28  73  18  73  18  48  20  11  16  32
   24  99  29  62  40 103  26 103  30  64  43  60
   69  77  20  47  74  29  39 117  51  49  36  84
   62  76  63  66  49  71 105  44 102  20  27  14
   19  13  62  43  34  72  45  77  74  74  22  96
   30  32  59  78  58  56  70  72  97  47  73 103
   18  28  74  17  28  28  40  25  26  40  66  83
   53 108  15  38  79  91  47  32  73  48  37  24
   38 104  97  86  55  52  73  10  12  29  87  36
   43  91  34 104  11  13  69  72  37 102  36   9
   32  77  40  38  32  62  19  80  18  26  66  53
   16  37  68  47  95 101  32  48 114  57  75  40
   56  99  54  57  46  18  55  54  97  78  49  59
   88  99  70 113  63  98  20  76  28  87  84  84
   96  51 114 100  91  69 107  74  73  63  67 103
   33 104  40 103   7  77  77  64  74  29  39  71
   21  54  45  66  57  30  89  66
   42  27  25  60  43  69  12 102  86  92 116  64
   99  86  25  47  69  95  28  52   7  29  66  77
   90  48  93  23  53  14 105 106  70  15  12  85
   94   7  29  57  58  52  47  34  70  13  57  69
   25  65  87  59  86  26   9  95  88  93  25  10
   94 104  90  50 112  52  63  29 105  71  54  31
  102  55 100  28 103  36  55  84  74  82  71  46
   51  10  75  96  82  43   5  83  78  32  23  46
  108 103  22  47  81  63  63  30  23  40  83  50
   60  76  40  32  57  55  42  50  59 100  51 101
   48  54 109  46  29  56  21  35  80  87   7  45
   45  25  62  32  58  49  15  42  44  75  53  53
   75  21  83  13  35  22  93  70  91  30  26  56
   67 100  88  58  86  26  61  44  54  95  90  37
   31  82  54  43  76  55  37  68  73 102  72  74
   97  13  46 104  52  12 109  20  51 105 107  38
   33  58 107  22  29  96  69  88
  100  34  51  92  68  80  39 105 103  40  79  71
   59  20  88 101 103  15  61 101  61  43  23  60
   17  18  43  94 110  52  87  73  82 113  97 106
   29  55  95 100  64  54  99  60  24 102 106  28
   35  54  90  63  86  74 104  41  25  72  97  23
   55  52  96  56  77  16  27  98  51  44  35  33
   54  94  20  91 100 102  59  36  46 103  53  49
   40 105  36  70  48  82  35  41  80  18 107  71
   20  59  37  44  69  83  90  61   6  58  73  80
   89  19  44  40  35  41  64  74  55  18  51  81
   64  64  38  82  65  47  99  34  88  75  82  96
   98  51  61  19  37  43  57  39 104  45  75  23
   98  82  40  19  14  25   9  70 105  34  19  25
   24  55  86  39  80  24   3  36  19  63  60 104
  105  62  88  50  42  99  52  35  71  43  76  17
   29  24  63  36  53  87  94 104  74  39  84 103
   29  61  70  74  43  34  85  34
   56  74  43  61  65 113  54 105 102  38  70  58
   92  52  63  25  32 105  22 108 104  50  23  76
   69  39  76  58  39   5  19 100  69  82  47  77
   98  30  81  99 108  25  81  63  36  89   9  43
   88  64 105  16  66  11  57  83  37  36  51  65
   64  48  38  41  25  91  81  79  60  38  57   3
   10 116  55  56  59   4  74  89 111 108  24  96
   59  70  27 102  23 106  96  46  37  54  81  79
   30  56  18  38  38  31  71  41 111  66 105 107
   34 103  11  39  52 113  49  37  75  81  39  26
   77  37  84  53  66  14  64  23  58  84  67  46
  105  62  95  50  72  63  82  90  49  26  11  61
  101  50  56  93  48  35  47  25  93 103 102  96
   22  19  33  45  99  50  82  72  35  39  40  22
   79  98  94  96  98  97  64  66  51  27  32  74
  104  20  42  90  43  92  45  66  95  40  23  16
    8  42  71 108  54  36  58  64
   74  82  63  45  39  53  61  36 109  17  62  84
   27  65  23  11  18  32 115  34  24  91  59  51
   55  97  26  61  33  84  34  65  66 105  36  43
   59 101  53 112  22  81  17  98  53   3  48  37
   50  80  42  52  93  35  58  26  74  59  52  37
   57  91  45  11  36  10  51  29  91  48  35  31
   43  87 109  63  91 105  41  49  71 101  23  31
   67  53 101  54  76  20  89 100  82  19  16  37
  104  73  55  47  65  82  73  76  23  66  88  89
   83 104  67  15  46  20  65  36  56 110  92  42
   11  43 104  36  21  15  93  89  81  30  33  65
   84  12  95  73   9  81  18  62  61  63  92  80
   23  41  55 113  62  57  60  95  42  96  26  72
   52  64  61  33  34  43  13  49  56  21  85 110
   63  80  45  27  25  29  62  30  64  91  20  12
   14  75  69  42  18  26  55  92  26 111  30  96
   26  60  77  27  66  74  90  13
   61  78 102  61  72 108  74  79  89  99  29  96
   26 108  28  37  58  77  85  49  33  53  12  89
   31  64   7  90  84 106  70 100  45  82  72  39
   14  89  78 100  49  18  67  96  83  15  69  26
   78  58  18  29  76  67  49  33  51 104  81  28
   65  96 100 109  67  34  15  72 105  35  97  64
   95  77  42  85  38  81  56  51  69  78  54  32
   44  40 115  30  87  99 103  66  39  37   5  66
   90  37  72   4  34  30  56  91  87  22  60  86
  110  13  44  36  53  79  96  25 115  89  30  83
   82  90 100  27  59  72  41  95  97  33  66  91
   76  32  91 104  49  73  97  22  25  66  56  42
   69  84  87  84  74  41  14  51  73  99   8  69
   33  41  95  54  68  79  37  39  34  65 108  42
   99  53  59  50  22  46  34  50  39  49  84  34
   78  70  30  56  66  65  68  79 116  49  43  47
    4  60 105  86  50  69  66  29
   42  95 106  29  95  40  62  39  58  97 104  35
   49  27 109  11  42  26  30  52  44  61  99  39
   72  55  46  82  60  99  27  92 110  84 108  43
   67  64  43  25  70  35  81 103  91  42  55  74
   61  42 104  27  73  46  49  64  82  57  91 118
   71  11  38  61  58  97  97  90  93  98  19  59
   20  89  19  94  30  76  54  77  74  62  83  16
   55  57  31  37   9  88  80  56  94  57 102 107
   60  51 104  28  72  59  44  79  80  73  17  87
   97  27  61  53  61  21  60  14  89  73  40  73
   64  31  27 111  29  37  72  24  70  24 109  93
   20  59  96  61  90  82  71 115  54  26  35 101
   35  96  33  37  90  49  74  89  67  18  47  82
   68  46  27 111  66  30  29  84  14  98  91 101
   44  55  97  57  36  54 108  18  92  23  56 101
   55  43  69  82  12  46  19 102  32 101  62  64
   45  67  76  93  88  73  24  36
   32  82  42  37  69  58  60 108  66  46  74  49
   83  95  14  56 107  15  40  68  74  64  80  92
  100  49   9  21  35   3  81  17  87  79  29  82
   82 108  39  95  78  17  37  51  77  67  83  40
   50  63  74  33  88  93  47  50  79  76  49  95
   29  76  68  44  74 106  88  74  75  62  32  50
   82  48 112 106  30  53  66 100  60  96  99  97
   21  81  62  12  86 115  37  58  97  80 102  65
   85  56  36  20  22  72  30  46  70  88  71  26
   92  22  11  29  31  69  67  16  59  61  19  69
   31  23  46  42  14  44  55   9  92  79 100  56
  111  50  23  53  29  68 105  78  58  67  28  96
   33  89  85 115  58  43 107  73  82  85  64  94
   86  17  97  28  66 104  52 108  97  65  83  83
   52  41  86  40 115  78  71  94  74  30  48  30
  108 101 117  18  16  77 103  90  88  72 100  32
   17  68  63  33  89  90 102  87
   81  34  31  46  48  97  53  50  32  23  57 100
   40  88  16  16 101  52  75  50  53  79  42  52
   56  23  53  43  16  78  21  85  23 106  99  50
   98  78  29  51  20  21 111  87  20  57  23   9
  104  27  32  61  62  19   7  62  46 105 106  54
  112 109  29 102  91  34  46  40 104  65  23 104
   36  44  66  95  37  84  70  24  59  94  70  83
   50  88  53  31  28  37  64  29  91 104  20  68
   53  78  18  26  95  89   6  57  66  53  48  88
   79  37 106  92  30  87  77  23  65  35 109  39
   29  80  92 111  98  49  23  10  52 106  81 109
   37  31  39  76  56 101  43  14  91  44  98  78
   81 104 100  85  52  26  24  20  12  84  56  69
  100 106  24  31  58  48  82  21  91  22  71   8
   54  32  78  56 104  86   9  65  61  59 102  17
   78 105  76  54  44  14 101  30  62  88  67  39
   33  85  69   6  90  44  49  16
   45 103  81  50  45  31  72  22  26   8  81  71
   50  14 103  58 115  86  93  20  96 105  21 115
   72  48  38  82 117  52  53  58  87  90  59  93
   54  22  60  29  91  76 106  90  71  30   3  97
  104  31  74  34  81  92  28  57  69 102 102  34
   97  75  45  73  14  32 113 100  83  27  93  26
   11  20  81  91  82  80  76  66  38 108  96  89
   45  55  96  51 100  93  97  45  48 112  70  99
   45  50  90  28  71 105  52  55  44  96  66  55
   42  45  45  69  39  23  17 109  29  52  34  37
  107  60  44  79  89 106  52  39   5 102  10  78
   22  42  58  38  76  12  83  82  74 107  32  85
   46  15  41  34  57 104  78  38  74  62 102  40
   82  77  32  51  50  92  29  15 115  13  31  15
   85  23  54 113  98  27  74  97 101  43 108 101
   67  17  52 112  77 102  94  65  11  66  12  23
  103  78  35  36  34  24 113  90
   62  40  33  66  23  41  17  41  49  59  18 103
  104  94  28  93  84  30  70  64   6  19  34  84
   75  81  34  30  32  50  94  41  76  54  88  69
   81 106  35  15  25  33  43  98  74  96  89  81
   24  63  94  78  55  14  91  65  19  22  21  51
   16  47 106  71   8  23  82  90  69  42  96  53
  101 112  74  46  37 103  15  88  67  99 107  40
   82  23  41  78  14  36  59  56  60  15 110  68
   10  61  95  44 100  63  36  74 114  76 104  42
   27  31  84  91  93  72 103  84  83  88  35  40
  110  81  65  57  80  34 108  11  62  82  40 111
   74  86  49  92  43  39  34  82  42  73  92  25
   36  77  80   8 111 103  52  30  70 113  19  53
   54  34  13  33  78  86  33 106 102 106  34  87
   18  36  93  84  78  47  56  68 110  15  73   7
    8  65  89  81  27  90  70  75  19  97  38  31
   57 106  72  43  86  25 107  90
  100  15  98  98  56  52  65  99  85  71  38  35
   16  79  20  85  56  30  32  88 116  93  24  53
   11  84  61  19  31 115  56  36  50   9  37  85
   89  95  57 104  66  62  73  57  97  25  18  62
   29  52  27 107  19  24  43  72  94  68  64  29
   41  94  92  62  66  89  73  87  80  63  88  11
   35  73   8  68  39  27  75  73  70  46 106  64
   81  63 106  16  30  60  34  91  15  53  58  29
   18  50 116  34  18 106  69  25  61  16  34  35
   30  58  50  28  53 105  80  32  95  64  87  36
   30  87  98  17  25  27  61  23  35  60  21  75
   93  18  71  83  97  43  42  52  43   8  65  95
   68 100  18  80  35  37  94  24  25  84  33  77
   42 105  54  19  50  92  77 103  79 105  67  16
   55  62  84  89  85  68  58  72 106  22  93  21
   87  73  98  32  45  42  88  42  76  80  49 107
   75  37  75  72  83   4  45  91
   68  90  43  38  47  73  37  92  98  67 110 102
   51  64  20  44  34  14  41 103  56  87  45  76
   48  19 109  49  81 113  51  59  87  31  45  13
   53  97  25  48  93  72  50  52  59  59  55  45
   81  20  59  93  94  42  79  55   8 103  71  42
   76  17  35  12  91  97  88 112  68  76  31  27
  100  94  79 104 103 102  16  46  69  41  57  81
   13  42  84  12  89  44  96  49 115  79  36  57
   27  33   5  84  38  73  80  77  67  66  27  25
   49  42  85  14  81  87  37  34  79  32  25  32
   25  42 112  81 111  92 102  62  60 105  77  95
   10  35  41  45  95  51  57  80  60  45 111  15
   82  63  47  99  22  62  70  62  57  28  85  38
   49  78  16  55  39  60  53 111  69  30  77  14
   97  34  18  18  67  73  41  94 101  94  34  42
   23  17  45  67  73  66  81  51  72  46 108 100
   28  64  78  58  59  21  56  33
   48  43  33  29  11  71  30 109  90  89   6 111
   36  33  48  26  56  36  76  94  42  83  52  77
   36  76  99  24  97  88  84  61  91 107  65  72
   11  57  75   8  25  51 113  38  96  80  31  64
   66  92  15  24  98 102  34  28  86 104  12  96
   82 104 104  74  64 102  22  73  56  53 109  56
   85  28  26  86  20  48 104  98  16  10 106  42
   13 103 100  19  91  76  75  85  39  86  43  95
  107  87  46  53  53  44  41  56  50  22  18  79
  105  93 104  51  67  28  57  50  24  30 110  93
   92  76  92  29  70  58 103  43  42 103  58  53
   57  70   9  69 101 111 113  39  98  38  39  60
  101  68  27 108  37  40  68  90  12  83  42  70
   38  41  26  62 110  34  79 115 110  91  72  78
   84  81  15  25  36  23  62  51  99  72  16 100
  109  17  14 113  89  99  28  29  61  75  49  90
   33  58  51  42  98 108  15  63
   75  46  29  19  23  45 103  24  52  55  57  99
   59  32  56  19 112  54   3  94  94  42  88  28
  101 101  18  37  37  17  52  63  83  20  60  17
  113  98  30  62  92  95  95  51  99  22  87  23
   44  22  87  30  13  19  93  92  20  16 112  37
   57 107  67 103  67  22  70  47  65  75  86  93
   98  24  38  57 107  71  77  39  69  97  49  93
   87  50  31  28 101  98  93   7  27  93  22  74
  103  31  90  85  73 106  29  12  67 100  83  30
   83  35  23  22  26  98  20  66  39  20  49  70
   64  46  91  60  79  75  48 108  10  63  19  49
   56  89 115  35 110  76  44  87  23  91  22  48
   88  22 114  80  60  56  12  34  82  72   6  78
   12  64  44  87  99  34  71  54  26  21  62  79
   31  13  19  26  39  56  86  35  15  81  14  16
   70  42  51  98  92  76  51  75  41  61  88  42
   70  42  46  96  64  18  82  21
   13  44  76  46  89  27  80  21  66  66 105  19
   23  40  16 107   7  95  70 110  91  79  30   8
   35  94  60  52  86  81  20  19  18  77  85  17
  107  28 109  71 103  50  64  84  97  85  12  77
   48  96  58  62  41 103  38  71  13  59  52  97
   97  17  68  80  22 104  60  45  99  70 107 107
   68  89 116  86  71  85  23  27  25  13  46  44
   82  58  70  58  72  34  73  30  25  23  49  59
   98  85  89  19  17  79  82  21  32  59  32 109
   80  94 102  14  28  35  44  88 104  80  98  74
   68  74 110 104  61  91  53  47  38   8  46  13
   69 109  90  99  86  46 102  12  52 100  59  43
   49  52  86 107  97  77 113  75  88  68  40  31
   78  13  53  78  29  80  20  35  12  51  21  18
  100  25  98 100  42  77  46  69  40  21 100  72
   34  41  85  69  26   9  32  59  65  41  56  79
   66  39 102  18  51  76  62  65
   40 103  25  10  33 101  81  41 100  97  23 103
   27  24  64  40  64  31  63  73  30  66  26  98
   24  24  61 110  75  23  25  76  18  91  76  39
   67  59  21  95  88 100  14  41  10  17  45  22
   64  98 100  45 112  90  85  91  99  19  72  71
   55  77  60  39  91  59  70  57  33  54  90  66
   25 105  36   6  96  52   6 103  66  86  23  30
   33  60  35  42  69  36  22  63  80  16  19  61
  109  72  91  27  79  38  35  81  95  39 100  45
  113  95  33  52  72  25  76 107  57  78  64  62
   75  25  72  33  62  85  66  73  37  56  50 115
   69  74  40  26  28 103  91 105  30 112  52  50
   92  77  29 110  66  53  95  35 104  69  93  86
   82  51  47  41  22  98  48  53  52  27  50  30
   88  29  76  33   7  30  49  27 110  30  25 102
   92  87  38  88  65  76 110  30  88  61 111  48
   28  63  94  21  74  27  95  74
   87 107  21  72  85 108 109  62   7  51  28  85
   97  20  22 115  36  42  27 100   9  20  49  68
   29  19  60  67  19  60  68  45  94  64  63  87
   17  52 103  96  54  66  44  60  71  98 101  98
   53  73  85  36  38  42  56  32  96  45  17  66
   83  53 103  61  60  61  41  53  48  25  45  98
   65 111  79  56  84  76  51  39  90  28 105  83
   13  73  53  62  88  83  91  50  68  25  86  96
   90  43  42  53  23  83  38 109  97 112  14  95
   63  32  91  58  53  26  28  65   9  32  61  43
   64  37   7  37  79  35  23  90  24  29  23  67
   79  34  22  50  54 108  51  20  45  67  45  97
   98 107 108  82  49  62  41  34  43  64 104  68
   73  86  33  83 102  60  27  96  25  34  19  80
   76  39  30  51  53  25  69  97  30  77  36 114
   37  84 114  56  49  69 105  86  53  19  93  61
   28  78  54 103 113  86  71  84
    5  15  48  32  65  84  53  73   7  23  62  18
   40  53  93  71  45  14  35  56  65  60  41  12
   15  67  32  95  72  24  96  80  86  39  91  59
   70  36  38  39   6  57  27  45  41  62  16  21
   92  28  28  27  42  46  56  40  41  30  59  53
    7   5  62  79  24  18  58  47  43  30   8   2
   83  21  39   7  32  87  47  42  42  44  92   6
   33  21   5  12  93  67  80  92  78  48  82  96
   10  45  42  89  75  59  57  56  34   7  92  96
    8  22  80  28  87  56  20  85  32  78  78  22
   65  74  88   6  80  46  52  25  38  15  38  80
   63  17  79  95  50   8  80   8  60  58  11  72
   23  58   7  61  32  12  72  64  50  44  79  88
    9  94  66  58   3  21  38  14  98  98  68  15
   27  19  96  35  85  91  31  69  41  42  44  26
   27  15  79  33  42  70  45  34  54  86  16  91
   98  58  37  83  76  97  17   6
   28  65  74  98  99  86  80  26  49  53  63  11
   67  18  73  39  17  53  35  23  32  59  47  96
   24  56  79  19  73  89  77  71  39  28  58  59
   49  63  14  10   8  10  10  77  90   7  82  36
   48  17  46  84   4  25  84  45  54  40  55  64
   70  95  92  10  95  46   1  76  47  72  59  78
   16  76  20  56  66  83   9  71  35  45  26  12
   33  33  42  87  45  44   6  30  30  98  34  97
   17  39  22  69  13  34  35  49  93  71  14  64
   13  67  70  65  95  57  92  25  38   3  41  42
   15  86  47  36  69  17  21  52  22  26  40  57
   63  65  60  42  59  16   9  22  50  76  86  35
   48  72  66  42  39  51  97  28  81  86 100 100
    9  70  70  91  28  24  74  57  18  86  54  75
   32  26  25  48  96  29  74 100  13   8  65  81
   53  99  32  63  64  61  83  42  66  77   2  37
   55  52  42  90  95  16  34  68
   87  65  88  26   8  95  26  25  87  28  97  73
   14  81  41  17  27  81  52   9  26  57  79   5
   61  42  27  65  38  73  51  57  17  95  67  50
   14  56  41  19  98   7  96  43  96   5  10   9
   86  13  13   4   2  95  91  22  32  27  87  62
   21  80  96  28  66  38  68  26  21  83  10  70
   91   9  79  77  41   7  92  69  87  76  17  72
  100  24  77  19   7  56  53  44  88  87  77  88
   79  35  37  98  71  23  75  23   9  76  90  18
   91  30  33  42  73  19  10  59  64  85  83  39
   28  74  69  54  82  39  38  83 100  33  16  11
   11  17  82  22  94  56  72   9  90  20  74  70
   89  82  35   8  39  23  52  26  39  26  78  38
   47  78  23  57  72  73  48   6  81  10  73   9
   92  89  68  94  82  19  62  99  79  12  36  61
   67  82  26  24  85  52  24  37  27  49  74  52
   40   2  79  29  27  45  92  29
   65  77   8  71  13  84  31  56  96  75  56  94
   76  54  72  96  22  88  82  35  14   6  95  44
   45  94  36  16  19   5  37   8  49  46  43  34
   59  91   9  71  87  71   1  58  78  81  96  93
   92  73  84  37  95  63  64  10  68  29  45  91
    3   5  47  27  98  89   5  18  68  44  59  30
   36  85  64  87  36  96  85  77  13  18  98  46
   24  52  89   3  35  63  56  16  25  76   8  16
   82  77  62  93   8  11  51 100  12  84  16  50
   16  68   9  15  53  89  92  31  67  39  41  93
   13  69  40  59  55  90  85  45  71  76  84  30
   48  60  54  52  83  38  24  15  88  65  34  76
   81  58  34  60  95  94  86  49  70  13  64  87
   61  13  50  80  32  56  39  94  56  62  36  55
   20  15  57  50  21  56  31  30  67  91  93   3
   75  85  96  40  77  64  98  72  13  15  70  93
   33  85  95  56   2  84  65  75
   21  10  46  95  35  28   7  74  34  24  86  37
   73  84  88  91  53  84  58  34  13  96  81  58
   35  81  87  45  45  93  47  72  11  79  74   5
   41  77  23   5  86  19  92  22  43  27  22   3
   44  17  93  81  69  95  31  87  39  62   1  42
   15  10  12  57   3  22  16  38  48  74   4  81
   40  36  12  78  11  66  17  10  34  19  39  48
   25  39  40  61  40  62  24   7  80  20  36  34
   89  32  64  87  49  13  40 100  87  67  36  99
   73  94  67   6  17  85  89  29  71  20   3  72
   32  75  49  33  37  16  11  97  65   3  15  47
   39  85  28  53  23   9  61  80  22   8  66  85
   84   9  38  17   3  34  14  16   8  93  71  16
   76  92  32  42  24  28  59  12  11  87  59  35
   39  53  78  14  50  96   8  42  33  84  78   6
   14  73  65  84  63  12  83  48  93  44  92  59
   60   2  93  73  59  13  29  38
   20  43  41  97  58  20  56  84  86  63  36  96
   93  65  20  53  16  20  91  68  37  17  86  60
   92  45  87  39  62  94  26  20  78  49  80  11
   19  95  78  23  11  15  97  60  29  88  63  32
   98  98  46  40  92  21  71  87  31  34   6  75
   82  13  70   4  67  30  31  69  49  59   4  69
   44  70  52  98  14  31  88  50  72  11  73  15
   77  74  17  83  38  86  75  45  13   9  56  85
    5   5  13  90  68  31  49  44   6  48  17  29
   67  12  14  25  53  75  90  12  10  94  42  67
   34  21  15  66  69   3   2  84   9  90  45  93
   94  30  35  66  15  68  11  71   8  48  59  77
   61  12  17  50  10   2  67  56  36  55  44  58
   73  12  27  19  99   7  46  96  46  74  79  53
   89  48  54  43  54  59  43  24  15  38  72  49
   94  13  11  70  63  11  80  40  42  55  49   8
   96  72  34  20  44  82   2  24
   64  85  35  72  94  91  54  59  29  44  40  64
    4  80  22  89  84  19  55  18  69  56  27  13
   84  70  51  14  83  19  75  45  54  37  74   8
   11  41  53  81  98  29  46  29  90  73  17  89
   92  32  61  83  37  40   1  11  89  11  91  51
   41  39  14  64  16  98  82  88  67  45  39  42
   75  10  55  24  54   7  34  13  44  29   7  65
   17  49  34  19  74  19   7  90  46  70  46  78
   93  16   3  57   7  45  55  83   5  31  14  94
   37  23  18   4  83  52  37   8  52  27  69  80
   82  39  43  76  43  57  17  32  31  31  78  58
   73  87  44  51  28  37  63  82  82  66  11   6
   54  45  94  53  86  19  49  39  58  16  42  53
   74  43  68  68  70  87  53  36  12  15  52  86
   91  70  48  32  36  81  58  62  99  52  24  48
   64  67  20  38  45  92  49  63  85  72  46  32
   57  30  72  33  64  70  21  36
   97  61  10  10  25  34  49  19  29  97  64  69
   30  13  93  14  33  74  59  40  30  14  71  74
   96  98  24  75  95  31  98  41  78  52  62   2
   77  35  67  26  15  91  54  18  96  69  45  18
   16  51  53   1  51  55  73  80  67  37  88   3
   15  86  67  52  30  32  65  48  35  34  21  47
   39  92  61  39  35  41  98  53   5  51  32  52
   13  29  44  35  12  17   6  37  41  91  73  30
   22  69  87  21  67  99  77  52  70  68  56   4
   15  96  23  89  67  44  65  62  82   4  53   8
   98   6  44  48  42  15  83  42  24  34  98  86
   41   1   6   9  78  87   6  78   5   6  86  95
   74  98  21 100  29  49  68  66  95  73  73   4
   87  26  66  59   3  94  66  14  28   6  74  87
   32  21  80  33  72  35  57  40  92  82  68  36
   21  32  58  80  71  88  60  73  45  91  92  48
   29  20  60  73  93  84  53  55
   20   6  74  22  47  72  69  14  54   3  41  46
   38  42  70  25  17   6  57  21  20  72  18  73
   99  91  86  89  21  76  12  43  70  11  62  74
   47  44  23  91  70  91  96  69  76  38   2  50
   19  34  75  44  65  98  70  28   5  16  59  45
   42  39  28   7  97  87  83  91  12  48  47  45
   39  75  59  79  53  90  76  75  45  81  73  79
   22   5  40   5   9  82  85  35  47   5  35  17
   96  29  32  67  34  79  36  69  52  48  23  72
   61  92  89  94  90  41  46  19  83  84  21  99
    5  83  60  54  31  67  27  68  61  29   2  95
    9  31  81  57   4   3  81  41  94  39  34 100
   47   6  86  58  44  31   6   5  85  15  75  94
   87  21  96  53  84  81  86  69  29  96  79   3
   87  33  28  78  47  24   3  87  11  69  88  90
   97  39  89  15  46  68  27  52  10  59  38  66
   61  80  79  83  88  70  22 100
   41  49  26  42  25  53  91  74  28  37  58  74
   95  96  10  51  97   1  52  85  29  93  16  32
    5  91  55  19  66  83  45  47  76  33  88  93
   24  77   8   5  18  27  50   3  92  64  87  84
    6  48  13  18  38   7  44  44  94  46  23  80
    3  42  13  16  13  47   3  12  99  83   3   5
   62  50  49   4  22  19  99  92  24  33  35  27
   35  11  61  36  49  43   7  25  80  96  24  67
   67   8  86  16  72  89  95  92  81  27  72  95
    3  77  63  93  70  74  36  32  38  24  84  27
   86   3  25  68  18  64  95  23  59  36  60  26
   60  15   5  89  92  73  40  96  53  60  97   7
   63  92  36  51  65  64  34  33  26  42  95  32
   36  66  47  99   9  48  41  59  81  76  49  12
   15  11  69  27  92  84  22  51  22   5  52   4
   35  53  27  75  85  81  38  34  51  19  98  16
   33  65  48  36  55  95  46  78
    2  61  86  50  78  20  86  57  50  71  23  87
   75  43  81  74  18  19  53   2  45  36  33  11
   31  88  22  95  51  22  23   7  89  40  47  49
   31  98   8  80  69   9  25  15  98  38  21  21
   21   6  24  22  41  87  67  95  70  14  88  74
   23  70  30  46  18  95  39  52  80  83  66  88
   40  84  68   7  29 100   7  14  86  90  47  68
   55  67  60  87  83  99  20  41  24   9   7  53
   32  71   5   3  70  20   5  25   7  41  97   8
   11  75  84  95  59  18  67  85  32  21  55  30
   15  88  58  38  96  80  96  71  74  12  90  46
   44  51  66  34  13  23  57  62  87   6  97  11
   81  32  29  16  14  90  95  67   7  25  49  10
   87  30  43  44  88  60  38  25  46  21  97  59
    2  73  89  13   3  35  89   3  98  75  74   4
   46  21  27  42   4  51  35 100  38   1  90  17
   19  60  91  82  19  72  39  45
   35  56  49  78  69   4  20   6  81  79  17  59
   84  33  59  67  52  22  27  69  20  16  60  16
   85  94  62  66   6  51  95  93  97  85  82  80
   42  13  10  20  79  56  22  17   9  51  26  86
   94  44  88  56  57  90  39  63  83  60  67  55
   16  31  22  92  61  92  16  45  86  46  20  92
   19   3  68  29  47  85  54  57  21  28  34  90
   51  73  22  54   8  79  96  84  25  11  94  27
   94  45  15  41  71  71  18  93  70  87  24  66
   68   4  14  48   2  42  31  41  69  34  77  58
   28  22  20  22  99  60  82  66  65  14  51  38
   65  57  73  91   3  79  57  95  41  75  72  28
    5  56  47  76  80  39  74  42  13  55   6  36
   11  47  53  78  42  65  91   4  36  74  54  55
   82  47  38  87  33  69  98  65  98  38  53  65
   53  58  82  76  31  50  23  95  27  40  77  33
   95  69   5   8  54  88  30  52
   56   4  44  35  43  58  24  83  48  81   6  23
   61  28  96   4  59  92  98  16  16  15   4  95
   93  74  95  19  48  93  53   5  28  39  44  13
   72  15  30  48  16  73  63  55  80   4  92  21
   85  40  53  75  38  59  76  90  40  77  83  80
   84  56  89   2  57  97   1  52  36  46  17  72
   89  87  29  46  82  51  19  96  66   9  62  92
   89  73  28  43  90   1  74  99  98  87  53  55
   39  74  11  46  25  43  81  51  65  18  93  90
   58  64  69  26  97  92  20  62  65  52  52  46
   38  37  62  68  85  81  39  57  66  62  65  88
   35   1  15  77  34  57  53  81   4  37  38 100
   70  84  21  76  57  88  43  94  77  79  41  80
   37  31  40   4  34  56  60  74  58  14  12  46
   92   2  99  14  11  61  19  15  80  77  57  30
   60  75  94  80   2  23   5  30  48  30  49  85
   35  48  87  94  89  73  66  49
   56  88  59  18  88  21  88  26  15  10   7  63
   51  62  53  36   8  35  65  99  98  31  76  58
   31   6  23  64  14  58  35  17  53  40  44  67
   55  48  79  11  22  30  68  95  55  80  37  14
   56  44  11  10  23  11  11  74  53  23  59  47
   41  69  76  16  82  86  79  18  67  60  86  38
   89  25  11   9  36  63  67  14  95   7  67  81
   53  35  21  91  95  74  37  71   4   4  24  95
   61  46  86  89  45  74  28  25  37  13  53  23
   11  29  61  53  43  42  52  33   9  21  25  29
   77  78  73  55  21  79  94  75   9  37  81   1
    7  12  24  91  82  12  14  56  99  95  39  52
   20  69  86  83   7  87  42   5  17  53  88  18
   11  17   9  73  44  79  83  70  71  88  92  56
   46  41  12  28  20  82  19  28  44   7  87  51
   66  54  90  38  34  18  99  77  91  34  84   8
   85  91  13  16  56  25  51  38
   45  97  16  60  67  83  79  29  49  24  82  55
   92  60  91  21  80  62  52  37  74  30  91  43
   15  94  16   9  23  15  11  34  98  79  42  47
   24   9  54   8  58  51  73   5  41  85   4  56
   92  19  29   9  11  88  13  42  74  64  99  61
   43  41  13   6  54  47  54  40  26  38   9  62
   56  99  36  96  21  49  80 100  78  32  63  59
   64  23  84  86  95  27  27  29  67  78  51  59
   56  42  96  83  18  13  85  34  85  13  15  74
   75  96  67  99  81  46  99  31  78  75  52  21
   20  26  43  53  38  70  70  39  48  11  14  20
   41  78  29  67  90  34  53  82  49  69   6  95
   47   4  81  68  97  89  57  89  91   5  90  79
   99  60  15  88  72  94  47  93  41  77  82   7
   15   7  95  63  84  12  41  34  18  50  53  15
   65  10  46  35  54   8  13  51  95  91  27  51
   75  39  42  49  61  54  90  94
   61  56  63  96  41  96   5  78  21  36  37  47
   93  95  46  89  85  79  54  79  63  81  17  77
   25  78  27  30   8  34  16  67  83  98  46   9
   60   8  20  56  81  82  74 100  27  31  81  17
   13  46  50  66  90   8  25  97  48  81  86  42
   10  18  52  21  33  55  73  38  15  16  39  85
   85  10  73  39  14  31  36  63   2  60  25   7
   89  66  70   4  51 100  42  75  98   2  43  28
   78  95  13  55  74  91  29  35   4  86   2  33
   23  64  80  98  22  92  47  68  27  25  23  64
    2   4  62  96  45  53  57  57  89  86  35  28
    8   2  60  74   5  83  30  49  23   1  81  89
   41  11  85  20  73  54  49  50  69  60  16  75
   16  41  63  78  35  98   8  26  83  16  99  72
   56  67  27  57  82   9  10   7  29  83  10  31
   95  22  20  28  23  38  71  80  81  35  31  58
   82  99  99  17  70   4  18  97
   63  73  97  97  46  84  97  12   8  49  41  95
   20  27  60  40  24  93  54  54  26  40  86  64
  100  78  92  15  89  35  70  66   3  53  89  95
   14  95  82  98  67  41  52  88  74  84  68  92
   11  40  65  59  22  37  47  52  21  23  84  51
   84  63  15  56  60  40  43  81  62  50  42  60
   70  12  49  41  33  58  72  92  64  39  85  98
   46  23  28  60  30  94   9  95  30  56   4  40
   32  26  53  48  85  42  68  88  10  57  26  49
   88  42  68  34  76  85   9  65  91  93  24  82
   22  86  60  40  21   5  30  12  10   6  14  88
   76  64  57  78  78  69  75   5  37  30  50  11
   42  73  29  54  52  40  29  13  90  91  32  79
   49   5  88  65  87  73  17  98  30  10   1  23
   70  42  91   3  70  16  10  15  55  94  39  58
   22  59  35  46  30   6  17   9  11  50  73  94
   59  23  58  70  39  74  93  17
   64  35  22  32  60  52   9  40  49  76  76  41
   72  86  75   3  45  85  35  11  56  97  53  79
   66  72   5  43  11  81  35  62  99  21  66  18
   13  10  91  17   7  90  78  87  11  30  66  83
   28  17  70  80  32  65  78  78  73  10  50  99
   75  11  21  92  33  52  98  26  16  41  64  92
   68   6  72  10   5   2  51  18  17   4   3  81
   67  15   2  85  93  57  96  43   4  78  10  86
   83  49  36  74  89  64  44  86  51  40  76  28
   73  19  49  26  34  65  50  32  82  66  43  21
   44  33  63  90  17   2  21  63  70  29  98  82
   50  97  51  17  74  13  11  60  35   3  78  25
   95  19  32  52  94  37  21   3  45  57  69  62
   31  99  73  40  12  12   4  68  19  61   5   4
   58  42  92  25   8  70  58  35  22  84  66  60
   24  48  54  49  15  47  32  76  67  91  85  37
   27  15  71  52  13  73  22  65
   83  58  83  22   7   7  56  51  23  71  73  58
   49  75  56  46  59  50  77  21  78  31  68  93
   89  54  12  82  29  66  47   8  86  15  68  95
   10  52  22  76  98  38  12  84   8  33  95  62
   47   6  85  52  81  28  48   4  31  76   5  71
   67  32  32  14  21  80  61  94  74  14  76  81
   66  26  20  47  88  18  86  69  88  93  24  30
   68  63  39  16  85  41  88  19  50  46  88  34
   30 100   6  63  44  34  64  12  69  78  41  90
   35  72  69  13  26  57  36  99  81  80  83  75
   97  92   8  67  21  52  60  12  56  18  46  45
   62  57  28  11  51  40  19  56  90  41  90  35
    3  40  66   4  65  22  27  24  11  74   6  62
   23  93  90  89  45  77  27  82  72  28  12  21
   56  53  97  90  99  67  92  80  64  85  58  86
   64  32  12   7  68  31  25  46 100  16  25  14
   40  21  90  21  19  88  59  87
   73  72  88  49  10  75  23   4  51  76  64  49
    3   3  96  67  81  40  19   3  15  40  38  59
   40  10  73   1   8  21  53  55  76   6  19  10
   18  56  22  10  14  26  25  67  58  28   2  50
   53  40  35  89  15  96  21  78  67  95  66  68
   49  94  87  72   8  14  13  66 100  32  81  84
   97  90  43  25  79  91  58  43  37  97  98  59
   72  33  48  50  99  82 100  58  43  90  58  84
   36  64  39  89  27  71  69  96  70  41  84  90
   36  61  36  16   2  83  80  78  58  18  88  44
    6  38  43  42  55  76  35  59  31  27  67  47
   64  44  54  15   2  45  21  34  96   6   3  36
   18  65  47  17  40  21  11  28  54  33  64  86
   57  22  85  67  59  69  65   9  82  19   6   7
   59  72  19  22  31  94  28  73  52  12  68  43
   87   9  83  71  13  34  32  61  15  95  78  76
   91  61   2  42  51  63  91  42
   60  46  40  59   3  95  71  58  91  44  72  86
   33   1  45  26  75  69  32  49   7  42  20  22
   61   7  36   1  11  41  52  36  74  16  80  69
    8  93  74  35  14  31  31  58  35  73  90  57
   56  61  33  44   5  25  83  21  51  90   6  81
    5  71   9  14  22  78  41  97  97  10  96   4
   69  59  10  95  19  12  55  30  69  43  53  54
   83  23  64   8  70  13  91  25  77  65  80  29
   97  28  18  37  63  37  34  58  51  24   1  93
   78   9  32  36   7   9  84  71  36  28  56  78
   13  67  87  25  23  16  61  75  94  58   3  82
  100  69  79  92  53  17  99  45   8  60  16  70
   62  52  22  92  56  35  53  25  71  47  87  76
   33  17  46  46   8  63  90  26   2 100  26  99
   68  33  99  44  99  58  99  27  30  66  58   9
   38  38  48  42  42  48  85  72   5  61  27  36
   29  36  74  63  62  24  68  74
   83  36  73  57  25  13  20  17  98  79  31  70
   82  93  85  51   4  14   7  90  36  95  71  19
    4  93 100  64  77  58  65  53  78  42  84  11
   74  95  27  61  82  64   8  26  68  96  93  26
   46  35  95  80  78  25  75   7  75   8  44  21
   95  22  60  37  49   8  29  66  89   1   8  23
   22  38  98  14  99  51  54  49  25  74  76  33
   46  37  13  72  62  69  61  70  20  98  67  28
   15  50  27  45  89  49  80  22  37  18  22  54
   96  78  88  38  58  49  69  67  59  50   2  34
   84  97  69  30  68   6   7  44  94  87  95  64
   93  57  65  76  45  23  95  64  76  95  13  12
   64  80  93   1  34  83  61  11  59  10  88  21
   60  62  96   6   8  41  54  43  21  45  80   5
   66  73  39  63  59  22  47  90  63  84  67  54
   92  56  11  22   6  27  37  59  13  87  55  31
   72  27  23  99  88  31  43  27
   71  95  85  44  97  33  93  59  82  96  95  82
   79  18  86  58  73   8  91  13  79  56  63  51
   42  34  86  59  33  91  75   2  58  58  72  22
   48  42  50  45  67  33  12  74   9  99  89  93
   92  90  46  66  71  33  72  34  28  35  89  21
   72  84  49  28  45  48  32  37  18  72  47  11
   90  83  37  89  92  88  70  95  84  73  46  28
   55   3  93  68  23  22  72  76  38  56  71  90
   77  10   8  32  50  66  29  99  93  91  15  71
   75  28  70   7  92  99  34  42  72   8  71  97
   71  37  80  69  74  49  85  35  98  85  43  52
   89  69  39  55  22   1  88  63   2  61  35  70
   62  12  54  53  69  93  50  66  16  26  56  45
   26   9  36   5  52  21  83  39  79  24  21  22
   19  54   2   9  14  33   8  31  36  56  50   3
   87   3  71  17 100  31  43  46  35  77  66  42
   82  59  71  38  63  73  19  43
   66  81  86  59  70  40  94   3  19  15   1  52
   17  22  77  70  51  16  80  53  97  86  52  34
   18  60  21  82  56  98   3   2  47  98  97  33
    8  96  91  53  44  59  57  75  44  93  53  48
   86  41  23  56  33  79  97  19  31  21  93  92
   15  16  12  70   5  50  40  80   7  43  54  87
   13  54  13  90   1  74  61  27  34  34  33  66
   63  97  44  20  23  66  98  29  36  76  86  74
    9   2  83  72  36  50  51  73  95  67  36  66
   54  32  71  73  62  62  77  55  58  11  58   8
   63  64   7  60  88  49  97  81  28  24  96  75
   63  86  50  79  60  67  94  70  73  36  51  58
   40  95  25  90  85  86  10  50  20  84  84  55
   41   2  14  61  31  85  47  59  57  20  21  75
   76  25  59  73  26  55  69  50  35   3  45  41
   14  94  67  16  62  95   3  82  62   4   2  81
   85  55   4  92  88  20  33  30
   12  68  63  18  40  23  64  10   6  79  31  48
   43  95  30   2   4  96  48   2  57  74  87  50
   91  88  68  16   8  67  29  33  29   3  23   6
   91  56  23   2  53  57  16  59  83   1  10  81
   73  49  26  41  30  32   7  75  77  47   9  90
   56  58   7  59  25  97  93  21  59  62  76  83
   52  19  84  21  13   2  59  75  69   9  61  56
   65   9  69  37  63  36  79  63  40  91   2  45
   93  45  67  58  36  33  22  49  97  58  30  29
   25  90  72  77  84  69  47  40  57  97  69  30
   41  48  73  29  54  60   7  84  29  41  38  12
   16  63  50  92  82  68  46  76  14  63  43  79
   13  24  76  86  98  92 100  47   7  78  84  81
   91  59  16  72  24  78  99  74  92  46  57   7
    1  42  26  56  73  12  64  76  48  66  44  88
   83  87  56  82  52  21   8  13  46  81  24   2
   73  50  46  41  59  76  35  86
   56  29  68  46  47   3  59   2  13  77  33  62
   27  53  52  86  86   2  98  10  13  66  81  38
   50  68  30  52  65  98  99   6  50  23  68  26
   18  80  37  15   9  84  30  45  81  20  95  66
   23  46   5  97  40  97  54  35  65  78  60  45
   54  69  65  71  83  24  35  27  56  68  59  99
   98   3  48  54  59  99  37  23   9   8  87  15
   45  46  79  14  85   9  21  73  74  63  39  23
   76  50  87  66  81  83  43  77   4  50   6   6
   77  13  96  75  63   4  64  81  45  32  77  93
   29  79  30  54  45  99  39  81  47  21  44  63
   13  45  10  64  40  48  22  21  56  76  92  43
    6  53  55  15  60  74  66  92  15   8   9   8
   85  95  85  63  15  54  24  37  67  72  76  80
   29  13  17  17  13  11  43  44  53  75  78  34
    9  91  65  30  61  14  73  51  15  71  95  88
   98  69  45   7  64  83  61  44
   31  29  40  57  76  58  48  75   9  94  49  36
   92  47  86 100  96  80   4  84  94  13  54  60
   63  16  91  52  87  20  77  41  54   6  75  61
   55  10  57   2  87  26  94   8  54  99  68  77
   59  33  61  65  15  80  62  79  37  54  63  82
   46  19  64  91  66  93  65  79  29  55  75  74
   67  31   5  56  20   7  70  62  32  19  94  83
   52  63   2  65  33  87  23  10  32  93  93  70
   12  39  53  57  41  37  47  35  89  53  24  24
   36  10  38  96  60  83  47  81  49   5  17  63
   93  59  13  78  88  87   9  21  34  83  82  37
   34  98  16  30  99  36  95  55  44  55  13  25
   86  69  64   5  50  48  51  16  64  14  77  33
   59  44  55  87  75  71  97  63  54  84  26   1
   41  23  64  93  89  84  40  90  55  21  88  95
   99  37  47  66  87  94  60  17  89   8  74  14
   81  47  42  79  43  38  21  92
   42  29   9  44  44   6  46  35  14  17  73  18
   86   6  80  68  57  29  19  70  81  49  99  20
   78  46  97  25  26   5  45   2  63  24  38  81
   91  13  32   2  70  92  42  15  23  94  49  80
   33  59  88  73  44  42  62  76  60   5  29  83
   49  23  11   1  36  83  90  44  10  81  12  40
   19  26  77  28  73  36  53  57  43  40  66  87
   61  78   2  88  18   5  10  45  68  79  97  47
   27  76  35 100  68  79  54  19  29  85  46  29
    6  98  63  66  57  38  20  78   3  30  89  26
   21  15   9  76  55  41  73  10   6  71  40  20
   35  76  29   6  67  38  18  83  88  52  47  75
   42  22  19  18  37  63  93  56  39   3  94  47
   76  78   7  58  40  37  74  70  79  39   4  71
    5  55  61  62  90  65  73  55  68  62  31  72
   33  49  81  48  39  39  37  26   2  58  68  61
   99  43   8  21  69  38  48  82
   69  15   4  86  21  75  43  77  48  14  15  80
   63  84   2  94  69  81  78  61  62  43  13  65
   30  48  62  31  52  19  78  26   2  19   6  61
   42  56  77  89  32  77  24   5  18  73  63  43
   41  77   8  84  36  64  62  49  28  51  23   2
   33  97  78  46  62   5  10  30  17  17  90  45
   91  20  84  21  72  41  50  33  39  51  36  97
   59  63  85  73  98  32  32  61  12  53   1   4
   45  66  12  86  38  52  73  36  23  36  90  23
   23  81  56  58  55  97  59  95  26  34  77  31
   38  82  83   4  81  77  40  93  43  95   4  24
   98  56  22  58  18  20  35   4  62  88  76  11
   84  10  69  70  30  69  31  16  38  97  70  23
   38  65  88   9  51  88  79  35  93  22  28   4
   71  64  13  58  83  56   3  86  20  81  60  17
   65  63  39  21  93  70  86  12  72  11  41  44
   63  37  34  16  17  43  87  67
   86  24  77  83  50  49  51   2  38  62  40  62
   32  10  97  62   7  89  76  47  41  44  25  11
    8  67  93  94  79  99  28  88  29  32  74  33
   25   1  77  15  36  94  78  69  28  46  19  80
   67  40  38  81  17   9  73  53  38  32  61  25
   91  39  37  75  37   6  32  31  31  58  78  66
   29  71   7   4  84  67  45  16  52  17  20  23
   81  39  57  93  23   3  79  44  23  23  10  40
   29  64  68  96  85  41  73  74  35  14  44  85
   20  93  94  88  80  37  40  91  55  53  93  49
   80  96  65  68  91  69  65 100  24  26   2  47
    7  66  81  58  74  39   9  33  53  42  86  16
   71  21  18   5  56  70   3  41  30  33  38  18
   18  99  23  75  40  11  53   3  16  54  21  37
   64  66  20  64   2  32  40  18  43  85  71  82
    3   8   2  86  90  30  17  12  19  30   2  84
   96  36  39  81  30  23  10  29
   37  81  84  73  69  13  64  67  82  90  63   9
   73  23  92  96  16  50  41  58  65  40  77  53
   55  89  52  68  99  28  94  21  93  11  11  59
    9  26  90  59  98  90   2  28  95  50  91 100
   14  80  87  44  43  88  96  54  56  10   5  55
    4   8  79   3  19  78  65  80  11  47  88   5
   69  65  54  18  67  20  48  94  52  23  35  37
   54  17  58  79  83  76  43  84  28   4  92  45
   56  30  90  81  18  18 100  47  39  60  64  24
   30  76   6  21  75  19  26  81  43  68   7  75
   81  34  11   2  15  57  79  92  51   8  32   6
   74  84  71  31  52  17  76  88  28  63   7  25
   27  14   4  21  54  85  85  83  93  26  52  50
   10  14  81  88  45  55  33  96  25  88  44  99
   50  79  33  55   5  25  96  50  50  51  13  98
   30  13  39  48  64  95  11  72  55  16  44  77
   84  18  37  97  12  75  63  96
   58   7  31  55  66  84  30  93  87  96  25  33
   70  96   8  45   2  25  11  87   7   8  96   4
   41  55  69  23   2  65  66  60  18  21  59  18
   57  92  60  81  21  34  13  26  48  86  99  10
   14  78  37  78  28  22  78  62  36  16  14  77
   20  45  67  29  98  80   2   4  27  79  12  77
   93  83  31  11  24  23  29  50  81  11  11  28
   63  48  17  62   3  22  23  59  69   5  43   7
   69  53  25  83  45  13  53  50  72  15  48  55
   65  73  66  34  72  91 100   5  81  57  78  74
   11  44  65  35  19  13  59  63  98   9  97  25
   80  63  53  68  27  94  32  29  40   7  79  30
   57  88  75  77  50  16  34  65  29  50   9  73
   37  39  86  67  55  15  90  96   1  98  80 100
   26  93  53   1  19  92  38   8   3  71   3  16
   40  94  51   6  26   9  23  45  92  51  92  85
    8  42  70  68  76  87   5  15
   51  64  75  54  95  71  85  65  55  43  93  12
   13  24  92  22  21  77  43  42  98  83  72  35
   32  37  75  80  73  53  14  77  44  62  17  40
   32  13  81  98  91  71  70   5  45  19  14  22
   82  55  11  35  58  97  25  44  97  81  89  68
   90  57   4  40  95  92  35  14  38  74  15  58
   10   6  46  59  70   6  96  20  47  12   1  63
   34  79  62  26  90  78  51  63  47 100   3  48
   98  49  22  70   7  48  79  36   3  39  16  68
   82  78  34  11  11  41   8  21  19  20  78  73
    6  23  52  61  37  76   3  95  46  26  72   2
   32  29  70  26  63  66  71  28  74  32  20  87
   66  38  26 100   9  14  66  79  37   7  86  55
   55  80  97  75  33  16  80   4   9  11  79  22
   87  80   9  30  40  59  48  44   8  94  47  96
   94  55  20  39  76  25  49  39  92   5  82  81
   52  13  39  68  29  85   1  19
    2  93   4  17  50  52  46  15  34  46  73  83
   96  30  90  18  55  83  78  32   1   9  87  66
   96  33  45  83  80   5  49  69  64  98  73  35
   31  10  63  13  39  58  38  59  20  88  91  55
   78  66  90   3  92  82  73  31  14  51  55  89
   68   8  22  51  52  15  33  15  39  55  23  99
   74  37  97  51  76  90  40  36  37  70   2  46
   23  54  12  95  72  44  69  22  97  63  50  86
   85  61   1  75  95   9  43  95  59  99  71  79
   84  54  53  80  50  14  31  79  10  43  20  77
   88  32   7  99  88  90  53  95  82  56  96  36
   18  87  43  19  13  66  76  61  63  99  52   8
   36  15  97  23  71  67  17  96  83  32  84  41
   60   8  51  94  62  19  38  16  24  11  42  87
   53  55  33  17  32  43  53  34  14  93  19  93
   28  45  22  70  75  63  23  66  31  34  60   4
   43  67  44  32  35  98  58  21
   36  30  74  66  64  37  81  10   5  47   7   8
   55  38  98  67  68  97  63   2  52  15  61  28
   69  83   5  67  36   4  65  48  24  80  65  99
   59  21  84  60  23  38  55  68  51  52  65  70
   33  83  59  17  15  61  32  62  95  17  38  65
   30  86  81  90  27  13  26   8  50  42  85  89
   19  24  33  14   5  15  92  64  36  74  45  28
   96  68  25  97  22  65  22  69   5  41  80  46
   90  73  98  33  82  46  31  41  35  47  84  87
   59  71  24  91  21  15  66  77  40  80  83  77
   89  74   2  23   2  11   5  56  58   4  28  19
   98  76  62  59  17  53  54  33  60  64   3  95
   32  47  65  11  89  40  49  45  45  87  21  71
   65  39  99  65  72  49  57   9  42  76  25  88
    6  83  84  93  49  39  73  21  12  16  86  69
   88  90  68  45  30  47  23  56  40  70   7  18
   78  52  31  48  58  89  61  70
   68  66  87  79  92  47  82   4  28  16  99   7
   76  70  72  91  50  68  43  23  72  30  65  26
   76  36   5  87  10  29  36  53  27  11  46  33
   95  46  33  94  93  58   6  68  11  33  82  46
   45  17  93  79  10  17  81  79  25   3  98  23
   24   2   7  42  51   6  81  33  60  64   7  53
   17  90  79  20  97  57   6  11  90  98   5  66
   92   9   5  85  15  44  44  31  76  21  76  25
    9  17  60  49  54  71  70  49  66  83  90  29
    8  13  13  54  53  82  45  53  90  73   3  13
   16  29  12  82  36  55  13  71  70  15  53  50
   48  36  94  50  11   4   7  64   9  68  71  46
    5  37  82   9  72  79  44  30  95  28  69  44
   70  73  85  49   3  68  29   4  10  26  46  25
   19  22  97  94  69  91  51  53  11  31  87   3
    6  96  98   6  24   8  86  85  50  44  63  28
   76  45  55  78   8  12  95  43
   42  67  73  98  91  58  17  81  58  64  61  11
   47  70  58  90   3  52  99  19  17  77  21  84
   19   8 100  70  83  94  57  49  26  84  52  86
    3  14  89  42  16  11  16  65   6  97  20  97
   58  89  31  76  98  89  22  27  96  97   8  68
   63   4  45  13  50  89  34  62  54  31  16  14
   13  93  73  55   5  37  33  66  51  12  62  19
   19  61  71  78  12  22  13  99  78  21  81  34
   11  77  14  20  41   5  88  92  43   7  26  76
   36  79  90  88  77  13  87  40  69  85  65  32
   56  72  12  58  24  38  60   6  99  40  84  53
   55  28   1  70   2  44  68  21  93  21  87  59
   29  85   2  33  46  57  95  82  26  45  96  37
   93  52  74  23  12  73  40  55  91  95  48  41
   80  98  94  82  72  54  18  71  99  26  97  92
   41  69  57  22  14  32  61  31  79  54  18  78
   41  68  74  20  43 100  23  99
   90  74  35  65  19  75  39  82  43  50   4  97
   81  70  97   8  99  10  35   9  13  37  79  95
   83  23  45  61  24  33  90  98  93  34  27  96
    2  91  11  44   4  66  49  28   6  21  94  33
   62  14  52  44  74   4  72  43  92  47  55  10
   17  98  48  25  94  13  49  65  21  39   4   7
   41  30   4  24  48  33  91  90  81  94  59  75
   33  62  44  51  39  78  34  84  87  86  65  43
   13  26  21  90  97  38  35  90  75  58  87   7
   26  25   8  97  77  71  74  23   7  31  15  40
   41  35   2   5  53  14  60  70  65  94  60  89
   50   6  24  15  25  72  18  93  59  17  61  74
   67  62  18   5  16  29   2  28  18  35  76  87
   33  99  51  26  73  37  86  82  95  63  89  96
    9  88  16   4  65  27  70  40  71  85   7  39
   78  74  26  34  87  97  76  54  46  63  58  30
   53  72  18  88  55  27  50  55
   67   8  90  94  80   9  37  74  10   9  83  17
   78  82  41  63  39  83  53  30  73  44  91  17
   94  79  59   1  44  80  86  40  93  21  35  72
   43  52  96  15  23   8  89  63  95  96  66  95
   49  13   6  66   5  26  18  12  12  86  42  48
   48  26  47  70  25  53  32  53  78  58  25  51
   78  11  84  98  22  59  97  10  37  34  82  77
   81  42  85  76  41  72  84  57  34  91  85  55
    6  48  25  81  32  70  67  29  19  63  11  67
    2  15  78  50  46  89  27   9  47  36  39  52
   28  77  31  71  44  21  45  38  79  51  56   1
   46  32  67  89  88   9  13  13  78   5  53  61
   21  25  82   2  46  51  22  83  16  48  24  34
   24  58  70  62  89   5  71  54  65  87  69  77
   30  90  33  79  96  75  64  84   4  82  92   2
   21  33  77  15  48  28   9  89  16  47   5  72
   80  52  14  86  32  80  16  37
   33  10  99  36  18   4   3  52  96  54  83  35
    8  88  94   2  71  68  78  10  96  92  60  49
   77  95  52  49  95  48  52  71  16  56  45  17
   89  63   2  20  57  45  75  51  40  19  11  19
   49  33  35  66  81  73  60  71  17  62  88  50
   24  58   4  52  57  55  79  65  54  81  71  13
   42   5  23  53  32  26  65  79  21  81  13  25
   92  47  66  54  16  31  14  69  46  79  29  11
   25  72  69  51  79  29  80   2  22   1  94   9
   51  78  27  53  53  85  81  54  98  84  47  66
   43  71  97  77  31  80  94  16  89  79  84  42
   34  73  98  54  64   3  57  86  67  45  64   8
   16  12  10  24  68  53  70  76  68  52   8  43
   46  30  70  37  18  43  92   8  86  83  94  40
   39  79  81  55  49  94  46  12  78  31  66   2
   70  22   6  54  59  42  14  34  61  97  26  42
   80  33  64  15   6  28  36  27
    199   204   210   223   189   190   200   203   216   201   191   208
    220   191   214   205   206   191   208   197   196   209   215   209
    204   199   223   196   196   194   213   191   200   208   199   191
    207   205   209   203
