 30 100
   91  33  44  80  42  27  92  97  33  84  23  73
   96  22  23  22  62  49  74  87  69   8  89  15
  101  28  89  93  26   7  48 103  30  24  24  70
   86  71  11  50  76   9 104  37  90 103  90  37
   39   7  32  10  33  34  14  96  28  55  72  81
   36  48  25  89  35  77 102  45  70  78  12  29
   71  41  61  96  38  98  76  69  95  72 108  46
   78 111  62  28  77  83  67  46  79  38  59  46
   67  21  76 100
   48  53  18   9  39 115  87  40  52  86  56  82
   76 102  10  12  78  91  92  20  94  56  35  63
   35  32  44  89  57  58 104  82  79  65  23  49
   85  82  54  29  41  63  68  65  37  64 100  50
   77  59  30  60  49  83  97  43  90  27  18  34
   58  18  74  67  45  38   9 112  63  88 104  87
   66  29  96  88  77  42  75  20  21  54  34  41
  101  50  99  70  83  58  67  95  77  39  94  85
   69  97  36  84
   54  56  55  75  44 100  78  10  77  98  15  34
   85  28  44  91  79  69  59  39 113  42  39  33
   46  76  17   8  20  45 102  83  15  24  40  98
   20  40  76  51  20  16  86  65  59  15  16  52
   24 111  24  27 106  89 103  83  96  22  59   9
   10  86  91  57  16 109  45 112  98  17  22  80
   79  61  36  47  78  31  30  40 106 109  17 108
   91  97  47  63  33  53  54  99 104 100 107  76
   71  26  42  23
  105  16  15 109  95 118  60  48  66  69  14  55
   59  57 103  83  68  66  16  13  64 106  98  66
   68 100  91  33  77 102  40  13  74  72  94 104
   66  44  18  62  81  49  41  16  51  80  90  79
   47  61  46  20  68  76  72  49  90  79  38  66
   79  62  67  33  15  47 103  68  45  59  99  91
   53  56  77  82  20  46  17  57  43  95  84  75
   87  32  98  94  21 115  18  23  31 115  29 114
  105  51  88  26
   64  96  43 105  19 114  29  23  12  36  83  60
  105  17  84  36  77  36  41  38  70  98  98  83
   94  73  50  73  77  88  78  35  74  43  41  60
   97  39  15 111 110  27  40  47  52  90 112  26
   57  11  33  73  40 109  19  73  82  21   4  88
   18  72  55  54 105  31  75  69  82  21  71  66
   82  64  77  57  61 112  87  92  25  65  95  14
   98  32 113  43  87  47  55  64 103  90  66  12
   90  96  37  89
   81  29  37  31  18  81   8  25  13   9  53  99
   72  95  97  92  80  52  46  23  68 103  99  48
  110  61  74  48  57  47 110  72  27  81 102  37
   99  68  23  27  76  25 114  97  34  73  61  41
   63  19  15  18  37  60  70  83  52  87  59  89
   40  11  63  67  90  69  21 105  66  92  74  43
   14  98  40  11 107  51  19  92  51  96  85  86
   63  75  83  76  64  89  53 105 101  58  33  15
   17  32  41  47
   77  56 113  26 103  44  53  71  39  51  69  90
  101  99  84  71  55  93  87 102  99  56  43  17
   77  65  35  62  60  73  39  34  39 110  15 104
   93  76  39  35  46  84  35  70  25  26  12  92
   87  96 107   9  40  23  37  79 108  27  39  44
   18  20  22  80  76  27  88  88  87 100  92  41
   97  86  77  65  52  65  91  31  21  88   6  40
   78   9  14  32  59 104  50  21  99  42  26  94
   44  76  85  16
   81  24  77  24  47  13 115  55  10  35  34  39
   44  11  97  40  29 114  56  57  64  26  67  46
   12  22 107  54  87  92  25  69  49  51  77  51
   92  29  82  41 104  77   7  37 102  74  94  48
   47  89  17  60  99  78 103 109  99 100  91  95
   63  22  25  53  26  60  79  69  58  71  61 112
   72  82  78  63  96  79  66 108  67  60  86  20
   62  59  84  79  97  33  53 103  21  90 117  65
   21  34  33  90
   73  20  90 102  81  21   8  85  56  43  67  33
   60 101  64  64  86  15  20  39  21  72  54  81
   93 109  29  38  20  72  31  72 106  61  78  72
   49 101  71  76  11  67  51  77  92  12  97 113
   14  79  71  87 108  23  14  69  11  50  38  27
   58  32  64  92  72  79 100  51  88  76  49  44
   35  49  80 102  50  66  47  58  65  71  10  34
   92  43  78  50  90  66  81  51  82  78 105  39
   77  17  39  68
   69  91  81 102  41  47  68 103  57  54 109  99
   64  45  23  50  71  96  77  11  39  74  33  15
   68  76  82 103  82  58  53  31  10  41 110  67
   23 100  88  45  98 106  27  77  82  19  81  35
   16  16  93  63  69  63  70  51  41  27  50 101
   57  61  69 101 108  28  71 107  23 103  67 104
   64  97  59  66  43 108  17  97  58  95  68  39
   72 100  43  70  14  65  56  39  44  42  35  40
   76  31 105  43
   29  87  27  36  45  65  45  18  39  47  61  70
   71  33  33  96  38  73  55 107  91  23  36  35
   48  24  85  13  89  94  63  45  97 106  22  25
   91  50  44  89  89  86  33  23  48  47  33  82
   10  19  38  56  51  22  74  81  92 107  32 104
   65  38  73  92  24  24  93  40  59  73  26 100
    5  43  12  94  66  32  15 109  95  17  33  66
   76  62  89  24  41  65  50  52  99  94  92  36
   55  51 110 107
   70  41  72  48  66  88  39  76  52  60  19  48
   60  36  80  50  83  47  45  14  54  79  66  49
   58  51 110  60  39  68  29  44  35  69 103 105
   87  28  45  99  65 103  71 117  65  44  56  54
  104  64   5  88  78  90  59   7  53  98  89 108
   38  58  89  37  47  77  47  65  90  79  95  76
  109  81  15  47  47  34  39  41  70  75 114  72
  100   4  66  47  38 105  41  51  51  74  34  34
  106  97  10  41
   98  84  83  42  93  23  72 114  51  28  71  18
   81  73  71 107  82  92 110  23  36  42  35  31
   72  80  65  81  38  83  79  34  81  87  45  57
   11  87  84  34  50  46  90  96  21  84  75 109
  110  18  69  79  67  35  72  83  67  37  30  46
   14  19  73  60  53  20 108  69 106  39  20  36
   89  30  90  34  90  98  35  89  43  91  28  49
   35   7  97  20  97  47  95  14  55  35  91  71
   44  55  29  27
  113 109 109  41  56  61  78  11  58 112  91  69
   92  54  50  59  24  43  68  57  26  59  75  79
   37  81  88  28  28  56  50  89  74 100  73  49
   89  50  45  32  67  68  38  18  86  13  81  18
   15  82  44 117  87  67  71  39  10  50  43  95
  101  41  45  37  97  81  87  54  49  72  26  21
   97  55  13  98  86  52  63  24  81  40  14  88
    9  98  82  91  64  20  63  70  48  42  86  18
   10 115  45  88
   69  43  70 109  86  28  48  76  88  15  33  30
  105  29  89  49  68  20  59  80  29  93  20  99
   46  94 102  51  51 113  78  82  65  21 116  53
   98 105  59  90  17 100  53  47  65  33  69  36
   17  80  99   8  25  19   8  66  33  75  41  54
   74  72  56  21  41  43  86  56  25  31  86  65
   29 106  65   7  91  21  31  81  93  43  62  76
   73  31  23 105  67  73  54  78 109  27  93  65
   93  46  94  81
   61  79 111  98 100 108  75  74  53 100 100  31
   29  29  78  65  20  31 103  66 105  33 107  88
  111 108  41  61  41  29  24  10  53  43  41 115
   77  38  57  62  47  85  25 102  28  21  25  64
   44  38  20  11  82 109 111  58  82 101  52  20
   95  52  39  86  12  17  92  58  23  39  72  70
   80  65  67 103  68  72  29  46  81  97  99  76
   53  90  87  43  86  43  66  76  77  59  74  17
   81  73  34  66
  102  49  44 111  99  50  60  93  11  75 103  33
   70 100 106  75  29  29 113  53  97  23  77 105
   61  29  58  46 114  40  80  55  33  32  67  90
   79 110 110  34  78 111  57  88  61  46 102  52
   52  21  58 103  52  59 108  79  30  18  65  21
   13  15  38 107  85  18  11  76  79  77  94  51
   84  35  90  52  53  20 104  84 111  73  42 103
   68  22  33  66  12  39  70  13  53   8   5  22
   86  97  35  75
   77  37  62  25  22  71  94  64  39  80  80  27
   43  85  59  78  32  14  99  57  96 101  36  18
   30  25  41  81  78  27  32  89   3  39  51  45
  113  46  99  62  88  23  38 103  68  45  84  90
   43  97  55  45  64  67  84  23  85  83  42  65
   81  20  62  52  60  44 106  26 115  48  75  18
   97  18  53 110 112  43  58  99  84  10  50  47
   30  17  47 116  27  63  66  56  66  51  29  10
   67 109  40  40
   78  18  71  53  85  35 103  95  56  68  19  79
   76  91  48 107  16  89  66  79  14  62  68  58
  104  63  77  28  40  53  71 103  19  20  97  56
   88  53  53  72  78  44  78  87  85  77  50  73
  103  21  89  77  17  63  53   8  84 106  72  25
   20 100  40  84  97  80  72  73  68 105  99  64
   39  54  99  86  19  40  66  53  21  47  18  74
   99  22  97  73  82  23  37  14  78  51  53  80
   88  29 110  26
   13  44 100  77  49  77  24  10  95 104 106  16
   69  38 108  97  53 101 108  72  19  39  77   7
  114  71  60  59  84  72  20  90  69  99  98  57
   89  75  98  41   9  85  84  49  39  52  76  28
   39 102  65  36  52  55  97  89  62  96  80  49
   23  51  63  44  53  30   9  61  94  52  28  28
   92  27  45  87 100  45 102  32  72  21  70  93
   16  30  25  83  87 102 100  38  43  82  40  40
   94  90  14 113
   22  48  22  50  75 106 103  29  71  38  81  58
   22  95  97  44  46  71  27  45  42  25  75  65
   72  63  88  25  58 102  96  78  23  42  94  88
   54   4  23  77  49  47  80 105  66  88  58  53
   87  62  83  76 109  37  58  78  32 103  23  39
   68  68  15  58  70  20  33  78  15  20  67  93
   22  73  49  28  12  60  50  95  23  11  86  40
   85  15  97 102  51  22  45 100  61  49  33  64
   94  87  19 101
   47  86  36  94  70  82  54  21  93 112  94  28
   78  65  55  31  22  53  57  95  51 105  29  86
   13  59 101  43  31  60  86  60  49  70  32  32
  110   6  13  37 105  35  57  30  78  41  22  66
   86  99  85  12  89 109  39  29  43  67  21  94
   11  73  75 100  15   6  47  80  87 106 106  24
   67  69  95  85  55  59  89 112  23  32  71 106
   62  51  42  43  25  29  85 111  59  51  75  96
   33  49  80  42
   69  50  61  62 104  66  23  55  79  91   9  81
   45  10  64  72  68  49 113  39  66  35  95  87
   63  26  55  81  44  35  14  17  54 103  80  19
   78  16  70  75  33 106  18 101  56  18  84 108
   99  71  47  54  56  85 103 116  96  50  38  40
   41  20  96 106 109  41  88  16  82  35  58  13
   97  55  62  81  12  34  76  29  41   7  23  51
   61  96  99  56  12  35  80  42 115 101  30  11
   50  37 112  31
   90 104  26  80  23  80  49  64  52  83  29 113
   83  41  55  97  83  59  19 105   6  29 100  38
   28  87  19  66 100  43  94  47  10  75  35  67
  101  43 113  44  45  56  51  59  90  60  70  44
   27  58  68  70  26  93  21  58  52  57  26  95
  109  59  97  70  89  64   8  87  74  77 100  66
   94  41  56  39  72  60  66  26  79  14  29  36
  102  41 108  51  62  53  84  20  99  43  31  85
   76  24  26  83
  100  34  67   7 101  99  65  95  93  70  94  95
   99  50  77  44  35  65  51 116  60  62  20  78
   99  30  54  95  40  34  70  79  67  61  23  72
   25  19  82 106  79 101 103  33  38  69  94  84
  109  69  60 101  94  13  12  81  59 106 117  19
   23   9  75  23  90  11  74  50  13  47  56  73
  107  87  80  61  46   4 106  27  78  59 100  96
   38  98  90  53  36 110  24  36  56  93  49  10
   37  22  84 110
   73  67  36  42  66 109 112  26  89  49  25  68
  115  32  88 100  38  40  80  83  26  91  83  58
   72  59  70  23 102  79  72  59  50  51  88  32
   47  67  80  72  37  53  13  58  89  45  30  83
  100  46  57  37  58  99  52  53  84  62  42  55
   61  70  22   4  92  29  38  85  96  71  24  64
   60  22  94 105   5  61  63  51  56  88  27  93
   24  47  21  78  75  73  20 110  35  21  62  18
   23  91 106  71
   96  99  98  39  35  28  86  65  61  44  26  44
   77 104 111  69  76  25  40  18  20  87  29  31
   31  67  67 102  25  48  53  28  12  98  79  65
   80  56  35  70  53  19  99  24  21 102  78  23
   46  63  57  62  59  39 108  81  18  18  42  86
   55  50  33  81 108  19  89  99  99  54  89  32
   18 103  70  86  84  55 104  97  81  80  49  30
   51  27  64 101  52  14 108   4  33 113  92  10
   98  90  19  47
   69  38  15  75  64  96  67   5  45  36  81  52
   67  61  36 106  67 116  58  70  96  37  92  82
   88  21  24   8  21  95 111  16  21  57  10  48
   28  32  16  68  61 106 107  62  69  97  31  97
   63  74  98  35  87  57  25  39  53  54  96  68
   69  10  43  21  16  55  20  64  62  46  89  99
   43  71  94  87  70 104  81  97  93  51  48  75
   83  49  87  82  99  16  49  83  74  84  41  45
    6  60 100  73
   68  68  44  84  21  64  43  34  27  54 108  45
  111  52  30  87  74  93  62  70  62  23  57  25
   30  94  64  48  26  12 104  36  39 101  62  78
   46  57  18  26  60  99  81  99  46  12  47  90
   36  46  91  30  90  50  65  79  57  25  31  89
   65  25  88  57  69  60  61  74  29  38  84  19
   31  31  85  88  11  20  22 116 115  68 101 114
   56  92  95  86  37  40  30  40  33  78  96 104
   97  95  40  58
  100  62  23  99  32  34  15  62  87  25  58  49
  104  75  36  81  36  16 118  57  30  14 107 106
   15  27 101  62  34  41  75  69  29  41  76  90
   84  57  38  71  24 102  49  81 102  87  72   8
   29  45  38  97  22  74  79  94  32  77  29  95
   58 108 115  96  17  71  71  44 100 106  35  34
   89  88 107  58  74  91  81  93  17  29  72  51
   36 108  93  73  46  84 104  85  92  76  91  25
   23  87 100  82
   16  83  68  38  68  89  24  12  78  36  89  42
   23  84  90  97  55  57  35  16  34  98  23  90
   10  83  13  18  78  98  57   7  88  87  91  50
   22  46  94  61  29  95   9  68  30   9  16  78
   76  97  88  94  78  73  89   7  92  57  48  31
   69  60  86  29  71  28  17  70  41  36  95  75
   48  63  43   9  81  20  29  39  16  33  11  61
   39   6  43  83  34  30  47  70  37  66  43  57
   44  85  41  20
   68  60  84  95  65   3  15  70  50  23  47  21
   28   9 100  97  28  12  16 100  26  60  80  40
   76  87  71  21  59  62   4  33  36  41  97  59
   23  30  53  88  71  53  43  50  67  46  11  53
   35  52  86  43  62  31  16  70  29  85  96  69
   58  97  32  49  69  74  95   2  51  16   6  17
   46  80  20  17  42  78  31  91  86  66  86  61
    2  60  12  37  21  59  52   9  32  81  24  30
   38  14  77  28
   48  59  53  28  69  13  34  96  41   6  96  71
   21  77  73  24  25  44  52  79   2  74  70  80
   65  31  87  99  94  66   8  28  90  84  79  13
  100  74  39  69 100  87  34  47  47  96  97  61
   80   4  93  88   5  17  14  23  15  90  52  94
   98  20  25  52  95  11  68   7  20 100  87  38
   41  46  74  63  38  78  89  70   2  10  94  11
   15  12  64  55  78  54  49  16  16   5   4  26
   31  91  76  81
    9  93  89   7  22   2  48  71  50  48  96  63
   51  45  12  21  49  44  90  98  47  14  13  40
   39  15  14  69  42   3  71  90  41  31   8   7
   37  74  93  43  24  62  79  86  60  23  28  40
   68  43  63  85  35  36  33  59  30  30  82  46
   38  58  38  76  97  71  11  41  62  53   4  24
   61  61  38  33  83  65  87  59  70  11  30  36
   18  84   5  22  98   3  90  83  87   5  90   2
    7  59  28  83
   47  12  65  12  89   3  79  82  99  79  32  49
   10  94  31  79  42  69  63  73  46  18  16  25
   12  33  65  30  33  30  27  70  46  59  72  51
   18  77  95   9   2  82  62  71  64  12   2  92
   58 100  70  38  73   3  84  42  38  81  99  24
   91  47  63  62  15  78  31  42  24  84  39  51
   28  45  42  54  47   7  15  15  94  43  15  88
   21  75   6  77  21  58  48  45   2  28  48  96
   17  11  72  16
   23  81  67  81  87  30  94  91  93  95  63  19
   41  10  20  10  22  53  73  88  34  13  12  64
    9  48  37  59  48  69   9  41  78  35   6  75
   15  50  92  84  38  91   6  23  83  31  49  61
   43  83 100  88  81  56  35  20  58  23  55  22
   75  98  39  52  21  36  96   2  37  25  42  61
  100  18  76  93   4  55  83  19  66   6  35  17
   41  27  19  31  47  30  63   3   5  59  87  98
   91  85  62  63
   28  64   6  77   7  62  59  38  76  58  33  28
   10  20  28  35  60  24  30  17   3  54  73  87
   38  51  83  43  59  39  72  72  78   3  94  12
   18  34  72  76  66  35  82  46  90  93  98  14
   20   7   4 100  80  81  65  31   3  88  64  71
   88  82  95  29  36  82  28  14  33  16  25  66
    9  28  32  46  54  46  20  78  93  18  99  71
   33  98  88  88  58  11  52  85   3  66  93  15
   76  42  20  87
   28  86  29  91  55  95   4  47  97  84  69  70
   71  95  16  77  77   6  59  63  46  86  53  68
   99  87   2  64  26  21  92  49  66  66  36  56
   10  82  25  70  11  37  98  70  10  44  24  63
   66  17  88  52  14  32   5   1  19   8  29  21
   52  89  87  65  79  58  26  36  55  37  59   7
   39  27  38  55  16  37  36   7  35  44  34  97
   56  53  29  41  13  74  53  11  86  16   2  41
   90  81  75  29
   39  99  26  10  30  98  97  28  50  74  39  73
   60   6  56  53  29  91  91  70  98  35  63  39
   10   4  73  74  89  40  80  38   1  43  26  46
   57  11  31  43  96  39  55  40  21  90   9   4
   92  25  44  25   4  86  90  33  95  58  68  89
   49  79  51  26  36  24   3  60  29  40  71  66
   81  54  40  10  59  40  55  44  49  40  99  71
   13  64  41  65  19  39  39  52  28  24  12  64
   43  91  70  43
   40  29  29   6  70  60  51   1  63  56   3  12
   49  63  97  64  47  17  28  93  67  34  72  99
   35  33  30  13  23  47  53  78  99  71   7  43
   81   3  24  65   9   7  89  30  29  90  30  79
   87  86  10  56  42  54  50  57  78  88  55   3
   47  48  50  15   7  87  36  12  82   7  50  12
   39  15  48  50  62   2  87  11  53  24  35  68
   38   7  76  44  90  50  48  69  61  60  71  71
   27  76  11  63
   77  19  89  81  69  47  66  86  63  68  50  47
   38  82  84  16  65  47  65   5  21  92  84  74
   54  94  29  95  27  17  49  64   6   5  89  86
   27  52  75  21  13  27  69  85  62  60  84  27
   94  90  68  52  60  84  37  23  14   9  83  12
   47  64  43  21  88  93  20  66  59  40  78  18
  100  72 100  10  54  74  94   7  13  94  81  36
   27  58  30  86  79  45  63  57  19  26  24  81
   58  61   4  10
   42  78  30  61  45  14  72  28  62  50  87  57
   43  82  33  68  31  59  58  97  61  40  51  63
   62  65   4  43  73  42  80  65  74  37   8   6
   33  83  73   6  54   9  36   3  48  58  48  59
   15  48  97  26  33  22  50  99  66  18  14   2
   79  56  13  69  71  34  72  53  14  32  21  38
   10  36  96  63  59  68  75  67  41  39   5  36
    4  98  53  70  69   9  72  60  56  29  70  77
    2  11  96  74
   13  28  23  69  24  95  45   3  61  83  35  92
   30  30  38   4  36  25  10  87  66  75  72  77
   31  23  45  37  73  28  31  84  37  23  65  59
   96  17  30  75  53  67  29  15  92  20  27   2
    2  99  47  23  50  75  36  28  36  79  90  72
   93  93  40  44  58  97   4  34   3  73 100  80
   27  84  22  72  21   6  73  16  74  25  74  61
   69  98  21  95  15  73   8  93  60  76  22  37
   59  58  88  92
    4   2   5  68  48  57  34  95  53   4  20  38
   14  58  55  44  83  68  49  59  77  46  41  24
   82  31  20  83  89  50  54  14  28   6  43  57
   22  61  69  71  51  50  73  88  31  93  36  91
   99  27  72   2  20  48  42  73  97  65  68   7
    3  73  74  75  13  25  24  58  63  30  83  89
   14  56  93  20  23  51  47  90  37  68  89  23
   96   9  26  11  46  82  41  35  62  69  34  91
   94   4  62  18
   42  61  35   6  26  87  64  30  17  95  74  83
    9  75  18  65  41  93  61  31  80  17  96   4
   57  13  14  53  69   4  31  26  54  84   2  55
    9   7  61  16  86  20  63  55  51  84  51  76
   86  30  16  94  82  99  98  43  71  33  68  52
   33  30  51  90  61  68  33  57  91  81  16  52
   90   9  40  98  15  97  71  30  19  75  47  41
   41  77  84   4  42  46  54  37   6  82  17  48
   11  70  16  36
   54  26   4  11   7  10  33  44  64   7  20  86
   84  87  35  55  91  72   7  53   8  82   9  32
    6   9  70  57  68  81  91  94  63  68  73   3
   28  68  60  47  72  33  94  13  84  86  86  45
   58  73  91  91  29   3   5  58  21  16  65  86
   10  65  73  30  97 100  22  53  97  72  37  41
   32  46  36  15  46  31  89  72  29  15   9  27
   53  20  33  68  20  67  36  37  25  52  45  99
   27  35  69  52
   16  70  58   7  10  64  45  18  98  33   2  86
   38  17  13  37  89  88   7  66  14  82  41  11
   44  82  45  62   2  79  25  55  87  84  35  17
   37   9   9  72  25   4  54  18  47  65   6  59
   54  99  49   5  55  51   3  27  78  95  54  84
   97  89  78   8  20  90  96  43  35  34  15  67
   31  72  14  56  65  83   8  22   7  31  63   8
   35  94  81  48  99  66  39  94  52  94  98  94
   29   8  77  43
   27  79  56  86  89  40  17  38  64  37  23  83
   67  31  50  26  73  97  15  54  13  18  81  88
   77  80  69  27  42  83  86  24  99  70  63  59
    4  56  10  41  27  81  77   2  37  72  34  22
   71  14  57  59  40  37  34  86  31  19  77  53
   30  91  49  50  55  66   4  87   4  71  38  91
    8  98  56   7   5  68  45  13  24  98  68  59
   80  96  61   3  80  52  53  63  48  53  86  95
   52   8  64  65
   40  94  46  55  19  71   4  11  64  37  91  35
   37  14  54   9  86  27  53  34  98  54  46  62
    9  39  29  88  69  64  39  14  84  93  19  56
   14  65  49  38  25  64  35  27  18  39  64  45
   14  95  18  37  94  42  53 100  21  10  43  82
   97  19  80  35  14  24  41  31  37  11  17  54
   72  60   4  33  87  73  54  56  95  60  97  36
    4  87  14  42  21  94  79  95  32  67  65  26
   32  77   8  88
   94  67  18  31  64  39  87  93  20  15   5  86
   46  81   9  23  61   6  11  48  99  72  33  95
    2  46  57  50  24  43  84  24  48  14  10  46
   22  36   7  65  93  26  31  65  67  60  26  87
   77   2  50  78  61  56  14  31  54  20  24  59
   96  59  50  69  49  86  96  50  24  60  86  74
   25  93  63  17   8  70   5  77  42  84  38  21
   95  81  84  31  23  16   6  73  74  28  63  72
   12  19  93   3
   80  72  95  56  40  10  17  77  39  77  24  49
   88   7  15  73  74  32  85  58  75  83  35  41
   43  50  26  86  50   1   8  33  90  69   9  14
   57 100  84  32  65  61  30   6  52  14  55  67
   31  47  26  32  10  76  59  25  77   6  91  74
   40  43  97  61  36  91  87  40  98  93  46  14
   91  42  56  76 100  52  66  15  91  95  34  79
   30  96  21   6  61  96  61  10  57  71  82  44
   19  17  97   6
   66  25  80  25  41  30  58  99  18   1  19  83
   38  37  54  77  82  52  49   9  58   7  77  24
  100  46   8  77  87  60  29  52  68  48  79  79
    1  98  93  72   7  84  62  81  30  65  98  50
   20   6  29  91  19   8  79  73  61  48  91  17
   92  41  38  11  92  97  60  31  16  12  10  79
   45  49  10  33  56  56  24   3  89  73  39  11
   47  68  64  74  89  76  35   6  51  57  35  23
   70  62  33  72
   40  56  54  58   7  44  85  60  37  26  95  28
   75  99  44  37  41  60   5  64  41  70   9  33
   52  90  56  32  60  72  89  85  64  15  24  92
   41  87  50  29  77   7  90   9  55  84  21  10
   12  32  60  63  50  29  11   2  21  56  74  71
   62  91  21  11   3  62  23  87  29  68  55  95
   12  60  53  25  99  86  36  77  72  99  89  63
   52  22  15  49  90  82  37  65   2   7  81  91
   69  75   3  84
   27   6  84  22  84  33  56  51  53  21  83   5
   19  70  63  12  25  60  86   6  99  87  19  78
   88  22  94  38   7  68  17  73  97  44  81  45
    8  65   4  73  74  57  60  55  23  57  45  75
   77  53  38  47  86  15  83  55  58  47  85  13
   10  60   8  35  28  38  97  20  43  34  10  44
   17  70  53  72  39  53  47  78  39  99  83  75
   13  76  10  66  54  53  26  97   9  65  80  31
   30  93  94  30
   11  84  46  98  13  16  39  18  11  48   8  23
    8  59  42  61  67  41  56   2  51  58 100  31
   15  80  49  18  77  72  41  33  44  50  86  31
   91  91  37   4  24  19  17  84  78  40  19  23
    9  49  58  19  16  95  91  21  52  11   2  84
   85  98  40  97  21  91  32  58  90  64  47  31
    4  15  34  48  62  99   7  89  30  45  10  13
   76   9  30  49  74   9  86  68  64  13  65  98
   77  95  34   8
   31  47  84  68  48  10   2  91  23  53  87  47
    4  83  29  10  82  69  36  29  77  17  29  58
   30  56  43  97  14  40  38  50  54  57  31  87
   61  51  31  31  76  61  94  44  30  71  87  36
   11  66  63  83  53  13  52  56  29  40  63  61
   55  41  97  99  20  82  79  31   9  32  88  55
   55  90  20   6  98  42  41  53  51  17  76  24
   86  64  90  29  29  38  90   9  69  95  45  86
   79  11   9  34
   15  12  18  72  82  78  21  37  42  63  91  60
   31  14   3  34  39  83  71  93  85  26  77  86
   71  36  40   6  89  70  60  82  93  20  24  46
   37  46  68  36  66  86   9  91  83   9  31  90
   65  47  47  58  53  79   7  38  95  88  77  18
   60  63  87  30   6  83  29   3  14  54  21  86
   93   6  41  27  34  56  15  14  30  39  71  90
   64  89  56  15  59  93  12  98  82   4  17  97
   22  14  94  71
   50  74  94  42  47  18  41  99  64  84  34  53
   50  49  79  12  41   1  53  46  24  72  22  31
   23  86  80  96  87  16   2  91  96  50  97  62
   82  82  93  42  52   5  11  52  37  14  72  14
   46  34   7  80  31  49  77  73  67  51  18  36
   49  93  77  95  94  65  85  42  56  74  26  18
   62  42  21  19  50  10  32   8  25  63  68  45
   27  64  16  23  12  95  68  23  44  19  78  74
   99  48  18  37
   39  50  64  22  96  50  67  72  89  60   9  66
    2  55  85  24  33  20  53  47  45  83  58  85
   89  16  44  64  85  90  11  75  63   2  40  35
   74  54  85  91  56   9  22  11  65  90  58  16
   74  63  11  88  26  62  46  37  50  92  75  22
   51  90  22  51  47  42  45  32  77  71  27  85
   74  84  26  26  93  84  84   3   4  38  10   3
   51  11   9  17  73  70  88  69  82  38  21   7
    9  18  65  52
    7  47  88  20  70  71  96  46  29  79  47  55
   10  29  77  36  72  97   2  50  80  94   1   6
   94  92   9  45  69  70  28  42  77  69  44  15
   24  58  66  47  96  16  65  28  12  21  38  98
   80  61  73  14  85  45  39  15  72  38  75  18
   48   2   5  14  96  49  49  74   7  14  69  80
   14  26   3  58  46  12  30  25  92  91  38  53
   80   2   9  45  63  24  13  17  24  27  18  94
   88  20   6  35
    140   134   140   125   125   134   134   127   132   118   145   132
    140   132   127   129   125   136   128   131   138   132   134   133
    121   131   130   131   126   120
