 20 400
  112  94   3  95  94 101  64  69  34  83  67  58
   29  35  42  61  23  69  38  82 107  19  77  73
   36  24  72   6  43 106  21  90  48  41  69  16
   33  57  14  12  78  87  12  85  55  18  68  57
   45  30  25  57  36 103  33  42  35  92  96  83
   14 101   6 101  90  99  58  60  64  99 100  44
  109  49  41  34  72  77   4 103  73  20  48  38
   54 100  48  84  87  86  54  74  47  48  14  16
   40  85  82  91  31  95  74  95  60  84  98   9
   64 100  15  69  45  54  71  66  15  56  37  33
   46  23  70  42  68  31  51  87  67  54  87  13
   98  75  25 100  85 109  82  88  35  16  13  50
   31  51  72  65  38  74  27  41  66  97  60 106
   61  18  11  27  46  63  52 104  92  43  82  89
   60  43  72  78  90   7  26  34  68 109  32  95
   48  68  49  19  85  30  86  12  31  37  61  28
   94  52  72  69  96  45  95  33 100  82  44  39
   95  44  84  34  12  62  29  59  91  39  31  58
   73  54  47  97  82  93  13  42  66  35  10  69
   15  31  92  27  78  63  62  91 113  73  80  84
   14 109  41  40  31  36 101  33  49  50  63 108
   19  17  92 100  32  11  44  45  53  68  64  60
   29 100 104  80  89  61  98  34  29  66  32  57
   34  27  74  35 102  52  71  65  25  90  33  56
   31  15  54 101 114  41  63   7  26  76  50  46
   48  75 111  19  93  33  77  37  82  78  93  54
   53  76 113  11   8  66  41  40  96  64  20  17
   84  97  14  77 105  43  60  12  94  83  69  66
   62  61  59  37  22  37  53  83  72  26  69 105
   87   9  50  86  20  38  82  97  69 103  47  43
   23  80  51  38  12  50  98  32 107  14  56  81
   15  69  19 114  95 111 117  54  33 102 103  25
   21  71  59 102  88  10  55  99  12  25  64  65
   25   6  13  28
   59  47  38  67  15 108  64  34 100  56  42  58
   65  49  94  33  62  41  49  27 112  34  41 104
   54  23  49  27  18  93 103  37 102   9 105  32
   90  66 101  78 111 100  56  57  45  44  65  59
   18  32  60  58  24  93  86  54  57  85  50  94
   58  85  13  76  60  37  57  45  59  48  66  60
   21  96  45  51  72  61  47  44  99  38  62  36
  103  51 109  28  20  16  62  85  12  41  51  10
   39  31 103  84  15  84  17  50  53  96  21  61
   63 102  55  78  31  78  81  83  70  55  48  14
   85  52  52  23  17  47  75  65  77   7  93  73
   92  78  53  62  30 101  46  68  91  19  33  91
   97  69  68  81  13  12  22  27  21 108  48  70
   45  69  88  19  62  20  56  74  84 118  72  85
   37  26  17 112  10  74  94  37  24  44  52  49
   87  67  27  56  66 103  81  85  33  74  85  61
   98  66  18  27  25  30  36  31  97  26  16  19
  111  75  23  47  30   3  42  32  28   8 106  94
  107  73  99  92  72  49  28  21  28  64  32  74
   69  20  39  89  36  97  37  67 113  69  94  90
  102  98 106   9  27  19  77  35  69  32 113  51
  114  40  94  71  36  51  25  75 107  36  65  56
   36  77  45  77  89  23 108  82  66  50  73 100
   22  30  97  84  72  18  69 103  98  52 102 104
   44  39  25  73  60  80  90  19  21  84  70 112
   10  40  26  10  23  54  54  70 101  62  86  40
  103  27  97  92  16  52  32  32  40  67  82  28
   33 103  34  91 113  50  24 111  32  51  62 105
   97  47  15  57 103  47 104 106  86  96  46  95
   18 106  42  62  65  52  25  63  47  73  36  62
  100  74  71  21  26  58  80   5  93  63  66 104
   80  89  49  61  25  60  45  18  44  64  31  69
    4 108 101  39  91  91  13  27 104  75  25  16
   11  49  75  73
   32  19  60  23  33  75  15  42  64 109  75  56
   13  86  66  81  45  36  21  95  93  71  94  91
   26 108  81  98  20  18  70  52  23  84  87  35
   34  84 101  38  83  79  52  43  90 104  74  93
   77  29  24  96  82  20  65  55  31  27  79  29
   14  79  88 103  31 114 101  17 109  26  37  40
   21  84 117  54  25  91  92  45  67  39  18  19
  114  98  15 102  47  87 104  88  63  77  80  89
   42  36  15  55  97  35  80  88  78  57  62  80
   33  82  80  46 102  33  37 119   7  24  83  57
   58  58  81  49  23  90 101  32  22  97  37 109
   32  52  73  88  22  44  96  76  67  37  61  32
   50  43  32  69  33  94  50   7  66  50  85  48
   10  37  97  75  93  67  62  50  48  32  95  62
   38  93  33  95  47  55  95  92 114  95  71  43
  108  88  40 110  22  46  46  75  76  94  46 102
   85  54  15  49  64  17  70  34  14  56  79  49
  107  52  81  68  60  77 108  93  51   9  49  54
   28  59  73   5  22  62 107  57  23   7  73  63
   34  44  76  24  33  56  29  91  82  89  25  82
   75  99  74  33  95  47  99  78  53  36  76  10
  100  38  23  62  70  91  83  83  72  89  74  38
   62  65  12  58  90 102  21  58  25  11  96  95
   78   6  74 108  98  44  49  44  30  19  55  20
   97  57  36  81  19  34  24 119  87 110  37  77
   84  50  94  80  32  75  49  55  36  79  31  28
   35  14  83  79  63 103  63  75 104  15   6 114
  103  93  69  53  94  21  78  68  82  52  42  11
   47 104  42  84 100  50  94  98  26  90  26 110
   18  53  88 110  80  47  58  33  49  51  49  97
   69  83  64  20  18  86  89  51  53  67 103  56
   92  17  61   6  96  23  67  70  29   3 112  69
   72  49  49  51 106  98  65  40  78   6  89   7
   28  51  93  10
  119  16  76  30  61  12  97  65  40  18  43 117
   31 112  29  28 108  68  59  41  71  66  17  61
   93  58  78  41  49  39  29  33 106  14  97  41
   24  62  17  52  16 108  84  48  76  55 106  57
   55  20  20  39 101  90  86  46  84 112  84  87
   40  20 102  62  98  50  59  93 103  85  76  33
   97  81 103 102  33  63  74 110  49  22  58  83
   97  44  40  91  17  11  36  30  56  55  74  96
   43  65  97  17  96  92  60  26 110  78  55  45
   17  91  17  70  63  34 106  22  21  97  61  81
   56 111 105  34  62 113  36  53  15  86  65  76
   48  55  56  28  50  21  74  25  50  32  57  31
   28  61  87  41  49  45  38  28  75  21 110  51
   98  53  68  31  58  51  98  23  35  47  86  19
   62  53  15  90  32  56  63  30  89  27  67  51
   25  57  90  49 104  62  86  27  80  63  59  26
   87  66  52  21  19  43  99  52  21  77  13 107
    3  39  20  65  21  71  50  57  46  27  87  25
   73  94 104  28  34  56  13  57  11  89  42 102
   59  13  19  70  92  54 101 104  62  72  50  16
   54  38  24  68  74   9  14  72  73  23  84 103
   37  66  32 101  39  10   6  32  36  68  27  27
   51  90  21  52  32  29  21  98  15  30 106  51
   50  13  74  88  51  70  60 101  67  86  84 115
  102 104  14  75 109  46  93  21  43  24  40  13
   30  98  17  31 117  89  34  74  53  93  71  72
  100  97 103  88  69  88  56  40  11  61 103  64
   41  73  41  32  61  80  60  18  78  21  44 109
   70  41  60  66  62  25  74  58  49  89  35  93
   39  65  69  29  93  38 109  64   9  88  36  75
   34  83  50  52  57  21 104  34  82  24 101  14
   38  17  69   8   9  28  86 100 100 107  90  62
   43  38  50  25  74  81 102  50  91  73  30  47
   44  55  68 100
   43  92  91  25  67  32 102 104  61  31  29  74
   44  38  71 106  97  18  49  53  69  56  97  16
   72 117  41  16  97  78  47  88   9  76  32 103
   64  59  65  66  25  80 100  53  20  15  74  74
  112 104 114  34  53  60  75  30  31   6 108  10
   34 100  83  53  28  19  25  51  67  39  42  63
   55  24  73  67  76  40  18   5  37 106  51 101
   20  97  47  26  62  13  65 104 101 100  55  73
   29  51  47  42  34  66  53 102  21  53  41  53
   13  74  24 104  56  72  91  49  90  64  14  24
   70  29  20  57  17  59  39  56  18 101  69  11
   39 106  62 105  70  34  92  81  64  96  36  60
   96  12  87  92  95  41  59 109 105 102  28  21
   96  35  19 103  22  99  24  31  61  18  89  21
   68  78 102 108  30  87  95  55  66  72  34 105
   18  87  85  88  15  45  18  51  56  29  77 103
  107  57  81  22  18  96  78 109  83  15  82  50
    8  24  43  12 110  47  38  24  92  65  52  64
   82 103  45  82  78 117  56  40  44  21  16  52
   43  24  52  38  81  54 101  80  51  86 103  37
   78  83  55 102  17  89  84  41  77  70  37  88
   15  44  56  55  15  82  20  78  19  42  88 109
   30  45  57  70  39  35  36  14  37 111  96  92
   26 104   3 105  26  93  31 102  64 105  42  36
   50  11 100  36  76  67  92  30  95  78  36  20
   90  51  64  67  70  40  52  52  99 104  89  78
   17  83  55  83  42  83  52  65  36 112  17  80
   18  60   7 102  27  20  15  20  38  11  29  64
   29 100  97  33  92  54  65  47  15  88  83  63
   50  36 112  68  38 100  75  64  78  80  91  15
   88  64 101  26  82 114  73  26  77  20  24  72
  102  30  55  16  88  18 108  34  21  43  62  29
  104 104  69  42  35  28  51  85  50  58  71  54
   19 102  19  58
   12 102  25 102  60  70  37  57  57  21  76  70
   58  12  86  35 107  45  85  37 109  34  41 104
  100  66  84  91 115  99  50  60 105 100  59  64
   83  18 109  22 102  50  57  72  97  62  95  77
  105  43  93 101 109  98  44  77  58  39  59  21
   44  31  97  23  33 114  13  90  19  43  72  38
   41  25 105  55 100  29  71  36  60  21  77  43
   68  63 101  57 100 105 107  91  73  56  44 104
   82 106  79  86  79  75 106  15  59  24  50  78
   21  43  59 102  97  93  31  83  61  59  89  16
   95  27  40  27  20  83  31  63  36  76  69  57
   25  64  15  87 103  27  47 110  94  54  37  12
   47  41  43  90  65  98  33 106  49  19  47  68
   17  80  20  51  43  20  75  41  66  18  59  31
   98  31  42  89 100  89   9  56 110  44  25 104
   37  45 110  85  87  44  40  83  84  75  34  42
   91 113  70  27 105  85 117  79  54  34  91 104
   94  78  54  52  37  97  70  33  53  12  47 105
   99  98  92  94  39  80  51  71  44  25 100  17
   78  96  94  24  93  79  25  58 110  70  14  90
  112  65  70  77  88  45  81  40  69  61  13  25
   13  42  95  29  70  64  21  35  17  80  52 102
   83 101  30  91  28  92  31  27 103  44  17  42
   41  93  76  63  62  14  14  60  26  10 107  53
   73  14  44  87  24 103  49  86  52  43  85 110
  101  77  48 116  77  31  18  68  28  68  73 109
   66  53  68  41  94  12  68  15  82  53  78  92
   49  57  28  29  25  20  15 101  30  50  25  12
   39  87  87  26  65  98  31  35  28  57  84  55
   35  78  99  71 103  61 115  41  93   9  31 104
   47  91  96 104  66  61 101  86  15  12  77  55
  106  50  93  28  34   8  76  24  83  56  44  92
  100  17  31  71  73  88  99  50 106  77  56  86
   28  42  23  94
   64  36  94  17  32  70  86  95  15  42  50  94
   44 119  98  95 107  61 116  85  69 104  15 106
   53 109   4  26  20  67 113 103  26  39  16  86
   29  37  21  36  38  34  59  53  75  64  57  30
    7  77  65  10  66  35  85  78 100  67  41   9
   20  47  90  23 100  72  72  87 108  16  53  89
   36   6  29  90 111  72  40 106 104  83  42  23
   20 101  73  13  22  51  18  80  31  45  78  84
  104  58  69  82  80  19  58  91   6  34  82  90
   65  35  98  45  64  22  89  75  58  59  88  81
   35   4  42  92  83  35  29  24  17  93  29  78
   29  37  26  59  66  61  61  61  21  82 109  79
   81  90 112  51  12  57  83  83  19 105  15  63
   61  43  16  77  39 101  96  41  66  81  92  47
  114  49  53  28  89  66  23  45  73 113  16  37
   64 104  34  55  87  80  78  45  75  84 112  80
   82  43  35  55  59  82  50  89  12  58 115  34
   38  55  53  78  21  50  40  36   8  74  92  49
  105 104  58  21  94  46  76  68  31  80  25  27
   54  30  53  84  73  48  18  28 112  23  35  96
   99  60 108  98  28  97  51  84  87  41  74  93
   26  61  93  76  60  89  34 103  63 114  92 106
  100  61  17  94  26  58  39  51  31 106  26  25
   75  83  46  74  31  31  14  34  58  19 103   4
   90  96  22  69  71  69  23  53  86  58  21  20
   45  14  42  63 108  48  95 104  56  25  87  95
   17  34  20   7  19  13  16  23  97  78  91  30
   88  83  19  77  95  98  51  88  16  78  13  63
   96  27  79 103  23  49  31  24  43 111  31  34
   37  90  84  50  84  79  69  52 101  67  33  98
   62  63  14  69  88  43  28  90  29  23  80  85
   57  31  27  35  24  25  35  65  80  25  64  21
   44  75  56  21 102  34  56  50  65  74  65  64
   90  39  59  80
  101  20  25  56  19  27  70  29  47  12  18   8
   69  94 100  77 103   5  64  38  24  69  34  40
   38  85  31  71  18  92  78  56   9  18  94  78
   61  21  83  58  25  29  68  98  58  78  80 104
   76  80  35  42  27  57  52  25  41  53  79  88
   19  39  18  57  33  51  71  83  23  98  62  48
   82  36  62  24  78  70  58  16  51  81  93  38
   59  49  60 101  77  73  21  17  94  26  45  23
   28  85  53 105 108  96  38  23  90  55 118  95
   16  70  81  91  85  78  92  71  47  96  89  91
   21  30  71  44  49 106  93  14  67  25  57  51
   60  67  74  77  25  55  15  42  31  47  17  91
   67  72  94  37  12  36  23  92  25  10  31  21
   63  33  27  29  61  54  99  53  19  49  23  75
   93  39  86  75  28  24  29  95  72  68  16  43
   95 101  71  66  83  34 114  20  19  24  13  28
   64  60  43  20   9  92  30  74  52  73  14 102
   49  49  51  45  91  36  73  39   4  48  41  92
   86  71 102  89  60  52  82  53  48  66  39  62
   51  18  61  38  91  99 112  57  17  79  29  21
   78  74  62  96  93  93  41 110 105 107 112  39
   10  17  99 103 107  39  48  91  71  77  65  43
   86  68  81  46  55  32  47  82  26  91  85  84
   91  92  38  84  98  44  41  61 110 106  32  19
   13  62  90  36 108   8  11  51  89  81  19  81
   23  42  37   8   7  53  39  73 100  97  98   9
   93  89 104  23  83  23  11  60  56  43  97 107
   88  62  26  42  30  25  41  92   8  81  84  59
   32  63  57  94  80  44  73  46   6 106  84  97
   53  36  99  28 110  64  33  16  32  76  75  56
   46  23  45  91  67  68  97 115  35  26 101  76
   38  51  87  37  66 101  13  13  59  83  49  61
   51  14  12  89  82  86  29  74  45  21  48 105
   27  75  45  99
   61  29  39  49  28  85  79 108  53  86  97  71
   17  48  99 107  87  48  61  40  16  46  34  24
  107  27 110  42  64  65  88  41  96  50  62  41
   20  77  21  71  78  89  82  18  68 106  78 111
   43  47 113  73  71  43  42  75  82  52  30  80
   57  42  72  33  33  99  15  18  61  51  49  94
   88  73  49  94  31  60  60  83  11  87 105  64
   67  94  76  85  22  40  89 111  87  19  25  63
   89  20  97  45  96  14   3  76  41  61  81  88
   56  20  63  79  67  28  22  80  94  71  70  71
   23  32  59  63  83  70 103  46  85  71  37  52
   37  40  72  32  35  33 101  64  49  40  58  78
   73  13  86  69 101  50  80  14  26  30  59  42
   55 103  25  19  63  58  98  26  14  41  74  80
   32  92  78  90  64  47  84  97  30  60  66  97
  117  39  59  65  12  16  95  92  69  95  81  61
   18  41 104  32  53  71  63  19  90 101  53  13
   89 100  12  70  93  18 101  33  36  30  43  25
   78  92  37  84  20  36  88 106  32  60  42  18
   69  39  93  64  10  63  92 100  91 106  76  97
   48   4  79  42  21  97 102 108  85  22  21  64
   34  18  39  56  64  42  32  70   8  39  19  52
   70  55 100  20  63  40  52  76  49 100 103  91
   65  13  77  16 112  26  18  19  42  31  31  41
   93   7  44  36  80  41  76  81  30  86 100  37
   34  93  54  40  97 111  60  46  19 105  20  80
   21  47  48  94  72  50  55  44 101  35 116  84
   16  58  38  47  89  12  77  20  52  56  40  10
   54  78  53  38  89  31  84 101  27  27  18  60
   36  85  46  19  66  31  18  60  44  45  58  88
   88  58  18  14   8  21  98  80 115  43  85  70
   26  81  25  96  54   5  12  80  80 110  61  44
   46  55  54  51  92  29  53 101  26  85  62 105
   69  63  28  69
   69  10 103  38  15  38  53  61  54  38  92  84
   87  51  43  62  46  39  30  27  55  94  14  51
   73  27  77 106  59  36  59 106  47  70  92  50
   45  45 104  42   9  26  30  44  48  32  34  36
   82  70   8  96  45  29  46  24  84  24  44  55
   47  89  42  11  31  61  54  36  61  91  69  34
   53  29  93  85  72  68 103  22  98  46  44  80
   21  39  85  56  90  36  75  77  66  67  84  46
   51  28  24  16  42  69  55  17 117  27  92  11
   77  32  96  39  24  42  92  65  42  19  38  64
   22  85  58  59  78  95  92  29  36  28 112  20
   86  70  62  42 110  43  44  88 103  53  94 103
   89  86  11  37  25  76  24  66   7  35  31  67
   79  67  49  76  34 104  37  35  73  86  17  48
   84  59  22  65  51  85  44  68  24  18  69  59
   31  23  68  97 112  43  66  85  30  57  97  24
   75  98  69  43 100  29 104  12  83  75  98  28
   35  59 107  14  91 115 103  82  76  13  37  74
   32  51  99  83  50  92  41  69 105  72  65  96
   12  88  63 109  37  72 108  62  97  65  11  94
   88 104  87  12 103  93  90  32  31 103  22  25
   14  47  67  49  37  48  96  96  39  75  65  18
   58  94  28  35  37 114  74  26  77  24  94 110
   28  21  96  69  39  40  88  96  87  31  36  99
   37 104  38  73  45  64  65  73  12  61  26  11
   51  60  24  26  71  37  60  31  50  24  96 101
   83  21  53  49  82  55  93  34 114  82 104  51
   28  63  35  12  28  54  41  77 100  52  26 111
   35 103  55  74 108  74  74  85  95  89  69  82
   64  74 102  53 100   8  88  58  47  85 113  49
   34  13  63  81 102  63  20 117  81  46  37 108
   24 101  56  37  25  87  13  48  28  36  48  12
   60  57  44  98   3 102  86 103  62  81  11  29
   35  84  31  61
   51  25  19 109  51  92  63  30  68  52 101  71
  117  62 107  29  77  18  81  18  85  75  28  68
   78  74  29  46  66  28  30  31  29  29  41  82
   30  54  69  13  80  93  98  25  62  51  85  22
   21  96  32  78  81  53  85  96  90  34  71  61
   45  37  36  23  68  31  76  62  99  40  15  97
   11  64  48  76  35  38 104  51 101  43  95  94
   51  46   7  79  27  60  94  93  80  25  95  94
   83 105  61  64  41  72  69  92  90  39  82  63
  115  63  48 102  13  47 106  83  69  98  99  48
   17  26  89  62  19 114  56  94  82   8  91  88
   94  74  36  64  28  88  39  85  28  72 104  88
   62 100 100  23  81  32  28  85  52 102  55  43
   54  11  21  70  58  46  25  93  39  69  82  62
   97  86  14 101  49  47  59  73  44  23  95 112
   65  68  78 105  44  47  28  35  30  53  57  52
   40  55  93  98  18  79  74  15  29  88  81  27
   41 112  57  87  68  41  64  32  63 114  35  53
  101  50  40  38  68  67  67  86  37  13  16 101
   90  91  16  70  33  66  58  62  64  92  25  80
   63  71  84 115  16  92  67  77  19  65  31  29
   87  36  22  23  25 104  47  96  98  66  93  77
  100  93  80 103  41  28  28  97   3  26  31   7
  104  26  77  28  24  65  34  10  91  23  85 108
   29  71  82  68  41 106  73  82  60  61  64  13
   71  22  51  87  36  40  19  39  87  36  33  51
  107  25  67  91  77  12  62  90  63  20  97  91
   22  18  61  35 105 105  45  25  94  79  61  80
   34 104  86  91 108  47  20  76  82  97  64  39
   68  45  38 100  37  87  90   6  39  41 102  63
   28  99  77 101  53  43  64  44 107  93  47  64
   27  63  23  70  57  75  62  86  26  44  80  85
   25  48  14  86  33  99 104  16  74  35  58  76
   28 116   8 105
   81  62  68  64  42  29  19  71  80  74 114  99
   17  38 100 100 110  38  70  36  94  53  61  16
   28  22 106  21 116  26  21  55  66  94  98  81
  105  58 101  76  84  13  91  35  79  88  41  67
   53  97  63  13  59 107  85  55  50  72  58 118
   81  23 106  16  66  45  28  35   4 111  70  62
   33  44  17  36 101  33  67  59  61  30 116  11
   71  67  18  69 100  99  87  18  66  64  16  44
   99  39  59  96  41  71  36  53  46  93  50  77
  105  87  89  98  87  98  69  23  94  51  34  99
   69 109  73  92  76  63  74 101  38  46  10  58
   99  34 106  71  75  32  71  49  57  33  97 109
   86  56   4 102  53  54  80  87  53  13  60  54
   75  40  95  71  97  14  21  93  70  35  95  42
   58 105  22  24  61 102  23  15  77  48  98  42
  114  77  67  58 108  93  23  55  71  54  87  37
   35  91  55  74  54  53  32  24  30  62  98  94
  104  97  95  75  11  23  14  32  82  17  87  14
   89 100  45  70  67  41  81  97  84  45 107  74
   18   7  23 103  44  86  45  17  70  93 103  94
   42  65 110  47  23 108  87  96  12  62  66  90
   29  97  86  80  98  22 103 104  85  94 101  40
   36  92  22  78  84 110  80  95  89 106  30  42
   60  33  62  67  49  66  66  89  61  43 114   7
   96  69  40 117  23  30  75  57  42  61  27  57
   93  65  53  21 107  93  89  25  79  86  56 110
   18  38 106  59  51  55  74  36  32  55  77  89
   35  93  59  59  17  26  99  41  18  34  32  94
   29  73  30  71  65  87  45  71  72  49  63  51
  100  51  97  75  41  29  77 109 107 105  59   7
   94  68  22 105  29  37 108  54  92  32  94  53
  104  32  75  87  48  44  81  60  96  28  92  46
   95  37  99  52  26  59  87  24  92  22  54  23
   47  88  34  10
   56 108  95  17  27  49  89  31  44  97  32  27
   98  49  17  23  95 103  35  20  50  19  85  50
   70 109  71 108  42  98  40  26  96  96  21  50
   81 114  29  59  55 108  42  24  67  48  38 108
   49  95  38  88  97  16  86  52  50  25  23  94
   13  59  37  88  40  69 108 105  83  82  64  24
  108 109  50  33  23  34 107  45 109  39  34 111
   26  45  77  80  29  44  89  75  31  67 106  43
   78  46  40  84  75  75  82  70  95  52  91  99
   52  12  73  96  52  73  42  85  70  91  24  46
   78  44  69 110 102  28  15 101 100  96  33  63
   14  79  30   9  90  92  63  19  14 102 103  57
   65  51  76  92  77  43  94  80  90  58  98  79
   70  64 112  91  83  77  19  86  28  18  74  88
  103  65  83  54  70 110  64  55  62  26  56  90
   86 102  53 110  37  42  94  44  93  23  65  44
   53  24  99  69  37  57 100  22 105  43  68  81
    7   5 103  39 113  53  95  78   3  94  50  48
   48  48  53  21  95  66  57  86  47  90  71  53
   20  21  39  17  91  61  18 101 100  26 106  99
   95  86  96  17   7 101  51  20  61  33  93  31
   98  62  19  31  92  31  89  38  83  94  56  22
   70  94  64  54  96  41  24 105  16  43  72  85
   20  31  24  60  22  29  13  92  64  91  36  25
   66  81  33 100  67 101  55  66  78  58   8  40
   96  71  37  65  49  13  22  64  84  86  34 113
   66  13  63  66  33 101  55  60  38  14  18  83
   34  26  47  61  62  46  63  17  81 103  78  90
  106  35 101  30  22  51  29  71 105  18   9  31
   11  73  63 103  38  82  79 104  84  73  19  54
   58  53  50  66  55  45  32 110  40  42  87  46
   78  52  97  64  30  98 102  46  76  95 107  47
  101  24 118   6  83  29  36  37  96  92  84  83
   59  94  46  55
   64  29  63  43  90  59  32  32  34  87  35  73
   50  47   7 115  75  42  18  90  41 104   6  59
   14  52  76  73  90  82  73  95  98  42  92  61
   17  31  35  59  59  86  76  31  73  90  76  97
   46  85  52  52  58  13  69  56  53  22  74  58
   69  28  60  58  14 111  48  50  49  98  66  60
   44  31  71  90  74  54  34  98 103 108 112  20
  112  84  84  25  48  31  93  50  89 109 108  68
   40 102  46  36  48 100  30  13  41  26  55  44
   77  90  44  79  75  32  15  59  48  93  55  27
   49 101  52  63 109 102  21  10  66  58 105  31
   75 109  73  97  80  93  65  59  61  73  13  20
   16  64  14 100  40  77  49  60  28  37 102  40
   52  40  67  78  87  63  61 101  55  78  64 111
   52  38  98  46  30  36 105  37  76 107 107  53
   95 107  52  21  96  62  46  33  80  16  92  15
   93  40  28  75  45  80  88  17  50  65  91  53
   80  55  72  72  25  85  32  83  92  41  11  53
   45  80  97  50  52  81  21  56  95  15  24  67
   90  69  30  10  83  96  60  27  19 102  96  41
   57  82  84   4  74  46  13  91  66  96  91  59
   91  74  81  43  86  70  85  38  47  20  38  90
   46  36  38  80  24 112  46  24  81  42  21  80
   80  82  24  78  52  14  45  52  59  85  60  94
   73  30  29 103  43  48  96  36  27  89  28  59
   38  41  25  82  91  67  55  24  73  99  28  48
   32  75  77  95 113  51  23  87  32  97  70   9
   53  64  75  26  38  61  78  94  83  78  62  32
   78  43 105  62  74  54  75  25  59  65  40  18
   82  45  56 101  73  97  46 102  85 104  58  41
   52  91  93  34  39  79  44  53  51  93  71  45
   46  20  70  43  63  89  14  51  23  19  26  18
   87  34  71  95  36  22 110  79  81  49  85 104
   28  81  74  22
   41  22  96  73 104  68   8  58 101  44  52  38
    4  89  91 107   7  70 101  43  51  78  77  55
   99 100  65  28  84 103 106 112  43  61  79  66
   45  81  53  49  79 106  28  50 107  50  23  23
   54  15  66  83  93  38  73  58  92  47  59   8
   20  15   6  42  73  91  62  98  86  95  98  48
   67   5   3  87  54  80  17 116  57  62  55  99
   81  98  36  31  25  71  46  57  70  80  86  81
   21  19  93  60  60  26  60  19  28  42  45  96
   15  14  88  49  73  99 116  19 109  74  29  53
   24  58  18  46  72  20  25  87  25   9 102  80
   42  10 100 101  45  85  45  72 101   8  20  62
   89  91  80  53  33  40  84  70 108 112  77  26
   18  67  22  24 110  64  58  70  42  81  53  57
   61  20  90   4  48  75  88  34  30  23  93  92
   41  93  64  39  67  63  20  66  61  75  55  32
   80  72  67  23  76  60  79  45  79  12   9  41
   31  54  11  26  36 101 103  50  88  70  67   3
   60  52  27  98  75  43  42  71  59  82  17  29
   56  77  78  28  25  66  48  55  20  81  85  81
   92  72  61  35  49  24  29  59  88  30  10  15
   32   8  61  23  68  95  37  36  17  73  64  65
  100  70  55  59 107  71  92  59  60  60  12  59
   95  53  90  33  79  77  37  43   7  41  12  27
   31  98  55  18  68  80  19  78  68  69  64  61
   12  77  30 101  24 111 104 111 102  31  69  81
   53  83  55  56  71  22 109  24  52  61  41 103
   47  35  39  69  12  68  37  74  61  20  74 105
    9 112  69  24  22  36  62  68  96  32  95  85
   79   6 114  96  73  83  21  85  26  72 104  75
   73  53 105 106  90  13  65  77  54  50  53  67
   27  61  67  52  89 109 103  40   5  45  26  85
   99  15  45  73  76  89  32  60  39 109  16  51
   55  29  60  13
   25  19  94  37  43  17  87  31 104  63  19  29
   87  62  13  86  71 102  40  64  19  15  72  14
   81  47  51  88  12  18 101  71 112  88  61  60
   60  26  71  52  72  27  72  65  27  79  85  94
  107  38  76  58  57  10  40  13  49  58  26  65
   98  96 104  19  95  99  23  93  68  31 108  27
   47  39  67  72  82  68  30  49 106  86  50  29
   60  20  84  74  23  40  57  46 107  59  97  36
   90  81  65  72  97  33  91  39  44   9  14  86
  100  54 102  36  46  46  66  14  77  87  42  87
  100 103  66  54 104  67  72  46  76  46  29  29
   94 110  31  95  45  85  67  79  12  33  73  57
   45  40  84  63  55  12  42  17  19  79  95  39
   38  97 100  17  87  83  38 102  47  86  62  95
   84  79  35  50  85  65  53  99 100 101  27  97
   42  34  41  84  53  59  50  39  55  13  76  69
   86  43  53  47  82  58  94  12  42 100  58  72
   83  13  98  49  11 102  99  69  87  31  28  77
    7  70  72 106  23  91  35  71  26  16  59  16
   68  87  83  45  33  40  78  62  57  37  80  90
  110 108  44  14  76  66  57  81 110  44  83  80
   71  77 103  27  86  32  17  25  52  34  23  81
   57  47  79  92  54  14  11  48  81  96  21  87
   19  98  21  80  29  72  45  73  85  47  38 103
   47 100  30 109  83  79  81  26  12  33  43  60
   23  25  43  69  19 108 114  23 100  90 111  80
  114  83  42  79 113  62  11  24  62  53  60  46
   27  79  53  62  14   7  73  59  29  92  69  76
   41  61  67  39  67  39  83  68  27 106  17  95
   84 100  15  55  91  97 110  29  33  79  13  77
   61  96  92  87  21  34  43  36  28  43   4  26
   72  83  29  44  83  34 111  77  83   7  22 100
   70  47   5  52  48  76  30  59  71  97  24  17
   64  74  77  72
   75  90  74  69  53  44  63  54  24  83  35  70
   82  91  91  31  37  75  77  59  41  57  58  66
   33  18  25 101 110 107  55  63  42  84  56  73
   96  29  71  75   6  84  39  51 103  45  95  79
   34  64  63  64  29 117  47  84  19  90  97  32
  100 105  41  24  96  84  40  92  56  84  81  98
   83  49 102  99  14  71  27  65  42  83  72  72
   21  59  89  18 111 101  86 101  34  93  16 100
   23  19  52  97  87  89  76  31  63 108  19  44
   67  68  28  30  84  99  17  54  51  54  46  87
   97  80  98 104   9  50  75  99  28  76  25 100
   44  97  36  12  46  49  34  40  36  70 112  97
   65  42  26  20  92  64  78  38  81  34  68  14
   36  14  81  81  33  21  49  56  80  87  18   4
  101  16  76  96  56  76  24 107  89  15  28  44
   81  26 102 108  48 105  20  21  31  99  14  87
   24 118  89  76  31  77  23  46  70  96  39 106
   62  23  42 104  42  66  34  36  72  53  59  26
   41  46  84  18  51  22  51  39 102  99  57  50
   72 103  92  45  38  20 109  42  29  89  63  10
   28  63  93  69  20  66  49  48   6  43  91  96
   47  63  72  80  58  70  65  51  35  43  23  61
  108  90  57 114  88 108  49  84  69  53  96  36
   59  60  30  97  85  41  33  46  75  76  39  53
   94  76  79  92  77  51 113  34  69  37  14  78
   18  99  61  70  33   3  11 107  62  54 101  18
   65 106  75  25  89  60  47  79  34  84  71  42
   51 107  88  89  40  45  45  44  51  41  14  70
   43  99  46  96  66  81 105  49  50 109  30  61
   26  32  41  39  60  64 109  78  93  28  60  68
  109  63  43 102  23  88  51  66  83  87  13  75
   24  24  40  33  25  96  25  27  37  87  37  18
   80  41 102  28  75  49  94  31  80  58  37  27
    8  37  52  61
   60 104   7  98  83  31  96  90  20 112  51  24
   48  77  75  43  55  66  66  26  70 117  93  57
   94  51  41  46  96  42  24 107  79 107  79  77
   48  87  97  45  33   8 109  28  66 109  80 109
   26  73  45  50  79  51  14  58  38  59  47  77
  107  29  79   8  36 110   5  44  31  83  92 101
   66   6   9  89  59  60  63  61  71  92  44  48
   49  44 103  90  53  94  92  22  25  19  36  92
   23  79  16  51  53  55  45  99  59  73  48 100
   52  80  70  75  46  53  59  92 103 108   7 111
   32  23  40  52  34  29 103 103  57  21  93  10
  103  98  70 118  64  59 105  53  50  89  16  95
   42  77  71 111  63  82  74  50  90  29 104  80
   59  94  70  80  30  80  99  31  21  69  16  64
   53  65  43  59  75 102  61  45  75  93  78  61
   35  64  17  44  39  63  68  97 105  14  25  84
   96  27  29   6  91  82   9  95 101  43  77 108
   31  36  22 101  58 109  41  88   4   7  81  73
   76  11  88 111  75  22  18  40  91  62  63  45
   41  38  96  93  44  56  87  74  23  27  43  89
   86  68  56  49  29  27  96  60  14  56  84 101
  111  55  95  25  25  18 100  21  71  70 110  62
   33  11  34  87  55 109  55  68  72  60 104  70
   77  24  93  49 102  66  34  91  79   9  87  63
  114  17  19  47  86  16  61  78  63  55  32  37
   50  65 106  81  69  50  83  27  74  33  38  16
   82 108  97  37  22  42  26  15  34  86  18 110
    9  89  34  67  68  73  63  19 112  45 105  85
  112  24  72  28  21  88  21  85  22  49  92  86
   26  30  35  23  36  16  56   8  45 111 100  89
   22  33  89  21  48  69   4  10  76  46  51  64
   43 108 110 101  97  56  81 113  31  29  66  44
   94  86  15  64  18  96  48 105  59  19  23  56
   76  52  47  29
    9  64  51  25  24  16  74  73  50  57 102  28
   51  11  24  52 117  91  47  63  44  39  75 101
   18  53 100  79  44  32   6  46  55  11  70  90
   54  51  45  33  82  67  84  26  46  52 103  68
   40  39 101  20  37  56 105  97  31  26  98  80
   85  16  10  10  21  82  69  42  39  56  29  52
   67  52  37  60  88 110  51  92  86 109  63 103
   94  66  85  41  29  60  50  28  35  92  88   4
   98  59  26  66  80  59  35  88  74  49  80  53
   63  98  78  46  76  65  96  41 101  17  44 105
   51  17  52  46  40  92  51  96  67  37 101  84
   66  27  57  30 103  34  15  27  56  21  95  56
   43  24  96  15  27  39  73  44  31  13  46  39
  106  60 109  47  80  98  38  40  63  89 105  35
   90  88  23  70  34  66 113  39  22  80  68  87
   57  59 101  32  84  44  93  30 101  65  54  25
   74  58 113  36  37  94  90  73  87  29  64  39
  100 105  23 106  30  18  11  63  74  66 103  40
   50  92  34  40  29  17  97 105  84 115  53  94
   11  70   3  19 112  35  80  24  23  84  36  91
   23  32  64  63  67  68 108  42  42  55  50  95
   54  64  66  41  28  29  52  42  33  85  91  45
   83 104  50  61  87  50  62  90  34  40  90  93
  100  33   8  92  34  30  80  99  63  93  55  45
   39  18  38  80 107  85  30 107  53  35  17  78
   98  15  30  54  64 101  32  95  60  89  30  83
   25  16 106  91  42  94  54  31  54  79  83  34
  101 103  30  94  58  25  39  78 102  62 114  75
   83  36  47  73  51 103  66  67  68  91  51  79
   58  53  92  12  29 110  37  41 101  66  98  45
   15  53  61  83  85  25  26 106  93  20  17  51
   39  88  29  39  80  72  74  83  16  81  61  39
   40  90  54  92  91  59  49  67  57  36  78  18
   54  49  92  25
   97  72  70  59  62  45  24  51  67  99  39  61
   96  86  90  99  57  75  98  87  64  73  52  93
   56   9  64 101   5  25  78  18  85  56  29  69
   48  12  17  50  51  35  43  78  52 103 113  80
   75  35  39  45  83  22  96  96  40  39  87  26
  100  40  28  16  83  64  39  43  26  50  13  98
   89  61  18 102  55  12  34 102  53  35  75  15
   13 102  92  20  76  67  76  74  29  36  11  60
   90  49   6  59  87  96  47  59  98 108  49  50
  116  65 103  94  69  48  30  94  99  74  95  13
   63  82  32  45  41  92  79  38  48 102  34  34
   42  80  37  82 101 111  60 100  29  54  96 104
   68  67  88  66  54  23  58  60  26  40  60  18
   27  31  71  55  17  98 109  67  39  38  72 117
   96  61  18  88  56  36  11  19  26  82  18  60
   69  28 115  92  59  51  27  29 116  58   2 101
   94 108  19  75  71  76  52 109  44  33   7  95
   74  55  20  84 105  32  23  62 109  74  88  57
    8  70  39  73 100  13  63 105  24  28  45  36
   48  38  33  28  85  17  52  36  30  94  57  30
   65  42  27  83  52  25  44  40  67  87  60  34
   27  38  53  32  84 105  75  66 116  62  65  18
  100  86 118   8  16  18  62  43 104  51  57  23
   23  80 102  70  81  77  34  44 107  39  46  49
   17  56  32  66  51  74  69  31  88  14  92  30
   60  27  66  33  48  67  59 100  51  85  19  95
   28  12 107  83  52  55  56  86  18  32  81  70
   98  97  16  31  69  92  78  81  73  83   9 104
   89  65  14 111  30  62  45  82  69 102  67  88
   71  13  41  10  50  26  30  39  89  52  23  67
   25  94  61  76  85  92  59  86  92  98  91  55
  107  52  99  81  64  84  54  19  95  52  33  86
   55 110  43  89  96  64  42 106  16  92  46  35
   88  93  37  27
    6  16 100   8  19  17  45  36  71  19  37  57
   88  79  63  57  83  46  76  31   7  99  34  29
   83  95  41  98  62   9  99  29  55  78  45  94
   85  51  95 100  26  26  93  23  48  93  49  57
   63  85  84  55  66  15  78  76  79  22   9  28
   97  15  96   7  28  16  48  46  39   7   5  59
    2  68  78  81  33  26  99  16  40  93  64  74
   64  20  70  25  23  27  66  31  57  56  94  99
   71  17  35  24  79  20  46  24  49  32  14  94
   42  12  89  47  63  58  39  51  97  50  81  84
   61  96  37  69  40  71  69  21  35  66  29  90
    7  28  95   7  17   5  26  24  75  89  92  61
   80  65  33  47  67  44  86  68  45  18  46   5
   47  95  94  81  69  52  53   7  19  66  26  19
   54  72  37  31  30  95  83  70  43   1  70  24
   71  37  60  87  23  78  17  98  75  66  44  91
   22  60  34  34  15  73  12  73  10  22  73  77
    7  65  35  85  98  53  75  44  11  66  76  53
   44  63  73  14  25  20  91  65  43  77  94  35
   95  84  27  79  33  39  57  26   5  36  23  20
   97   8  72  67  82  69  10  78  58  60  41  10
   95  93  13  13  81  91  59  71  58  37  47  51
   74  13  15  37  23  46  21  84  87  52  85  57
   86  81  34  73  14  56  43  51  86  23  80  47
   86  88  52   5   4  67  44  98  82  28  68  72
   61  30   3  90  20  72  39  74  23  39  24  51
   60  38   5  97  95  45  70  78   7  54  97  96
   31  13  94  34   6  71  43  94  17  25  43  50
   42  56  57  80  89  80  53  23  47  90  49  11
   24  97  55  19  93  76  20   9  38  10  71  70
   93  31  63  65  91  68  17  75   4  89  64  39
   87  42  96   1  24   3   1  53  69  17  11  81
   93  42  43   3  25  94  49  17  95  92  53  46
   82  96  96  76
   47  67  79  41  89  11  47  86   7  47  62  46
   54  60  11  83  42  64  69  82   4  76  68  10
   61  83  63  89  94  12   5  68  15  95   3  82
   28  43   3  33   7  12  47  49  57  70  46  56
   87  70  51  49  80  16  16  57  56  30  70  17
   46  26  89  35  60  74  58  61  52  71  45  57
   94  10  67  63  42  45  59  68   5  67  46  78
   12  64   7  83  83  98  45  33 100  69  59  93
   71  82  10  29 100  23  89  62  58  19  87  43
   50  13  65  24  83  31  21  23  37  50  57  91
   32  66  52  89  96  67  30  47  39  96  23  39
   14  24  49  48  89  15  73  40  20  99  78  25
   14  39  39  34  97  98  80  82  91  11  57  39
   75  49  15  96  54  93  62  41  31   2  40  19
   76  76  88   6  92  33  15  74  84  69  65  66
   32  38  93  59  53   9  25  34  75  41  30  45
    5  52  93  90  93  85  77  76  10  80  98  92
    6  40  87  72  87  99  66  70  81  96   9  24
    6  38  19  26  37  70  89  94  81  48  79  37
   39 100  76  24  78   5  68  53   1  49  13  24
   11   7   5  98  84 100  43  78  39  76   5  69
    1  65   9  48  74  59  86  35  10  75  50  62
   73  26  62  41  18  86   5  29  45  67  46   4
   81  77  11  27  43  99  48  14   6  52   3   7
   72  63  79  36  43  37  15  95  84  21  46   7
   95  80  78  92  80  59  56  38  13  55  26  69
    8  86  14  14  91  59  85  73  66  38  22  92
   81  13  84  24   1  68  83   5  74  57  49  15
    6  60  98  54  17  61   5  10  24  15  65  21
   99  14  72  51  46  59  80  56  62  29  74  52
   13  46  40  84  94  45  31  98  12  47  39   5
   35  21  60  50  79  60  68  87  67  42  78  42
  100   6  19  80  27  15  99  80  10  29  80 100
   95  71  39  46
   88  98  52  80  79  27  96  66  51   3  41  48
   98  26  54  33  61  82  95   7  18  32  11  25
   79   2  26  12  86  84  41  50  96  28  24  77
   83  29   3  75  31  31  60  69  21  15  30  18
   32  89  86   9  35  94  40  52  81  84  32  73
   97  29  27   8  85   2   7  93   7  80  65  67
   83  32   1  55  89  16  11  68  44  70  84  97
    6  10  96   4  65  18   5  16  42  39  38  21
   74  77  92  61  16  85  28  23  28  60  55  36
   75  36  39  64  15  79  81   1  95  82  25  59
   50  55  39  69  85  21  19  71  80  10  75   9
   79  51  32  23  82  71  17  44  44  80  57  88
   62  73  72  51  74  18  66  98  54  53  26  63
   96  79  11  38  23  53  46  68  65  83  22  47
   65  21  78   8  65  54  10  19   4   7  48  77
   10  23  64   3  94  67  60  30  44  20  58   3
   20  64 100  70  42  86  39  76  93  63  33  59
    6  63  38  37  59  35   3  12  69 100  62  53
   89  53  33  98  95  49   4  45  87  98  29  44
   76  65  28  91  84  56  73  28  35  13  85  24
   44  14  29  83  22  58   4  29  57  66  39  99
   19  70  89  46  45  11  26  21  38  27  31  73
   58  53  92  44  19   9  95  59  78  98  20  23
   34  99  30  11  16  61  70  64  81  91  59  86
   10  57  84  31  92  76  91   1  31  10  83  39
   27  56  11  24  79  45  68  61  74  33  84  79
   82  93  19  23  52  16  56  45   1  92  96   5
   11  19  51  55  22  82  39  43  27  59  75  97
   64   8  67  28  11  61  11  15  76  20  79   5
   98  50  23   5  35  73  55  73  58  59  55  18
   48  26  53  86  86  26  30  62  52  44  10  55
   12  90  51  98  15  95  45  42  88  99   2  44
   31  53  54  66   4   5  44  68  28  96  17  99
   74  60  20  96
    1  88  44  84  54  97  22  52  74  93  68   2
   77   4  74  76   4  44  58  70  34  41  93  48
   13  53  26  62  64  81  87  71  12  96  23  62
   95  53  99  62  95  11  34  66  43  50   8  46
   47  93  83  79   6  24  27  59  33   3  27  20
   69  88   9  49   8  56  59  15   6  18  40  75
   11  36  11   4  72  48  44   6  67  81  46  36
   13  74  78  22  88  94  68  73  56  56  38  14
   73  40  14  87  18  11  53  85   4  39  57  61
   98  17  91  49  48  77   7  87  87  15  55  30
   64   2   9  71  56   7  81  61  91  17  44  28
   64  54  46  90  57  91  31  84  57  78  59  74
   74  54  22  77  64  66  66  80  43  93   7  57
    5  60  50  87  46  60  10  80  80  68  28  86
   56  65  92  19  79  55  55  76  29  81  52  54
   77  49  21  69   8  41  21  77  35  39  51  89
   21  39  68  92  97  74   8  68  83  31  98  12
   99  66  88  51  95  31  53  62  59  84  27  93
   43  17  10  79  79  63  92  61  99  27  78   9
   52  94  92  33  23  59  10  10  52  33  66  95
   57  73  86  49  43  94  93  48  32  90  31   8
   73  54  85   2  65  92  98  76  75  49  92  76
   57  21  82  56  70  77  99   5  97  80  10  60
   64  98  29  30  59  34  45  10  49  32  36   5
    2   8  88  42   2  59  16  94  71  88  76  99
   87  21  95  75   1  22  80  41  55  20  42  34
    7  18  10  31  41  20  54  67  92  44   6  50
   65  46  70  83  49  32  50  85  37  82  63   4
   50  70  59  38  49  77  41  57  59  14  82  18
   81  37  48  85  22  72  10  48  99  30  66  40
   72  23  63  60  53  85  11  85  30  96   3  97
   81  93  34  95  99  91  24  17   6   6  26  55
   72  64  57  81  37  33  10  59  26  31  72  68
   69  50  46  17
   71  14  20  86  39  84  10   9  44  83  75  33
   68  70  40  11  13  96  71  54  46  50  19  87
   39   1  64  86  17  42  60  25  97  35  78  13
   39  55  49  49  81  31   7  57  91  93  34  31
    4  14   6  83  67  51  33  82  89  97   4  99
   78  16  31  55  85  91  92  57  53  67  78  48
   54  95  33  47  38  75  95  97  74   3  52   5
   96   6  68  84  43  97  45   5   8  13  50  31
   74  56  73  67  69  45  61   4  98  49  66  54
   95  42  88   8  64  38  21  66  20  38  88  92
   37  74  98  50  89  55  81  50  98   6  33  93
   72  12  58  15  50  68  19  26  50  17  74  60
    9  93  24  19  25  71  53   7   7   4  78  85
   13  68  86  13  96  12  82  84  50  92  31  81
   47  26   3  12  88  24  14  56  44  44  72  10
   97  31  25  26  89  58  93  60  63  75  26  17
    5  50  34  88  89  12  42   2  26  96  28  62
   97  87  68  93   8  64  79  89  25  40  65  48
   23  13  57  23  27   2  61  62  59  94  99  56
   77  93  52  76  23  54   9  25  63  32   1  72
   37  27  56   7  93  25  36  74  42  42  81  23
   91  70  56  49  96  20  89  36  98  61  24   4
   74  73  54  50  73  81  72  91  67   7  14  12
   90   7  99   3  85  19  77  11  44   7  70  74
   54  98  18  77  43  40  19  83  18  28  77  86
   14  60  45  49  37  79  65  52   3  13  17  33
   88  20  56  33  70  34  67  40  68   7  94  30
   94  53  98  15  89  92  90  83  72  92  80  46
   80  17  21  78  16  65  49  64  88  17  31  41
   57  77   7  43  76  19  32  42  41  26  25  95
   27  41   5  89  34   3  40  80  36  95  92  39
   18  89  58  95  22  85  12  84  90  60  52  83
   15   7  42  63  69  82  58  27  65  47  31  55
   87  15  86  52
   99   3  80   9  45  41  83  49  49  97  27  35
   45  99  30  70   4  66  33  83   6  80  70   2
    5  54  36  18   2   3  55  57  12   7  48  50
   33  86   7  98  13  67  55  43  21  49  24  36
   15  77  16   7  11   7  76  31  51  76  61  99
   73  73   7  88  78   4  96  28  99  60  33  66
   74  95   3  47   7  81  46  69  43  87  30  61
   34  44  10  48  10  14   5  22  44  57  62   7
   25   7  27  31  24  28  13  93  61  95  69  36
   81  60  48   8  16  12  76  36  52  57  24  94
    8  81  70  75  91  21  73  51  80  31  42  49
   80  52  99  20   2  84  58   1  22  50  81  92
   60  65  59  21  43  10  71  10  71  94  59  49
   94  29  92  61  72  91  43  73  49  99  45  83
   22  75  72  31   6  17 100  63   5  62  80   7
   83  68   4  33  30  67  73  33  28  45  73  77
   26   5  33  92   6  35   2  26  49  84  14  16
    9  24  55  59  76  19  41  81  51  96  73   5
    9  16  17  17  70  35  66  39  71  82  15  96
   29  23  23  87  12  26  83  46  10  38  99  22
    2  48  44  37  23  59  32  65  36  54  90  90
   99  64  25  86  34  42  90  76  94  27  59   6
   36  14  86  12  86  23  86  89   9  66  92  62
   77  22  34  52  40  96  97  44  92  96   2  59
   42  97  62  20  80  14  63  22  50  64  23   2
   15  43  66   2  25  87  88  48  89  49  29   8
   46  58  39  68  26  96  48  97  23  64  33  19
   64  48  88  76  81  91  96   6  72  64  91  99
   76  27  33  82  39   6  72  70  83  54  20  50
   77  30  17  40   3  55   4  61  24  93  86   9
   57  11   9  14  38  51  17  23  92  99  31  56
    3  56  14  81  78  99  39  82  25  61  60  28
   11  87  77  39  36  15  10  57   4  36  62  17
   87  67  91  11
   39  83  19  94  84  43  22   8  89  69  68  13
   71   1  22  13  10  53   4  31  42   7  88   5
   56   4 100  81  83  43   2   8  91  70  90  27
   82  73  94  71  81  79  61  58  34  42  56  78
   97  40  53  96  36  69  30  40  15  39  61  94
   92  59  14  97  15  43  37  32  11  93  61  21
   82  99  85  19   4  33  78  10   9  36  66  95
   88  19  29  94  86  56  93  33  87  73  29  36
   15  47  38  29  26  95  51  23  99  74  22  14
   37  67  20  73  49  83  24  45  55  48  17  37
   75  98  78  13  22  76  78  91  97  24  73  35
   83  74  94  46  38  45  50  59  88  38  10  37
   24  26   7  63  91  48  25  34  87   9  95  54
   53  63  92  32  66  18  23  69  38  21  23  58
    2  56  51  74  13  38  80  70  39   6  94  67
   53  14  81  54  30  30  26  73  36  25   2  25
   29  70  68  49  45  29  66  28  97  49   5  78
   67  60  60  40  99  66  68  76  95  38  19  65
    6   6  49  89  26  56  35  38  89  25  90  91
   61  90  55  23  31  67  92  86   7  97  80  14
   12  51   8   8  74  13  67  35  22  77  46  21
   78  48  25  40  54  25  68  16  41   1  20  11
    6  54  94  19  86  44  72  61  80   3  94  80
   44  31  56  33  83  89  97  83  49  95   1  98
   28  14  83  40  40  51  91  59  30  52  90  91
   61  90  65  48  11  63   9  11  61  86  17  25
   95  84  83  96  92  90  93  81  17  33  17  81
   14  35  99  38   8   5  62  25  87  31  90  44
    9  77  30  17  80  71  79  80  64   6  85  78
   65  26  34  57  25  26  47  58  18  45  74  13
   44  55  88  35  21  59  78  17  79  86  40  19
   58  79  75  67  95  95  82  47  23  94  51  92
   59  37  56  88   8  74  48  52  45  45  52  41
   16  67  58  33
   16  88  85  59  87  89  44  89  60  91  97  97
   50  23   7  39  17  99  38  71  87  47  83  67
   77  18  82  38  99  10  33  50  96  87  19  42
   46  95  24  49  89  84  48  15  46  25  35  14
   33  25  79  71  82  54  57  78  63  57  34  14
   97  75  91  61  78  65  43  30  93  17  52  70
   38  71  51  94  37  43  61  95  62  34  10  66
   52  54  52  17  30  44  85  92  25  86  72  96
   84  31  54   5   3  12  75  85  29  61   1  20
   93  37  31  19  25  34  25  42  67   8  16  18
   98  87  34  60  53   3  19  90  35  93  47  51
   42  38  41  30  80  61  95  75  86  65  91  16
   43  36  20  80  99  71  93  14  89  96  73  99
   53  81  80  74  51  61  19  52  84  54  93  36
   17  81  30  43  87  85  89  21  37  47  91  65
   20   6  33  39  25  80   2  93  97  83 100  84
   53  43  64  91 100  21  79  38  56  30  99   9
   67  57  69  68  28  75  36  79  98  68  77  26
   25  46  14  26  56  65  26  52  64  46  81  53
   61  93  45  69  22  16   3  54  97  39  77  90
   38  31  50   9   9  18  75  10  12   3   6  80
  100  85   4  12   3  80  65  20  38  34  37  64
   34  46  34  64  48  88  61  21  86  21  28  35
   20  13  72  23   5  60  74  41   1   5  79  97
   91  54  12  76   2  98 100  55  14  31  89  21
   91  65  65  94  95  55  67  42   4  12  14  99
   26  25  16  90  29  79  98  42  52  75  18   5
   23  47  81  75  82  79  65  10  97  29  36  44
   86  42  63  14  31  74  46  73  96   7  26  14
   56  69   8  79   4  54  78  90  73  37  27  60
   60  97  58  13  39  35  20   3  80  89  13  34
   72  57  16  77  38  15 100  92  54  33  53  43
   69  97  90  16  24  28  82  42  69  96  64  14
   85  45  63   5
   57  91  73  69  85  26  39   5  56  33  23  33
   90  70   3   4  33  67  52  63  98  73  85  95
   12  92   2  66  54  39  25  68   8  70  53  65
   94  39  97  31  27  31  31 100  46  13  25   7
   70  71   1  30  32  63  69  37  29  55  72  29
   63  66  34  80  86  14  96  87  45  59  68  11
   21  47  65  17  76  51  59  23  98  20  15  42
   44  16  39  26  81  65  22   8  32  95  80  47
   21  83   6  73  13  97  99  30  62  42  28  18
   53  98  54  38  44  75  92  36  11  43  45  48
   93  84  46  40  36  39  13  56  33  40  77  59
   72  65  42  76  76  77  16  41  53  66  60  38
   30  98  34  48   6  55  35  89  90  76  47  62
   49   9  79  94  48  46  13  82  95  74  44  35
   86  15  29  22  48  66  25  11  80  53  37  16
    3  64  60  38  95 100  23  12  46  16  30  49
   90  63   9  78  59  37  54  94  18  16  66  98
   14  10  98  43  20  98   3  75  75  82  68  79
   33  20  71  25  99  73  14   6  83  54  67  84
   36  64  23  41  93  43  27   8  25   8  30  21
   72  98  29  63  99  22  10   2  27  95  93  38
   85  91  79  51  52  78  86  38 100  68  98  60
   37  58  11  84  54  73  68  32  63  14  15  16
   48  93  33  89   3  89  88  88  76  82  77  73
   21  99  64  75  27  61  31  39  75  22  16  67
   76  18  63  62  15   6  60  71  95  10  86  32
   83  64  55  13  48  58  56  58  13  78   2  33
   89  53  68  66  30  97  43  91  65  53  63  97
   53  37  64  65  17  81  21  15  93  79  92  47
   74  30  65  92  52  76  97  48  62  57  61  26
   26  45  90  95  96  90  18  27   2  68  26  35
   85  21  84  24  57  99  99  29  29  10  53  62
   65  56  50  56  20  85  58   7  88  27  57  15
   43  41  77  35
   34  93   7  78  93  82  66  46  64  77  19  19
   30  69  75  43  74  77  84  78  50  18  94  67
   47  77  27   5  60  76  46   5  61  39  21  70
   65  65   3  62  96  94  87  68  65  79  86  72
   29  50  96  20  64  86  66  89  34  84  67  64
   59  28  60  93  84  52  66  67  49  19  34  85
   54  79   9  19  31  47   3  90  12  65  59  31
   98  75  29  57  28  84  30  38  45  38  25  59
   69  83  81  99  62  44  49  91   1  83  23  97
   41  75  13  74  88  76  13  40  68  87  70  48
   93  31  55  53  33  10  28  80  78  86   7  92
   19  44  40  60   3  59  70  32  10  66   8   1
   23  34  95  73  89  26  81  39  96  74  83  38
   37  46  61  33  78  13  82  73  33  22  94  67
   23  58  89  49  53  23  76  49  79  91  48  59
   75  92  52   7   1  68  54  20  73  48  14  95
   34  16  48  71  20  77   3  91  27  35  21  77
   85  46  10  94  25   2  12  25  42  89  71  30
   71  65   7  25  55  19  75  44  10  46  43  12
   93  16  56   8  80  40   5  42  22  39  96  16
   22  16  24  96   3  20  30  85  73  17  81  81
   99  60  36  57  70  57   8  23  71  38  42  95
   47  26  80  71  76   5  28  89  37  87  26   4
   74  84  17  50  71  75  18  17  19  74  84  11
   80   1  81  32  65  46  53  32  92  46  87  93
   65  45  92  93  34  67  56  71  70  86  23   2
   31  94  56  57  30  65  13  84   6  30   5  65
   91  44  76  93  81  51  67  35   2  61  80   5
   78   9  57  29   6  29  37  18  16  25  37  32
   46  33   9  53  11  96  17  52  65  32   4  58
   78  95  57  24   2  57  82   1  35  64  66   3
   95  14  50  74  91  20  97  66  83  81  63  95
   59  54  58  19 100  14  25   3  49  30  99  86
   80  34  86  59
   69  85  94  10  51  22  52  81  43  53  19  33
    3  40   6  83  41  86  24  91  19  28  80  47
   39  31  73  65  40  83  81  79  91  88  62  37
   86  60  42  91  34  16  14  95  57  67  26  98
   81  22  81  34  33  67  26  21  28  72  48  50
   71  77  66  84  48  88  27  46  14  70  97  18
   94  44  60  29  76  73   4  56   2  68  20  11
   59  68  96  39  82  45   9   9  40  91  17  10
   30  15  57  42  75  33  37  16  16  68  27  39
    4  40  57  13  93  56   9  28  42  12   9  56
   94  79  23  45  86   5  52  11  31  97  21  31
   15  28  77  42  92  21  81  29  81  46   4  23
   52  17  15  89  24  78  81  30  59   7  60  66
   56  98  89  43  44  67  86  18  74  36  37  51
   18  30  92   7  53  73  61  42  68  79   7   3
   47  48  33  13  67  56  86  76  90  54  47  63
   62  56  21   8  97  38  34  98  82  28  27  76
   62   2  49  27  37  75  51  71  56   2  80  63
   13  59  71  82  34  50  44  26  78  92  93   6
   28  14  86  40  81  44  53  44  50  12  83  31
   49  36  18   2  93  20  42  35  88  46  81  88
   28  69  96  86  85   9  70  20   8  44  12  30
    8   9  40  15  61  83  83  12  99  89  73  98
    1  82  36  83  87  47  86  99  17  89  23   1
   77  33  22  52  79   9  29  26  53  53  54  94
   38  98  66  24  79  68  86  68  23  70  80  64
    3  92  52  23  42  93  42  24  45  97  14  11
   86  89  54  81  11   8  64  87  23  36  51  22
   83   2  25  17   2  64  92  34  27  14  48  63
   48  60  71  12  83  33  16  99  72  66   8  53
   74   3  38   1  60  77  54  62   4  21  56  48
   79  44  90  47  53  40  42  26  77  71  28  19
   83  68  94  25  79  20   6  96  37  68  44  39
   91   3  94   1
   34  52  50  46  64  86  92  44  38  46   2  10
   90  74  20  19   4  80  47  66  23  55  55  92
   78  87  11  94   2  89  90  49  45  10   4  32
    3  52   6  32  23  98  23  77  37  25  65  47
   67  20  50  93  53   4  19  60  67  47  54   1
   34  91   4  97  50  66  90  81 100   8  41  47
   79  75  98  78   8  77  41  58  52  81   4  95
   46  40  96  40   5   4  20  99  45  43  88  63
    7  70  45  16  67  49  82  59  64  23  62  31
   12  27  31  22  20  13  42  93  14  60  72   3
   51   3  41  13  44  41  30  17  73  65 100  57
   12  72  14  41  37  85  48  59  57  70  20   9
   27  58  98   9  62  60  29  20  65  90  50  60
   40  79  11  31  11  98  90  27  41  74  18  61
   56  10  89  82  54   4  89  91  32  65   6  62
    1  37  51  61   5  14  82  64  40  56  16  74
   74  16  48  44  66  50  78  92  80  43  20  22
   10  23  24  39  94  79  97  75  38  86  22  99
   28  18  69  45  53  66  27  20  25  63   9  32
   93  96  79   6  67  31  73  98  34  24   8  25
   73  47   9  68  83   4  25   6  94  49  47  24
   88   7  29  38  21  86   4  11  33   9   5  71
   77  18  82  35  33   3  24  18  26  14  72  62
   44  86  43  50  62  54  47  22  55  72   5  99
   20  33  68   2  92  84  38  61  68  52  81  50
   18  55  56  90  11  26  21  79  30  29  61   4
   89  79   4  60  60  61  39  76  81  48  35  25
   81  19  61  47  97  78   5  67  96  78  87  14
   88  30  89  40  48  28  62  38  36  69  51  60
   14  67  14  39  63  77  38   3   7   7  60  98
   26  44  84   6  77  67   3  59  15  71  11  65
    9  80  29  24  60  71  22  43  24  88  14  58
   25  67  11  56  79  47  17  86  10  93  55  86
   68  19  83  95
   49   4  19  99  76  62  22  71  71  12  84  86
   19  53  99  79   7  14  85  82  70  92  31  70
   38   2  40   6  72  15  71  83  17   8  85  70
   35   1  89  53  60   7  76  79  35  70  73   5
   55  15  82  31  17  86  27  55  54  93  91  12
   89  55  71  15  75  43  11   4  34  25  47  85
    7   8  60  79  94  84   9  60   3  73  80   4
   83  65  31  27  83  67  29  36  81  43   3  64
   38  60  79  23  35  33  32  41  23  65  22   9
   59  94  44  22  59  37  66  26  34  28  80  61
   38  71  38   2  10  76 100   6  17   8  78  54
  100  25  80  95  19  28  49  92  90   1  14  62
   37  55  27  21  29  74  12  30  29  55   6  35
   35  55   2  14  22  35  96  20  90  99  29  23
    8  45  29  55  50   3  56  56  48  78  48  14
   31   3  62   8  69  68  18  58  19  79  44  62
   66  91  19  44  68  56  16  96   2  66  47  21
   99  98   8  78   4  55  18  28 100  12  68  70
   69  59  63  96  25  47  63  26  61  26  32  53
   95  94  75  90  11  41  90  14   2  87   5   3
   16  34  22  87  99   3  66  91  41  78  27  74
   13  57  96  79  19  87  23  69  33  13  46  80
   48  17  46  58  17  69  83   3  96  65  47  17
   90  73  93  44  96  74  95  16  46  11  80  95
   50  26  78  18  43  10  64  40  25  45  99  77
    8  43  81  53  57  98  80  40  35  23  86   3
   47  96  57  45  85   5  52  49  67  89  86  23
   86  86  66  43  53  72  40  96  36   9  35  29
    9  81   8  82  94  51  82  43   6  93  97  85
   92  40  48  15  82  29  32   8  27  41  89  63
   44  51  52  40  62  63  81   3  64  64  18  66
   30  57  17  38  82  15   3  63  29  16   5  66
    7  92   2  97  24  73  70  76  10  28  23  32
   49   9  57  50
   39  88  42  68  22  45  75  82  70  26  81  38
   67  73  98   2  27  69  88  14  69   7  98  58
   90  54  35  35  24  29  30  20  19  63  14  42
   99  72  76  48  43  28  43  72  39  20  40   6
   66  29  64  62  57  98  50  52  67  96  41  46
   44  88  57  47  95   6  62  58  60  15  36  48
   75  83  39  28  44  52  84  11   5   3   6  86
    4  25  25  88  55  87  21  62  22   5   2  34
   71   8  66  81  55  11  82  98  70  82  47  69
   33  12  60  32  44  80  91  50  59  26  50  81
   57  17  52  45  10  18  90  93  49  57   4  76
   36   1  43  14  30  15  45  61  59  38  94  83
   86  51  98  18  78  41  53  46  75  75  11  62
   62  67  51  41  31  46  49   9  55  25  45   8
   57  71   9  69  74  71  14  81  33   5   4  55
   12  10  60  98  12  51  74  77  29  92  11  92
   19  63  82  43  66  23  15  95  53  40  17  57
   32  50  46  39  88  32  84  28  13  71 100  52
   69  36  20  55  64  35  97  61  16  97  80  43
   20  35  81  93  22  12  45  91  83  15  19  72
   53  22  19  98  33  68  99  22  49  18  27  61
   20  33  38  63  24  40  20  75  70 100  71  15
   64  77  73  35  81   7  59  96  30  64  82  33
   26  37  86  24  55  88  70  59  48  27  60  12
   46  80  78   4  68  59  12  75  83  25  76  54
   77  63  94  25  22  50  55  96  42  20  87  71
   88  36  28  15   2  57  90  24  83   9  34  93
   67  50  30  89  81  45  34  13  26  26  52  73
   31  68  13  53  36  56  30  80  52  51  78  93
   32  62  57  13  39  14  62   9  19  16  53  71
   61  28  21  76  76  34  59  56  59   9  32  69
   58  84  41  65  48  23  97  58  91  83  87  93
   16  86  43  16  75  93  10  37  24  62  17  10
   83  27  44  89
   76  83  14  38   4  50  96  60  10  75  66  64
   99  22  28   5  99  33   4  63  53  29  30  48
   12   2  49  82  32   7   4   3  66  58  31  48
   59  22  55  60  39   9  82  69  13  69  93  93
   60  87  40  31  26  74  34  53  15  61  46  99
   85  92  96  70  43  23  49  21  33   8   6  56
   38  98  99  22  65  35  89   2  48  42  54   7
   34  18  82  75  79  36  73  61  44  31  23  29
   87  95  24  49  57  76  54  91  86  64  74  16
   87  88  23  71  44  13   2  85   7  29  81  59
   83  46  85  61  38  90  88  22  80  94  10  26
   61  95   5   9  66  22  63  44  10  95  96  47
   29  20  40  58  74  73  36  45   9   8  39  90
   96  38  98  90   1  38  62  44  75  33  64  50
   57  91  20  99  63  27  19  70  81  79  22  20
   67  20  52  78  35  40  87  45  51  43  59  79
   31  44  38  96  31  56  38  60  40  90 100  75
   77  48  93  85  84  10   6  61  18  37  35 100
   43  60  88  15  32  73  74  31  51  29  92  76
   57  34  31  80  94  37  60  64  82  28  27  34
   16  30  44  77  54  92  89  55  15  85  97  95
   70  95  51  87  40  13  79  76  85  34  49  54
    2  47  56  58  11  34  24  59  58  56  94  59
    8  54  22  84  28  36  68  77  95  78  94  92
   80  13  56  89  47  24  97  26  42  41  41  52
   90  36  89   5  91   9  11   2   9  89  37  33
   65  28  57  55  38  89  10  89  51  46  77   9
   70  71  81  36  95  36  73  37  53  99  31  14
   95   4  50  96  87  67  41  42   6  80  20  22
   29  97   3  21  34  32  98  27  87  46   7  30
   43  50   6   8  30  93  51  28  51  59  67  37
   75  55  40  55  31  11  12  69  98  70  78  29
    8  87  75  38  29  15  78  49  65   2  95  56
   50  87  58  91
   95  97  23  71  64  90  18  72   9  40  89  88
   28  46  94  34  40  17  67  45 100  94  40  97
   23  68  62  24  96  95  18  37   5  22  43  42
   43  94  49  62  41  89  36  53  77  23  18  21
    1  71  33  45  48  95  69  94  63  52  82  44
   15  18  11 100  17   3  96  12  46  76   7  93
   63  79  47  44  25  48  85  63  13  26  67  74
   43  91  36  37  90  69  51  71   4  54   8  74
   28  26  54  39  20  69  12  74  70  94  91  20
   18  54  18  70  72  62  41  89  32  15  60  33
    2   3  40  61  11  39  31  66  34  72  87  83
   11   6  85  13  59  17  43  40 100  76  37  50
   75  66  26  52  60  98  64  91  92  35  21  75
   81   7   2  85  32  28  67   3  63  21  49  19
   26  31  70  62  20  47  64  12  17  19  93  18
   74  77  67  21  59  51  63  70  61  89  40  41
   17  74  64  55  25  47  23  99  66  20  45  45
   23 100  20  62  94   6  14  47  21  84  92  31
   97  35  39   6  97  22  67  40  85  96  50  99
   42  19  30  64  77  68  39  47  54  69  25  13
    3  10  58  97  44  54  60  28   5  68  19  39
   35  36   6  92  34  78  95  95  59  69  88  22
   54  58  24  27  60  88 100  69  39  14  97  28
   91  19  91  23  75  36  75  30  21  67  74   7
   57   2  72   2  24  31  22  80  92  74  69  44
   87  90  68  42  99   3   4  97  10  12   8  23
    6  21  77  37   1  49  96  90  52  51  51  74
   81  40  51  49  89  99  47  56  81  10  49  39
   79  59  48  64  44  68  30  36  93   8  97  19
   21  14  91  53  16  11   3  74  78  28  95  36
   41  19  28  22  88  79  64  69  74  67  99  87
   40  22  78  73  33  79   7  34  28  96  81   3
   43  63  98  59  60  29  78  49  43  14  83  99
   56  32  34  41
   38  13  37  40  57  72  49  63  81  33  71  32
   27  25  20  87  67  33  39  47  79  46  49  53
   86  95  86  15   1   3  52  50  71  20  51  33
   21  77  38  34  97  23  63  66  13  70  10  29
   84  40  44  48  88   1  58  25  92  21  10  76
    6   3  70  80  22  35  65  19  62  29  23  22
   19  67  12  10  99  47  87  39  69  22  37  48
   98  45  24  93   3  18  27   3  86  27  88  12
   90  93  56  11  30  13  27  87  44   3  91  72
   37  41  77  81  21  17  93  58  60  66  71  22
   18  25  14   6  93  62  32   5  74  33  95  19
   72  17  73  93  73  64  77  67  75  39   5  16
   38  60  85  91  22  50  24  71  35  76  42  96
   75  94  24  22  73  89  59  55  40  28  88 100
    5  91  43   7  62  27  93   6  20  89  89  59
   33  84   7   3  55  12  88  86  81  10  89  24
   87   1  22  31  81  32  94  71  38  19  63   1
   49  92  66  12  66  42  78  72  42  55  43  78
   76  66  26  88  60  96  52  74  16   4  56  59
   45  15  17  67  72  83  11  63  82  22  50  95
   75  53  27  43  98  48  57  60  98  75  29  13
   61  41  37  33  57  33  37  51  82  65  79  50
    7  23  62   4  14   3  67  19  47  60   9  83
   52  52  74  10  21  78  71  73  35  30  67  62
   10  27  38  18  40  69   7  82  41  73  89  35
   91  21  42  44  81 100  98   6  52  52  18  88
   42  11  28  79  29  49  68  24  74  23  35  72
   69  13  22  24  74  71  68  68  64  63  99  33
   76  10  70  20  47  36  12  58  61   9  72  43
   92  85  63  79  50  55   1  25  18  83  51  38
    5  54  72  17  82  16  63  46  32  26  98  39
   87  89  80  81  78  10  79  77  76  27  76  90
   35  63  10  87  36  67  17  85  33  57  76  90
   94  67  57  46
   43   2  95  12  22  78  11  21  99   6  65  96
   66  34  27  70  60  42  45  85  34   3  18  63
   23  54  61  73  18  65  82   3  30   9  40  25
   61  26  20  68  72  96   2  81  54  10  28  10
   92  30  69  55  39  68 100  53  78  47  62  33
    1  74  33  96  67   9  98  76  78  28  18  12
   45  98  94  17  55  47  45  45  45  24  66  63
   66  76   5  15  52  16  27  94  91  84  84  14
   95  29  87  66  63  62  70   6  55  40  59   6
   59  24  46  32  59  51  51  12   6   7  95   4
   83  87  70  60  80  73   1   7  54  95  22  99
    6   8  41   2  43  48  10  49  54  18  93  20
   73  40  38   4  48  36  37  69  14  89   7  32
   56  17  46  28  83  38  15  76  95  40  94  50
   50  51  61  49  33   6  54  63  28  18  42  41
   83  41  94  65  81  49  51  13   9  94  86  31
   23  81  83  99  23  37  96   7  14  74  29  10
   83  66  90  13  62  10  77  27  99  99  33  43
   27  93  20   5  29  81  86  66  13  55  41  72
   76  76  13  21  75  47  26  33  95  75  69  22
   18  46  60  62  88  89  17  57  89  51  26   9
    6  56  11  86  92  85   3  96  47  36   6  46
   75  95  69  20  59  11  55  43  32  52   5  50
   39  87  11  57  11  47  84  29  30  96  24  46
    3  99  83  73  25  91  42  35  51  47  73  74
   65  49  12  27  47  56  26  92  41  70  80  97
   28  12  12  67  90  78  90  94  82  25  97   8
   99  22  85  40  45  30  52  96   3  69   6  29
    2  84  38  92  85  17  90  30  83  69  21  26
   77  80  76  85  71  88  61  99  60   3   2  13
   96  70  20  91  61  47 100  98  35  66  56  53
   60   3   5   6  15  49  27   7  80  79  46  72
   10  19  88  52  96  13  55   6  44  96  93  60
   32  61  61  88
   98  51  52  91  92  88  37  29  60  57   5  87
   57  91  94  59   2  21  55  39  73  72  41   8
  100  58   7  34  60  75  97  64  65  93  46  16
   65  52  63  73  34  53  35  81  66  56  16  36
   73  69  19  82  71  47  14   7  80  79  20  27
   17  89  96  93  83  25  41  75  69  52  80  60
   38  51  65  43  25   9  64  26  31  10  56   3
   11  36  25  63  76  56  54  78  81  19  19  99
   22  50  81  50  24  44  83  19  42  57  39  54
   51   4  34  57  41  47  10  78  10  94  67   7
   55  93  53  68  73  19  58  15  47  75  10  22
   46  83  63  81  13  77  99  93  62  97  17  62
   73  86  23  90  85  78  33  69  84  96  59  76
    8  46   8  67  29   6  68  69  54  25  14  76
   18  16  88  41  75  46   6  71  95  34  39  20
   55  43  17  80  34  72  17  84   5  54  60  89
   34  47   2  74  66  25  28  36  27  79  50  79
   11   4  94  14  75  94  99  45  39  43  11  71
   69  25  68  73  81 100   8  11  30   4  51  17
  100  39  99  90   7  72  27  87  84  26  75  22
   80  74  49  49  53  34   7  71  60  60  55  22
   56  39  45  62  85  82  61  77  74  22  20  69
   26   1  61  47  15  69  41  24  79  78  30  12
   16  72  99  12  74  83  23  11  47  26  64  73
   69  88  73  37   6  30  83   4  51  70  96  37
   20  88  86  52  39  13  84  13  46  13  81  23
   78 100  13  22  71  16  57  75  48  27  32  74
   14  17  81  24  52  86  76  38  18  40   2  36
   29  81  57  33  60  12  45  35  42  17  67  34
   48  66  19  98  89   3  78  72  15  40   9  60
   95  54  42  32  27  77  81   7  15  91  89  52
   78  23  83  78  33  38  31  29  93  30  41  74
   63  23  57  10  28  54  57  44  50  79  39  97
   64  57  19  93
   11  46  38  54  49  57  79  63  43  16  66  48
   15  29  12   6  54  39  13  28  39  39  57  19
   52  99  51  13  99  78  31  99  30  46  88  34
   56  99  85  61  68  84  71  32  57  14   7  25
   31  83  79  59  36  95  20  23  71  72  29  79
   11  79  84  98  24  41  72  66  88  61  95   8
   14  41  98   5  59  97  83  16  50  84  32  91
   99   7  18  98  27  44  32  33  74  66  99  44
   26  53  96  47  30  15  69  50  14   8  56  63
    4  54   2  26  44  63  79  21  15  45   8  92
   54  36  70  70  71  10  35  80  70   4  70  73
   65  31  65  33   2   5  52   3  74  53  19   2
   46  40  31  42  65  81  50  51  85  69  52  86
   86  82  49  56  89  13   2  40  76  81  43   3
   11  54  96  20  55  66  94  88  90  37  94  53
   33  87   3  20  55  64  86  77   4  53 100  16
   18   3  99  43  47  35  60   7  74  76  97  10
   30  64  86  32  11  74  79  48   4  34  23  45
   96  43  80  41   6  95  48   6  88  92  72  79
   62  65  74  89  27  92  62  69  81  19  54  80
   41  73  93  25  59  90  71  72  44  27  44  71
   77  79  50  72  35   6  30  46   4  43  46  98
    2  24   2  95  92  99  55  77  14  55  46  79
   83  31   7  48  29  36  85  66   1  75  65  62
   91  62  79  37  57  38  33  78  31  91  22  82
   49  79  49  70  62  42  44   6  60  24  85  19
   87  92  13  20  60  56  52  20  92  83  30  49
    5  22  94  76  51  17  33  28  33  28  93   5
   22  53  98   3  74  41  67  31  51  16  35  30
   40  91  69  92  69  90  89  78  30  66  87  38
   93  20  44  27  29  17  48  27  26  11  17  64
    8  55  12  29  55  29  61  92  23  52  75  26
   57   4  67  22  17  42  72  10  91  23  62  76
   20  18  70  83
    849   831   793   836   837   769   835   853   849   827   795   772
    781   801   824   832   810   801   816   814
