 10 400
   98 115  40  17  84  34  33  62  86  42 113  30
   59  94  88  87  80 105 106  97 102  89  18  23
   69  96 101  70  36  84  67  24  95  93  57  48
   14 112  97  84  74  32  27   9  91  46  30  48
    9  11  50  32  55  94  88  61  47  36  68  54
   99  53  31  43  21 107  11  83  20  55 114  64
   96  53  72  73  78  30  41  98  96  99 108  63
   46  72  42  83  34  14  23  53  17  72  47  37
  103  80  82  38  45  94  48  84 108  33  15  68
   78  30  68  54  83  12  70  26  19  22  46  35
  107  82  27  90  72  86  23  15  42  53  80 108
   77 109   6  91  63  84  25 106  42  19  81  72
   23  92  44  41  21  65  32  58  63  20  35  61
   96  52  10  98  54  16  19  60  45  84  22  49
  102  71  35  79  80  49 112  68 118  34   6  95
   28  65  92  45  89  67 103 102  63  45  87  30
   27  41  74  41  83  29 115  19  15  56  48 109
  109  45  46  32  22  53  76 103  56  96  34  37
   52  72  15  77  53  69  96  97  70  70  12  47
   18  77  51  33 110  31  45  82  54  69  64  33
   59  70  81  56  90  35  81  14   6  68  16  74
   50  72  85  96  38  43  38  15  89  88  55   3
   87  68  18  67 101  34  37 106  95  33  13  80
   98  25 102  82  51  53  38 103 104 106  69  62
   94  31  87  51  73  67 105  13 107  88  58  37
   22  35  62  37  88  70  44  39  55  11  78  54
   89  68  79  85  70  32  41  21  42   8  97  62
  103  21  96  22  54  79   8  77  55  31  39  65
  106  40  97  26  59  82  88  48  55  40  19  84
   10  70  67  97  91  50  71   4  61  69  55  46
   44  28  31  29  41  89  70  25 105  23  99  95
   52  22  18  84  36  23  67  23  45  50  72  50
   19  62  95  32  32 104  89  12  88  89  17  25
   47  18  88  54
   26  87  45  99  22  76  32  48  79  75  98  88
   95  66  65  72  18 100  72  36  89 106  60  77
   47  81  33  66  95  30  60  75  86 115  44  72
  117  84  89  96  70  83 102  41 100  18  39  72
   99  98  25  15  27  19  66  97  67  46  83  91
  102  18  22 100  71  71  71  90  53  28  82  44
   94  22  80  45  51  69  36  64  60  55  65 111
   68  60  23  72  99  62 104  87  26  35  39  63
   49  48  21  50  32  86  15  56  91  84  81  25
   45  44  14  83  62  22  41  36  67  83  63  28
   42  88  61 106  39  96 100  65  90  66  72  68
   85  60  12 106 109  98  21  81  12  32  38  25
   28  49  20 100  32  26   5  47  56  76  95  43
   21   7 102  64  33  32  69 110  68  19  25  70
   26  78 100 106 101  90  33  75  88  35  61  79
  107  24  34  58  47  56  43 104  96  50  27 108
   20  33  20  85  21  74  32  90  36  79   3  15
   11  53  94  81  96  99 104  53 107  66 101  95
   26  13  43  36  76  60  55 103  17  25  39  67
   67  45  17  94  83  19  98  86  22  48  21  57
   34  93  57  30  11  22  58 100  29  40  34  90
   72  91  43  34  16 108  83  92  39 113 103  74
  115  67  83  48  80  44  72  39 105  47  89 103
   76  28 105  74  97  57  86  64  62 108  82  90
   36   9  18  69  52  30  63  27  69  94  96  47
  100  35  41  74  40  99  78 104  75 102  29  11
   55  27  52  63  53  18  95  88  38 112  50  24
  105  26  37  35 100  36  63  82  34  19  95  28
   93  32  44  20  60  72  96  60 114 100  89  15
   72  48 108  50  51  60  76  89  68  19  61  83
   93  93  76 110 107  42  40  52  62  13  95  50
   49  68  42  66  72  88  98 107 114  40  91  79
   24  84  55  45 103  90  28  46  16  72  46  98
  105  72  91  89
   27  67  31  66  20  13  35  94  93  45  47  18
   62  27  62  80  25  10  22 106  37  33  84  28
   96  65  99  52  58  21  70  28  51  68  99  33
   66  24  48  74  99 107  64  21  31  24  49  21
  108 100  83  96  52  35  19  89  56  87  66  74
   98  59  51  42  79  43  74  85  43  80  66  19
   18  68  87 105  69 100  82 107  52  24  89  64
   67  79  55  33  28  13  88  28  68  23  32  40
   89 108  20  83  19  77 113  97  80  20   9  55
   63  15 100  74  88  57  39  93  35  42  61  31
   40  99   3  80  88  17  95  38  78  84  77  79
  109  35  83  95  91  63  85  36  80  68  30  23
   82  82  64  33  12  71  13  27 108  92  67  61
   34  24  85  58  73  16  43  44  60  97  71  70
   16  29  99 106  71  70  95  39  81  27 116 100
   24 108  47  26  12 100  69  88  17  13  34  70
   85  73  29  93  14 101  38  35  10  84  20  43
   53  88  89  69  21 103  74  94  60  53 107  19
   34  38  95 105  35  18 114 104  30  90  96  55
   61  76  91  99  21 106  95  70  91  83  51  52
   16  91  24  83  74  61  26  61  84  44  20  77
   38  39  28  38  47  67  53 110  20 105  61  27
  103  79  47  39  72  37  44  83  70  90  11 112
   62  35  54  94 114  19  47  35  32  79  82  15
   22  51  66  19  30  56  86  74  71  68  54  82
   45 113  54  71  92  90  69 102  90  62  50  26
   51  16  17  96  55  90  62  21  28  31  77  96
   19  95  86  56  49  21  25  37  92  28  75  42
   38  43 114  51  88  78  81  64  31  68  80   3
   45  87   8  48  95 101  83  82  96 101  10  82
   80  98  68  89  51  55  82  35  20 107  77  44
   27  21  34  27  27  51  31  60  88  26  36  14
   69  82  90  29  61  76  45  33  59  41  27  71
   35  98 102  45
  113  69  61  75  33  80 104  69   8  55  78 113
   39  13   9  65  17  62  28 104  40  64  20  26
   70  88  58  23 112  61  17  67  14  45  73  72
   74  93 109  98  71  22  39  91  72  20  88  60
   91 106  88  65  40  47  19  56  67  31  89  12
   57  56  85  77  90  80  80 105  33  39  17  56
   62  51  80  55  54  57  95  50  29  55 101  47
   52  70 112  12 106  78  20  61  35 111  81  65
   38 102 102  82  85  92  79  47  80  86 107  92
   65  40  72  24  33  12  63  92   7  25  72   8
   82  10  33  71  26  72  38  34  57  25  34 100
   57  56  83  27  69  38  76  12  75  47 108  47
   19  37  35  70  18  43  89  32  33  25  14  46
   88  30 114  43  72 106  62  17  71  75  11  10
   60  99 108  51  57  78  95  95  40  84  62  71
   47  45 105  95  20  33  16  50  50  96  61  95
   89  30  29  55  41 100  35  42  30  92  25  89
   52  42  30   9  99  47  55  33  40  16   4  53
   32  86  55  42  23  74  21  68  48 101  57  11
   87 109  54  88  39  99  17  77  80  90  95  68
   64  50  29  79  63  61  33  84  63  78  14  37
  100  28  75  94 103  57  94  93 107  25  26 104
   70  10  20  61  72  61  60  66  86  18 106  94
   94  96  27  75  49  93  61  78  45  29  98  18
   80  51  54  25  73  51  79   9 116  37  92  78
   61  58  57  75 101  39  52  52  31  59  42  55
   37  41  85  75  83  89  61  42  29  52  53  69
   94  97 104  61  54 102  19  69  25  86 101  14
   91 108  78  89 100  34  85  60  48 107  48  23
   45  49  50  61  62  83  58  16  30  84 100  90
  102  52 110  22  70 101  80  68  62  12  78  31
   51  91  47  73  42  33 106  37  86  17 102 110
   61  42  15  40  59  69  24  11  66  11  99  83
   99  58  37 104
   94  62  91  73  42  91  16  36  54   8  31  53
  111  79  92  61  36  62  69  33  65   9  31  28
   45  40  85  28  22  38  29  94 100  78  32  97
   46  30  42  77  34  78  59  98  49  49  24  14
   59  20  86  80  60  32  82  45  17  51  62  85
   66  90  33  56  25  40 111  26  64  41  80  39
   18  34  88  89  78  34 112  41 100  67  55  12
  101   9 112  42  47  31  30  96  45  32  21  76
   72  14  96 105  40  18  68   4  96  92  84  48
   86  76  74  23  72  20  24  54  57  94  79  99
   86  80  22  60  12  31  71  32  97  32  74  71
  108  78 102  22  81  99  57  96  87  26  90  55
   48  68 101   8  63  89  30  12  33  86  46  42
   59 100  10  66  93  32  44 101   8 106  52 105
   34  22  45  25  42  79  26 104 106  95  88  30
   99 101  46  73 104  80  64  36  90  98  82  87
   24  59  40  37  58  31  65  37  53  37  27  88
   92 114  75  60  92  28  46  86  52  61  84  26
   30  38  22  17  32 103  45  66  38  98  30  67
   48  83  57  34  11  80  88  26  47  77  53  76
   56  33  24  67  69  42  61 116  96   4  62 109
   54  87  78 102  65  65  45  66  32 103  31  90
   57  97  23  60  23  18  43  76  70  68  30  90
   68  29  21  36  81  21  82  78  35  97 105  17
   83 112  77  29  64 115  50  76  52  37  66  82
   74  48  10  43  18  32  82  95  86  43  91  99
   87  82  42  78  75  72  75  37 112  69  68  22
   32  86  62  54  58  95 114  27  49  50  46 105
   79  33   8  68  51  38 103  30  96  83  99  40
  100  76  43  34  44  58  41  30  58  51 108 104
   84 105  21  69  73  67  87  78  46  56 105  78
   52  30  18  92  43  67  69  52  82  93 104  89
   46  55 107  70  77  25  47  77  83  98  92  79
   42  50  96 103
   74  53  96  76  77  41  14  34  88  74  38  47
   52  74  49  18  86  33  49  31  73  65  95 107
   98  60  21  77  61  25  63  75  28  85  27  43
   29  66 108 114  62  15  98  46  71  27 110  11
   22  95  15  88  82  47 109  56  96  88  19  96
   25  35 114  53  56 103 114 105  95  41  57  61
   57  29  22  77  65  93 100  68  54  56  80  45
  103  17  94  24  78  44  24  27  57  40  80  42
   43 101  18  39  67  92  50  90  32  91  36 105
   60  44  49  76  99  62  30  49  62  17  56  44
  113  80  42  25  59   8  25  45  33  72  13  23
   22  49  25  27  71 108  58  77  89  78  68  65
   76  43  75  16 103  66  39  54  39  13  57  89
   34  64  48  25  40  83  62  48  60  88 104  23
   43  70 106  46  30  98  17  13  14  91  52  25
   24  93  84  97  16  81  46  65  32  47  47  48
   42  21  59  62  65  90  73  70  82  49  48  11
  100  89  59  97  17  89  84  39 116  35 106  81
   32  34 103  47  88  15  74 111  21 117  93  83
   70 100  25  52  46 102  94  51  92  83  21  46
   83  84  58  89  30  87  73  18  96  61  95  47
   22  51  90  30 104  51  48  15  88  11  59 112
   80  18  37  39  93  81  78  70  33  82 103   9
   70  34  33  63  46  59  65  45 116  48  65  69
   25  63  63  41  23  36  55  98  91  21  98  66
   44  20  30  47  28  20  19  95  88  23  42  62
  102  51  89  69  42  38  44  98  21  83  32  96
   37  17  59  90  15  66 105 109  63  50  19  37
   24  39  82  76  27  87  78  20  12   2  85  48
   93  19  28 109  32  63  66  36  82  21  67 102
   87  94  85  74  60  41  90  86  49 104  45 118
   65  27  65  69  25 103  94  58  49  40  14  23
   29  99  43  39  37  36  94  43  56 108  56  83
  105  72 103  24
   37  24  23  92  92  60  47  37  75  81  81  82
   81  63  84  11  75  64  29 103  96  58  12  62
   66  38  68 113  99  44  46  46 108  79  54  72
  105  36 106  89  70  70  77  87  52  52  21  81
   26  50 111  78  97  16  69  97  37  15  64  68
   11  51  85 107  91  96  33  85  64  13  52  41
   83  47  67  50  70  89  58  51  17  19  19 103
   74  63  36 103  33  47  33  10  58  74  76  68
   42  78  44 106  65  44  43  51  40  26  47  91
   66  73  27  18  69  98 113  60  75  57 116  82
  103  44  76 102  57  73  54  89  77  40  94  65
   16  16  63  48  53  96  75  37  78 108  88  11
   62  84  33  36   3  22  38  60  61  62  40  54
   86 100  77  80  42  76 101  48 103  34  88 102
   15  96  83  58  87  82  80  97  85  18  92  42
   72  71  55  51  44  62  88  97  10  20  50  75
   86  50  44  88  67  90  31  25  89  31  76  69
   17  29  50  39  69  59  75  97 101  75  82  51
   94  46  56  72  96  12  61  92  85  48  87 106
  106  82  70  57  21  65  54  52  82  66  70  73
   52  20  48  23  70 116  86 104  83  29 104  60
   40  95  66  96  77  60  21  50  65  74  35   7
   21  75  58  73  58  37  40 107  96  73  82  44
   51  78 113  76 104  62  35  71  58  98  23 114
   48  44  81  25  74  30  35 100  66  94  33  82
  106  73  96  94  26  19  54 114  54 112  18  62
   14  12  77  36  79  89  16  43  87 103  26  45
  109  44  82  97  54  30  71  93  16  26  70  30
   19  61  73  71  35  53  76  37  34  76  83  95
   86  67  56  20  69  42  40  14  71 113  41  54
   73  50  86  90  54  34  70  32  65  30  98  56
   22  18  13  86  75  89 112  51  59  90  77  27
  112  72  16  31 102 100  76  96  76  43  23  38
   57  98  55  13
   72 102  79  83  50  88  87  84  82 104  92  58
   54 105  43  99  17  51  35  98  48  30  90  67
   28  24  54  70 109 113  72  58  83  22  67 102
   94  92  82  61  41  95  15  97  78  49  88  77
   81 107 100  13 114  65 104  58  57  82  88  55
   86  41  45   9  40  21  25  56  52  50  22  99
   20  78 104  74  82  74  92  66  31  40  44 112
   49  26  88  34  27  83  89  69  77  28  16  79
   47  32  93 109  75  81  87  67  48  94  24  90
   25  54  79  19 102  44  53  41  17  61  79 103
   62  97  89  29  99  41  78  53  70  45  70  12
  105  44  22  86  99  59  79  30  54   8  17  68
   73  71  21  17  71  43 110  58  44  15  86  88
   67  30  39  54  64  43  64  97   9  25  94  77
   31  39  63 106  41  76  61  34  28  83  67  50
   90  71  65  88  67  54  71  96  32 110 103  54
   24 101  85  51  93  16 102 109  47 101  53 114
  101  89  95 101  37  68  36  71  15  31  69 100
   43  74  48  76  35  64  68  93  90  99  48  71
   77  55  42  18  75  65  91  57  58  59  62  57
   74  36  16  40  56  89 114  57  98 106  55  28
   14  93  86  92  93  80  96  93  17  83  57  76
   72  46  85  81  74 102  93  79 100  42  97  57
   83  22  59  11  14  82  29   5  29  32 103  76
    3  72  55  50  81  87  18  71  30  49  29  35
   25  22  64  45  59   9  83  14  76  89 101  73
   81  96  78  92  80 111  88  79  37  68  35  41
   59  77 101  69  18  66  95  15   7  89  55  97
   99  59  55  76  58  32  13  31  98 114  52  62
   98  96  72  77  97  68  50  51 103  71  41  25
   98 109  13   6  76 111 111 109  37 105  62   8
   72  81  42  45   5  82  44  44 100   9  74  90
   31 111  27  32  39  30  48  94 109  23   5  69
   67  72  63 113
   47  17  98  89 115  34  49  46  87  48  78  70
  101  58  26  39  60  21  20  75  89  85  38  81
   79  52  21  16  48  27  42  28  47  28  96 104
   25  20  37  78  50  57  82  77 105  91  38  42
  112  97  27  20  45  45  34  10  56 104  58 108
   73  47  55  53  33  50  18  76  17 111  61  53
   62  53  25  48  50  90  92  16 112  70  50  94
   43  15  61  21  86  55  42  42  97 102  95  62
   89  24  47  49  88  89  55  47  96  73  37 101
   96  46  59   5  51  45  23  32  23  14  75  53
   45 100  85  15  28  86  59  66  53  60  64  96
   28  92  93  34  45  29  62  82  32 110  40  96
   65  30 100   8  72  29  93  44  50  21  90  50
   10 111  48  93  41  87  69  95 100  69  60  56
   88 107  17  79 102  64  57  65  34  80  30  61
   82  68  63  83  78  61  59  84  76 102  26  83
   79  45  72 106  63  54  19  85  11  38  92  83
   48 108  96  32  26  15  21 112  90  67  91  37
   43  32   6  69  84   5  62  37  12  13  78  20
   93  43  66  53  65  89  40  16   9  53  76  56
   68  56  84  98  39  66  75  61  93  30  80  88
  100  46  17  58  16  18  29  64  36  59  15  75
  101  25  99  37  26  34  70  72  81  16  81  28
   13  49  52  77 106  15  86  86  50  87  27  42
   87  31  62  80  99  48  50  35  82  81  90  38
   94  65  44  91  45   9  73 103 106  26  86 108
   29  53  69  91  64 106  41 101  52  51  67  46
   60  83  77 103  33  51  22 108  66  94 104  14
   42  32  33  49  53  94  67  88  61  34  18  46
   25  32   7  59  77  20  53  33 114  42  68 107
   82  28  25  72 105  87  84  22  67  32  11  34
   16  52  91  89  61  74  28  65  52  53  41  45
   97  82  77  90  68  29  80  70  66  47  59  69
   15  61  44  44
   29  54  86 101  25  97  58  13  32 109   7  48
   11  27 112  54  56  31 100  81  16  66  86  65
   71  29  62  18  97  27  57  98  41  89  57 107
   22  44  47  89  44  59  26  61  57  30  86  17
   81  38  39  65  27  70   3  86 103 106  90  85
   75  85  97  62  11  67  46 108  40  69  18  79
  112 102  91  44  31  58  57  41  95  39  16  83
   50  61 106  75 112  86 105 106  57  89 100  85
   77  41  29  88  39  76  95  61  17 103  82  86
   45  38  54  48  73  85  63  34  62  50  96 104
   91  64  75 119  93  57  65  84  92  13  33  59
    6  28  34  39  99  47  37  24  44  19 100  12
   57  87  38  18  77  32  20 110  56  58  55 116
   20  88  10  64  28  26  47  52  70  89  71  76
   70  68 101  78 112  94 112 101  52  84  79  21
   22  71  82  32 106  12  82  68  17  33  60 105
   39  91   6  29  49  76 109  12  23  39  44  15
   27  65  11  80  68  20  96  96  42  71  63  54
   91  76  59  37 106  42  69  64 111   7  46  54
  103  88  58  38  19   4  26  43  20  55  95  47
   80  98  22  23  12  85  20  84 102  64  73  60
  118  52  33  75  13  50  95  75  22  86  47  80
   17  89 102  60  17  17  56  96  46  18  53  58
   32  68  59  23  93  56  59  31  90  25  51  59
   54  67  61  89  48  61  72  64  12  27 100 107
   23  40 109 116  57 111  69  15  42  99  89  28
  106  15  74  21  21  52  51  63  34  50  60  93
   83  67  81  64 113  33  74  50  92  12  91  31
   39  28  98  80  54 106   8 103  13  90 101 108
   14  42 105  60  75  15  10  35 108  60  38  38
   82 111  35  96  61  90 105  43  48  69  94  54
   80 102  50 101  39  95  31  94  98  34  69  83
   28  58  94  42 109  85  36  27  25  46 104  47
   90  90 103  99
   16   4  66  92  33  68  80  50  31  69   6  74
   53  11  27  26  30   3  10  11   9  27  84  80
   47  11   1  42  70  27  50  92  10  12  53  69
   95   1  21  22  30  81  83  98  22  68  86  55
   95  94  53  82  64  21  23  49  71  69  52  66
    7  64  85  71  83   9  98  29  93  63   5  50
   21  51  33  32  29  84  76  14  23   5   8  56
   65  43  60  35  78  98  84  52  99  41  67  74
   17  23  26  78  66  19  62  27   2  74  92  50
   32  89  47  61  26  98  32  77  87  91  64  67
    3  34  75  15  45  26  82  99  62  57  31   2
   26   4  98  18  46  25  77   5  62  89  22  33
   96  18  59  66  82  41  77  52  54  85  77  43
   12  61  92  21  50  89  83  54  61  32  93  66
    1  47  78  23  26  65   1  41   2  76  98  17
   74  44  19  69  18  35  17   1  44  66  33  86
   83  72  31  71  35  89   4  88  89  64  58   5
    7  73  57  70  81  65  34   1  64  23  80  71
   54  44  97  27  61  36  17  20  40  34  92  59
   86  40  59  78   8  73  58  28  60  45  40  81
   54  50  23  63  29  79  30  88  98  46  95  35
   59  37  31  19  75  77  66 100  27  21  64 100
   29  45  92  43  19  86  74  12   9  72  98  24
   19  86  12  27  59  50  64  15   6  14  35  57
   17  81  22  53  46  43   1  98   2  28  51  78
   89  78  58  70  14  46  70  77  58  95  42  64
   24  40  29  30  45  85  67  83  69  98   6  50
    7  95  23  89  48  41  99  33  53  78  66  45
    9  63  22  94  49  32  14  56  50  76  93  19
   98  45  38  21  12  56  39  99  46  39  62  65
   64  83  75  84  68  15  47  94  11  87  11  21
   66  93  95  32  75  92  35  96  58  61  36  66
   96  58  18  83  79  13  23  92  25  26  94  85
   66  96  26  55
   92  16  64  21  86  34  73  62  24  34  18  17
    9  47  42  40  96  19  38  82  31   9  48  42
   71  39  70  54  16  85  49  30  20   5  66  36
    1  19  20  17  48  31   2  66  14  90  65  36
   12   5  93  89  93  89  47   8  35  62  23  24
    6  85  93  14  33  47  48  28  65  91  25  60
   24  86  31  72  52  40  69  48  55  58  47   6
   34  46  83  43  17  56  11  28  79  75  68  42
   62  63  90  54  80  20  89  46  27  18  30  84
   70  59  98  25  47  85  66  75  44  32  46  87
   78  22  45   5  72   6   7  49  15  47  47  45
   26  46  91   3   7  13  97  29  90  82  72  88
   80  69  91  16  87  77  99  57  57  37  13  67
   92  99  15  43  70  71  46   9  52  87  80  34
   86  36   5   5   7  21  86  36  23  69  41  23
    5  87  80  44  64  53  71   2  24  55  76  11
   85  80  92  26  89  37  82  18  68  27  99  89
   93  62  11  39  18  19   5  64  12  43   4  13
   87  97  59  72  26  47  49  12  90  95  66  53
   39  62  98   8  24 100   7  31  94  66  88  45
   84  24  51  85  97  97  57   5  88  71  84  17
   32  23  63  78  91  12  20  23  78   5   6  32
    5  45  22  56  33  70  42  76  15  69  21   4
   29  82   6  37   5  52  34  48  51   8  28  23
   69 100  84  40  60  82  54  93  34  25  20  65
    4  84  63  30  78  12  31  15  44   2  86  98
   48  91  67  53  67  98  25  29  78   7  63  86
   13  87  70  72  12  80  48  32  80  96  25  77
   17  85  72  86  59  36  14  57   5  16  21  95
   40  71  11  56  51  50  35  20  37  88  56  21
   14  25  29   9   7  66  69  67  50  98  13  64
   63  39  75  52  38  28   5  13   2  72  20  39
   92  29  54  71  13  28  85  66  87  48  61  20
    6  30  18  21
   75  47  89  37  99  98  78  16  17  67  65  87
   50  92  49  28  84  97  82   3  83  73  25  74
   23  44  14  64  50  90  50  90  51  51  10  79
   50  85  66  34  12   5  39  81  77  80  55  82
   11  15  35  17  63  77  87  27  63  20  37  43
   18  47  59  65  38  72  38  21  77  25  43  92
   99  39  23   8  47   4  24   3  52  89  17  53
   43  30  52  73  85  91  27  88  36  94  78  66
   15   9  86  28  98  26   4  18  29  87  97  53
   45  90  19  32  29  56  77  15  76  76  51  77
   78  16 100  23  27  95   9  77  40  35  40  40
    3  72  19   9  26  45  18  76  28  42  78  89
   35  29  40  82  92  37  93  75   4  22  49  44
   86  90  26  55  44 100  60  75  55  23  33  43
   89  76  12  13  33  35  16  70  38  92   2   9
   92  10  61  82  99  16  40  24  87  95  81  32
   33  29  82  25  97   9  67  70  94  27  84  73
   67  23  22  43  82  11  38  23  55  63  11  85
   77  77  15  11  76  98   4  13  87  19  18  54
   44  41  17  16  91  14  17  42  16  33  60  53
   86  18  94  28  34  44  77  49  25  62  92  27
   74  65  92  81  64  46  52   6  86   3  51  80
    6  29  62  79  37  67  68  20  44  26  96   4
   56  74  66  11   6 100  63  69  79  36  24  94
   94  58  47  94  89  51  17  41  37  41  50  20
   67   2  61  37  24  23  41   4  26  50  62  82
   55  97  94  11  61  24  50  83  83  79  36  12
   94  20  32  47  58  93  85  74  14  90  28  74
   68  69   4  56  20  41  22  54  86  34  30  99
   68  20  98  55  14  10  32  26  17  19  93  25
   22   4  49  28  62  60  33  76  98   2  30  65
   91  93  77  88  88  65  84  57  23  88  69  92
   41  23  21  75  46  31  71  75  52  63  93  40
   70  13  14  63
    3  33  50  40  70  30   3  42  94  63  33   6
   80  93  99  45  91  56  90   6  74  51  99  77
   45  25  55  97   2  45  87  48  95  68  36  43
   37   9   7  22  45  88  75  20  48  89  22  45
   21   5  26  45  66  64  90  62  47  79  18  93
   53  58  30  32  17  32  25  14  71  64  87  49
   53  60  34  52  50  63   9  62  85  56  18  64
   58  41   8  92  14  28  96  41  69   7  33  53
   76  18  15  21  32  14  38  64  25  18   2  14
   39  74  48  79  86  92  48  19  95  85  34  96
   35  97  69  40  87  39  73  81  61  95  76   6
   51  47  28  82  39  74  44  93  41  58   3  56
   95  72  78  40  99  75  24  77  80  89  90  64
   24  77   2  63  33  10  58  88  38  33 100  94
   51  20   1  52  59  25  10  25  63  27  43  33
   65  67  10  11  91  79  87  65  67  20  41  22
   27  81  82  62  75  12  76  63  90  17  88  27
   68  61  82  95  12  64  51  78  63  88  98  50
   86  18  64  66  81  39  94  51  54   5  46  93
   21   2  48  31  63   4  99  29  23  26  10  52
   40  66  87  32  40  43  70  25  56  32  99  67
    7  83  35  24   2  49  20  27   9  92  85  12
   48  94  97  47  47  56  52  53  22  89  12  25
   15  12  83  35  70  22  46  42  57  75  15  86
   31  60  53  81  45  52  32  96   2  77  24  41
   45  60  49  33   7  67  59  63  84  48  69  60
   69  63  33  41  21  14  57  60  77  57  67  48
   15  22   8  50  52  17  96  50  92  26  13  99
   18   8  38  27  19  81  33  52  72   9  62  88
   64  71  64  41  52  35  58  97  75  19   6  12
    5  50   4  85  41  12  31  37  54  90  35  71
   63  15  57  38  70  84  14  83  26  94  10   1
   43  63  99  71  60  35  95  97  40  91  13  34
   19  54  67   6
   17  54  11  42  63  28  98  69  65  98  74  56
    8  40  28  54  76  58  42  75  50  95  89  80
   72  62  17  91  80  77  83  20  11  34  72  14
   68  81  76  28  71  29  43   7  57  62  95  91
   59  83  20  40  58  72  21  73  91  57  45  30
   43  13  79  52  93  75   6  80  40  71  40  70
   92  73  25  31  25  68   5  76  12  44  57  99
   16  99   5  66  63  72  84  24  68  81  94  32
   43  91   6   9  66  94  43 100  23  16  34  65
   18  26  29  79  47  88  87  59  50  13  35   3
   22  30  85  51  98  89  40  70  12  72  42  44
    7  26  15  95  36  12  58  22  16  77  16  48
   56  46  16  99  57  23  74  95  74  23  73  60
   52  14  98  50  27  81  58   4  99  12  59  10
   75  94  60  89  73  39  87   4   4  17  25  77
   14  17  67  37   7  23  49  75  22  11  32  31
   91  57  74  82  56  77  54  70  64  73  78  29
   22   4  41  44  28  77  71  24  67  53  29  92
   75  75  88  98  76  10  75  48  81  15  84  48
   63  20  55  80  96  29  26  78  67  38  51  40
   46  78  86  45  42  70  50   2  15  99  42   3
   57  15  38   9  49  42  58  45  81  13  88  18
   45  20  91  50  88  84  63  38  46  48  79  22
   39  76  98  80  34  90  35  39  82   7   6  99
   23   4  39  91  49   5  60  36  55  79  37  31
   41  60 100  60  93  86  30  12  30  60  14  20
   15  20  68  31  45  39  37  78   4  39  48  81
   76  20  49  62  47  14   3  84  56  56  60   4
   28  70  95  43  64  80  13  85  17  31  19  80
   14  41  68  80  69  60  79  82  50  54   7   1
   18   8  99  48  39  41  16  41  63  52  10  25
   67  73  87  17  73  46  36  60  31  19  10  14
   72  58   2  40  32  83  64  29  37  17  18  33
   69  55  15  17
   34  61  14  26  25  64  93  84  16  37  68  57
   52  39  71  91  25  85  62  88  47  55  13  11
   12  47  92  33  52  80  50  42  88  34  83  76
   79  38   6   5  49 100   7  56  32  81   6  93
   85  13 100  23  21  56   6  55   8  15  89  11
   85  74   3  57  61   2   1   9   9  78  59  51
   49  82  84  27  41  13  18  47  48  55  31  65
   14  94  22  78  25  70  93  84  63  75  36  73
   62   1  99  71  45  19  61  21  70  16  79  11
   55  63  56  44   9  40  76  54  47  90  54  62
    6  32  68  83  51  99  85  67  76  46  89  88
   97  70  91  84  40   5  45  27  26  34  45  47
   42  66  31  99  13  43  72  65  67  94  55  14
   86  38  65  90  65  24  53  58  46  17   7  85
   65  33   8  66  79   6  86  97  94  11  68  87
   83  24  18  21  99  27  69  55  83  56  61  70
   63  96  50  55  49  19  38  46  23  55  71  97
   16  30  52   8  90  23  34  80   3  79  10  36
   71  72   2  62  30  94  35   8  81   3  15  28
   39  10  89  62  67   5  12  62  13  37  93  67
   27  27  49  14  90  33  41  94  22  51  15  64
   89  69  24  81   5  56  54  99  23  99  43   3
   30  86  83  78  20  28  34  42  77  25  10  98
   41  80  81  55  70  57  51  67   1  71  40  42
   93  43  54  70  83  73  54  16  13  83  14  39
   64  83  73  70  89  91  88  22  26  95  71  49
    8  59  25  51  77  67  71  16  84  26  73  12
   77  90  54  20  94  51   4  10  46  55  85  66
   86  76  31  44  87  24  32  86  99 100  27  70
    9  98  78   6  87  44  44  73  38  85  48  11
   32  21  33  35  42  72  22  19  66   6  58   2
   47  88  55  49  88   1  22  55  57  78  98  88
   87  10  77  80  71  69  17  60  52   1  53  32
    3  39   5  93
   79  83  84  14  26  60  56  80  43  37  28  38
   26  49  29  98  44  38  87  13   6  60  91  43
   41  72  45   3   8  75  61  64   3  37  64  41
    9  79   9  30  46  32  31  29  54  59  99  21
   83  53   3  24   9  95  41  19  66  88  46  35
   97  55  21   9  29  10  86  17  49  90  59  66
   30  69  44  64  40  25  44  52  99  88  87   6
   38  53  80   9  80  57  69  94  47  32  31  51
   73  24  73   6  50  75  61  63  80  89  58  28
   54  47  85  87  46   5   2  60  30  54   4  25
    8  58  41   2  62  44  53  22  30  75  22  46
   87  91  48  69  58  10  39  78  41   1  23  93
   55  36  78  66 100  93  79  52  46  45  65  53
   27   3  26  25  66  38   5  54  13  70  24   9
  100  21  26  49  22  37  33  14  28  92  28  74
   37  39  51  54  68  46  20  20  98  97  60  41
   23  60  67  20  52  19  71  81  17  88  36  48
   92  82  65  66  47  59  34  13   4  36  38  66
   25  66  57  47   9  92  46  27  17  62  32   7
    7  20  46  61  92  55  59  59  21  36  44  43
   65  96  56  83  41   4  33   1  37  83   7  57
   67  24  43  12  41  44  95  55  54  28  79  97
   90  36  60  41  54  74  69  13  13  40  29  63
   61  37   6  44   4  52  70  44  55   7  89   2
   63  76  30  79  45  78  76  14  44  24  80  27
   12  47  16  18  94  98  62   5  54   5  98  57
   97  99  26  81  31  28  99  76  24   8  81  70
    6  75  20   9  66  83  35  26  88  81  34  75
   88  58  38  36  83  51  31  78  69  32  28  13
   27  50  58  91  41  60  72  91  38   2  65  57
   42  56  16  21  55  77  49  80  51  78  18  57
   87  96  96  18  39  26   3  60  51  14  29  77
    7  32  99  83  18  15  43   9  32  60  85  70
   58  12  60  98
   44   1  39  37  61  16  33  20  21   3  14  46
   61  14  65   8  98  59  83  14  59  75  17  37
   75  95  50  48   9   4  31  52  26  93  44   9
   21  15  21  56  69  12  99  21  39  62  30  28
   38   2  16  98   6  51   7  45  50  29  32  60
   28  61  73  97  71  89  91  47  51  63  88   8
   90  33  15  46  22  36  23  54  84  75  63   3
   64  89  24  83  86  23  13  46  41  80  86  32
   58  87  21   1  28  31  22  46  57   8  91  13
   79  51  24  98   2  65  52  61  97  50  40   9
   44   8  14  84   3  63  40  58  41  61  46  92
    2  67  83  16  15  55  40  87  54  96  89  50
   31  36  85  85  43  66   6  52  59  90  31  31
   46  87  75  51  47  62  56  20  97  90   9  36
   87  68  43  13  66  38  49  73  88  23  40  59
   15  46  43  23  39  51  33  14  75   7  10  63
   79  13  17  55  17  99   8   3  72  16  57   5
    9  16   7   5  66  38  66  44  99  75  51   3
   70  46  67  38  74  47  36  19  18  14  66  48
   33  64  68  84  40  40  17  55  52  45  43  59
   29  68  91  75  60  13   5  48  11   6  54  81
   98  13  22  19  15  39  19  20  97  31  52  27
   38  60  29  30  40  15  14  26  17  76  19  63
   35  90  51  91  97  35  88  99  79  79   9  42
   99  39  64  69  35  22  93  49  89  69  77  72
   91  92  47  66  48  98  25  92  36  19  16  42
   38  16  41  21  24   2  16  36  74  38  67  70
   47  33   5  47  90  36  21  98  99  16  50  22
   12  48  60  26  51  80  95  79  18   3  58  49
   14   6  34  30  18  34  67  68   8  36  72  89
   15   3  91  99  35   2   1   4  74  11  52  95
   45  36  65  62  97  28  59  65   5  95  32  23
   84   4  77  88  67  77  56  22   8  87  97  43
   40  39  56   2
   64  87   7  17   5  72  62  73  32  59  38  43
   16  56  93  77  60  93  89  39  29  26  66  37
   29  60  87  87  65  93  61  87  68  77  19  13
   88  91  69  30  55  51  23  30   8  14  80  78
    1  22  91  86  65  57  83  99  50  10  57   6
   29  73  54  58  73  54  87  29  93   3  51  61
   58  60  82  63  67  25  12 100   7  41  64  22
   67  99  43  96  28  64  72  70  16  12  16  45
   29  93  59  68  31  14  60  55  12  30  78  14
   22  69  57 100  68  63  87  87  84 100  34  54
   68   6  33  94  89  26  57  41  61  45  48  13
   83  10  25  76  60  81  47  32  76   1  64  11
   46  75  17  99  38  81  22  74  54  89  13  63
   93   6  59  19  70  33  50  16  13  49  45  64
   23   6  99  40   9  46  52  41  80  39  82  50
   27  38  45  32  42  46  60  36  42  17  81  22
   32  58  31   7  53  66 100  32  94  72  24  37
   72   8  18  71  83  93  90   8  22  43  20  80
   64  83 100  50  29  99  58  70  98  94  35  90
   16  71  42  67  43  25  80  95  96  65  32  62
   44  51  20  13  72  44  35  46  27  81  32  16
   18  69  96  60  93  93  79  47  84  47  96  37
   15  81   6  65  86  70  41  44  25  97  27  83
   99  61  55  29  13  96  29  19  52  18  81  61
   19  79  57  30  20  55  67  78  29  37  12  67
   19  52  65  26  63  96  42  12   2  92  21   7
   77  59  41  21  47   9  69  19  50  51  36  70
   56  28  31   5  78  60  84   3  49  13   1  89
   74  84  70  64  51   9  46  30  54  77  91  56
   93  83  95  54  37  83  58  71   6  74  40   7
   34  92  87  42   5  31  20  93  45  75  92  83
   95  57  21  26  50  30  79  37  59  58  68  60
    7  29  43  13  51  80  22  47  40  55  55  36
   90  59  67  71
   90  57  25   7  77  10  59 100  79   5  96  64
   97  90   5  65  61  86  10  28  89  45  21  55
   32  74  56  88  15  90  50  12  73  25  59   3
   80  63  70  23  70  45  85  59  55  86  18  95
   31  66  67  47  88  40 100  21   5   9  19  29
   35  27  21  45 100  53  59   3  64  47  91  38
    6   8  26  76  85  59  57  61   7  76  98  33
   66  55  10  38   5  30  14   1  47  28  12  20
   37  73  86  24  65  36   9  58  94  15  26  27
   70  77  53  69  40  33  56  86  45  56  24   8
   28  49  38   1  19  51  39  31  23  90  80  55
   96  83  80  70  20  67  66  94  66  88  11  99
   58  31  65  87  25  82  88   4  46  52  59   1
   94  30  94  45  74  85  55  64  44  16  44  38
   41  36   5  39   2  12   7  10  65  35  28  89
   80  47  29  77   5 100  24  49  92  72  46   9
   81  11  98  90  70  35  10  98  93  72  75  95
   84  44  97  31  37  89  19  20  61  40  41  53
   26  31  51  66   5  61  34  40   8  98  74  51
   13  18  61  65  83  99  83  73  93  55  12  70
   28  12  89  82  92  26  98  33   7  53  36  51
    1  56  75  33  94  52  21  36  81  17  61  26
   97  15  12  57  86  90  54   9  65  92  65  57
   72  43  49  90  18  55  48  74  23  88  62  56
   57  53  53  13  66  57  44  43  92  93  19   7
   93  72   2   4  51   2  49  94  76   8  17  76
    6  96  32  84  90  66  61  54  85  56  57  20
   28  43  21  54   3  83  35  57  19  93  12  85
   63  80  16  26  54   8  97  16  91  16   9   2
   95  74  13  46  45  89  98  75   3  49  75  73
   38   8  69  18  46  27  11  61  54  46  17  53
   29   9  67  10  71  22  71  26   7  69  36  26
   75  60  16  68   3  28  70  86  81  67   4  72
   28  17   5  12
   1658  1552  1627  1619  1595  1641  1555  1494  1663  1594
