 40 200
  100  95  38  84  30  74  10  93  84  60 113  98
   21  26  37  53  68  51  62  47  68  55  20  41
   76  24 113  32  95  63  66 105  50  21  84  47
   68  10  37  83  18  64  56  27  16  41  93  92
   35  83  93  94  19  33  66  15  82  96  45  74
   38  21  27  40  43 100 108  39  57 107  94  81
   87  62  63  42  32  81  88  77  47  50  16 107
   18  93  42  14   3  60  57  21  36  82  26  37
   80 111  23  92  72  68  78  21 106  51  72  60
  103  22 100  46  97  46  12  44  61  13  43  34
   92  33  50  49  87  79  78  16  74  70 105  88
   33   7 103  81  55  46  58  75  25  97  44  92
    7   8  92  56  64  28  84  73  28 109  19 113
   71  93  41  70 104  75  92  39  70  37  69  58
   66  64  37  88  97  26  54  16  86  32  75 103
  106  33  62  65  24  88  97  71  40  56  70  19
  104  57  61  62  45  57  70  86
   13  98  57 108  52  68  58  57  65 100  22  58
   66  77  23  87  29  41  28  79  36  27  26 100
   21  85  37  18  75  27  46  75  64  17  41  49
   55  57  63  96   8  28 113 107 100  24  45 113
   24  36  33  97  33  73  63  43  29  21 104 106
   44  78  54  64  30  66  77 105  90  39  61 100
   72  46  84  13  31  57  50  43  68  97  26  70
   34  84  12  49  79  97 106   7  46  71  83  14
   63  97  55  52  85  20 106 104  34  43  26  85
   13  50  29  70  18 114 116  48  32  13  80  46
   79  91 113  28  35  60  41  93  57  41  66  58
   94  72  88  34  81  91   9  95  36 111  72  82
   64  43  57  61  79  68 103  70  82  73  99   4
   18  34  98  95  81  49  82  34  89  89  98  46
   87  82  42  34  88  75  53  33  93 108  58  60
   66  23  90  28  99  51  71  64  50  84  29  90
   45  32  75  35  77  59  90  11
  108 110  38  61  72  37  28  29  57  21  46  22
   18  86  76  31  96  73  47  94  20  54  93  33
   40  79 111  51  32  71  32  67  81  16  18  53
   13  80  50  75  62 102  88  38  66  85  96  40
   28   9  86  18  18 110  16  35  70 104  46  61
    4  74 105  75 104  85  86  30  21  54  26  37
   69  93  87  62  51  32  78  68  14  55  34  50
  106  20  35  58  26  43  63 101  55  51  29  23
   22  90  86  39  59  21  39  41  25 100  90  22
  102  77  31  40  18  39  58  57  48  47  94  48
   53  58  24  19  95  66  82  78  84  75  86  65
   59  10  36  55  95   9  63  19  22  63  20  61
   90  27 104 105  93  38  80  86  37  99  80  78
   29  66  96  48  38 104  49  36 102 105  63  23
   46  83  52  62  20  60  30  39  93 102  37  21
   88  40  21 104 106 111  75  28  81  78  54  38
   64  10  23  98  38  53  88 113
   72  97  63 102  46  88  21  94  76   9  99  73
   31 104  30 104  29  64  44 100  71  86  88  67
   36  18  57  52  23  60  93  45  29  91   9  66
   92  17  23  26  46  89  28  25  66  32  82  65
   85  79  34  69 100  30  42  19  36  39  90  93
   51  38  74  31  28  83  82 109  43  47  45  69
   97  38 104  63  44  33 113  47  46  56  14  77
   31  19  93  64  79   8  52 100  20  50  77 100
   90  14 107  71  56 101  48  86  72  17  73  91
  105  47  28  74  69  30 105  82  46  10  86  43
   87  66  47  58  15  38  43  55  76  23 104  93
   33  20  52  98  73  46  54  68  73  96  84  66
   57  46  49  90  26  46  25  77  20  54  34   7
   93  40  29  75   8  34  16  96  35  26  80  46
   58  47  86  98 103  24  22  84  53  42  66  59
   71  12  64 108  98  75  35 107  97  80  21  63
   25  86  78 102  65  58  73  32
   30  64  49  87  19  22  37  23  96  71  75  25
   33 102  53 106  17  34 106  45  14  36  81  45
   49 100  31  42  64  51 112  16  40  38  42  37
  110  97  47  80  94  99  79  73 103  35  63  47
   47  85 106  23  56  80  70  48  18  77  56  42
   53  62 100  43 105  47  79  88  38  13  49  94
   84  28  59  89  62   9  79  29  65  18  98  14
  102  49  99  77  26  23  26  58  98  83  80  61
   28  89  58  22  36 101  59 101  44  53  15  70
  107  40  37  85 104  51  79  73  87  61  25  28
   69  31  99  87  78  90  51 103 100  79  75  70
  104  81  93  96  69  11  61  32  56   8  35  76
   45  62  84  58  71  91 101  32  48 100  15  46
  108 101   8  65  22 113  64  94  56  46  47  77
   15  95  76  70 101  64  85  55  99  86  91  23
  105  57  48  71  56  67  63  48 104  50  85  27
   45  89  24  47  87  95  38  40
   64  67  69   4  61  85  62  34  61  64  60  72
   10  60  68  76  58  46  83  10 113  54  88  89
   16  84 107 100  72  98  49   8 106  11  54  96
  109 105  76  53  67  28  41  91  73  41  26  95
   57  51  78 104  18  49  37  67  64 102  17  83
   78  81  75  45  96  61 111  96  23  77 109  91
   93 100  48  39  56  92  56  17  92  52  33  12
  111  99  13  69  19  16  38  79 108  84  62  70
   28  93  97  13  32 107  77  40 110  57  35  85
   67  69  32  47  71  18  20  22  49  76 103  46
   54  17  40  81  34  18  99  91  90 115  38  99
   68  33  29  49  94  86  90 106  78  60  83  43
   67  60  29 105  38  70  84 107  38  76 102  42
   46  70  79  81  73  80  66  65  45  80  71  47
   32  60 107  90  42  39  41  12  72  50  31  37
   53  53  26  28  82  68 107  50  33  95  69  14
   31  79  76  63  49 102  62  71
   55  53 100  49 106  76  95  41  85  82  21  71
   12  89  27  57  18  38  19  51 103  29  86  12
   65  83  92 111  20 100  47  89  64  85  75  21
   78  37  70  25  76  76  95  55 104  30  84  52
   71  38 100  32  45  61 117  54  79  67  23  95
   58  18 108 116  39  16  61  76  65  86  36  52
   93  96  59  87  67  86  46  20  46  26  85  28
   55  38  12  95 112  67  33  22  63  43  46  70
  108  90  22  20  93  35  74  54  18 105  92  34
   89  89  57  24   8  34  16  64  80 104  70  21
    9  34  87  17  80  87 107  34  58  75 102  96
   32  67  32  13 100  54  44  42  97  21  65  93
   21  24  45  89  27  28  22  58  53  10  14  65
   56  15  60  74  15 116  72  36  43  11  74  74
   86   4  61  77  56 109  37  32  35  43  34  88
   81  56  16  72  75  79  98  14  94  91  66  20
   44  62  75  22  57  67  31 105
   79  82  27  14  74  91  31  65  27  87  90 111
   73  73  30  71  60  71  92  43  94  29  90  14
   91  37  37  49  80  72  90  25  28  36 110  75
   13 108 107  82  28  41  87  32  21  83  88  91
   53  73  64  16  39  31  22  42  28  99  25  29
    7  86  45 103  29  65 115  75  46  32  78  38
   47  49  52 106  29  97  86  46  27  28  67  20
   89  71  79  19  94  67  11  75  23  33  51  28
   23  76  45  17  77  85  65  52  25  71  23  20
   99  73  64  54 105  92 105  96  85  70  60  64
   13  40  14  89  13  34  67  36  33  89  56  42
   66  25 107  27  64  91   5  30  74  33  63  59
   12  87  38  85  32  49  10 103  39  43  58 110
   36  49  97  51  99  83  74  72  53  57  29  42
    7  89  76  60  92  99  87  81  84  56 105  89
   87  49  67  93  79  32  83  64 114  82  80  95
   62  43  38  65  42  21  67 102
   51  73  85 100  68  82  11  99  55  27  51 115
  108 107  61  90  93  97 100  59  49  83  47 107
   45  23  87  79  92 108   6  83  41  66  12  48
   88  51  97  94  71  75  94  29  32  21 105  40
   35  24  49  25  25  53 104  50  92 108  82  83
   70  27  51  16  72  35  60  59  77  12  84  74
   87  89  82  14  84  35  72  65  15  25  18  69
   89  33  44  57  37  40  39  75  75  65  17  42
   62  76 107  47  56  19  33  36  20  66  47  85
   83  85  76  81  71  97 104 110  38  37  79  45
   96  70  53  34  26  37  19  38  25  87  73  30
   36  31  76  77  66  20  68  58  44  68  36  85
   99  56 105  42  89  83  90  48  87  58  40  93
   16  21  73  39  58  84  51 102  96  82  31  14
   22  68  60  13  24  79  44  92  96  80  37  64
   38  49   9  26  86  38  96  51  63  50  78  43
   76  63  76  81  72  89  74  60
   36   9  16 109  93  80 101 105 111  23  33  30
   57  52  33  16  94  44  39  21  84 106 100  69
  103  13  52  31 104  80  21  24  59 113  69  33
   35  89  37  68  93  21  79  24 114  18  14  28
   59  71   8  48  33  99  26  23  72 104  95  34
   99 103  72  14  39  89  33  74  29  92  13  22
    9  17  77  66  85  87  94  41  51  24  25  32
   52  21  11  87  29  32  43  23  41  64  76  59
   84  27  62  27  69  79  99  42  64 102  53  27
   77  68  82  29   7  74  60  63  70  82  60  71
   45  84  87  83  41  54  88  34  65  18  64  62
   25 103  90 117  18  48  43  96  63 114  13  98
   55 111  87  29  41  17  68  47  93  50 100  90
   70  83  35  26  57  32  12  70  69  75  56 101
   57  45  56  67 114  16  14  22  65  11  15 105
   55  35  68  85  82  86  89  33 102  85  51  90
   29  41  94  24 109  66  86  23
   94  15  12  36  53  33 105  77  31  33 106  11
   27  85  14  84  86 115  36  77 102   6 103  71
   85  66  40  59  79  33  59  87  47  27  19  20
   43  15  28 117  80  67  28  52  47 102  61  56
    3  22 100  50 105  74  38  80  10  32  77  57
   40  72  80  33  84  99  62  35  81  42  95  84
  101  16  87  57  34  36  57 106  48  14  25  57
   79  32  61  77  65  53 116  39  57  72  92  81
   39  99  88  87 112  82  76  45  94  61  87  71
   19  36  87  23  50  74  93  27  72   9  21  72
   81  95  81  75  11  60  42 116  91  91 100  63
   85  82  17  45  72  71  39  79  65  65  97  30
   75  51  51  42  46 104  61  49  42   8  40 108
   52 102  13  67  91   6 107  89  66 107  80  51
   17  74  26 110  21  71  33  14  51  91  29  69
   34  30  51  36  90  52  57  88  44  46  36  36
   84  43  94  52  98 104  35 108
   71  57   8  59  49  53 103  58  86  78 103  78
   20  46   9  97  25  14  59 102  20  66  58  91
   40  79  61  88  59  42  12  29  28  65 103  34
   22  73 115  81  13  37  24  30  47  62  63  70
   16  54  47 103  71  55  47  39  37 112  77  13
   18  86  30  54  45  39  91  21  40  72  55  92
   87  84  26  30  11  94  34  72  49 102   6  93
   47 102  43  36  63  94  36  29  76  27  44  33
   64 102  12  35  46  87  79  95  35  41  31 101
   51  47  62  86  46 101  76  76  90 108  68  85
   23  84  96  76  90  51  76  24  25  76 103 105
   98  25 112  14  97  66  98  66 109  79  88  73
   43  90  60  72   4  16  79  28  76  66  60  97
   64  13  66  46  33  20  89  86  81  24  74  23
  112  64  49  63  88  13  16  54  66  90  20  42
   65  46  82 105  25  19  69  94  38  37  38  25
   44  17  91  83  73  43 107 107
  115  43  87  22  89  49  16 105 103  20  48  45
   90 108  89  90  85 108  80  81  95  26  85  89
   94  48  53  84  98  57  86  92  24  59  91  22
   41  30  45  74  37  48 108  14  82  30  54  20
  100  49  81  27  96  55  18  71  26 118  55  66
   33  44  96 101 109  38  73  65  93  22  44  86
   34  55  33  43  42  97  72  24  43 100 109  65
   85  63  67  62  70  14  85  75  21  43 107  54
   91  97  49  30  65  79  29  71  90  74  34  27
   22  43  42  20  29  80  97  11  42  65  52  60
   23  71  22  86  58  50  19  26  47  32  16  71
   90  59  96  93  23 103  91 100 100  65  79 102
   55 103  26  60  80  59  86  59  98  87 101  37
   43  83  64  34  28  58  89  45  26  99  62   5
   26  39  58  43  93  41  96  88  37  48  29 111
   17  59  68  96  95  76 101  23   9  56  20 113
   94  71  85  89  27  75  23 100
  112   4  46  17  47  81  44  82  21  65  25  87
   26  90  84  74  97  42  61  59  72  96  79  31
   82 102  19  48 110 100  85  40  96  63  25  50
  101  92  62  35  45  43  89  78  18  42  16  56
   99 105  74  38  25   6  36  46  19  22  77  69
   93  86  17  50  21  84  91   9  55  52  61  66
   93  54  46  83  12  93  32  29  29  36  99  45
   64  67  98  25  82  40  15  71  64  37  18  58
   56  59  40  98  63  30  50  27  76  33  85  36
   62  16  39 104  93 104  90  71  43  15  17  39
   65  48  39  44  95  46  98  35  13  75  57  91
   16  18  21  28  43 104  76  62  59  81  92  53
   27  84  38  86  71  75 103  77  40  21  22  59
   60 102  28  89  44  87  36  81  22  87   6  40
  106  28 113  99  93  62  82  48  58  82  13  64
   39 105 109  97  75  43  15  69  48  79  79  93
   60 104  29  37  35  29  35  36
   55  80  64  43  29  33 100  72  25  67  73  87
   43  58  12  66  36  38  65  96 102  41  28  34
  115  35  32  31  38  57 107  81  23 101  66  98
   68  24  85  59  73  52  94  92  37  88  69  41
   56  41  41  52  14  12  46  27  23  31  17  35
   27  77  90  60  44  64  61  32  96  54  82  53
   84  55  53  54  66  15 105  18 105  40  98  39
   25  96  88  18 102  38 112  49  43  25 105  15
   48  15  30  70  99  70  79  20  43  24  31  36
   98  22  48  45 109  19 106  43  45  22  83  56
   64  82  83  75  54  90  22 110  99 100  20 118
    4  18  20  24  93  42  59  66  96  79 100  88
   55  26  26  92  98  71  96 104  14  32  15  24
   85  96  21  96  65 104  79  84 113  65  52  95
   86  38 102  47   9  92  54  93  68 105  89  53
   74 111  94  92  95  70  34  98 105  32  12  18
   89  57  91  33  39  59  42 116
   23  90   9 102  38 100  74 106  36  40 101  24
   85  14  32 100  39  42  35  55  87  35  80  85
   34  18  45  96  58  52  90  53  67  51  39  48
   75  26  58  55  94  95  61  96 104  58  44  52
   90 103   9 112  37  96  75   9  96  96  95  54
  106  75  42  52  23  40  90  83  70  70  79  17
   57  43  18   6  77  87  70  43  62 102  32  33
   73  71 118  53  76  78  92  59  37  73  58  19
    8 115 101  91  45  57  41  91  49 105  51  72
   63  22  72  33  75  82  29  74 100  16  14   7
  111  85  58  34  72  90  58  58  65  63  78  14
   38 106 103 105  45  23  81  97  82  84  67 105
   91  81 100  60  77  52  20  45  45  76  51  95
   73  45  67  49  35  58  80 107  93  77  68  16
   31  35  15  62  59  15  84  40 110  21  27  11
   24 104  77  89  98  56  56  88  41  98 103  73
   21 107   8  79  30  75  95  43
   15 112  21  18  66  40  28  94  80  36  31  22
   32 102  64 102 106  38  98  27  27   9  34 101
   83  98 102  43  20  80 112  63  36  64  85  65
  101  66  89 109 102  66  52  22  52 102  30  66
   44  20  73  95  95  25  68  61  43  67  69  59
   96  99  85  30  15  95  81 111  30  13  87  53
   91  33  92  95  74  99  20  14  53  59  79  58
   73  77  19  45  69  52  57 109  72  34  83  97
   47 101  86  51  66  14  99  18  44 114  34 102
   15 110  14  43  17  72  92  32  77  85 100  49
   37  90  79  13  84  62 101  27  49  98  35  81
  108  86  41  21  55  28  28  59  68  15  64  31
   49  94  49  95  85  43  90  90  99  39  34 100
   89  99  56  52  20  67 107  36  91   8   8  59
   42  69  53  98  51  43  31  33  65  83  45  99
   14  87  45  85  20  51  19  33  42  61  44  70
   71  38  16  12  92 111  37  48
   19  64  61  19  36  96  62  87  46 108  27  44
   96 107  60  38  80  32  15 113  39  83  69  92
   81  94  10  34  76  77 106  92  90  63  41  18
  106  72  76  42  20 109   7  27  89  31  27  15
   42  34  25  64 111  86  52  47  18  97  43  16
   26  11  46  17  71  47  89  17  89  63  35  74
   29  75 102  65  42  31  65  46  48  78  60  85
   33  62  32  33   9  20  10 107  71  91 109  32
   31  28  20 101  75  79  45  73  28  94  87  51
   89  32  66 103  72  36  91 113  94  78  81  42
   43 113  38  82  65  72  72  10  44  38 100  49
   20  74  62  31  25  39  50  93  37  90  99  97
   22  95  49  37  47  47  92   8 111  69  64  31
   78  64 104  59  19 107  24  28  31  56  75  19
   74  83  83  27  61  92  56  79  31  33  66  49
   22 101  35  58  67  78  94  27  22  37  94  51
   10  87  79  30  77  79  57 109
   50  54   9  95  19  33  95  31  98  13  82  98
   56  46  93  13  99  53 116  14 107  19  65  32
   59  27  80  53  84  57  84  59  72  46  87  67
  100  61  44  91 113  47  56  99  16  88 105  53
  103  95   8  49  16 102 114 104  92  55  72  28
  106  96  63 102  31  61  82  87 105 103  46  61
   35  91  18  69  71  65  24 101  88  66  77  57
   87  26  41  90  56  34  75  95  64 114  90  80
  110   9  79 102  97  29  84  85  12  26  32  37
   85   8  30  28  16  32  54  99  89  55  27  74
   36  10  73 103 104  23  47  57  40  94 106  78
   62  62  88  30  45  63  47  86  23  99  90  77
   37  38 101  28  51  15  20  83  77  47  96  96
   74 100  64  99  22  43  46  61 108  72  23  43
   48 103  48  44 113  87  36  16 113  50  86  86
   55  93  67 102  29  93 107  59  58  99 107  55
   65  22  47 116  22  22  54  71
   91  77  29  17  94  34  20  81  70  33  39  83
   70  49  65  51  74  75  28  15  52  85 109  40
   41  91  73  74  11  45  39  22  14  34  73  67
   99  68  68  17  19  76 107  87  19  63  69  28
   30  97 109  93  94 104  24  45  83 106  73  45
   76  28  22  24  41  14  14  46  20  60  72  63
   93  31  95  93  24   8  70   9  31 104  50  61
   33  60  58  26  12  74  69  74  58  21  44  73
   77  36  92  74  76  51  76  48  16 101  23  39
  104  20  72  15  39  16  69  40  49  58  53 102
   85  19  86  24  59  45  66 106  79  45  93  75
   10  45  81  27  45  31  51  45  83  44  35  67
   75  92 109  70  22  37   9  35  89  20  46  77
   56  22 108  68  70  42  94 106  44  99  47  83
   83  54  99  54   2  82  79  27  61  19  93  74
   56  20 104  27 102  58 106  12  36  12  94  97
   72  87  19  90  18  19  95  99
  117  50  74  49 107  52  55  37  88  33  12  84
   39  97  89  48  61  45  71  34  91  54  58  91
   43  77  11  81 108  51 102  31  42   6  70  73
  108  50  23  73  35  68  73  40  63 110  89  13
   78  73  56  58  59  43  34  90  80 108  29  31
   18  97  78  68  67  53  77  81  58  13  22  16
  116  61  63  45  72  71  54  68  46  23  19  16
   42  81  69  44 100  45  23  76  59  57  64  26
   91 105  14  51  90  74  64  82 109  24  95 114
   78  95  77  12  58  28  42 101  40  48  17  87
  102 101  28  35  46  29  40  37  28  45  74  20
   85  31  31  50  32  57 106  27  79  98  57  58
   35  83  57  15  47  42  54  81  98 113  40 102
   95  28  59 101  76 102  76  80  57  61  54  71
   98  92  53  16  92  59  11   4  88   9  61  88
   98 112  80  75  69  39  75  77  85  34  99 114
   50  59  98  31 104  19  15 106
   78  19  78  76  51  40  46  61  66  16  94  78
   87  68  80  25 109  75  89  92  99  58  20  39
   97  37  59  24  69  39  10  63  98 106  42  42
   77  90  19  40  71  55  37 104  95  73  24  60
   97  16  35  33  38  97  44  54  86  71  32  15
  104  94  88  25 105  66 101  39  77  22  26  74
   96  87  11  46 109  44  52  70  40  15  64  71
   16 104  69  10  81  65  60   8  31 101 102  69
   53 104  53  22  84 107  21  72  14  64  27  91
   83  89  22  12  45  77  70 100  23  70  86  36
   73  28  96  91 102  67  60  28  50  76  64 100
    8  37 112  90  15  95  36 117  25  61  21  91
   66  61  21  11  14  66  85  64  34  11  13  42
   30  48  33  12  50  91 107  44  37  81  53  15
   88  34  31  93  88  50  21  81  15  72  91  74
   96  62  20  87  55  26  38  47  82  49  13  92
   61 101  75  28  27  51  53  39
   58  63  53  63  78  72  85 109  71  65  28  65
   62  86  59 104  64 104 113  19  81   7  96  83
    7  80  43  88  64  95  74  87 109  20  88  95
   30  22  28  25  55  70  88  90 114  35  39  88
   85  45  13  12  71  72  94  94   8  44  64  76
   64  94  89  90  96  72  64  92  52  29  77  79
   50  37  68  89  78  49 102  37  53  74  43  42
   85  30  54  99  32  24  77  50  85  51  62  32
  101 106  46 100  54  84  43  99  62  75  12  46
   54  77  80  97  94  42  53  56  90  66  41  81
   27  85  66  35  94  96  39  77  75  51  62  68
   23 110  28  52  38  88  22 106  72  83  36  37
   76  91  71  24  16  89  84  70  59  77  77  99
   20 110  87  55  61  71  78  61  20  96  44 101
   21  23  11  38  99  16  53  19  62   9  80  87
   44 103  86  10  72  63  58   9  25  25  34  50
   26  13  78  25  75  66  71  95
  102  27  58  94  58  72  37  45  78  50  67  38
   64  28  91  90  89 103  84 103   4 114  99  64
   50  65  62  62  67  43  91  50  46  76  41 107
   32  84  77  58 104  83  23  46  58  98  33  84
   77  95  98 104  28  87  82 107  62  90  40  74
   15  43  69  91  43  28  51  30  51  35  85  28
   47  53  69  58  60  23  90  68  48  20  69  43
  106 109  43  35 102  81   3  19 100  87  89 113
   15  41  47  81  37  25  65 110  50  62  30  35
   74 101  22  44 104  18  19  23  63  84  26  52
   93  42  26  20  10 116  59  38  21  37  13 103
   29  16  95  94  13  69  63  94  44  78  12  34
    6  10  86 102  38  70  49  36  94  92  15  36
  100  36  53  27  83  39  29  36  51  11  77  55
   97  96  73  43 106  73  38  17  74  37  95 102
   52  88  56  69  26  93  11  51  98 102  59  99
   22  87  95 100  24  68  55  96
   79  25  27  83  55  12  68  87  32  59  14  75
   32  55  34  49  38  84  20  78  38  59  66 110
   85  26  87  26  87  46 103  74  27  74  20  79
   96  54  97  97  22  42  66  43  25  54  58 113
   34  71  44   8  58  51  63  72  53  63  31  49
   89  11  93  13  90  88  34  69  34  63  59  38
    6  79  61 110  91 109  53  15  43  99  69  67
   91  70  30  99  13  89  37  53  43  49  54 105
  105  60  48  68 102  39  51  42 100  67  35  78
  110  21  56  71 102 106  31  96  34  71  24  68
   62  66  17  74  84  59  39  51  68  92  97  73
   97  56  88 103  63  38  63  62  96  19  62  95
  109  68 107  49 102  50  61  16  17  23  71 108
   92  37   8  45  76  93  58  82  99  70  86  25
   49  72  82  36  83  84  69  85  78  21  14  21
  113 105  58  18  73  61 113  51  80  98  93  22
   46  84  68 107  40  75  41  99
   29  64  60 107  70  41  16  90 103  21  80  59
   19  28  84  79  24 106  39  89 101  33  90  31
   68  63  43  89  24  30  17 102  42  20  64  52
   68  77  81  65  73  49  37  56  77  47  37  27
   98  87  25  86  34  63  37  87  77  21 110  93
   95  63  79  87  54  34  89  29  77  28  87  94
   99  81  95  92  40   4  89  38  89  63  87  51
  113  59  60  98  99  19  35  91  90  91  78  53
   19  97  48  28 104  61  86  51  76  72  62  42
   61  92 111  85 105  24 119  75  30  75  12  90
   87  29  86  38  16  67 102 108  27  81 111 104
  103 107  86 107  53  92  93  33  34  83  95  59
  100  58  73  30  89  41  21  19  50 103  74  62
   29  82  23  27  87  76  52  46  67 100  44  34
   41  50  78  98  64  66  31  50  66  41  76 105
   51  90  22  71  41  54  33  96  17  44  32  80
   35  56  78  64  83  51  65  23
    9  16  55  99  88  61  38 108   8  78  44  74
   44 115 115 117  73  79  92 107  84  68 102  93
   22  35 114  13 107  75  73  31  95  49  15  94
   76  62  14  57  76 105  58  18  78  18  52  21
   36  75  16  35  25  31  23  36 109  74 103  23
  115  44  64  43  39  44  24  25  51  60  99  27
  104  28  42  48  79 105  18 114  79  40  30 101
   35  16  75 103  98  72  84  45  14  85   9  53
  101  65  46 118  37   3  41  64  54  68  42  32
   16  90  62  10  66  70  63  74 101 104  25  44
   51  88  25  43 107 103  71  24  33  60  11  41
  103  72   3  97 112  35  24  96  52  74  48  91
   63 101  99  18  87  26  22  41  98  74  70  65
  107 105 100  86  98  94  21  39  13 115  52  11
  107  92  35  28  34  66  23  24 116  92  85  61
   41  28  27  41  44  93  66  57  93  59  42  22
   44  16 103  98  13  64  36  51
   76  26  17  75  26  80  79  12  60  40  22  30
   66  88  86  46  48  76  34  17  92 107  22  80
   63  50  69  85  64  82  35  51  95  35  36  48
   96  61  26  48  53 110  21  58  61  38  75  57
   39  67  62  45 104  32  71  95  15  15 113  31
  103  85  43 102  48  27  64  72  21  68  48  65
   33  89  81  44  97  53  12  51  27  83  42 106
   49  62  58  35  33  44  81 111  28  36  96  99
   59  28  86  90  56  43  69  68  80  14  27  61
   18  77  36  89  32  87 114 103  47  40  23  42
   59 102 112  69  16  72 100 101  50  75  62 105
    6  45  31  96  78 106  16  15  43  31  89  76
   78  99  83  58  38  67  68  33  17  71  29  42
   87  99  75  12  61  73 113  58  31  58  69  73
   83 107  69  28  14  72  94  68  25  44  88  30
   66  24  73  34  44  10  90  52  46  58  81  88
   14  82  62  89  51  60  93  56
   65  24 115  58  18  71  37  91 103  90   8  16
   71  52  83  85  30  71  28  60  84  72  50  48
   99  46  27  86  74  56  23  55  94  85  36  31
   70  56  23  70  43  24  75  23  41  85  89  21
   21  16  29  51  83 107  49  38  41  10  67  28
   34  87  14  98  30  30  83  73 100  57  80  86
   33  71  55  33  54  31  50  25  83  92 107  95
   27 109  47  30  98  75  50  57  82  99 106  78
   65  70  75  37   5  74 105  70  25  51  24  78
   43  24  60 113  75  33  60  72  93  54  61  24
   72 101  90  34  75 108  99  91 117  26  90  80
   18  19 110   4  81  58  19  39 104  82  98  84
   34  36  21  18  18  96   7  29  94 104  84 111
   73 110  86  53  64  91  42  21  35  73  78  19
   34 108  16  30  38  63  20  51  34  96  66   7
   94  96  98  67  43  19  67  49   7  22  87  60
   22  81  48  91  37  52  42 112
   52  98  19  20  29  36  99  47  66  34  98  43
   78  20  52  48 104   8  32  37 105  22  56  43
   43   6  19  40  43  27 103 103  28   7  49  54
   86  41  61  27 103  12  99  85  73  77  92  49
   65  66  44 106  33  95  28  19  88  20 110  54
   51  41  45  19  56  70   8  30 104  36  29  33
   78 115  47  23  16  78  40  32  83  85  69  22
   27  28  92   7 112  29  36  67  29  63  64  82
   47  60  19  38  77  75  73  56 115  81  33  44
   95  76  48  46  30 116  33  56  61  26  20  98
   47  21  65  30  12  69  66 101  52  67  21  50
   57  49  87  68  52 115  29  23 101  43   9 101
   77  53  91  17 106  27 102  66  87  50  92  56
   27  66 106  48  64  83  39  75  53  47  41  43
   95  91  87  47 107 104  13  72  35  63  35  41
   37  57 110  99  39 106   5  14   9   7  75  94
   70  78 107  67  19  42 105  70
   39  92 107 102  96  50  53  72  79  97  50  19
   68  45  52  84 106  72  26  39  59  70  98  61
   29  37 102 101  18  63  22 101  93  91  12  32
   39  12  57  14   2 103  71 115   3 100  45  26
   71  65 107  11  91  69  70  94  72  54  25  72
   16  54  83  84  33  94  17  43  88  43  40  17
   92  89  22  56 110 103  40  26  32  73  64  39
  106 111  89  64  38  26  51  95  42  48  39  97
   42  65  72  66  14  73  44  50  62  60  68  23
   19 102 103  51  18 104  64  54  84  27  25  37
   75  54  64 100  79  46  39  91  50  52  62  67
   76  68  36  57 112  24  58  61  94  60  83  27
   91  43  53  56  78  96 102  58  30  49  94  53
   57  59  44  49  38  40  94  31  26  90  65  87
   54  47  74  22  21  24  45  23  41  37  95  56
   31  51 107  93  84 113  25  16  41  71  87  79
   55  37  57  64  28  91  75   6
   78  99  70  50  40  66  22  53  31  18  89  71
   49  91 101  70  94  64  23 101  76  43  70  83
  102 108  61  69  69  22  33  49  14  32  54  47
   79  22  14  18  70  90 105  74  41  92  87  78
   42  34  39  90  95  96  68  46  83  92  24 107
   71 114  21  79  90  85  76  95  57  39  13  25
   28  50  93  93  68  22  93  75  24  16   4  62
   46 103  81  63  13  54  53  72  18 107  42   8
   91  81  17  35  94 103  56  97  43  98  77  69
   51  43  61  21  58  71  97  36  49 108  53  73
   29  54  86  25  33  42  53  97  75  42  60  89
   95  74  71  94  38  75  76  24  31  56  94 117
  106 102  23  35  63  11  24  82  36  75  67  48
   75  59  40  67  84   9  63  16  19  92  93  99
   54  24  52  99  31  43  52 107  73  69 100  36
   11  72 114  68  75  95  34  19  47  81  63  41
   21  21  50  19 105  61  46  92
   22  78  74  21 110  53  60  60 111  64  83  93
   27  86  54 105  51  32  43  66  88  61  86  34
   26  30  95  21  14 105  59 107  58  34  71  78
   17  40 103  75  86  76  40 106  86  77  19  84
   97  81  22  41  50  67  99  14  66  96  41  60
   62  58 115  44 107  18  24  27  23  85  76  60
   82  57  81  32  16  47  19  54  41  58  76  84
   90 110  40  42  89  51  68  48  99 106  89  86
   50  46  86  25  25  86  94  91  61  22 103 101
   68  31  74  30  90  58  38 113  61   9  25  18
   31  86  93  42  57  65 114  53  98  95  36  27
   37  57  54  87  54  85  22  96  22  25  78   9
   47  98  85  27  25  74  68  73  86 101  13  96
   16  52  89  23  70  84  70  27  78  77  54  43
   61  29  51  50  92  46  32  25  25  94  34  37
   13  25  50 106  53  30  43  86  90  46  12  27
   62  27  43  24  23  80  25  74
   53  74  61  32  94 104  28  80  92  43  72  85
   59  84  57 100  40  25  76 112  42  74 100  86
   41  42  37  24  38  13  36  81  99  24  31  72
   24  76  86  68   8  63  10  39  60  96  79 103
   36  21  98  26  59  40  73 103  31  37  82  29
   31  85  45 108  74  60  52  36  53  94  99  89
   77  29   8  71  69  70  84  17  96  57  27  79
   11 106  37 107  91  50  60  68  84  19  54  84
   47  56  96  74  54  86  40  36  75  49  74  77
   79  59  44  32  30 106  15  81  70  65  82  71
   33  35 105  16  56  40  72  17  28  99  37  99
  101 106  18 113  90  75  45  46  42  72  30  37
   69  23  53   6  29   6 101 104  47  81  28  45
   55  83  73  74  72  83  81  99  80  28  86  60
   93 100  29  31  66  42  53 107  43  32  13  41
   59 101  47  78  67  61  19  44  34  59  45  15
   87  77 102  30  87  57  35 102
   15  63 100  44  43  95  58  29  28  36  68  37
   73 104  44  68  91  62   5  54  37  42  32  75
  109 109  94  96  37 109  85  95  89 104  45  20
   46  25  78  98  85  80  54  75  76  38  68  45
   93  18  19 104  35  35  95  58  79  79  86  52
   21  98   9  45  70 113  82  30  88  82  57  97
   20  15  23  69  73 101  41  72 106  64  49  94
   95  78  80  91  31  61  64  88 101  59  22  85
  103  18  77  22  20  14  98  87  58  66 100  49
   10  61  28  11  12  67  78  91  49 101  30  41
   27   3 113  32  83  21  53  45  36  21  94  62
   86  69  30  35  87 118  55  97  71  64  94 109
   60  72  56  76  98 106  14  91  39  68  62  67
   94  66  69  87  50  32  81  96  53  11  16  70
   50  99  49  41 104  56  50  19  96  29   7  62
   53  25  75  52 107 104  55  43 101  44  55  80
   78  36  85  71  85 104  24  76
   16  79  58  67  93  30  99  72  27  65  46  64
  102  79  23  63 111   5  42  22  59  92  28  59
   39  72  49  70  28 116  69  69  21  93  38 108
   16  29  72  22  40  91  64  80  49  27  47  92
   74  79  46  91  69  55  99  44  56  76  71  37
   74  83  34  99  80  80 107 115  71  48  49  12
   65  61  13  69  51 102  12  14  71  50 103  26
   91  39  17  10  31  83  67  20  72  40  21  20
   36  25  91  28  82  65  65  42  26  78 113  55
   49  32  40  85  25  57  34 107  31  63  56  95
   80 117  76  79 109 109  31  15  27  84 108  68
   70  66  47  73  24 100  70  58  64  32  72 109
   54  42  78 116  28  30 100  24  67 100  39  16
   42  32 105  59  56  83   3  97  95  91 113  90
   39  33  61  21  37  46  11  28  23  43  78  53
   22 102  29  37  12  53  77  73  93  27  67  40
   83  60  30  33  80  98 106  69
   14  74  43  92  49  86  35  19  59  79  35  99
   24 106  41  85  88  88  23  94 104  32  36  38
   71  55  25  69 100  20  82 109  84  82  12  53
   89  96  35  96  47  76  72  26  98  51 104  36
   87   9  46  29  73  16  14  55  54  36  16  89
   86  13  24  43  26  80 105  23  99 103 106  55
   39  29  51  87  93  75  58  34  84  51  25  81
   76  46  14  22  70  23  94  95  23  53  22  69
   33  48 103  62  13  39  69  94  13  33  83  39
  105  15  32  75  36  29  74  89 110  71  50  95
   53  30  96  39  25  53  87 108  41 101  37   4
   23  20 114 107   2 106  51  57  50  43   8  94
   98  59 109  48  94  54  40  14  81  35  80  98
  107  94  24  55  12  55 106  63  11   6  45  94
   24  45  84  42 104  98  18  70  27  20  28  55
   40  47  62  90  91  91  81 108  69 109  23  25
   93  26  88 100  30  50  90 106
   86  62  26  17  21  32  68  61  31  91  49  65
   50  51  44 108  85  47  75  91  71  94  84  93
   55  93  20  40  19  59 101  36  56  94  22   7
  104  62  44 100  24  64  25  85  97 106  89  37
   62 116  19  23  92  43 101  41  23  14  97  25
   88   5   5  52  55 103  84  42  17  30  54  76
   99  17  20  34  43  82 103  23  18  48  15  65
   46  14  37  48  21  99  63  42  27  94  80  91
   20  61  65 113  47 106  87  80  91  19 105 102
   42  50  75 100  63  52  36  29  87  98  83  49
   59  23  85  62  21  62 100  28  78  77  77  72
   69  82  98  81  92  65  37  79  66   3  94  97
   67  63  70  85  24  50  12  36  92  74  76  79
   45 101  55  51  81  23  90  11  55  12  76  72
  109  41  40  39  25  48  36  50  23   9 113   8
   29  59 112 116  10  43   6  63  88 117  16  53
   23  51  77  37  12 104  16   7
   97  38  82  59  38  44  62  76  18   2  66  91
   30  95  40  22  19  48  97 105  24  65  66  85
  106  34  61  21  87  56  90  68  30  39  88  33
   53  48  26  75  84  90  37  15  39  10  90  94
   48  16 103 114 107  53  29  99  46  91  79  50
   45  78 107  90  31  99  92   4  83  67 102  12
   93  64  98  99  41  84  33  32  16  96  81 110
   98  28  78  25  22 110  45 115 105  34  69  89
   80  48  39  73 111  44 101  53  49  54  82  72
   37  67 111 100   7  77  94  62  42  57  24 107
   18  36  43  62 114  69  25  74  11  68  94  52
   67  67 108  43  62  62  70  38  37 102  75  65
   89  65  70  14 105  84  68  33  80  53  98  54
   20  70  56  47 103  89 106  23  16  65  69  32
   33  16  92  23  26  76  70  73  70  63  94  50
   33  95  41  29  57  90  99  61  88  44  30  18
  106  94  21  34  22 100  30  81
   92  65  72  28  25  55  91  31 106  47  22  73
   20  32  60  62  55 103  85  92  19  26  94  80
   68  80  23  69  79  16  74  81  61  67  47  49
   12  70  99   7  29  26  54  30  24  77  18  22
   99  74  84  27  93  51  46  17  39  82 102 104
   42  90  97  69  45  60  99  92  19  22  75  20
   92  28   9  22  92  75  90  34  50 103  71  92
   80  62  94 101  63  97  35  67  82  47  83 100
   27 102  86  75  67  89  43  90  22  74  64  69
   67 103  19 117  31  54  87  29  35  82  45  55
   62  71  41  16  57  25  18  16  50  96  15  61
   78  76  41  42  55 106   6  16  88  47  24  79
   80 106  72  58  66  51  37 100  95  59  80  55
   71  48  58  38  54 101  22  51 112 104  91 114
   35  47 108  80  61  46  47  77 102  79  65  22
   50  72 111  96  67  48  76  61  65  39  29 107
   80  40  48 103  72  33  37  31
   14  15  79  27  74  30  99  23  18  47   4  20
   83  85  78  55  51  55  49  63  46  59  86  65
   33  92   3  79  19  42  50  13  55  86  27  65
   34  98  69  30  88  41  58  92  96  70  18  28
   76  34  11   8  88  72  45  91  36  17  70  33
   64  94  78  77  62  20   1  64  57   4  15  23
   23  45  39  74  72  39  32  35  62  70  96  10
   91  18  77  98  99  49  61  92  69  28  77  74
   27   9  95  19  39  38  31  94  14  53  38  60
    5  86  14  69   5  60  99  64  49  89  75  83
   17  81  67  53  28  37  41  94  44  47   6  22
   71  95  11  39  56  59  50  44  87   6  59  25
   95  95  14  64  55  81  35  37  82   9  84   7
   33  15  65  34   8  28  24  67  50  70  48  50
   43  56  69  18  14  89  59  95  30  70  34   5
    5  87  49  54  88  24   5  49  78  55  41  84
   12  46  44  49  67  56  37  22
   98   8  49   9  52  35  58  57  48   7  98  48
   52  43  85  25  77  62  79  31  84  81  92   9
   83  18  83  97  34  84  60  36  42  94  78  61
   62  60  43   9  99  89   7  13   6  90  71   4
   81  71  86  15  76  35  50  73  86  85  10   8
   59  26  59  44  87  54  43   6  16  71  53  17
   34  72  30  98  82  55  62  70  49  11  88  50
   70  34  92  54  31  15  10  99  65  43  22  97
   55   5  61  61  30  88   7   1  68  77  86  25
   98  54  77  41  96   2   3  55  84  98  37  70
   36  24   3  90  72  54  67  16  62  65  52  46
   24  30  23  79  24  20  95  11  75   8  34  36
   43  60  50  49  38  46   5  40  21  31   7 100
   98  79  15  18  29  53  35  79  17  14  21  70
   17  22  75  74  31  34  51  74   9   8  47  51
   50  96  12  82   3  56  42  47  62  36  82  22
   73  88  27  78  28  60  18  92
   12   3  70  41  43  82  81  89  59  94  65  89
   93  23  42  89   6  29  65  17  88  57  17  79
   63  30   7  65  81  49  75  41  23  95  95  53
   98  33  66  29  49   2  17  73  44  22   8  73
   82  95  29  93  93   2  98  79  36   2  65  56
   99  35   8  28   1  20  33  79  89  57  81  74
   42  24  18  57  65  80  41  49  97  63  77  55
    5  91  82  58  83  61  44  19  60  51  77  80
   89  18  28  64  58  97  71  72  80   7  12  84
    1  41  84  63  94  77  54  48  66  69  14  59
   49  53  88  97   7  43  30  41  32  34  23  50
   48  99  79  63   9  93  42  99  94  50  82  57
   18  81   3  14  22  80  35  28  76  21  40  36
   82  53   9  55  71  12  62  82   5   6  50  94
   70  28  52  47  89  48  78  76  11  18  68  97
   15  68  90   7   9   8  44  77  32  27  58  64
   53  94  89   4  69  60  26   7
   30  22  46   4  64  14  90  19  32  93  11  40
   88   8  81  10  80  42  67   5  37  18  15  39
   74  89  57  62  94  50  17  58  85  28  98  50
   21  87  94  93  62  29  82  82  54  87  27  45
   28  37  76  47   2  83  66  89  79  71  20   9
   51  80  44  78  91  28  31   6  62  63  62  37
   11  75   3  51  70  86   2  66  60  58  98  34
   85  85  17  43  38  98  63  18  93  65  35  18
   17  88  12  41  55   9  62  18  45 100  37  17
    7  73  76  42  46  77   5  34  56  92  33  68
   17  39  57  57  90  71  60  47  30  81  11  23
   71  94  62   5  35  73  56  47  31  17  19  42
   54  60  62  16  83  73  84  34  84  62  69  95
   11  69  87  34 100  73  94  22  76  87  33  66
   49  63  29  11  14  85  98  33  53  77  40  49
   35  96  40  10  12  36  69   2  23  26  86  47
   95  33  34   6  41  58  41  72
   82  46  54  28  84  80  71  83  12  33  40  87
   71   9  50   5  86  77   9  63  97  78  39  61
   62  17  83  61  55  65   1  96  67  65  65  65
   10  23  69  33   8  12  25  33   5  75  57  65
   62  21  12  96  57  26  49  63  84  32  49  64
   58  49   7  71   7  57  35  19  75  98  64  11
   31  86  43  18  52  99  35  76  38  84  21  93
    4  54   3  39  81  88  93  53  22  37  29  43
   92  15  58  81  76   3  49   9  74  50  87  34
    7  74  75  32   8  60  31  45  31  56  91  82
   46  82  12  22  41  23  60   6  20  32  28  47
    4  27  18  22  33  96  52  77  62  94  72  26
   65  42  34  47  32  27  12  88  71   6  96  63
    7   1  96  54  81   2  38   9  53  67  63  43
   98  20  31  41  13  53  21  52   5  24  25  92
    3  59  56  49  52  52  43  72  15  63  31  80
   71  20  82  61  18  16  79  67
   41  36  47  98  52  25  51  85  55  48  55  46
   96  52  43  40  48  58  24  98   6  61  29  29
   87  30  13  11  35   4  55  97  13  99  57  15
   11   6  44  64  41  82  66  18  38  65  93  24
   61  64  25   2  93  60  76  45  41   9  91  21
   33  39  38  71  21  53   4   9  82  27   2  23
   17  11  68  72  47  26  63  92  19  68  71  91
    4   9  96  50  94  90  71  24   8  29  49  40
   83  14   5  99  85   9  41  79   2  51  80  28
   42  50  70  65  40  90  82  87  54  28  10  64
   65  94  71  36  77  92   7  21  18   1  80   6
   39  69  81  54  14  23  21   3  42  58  33  59
   44  48  77   8  65  35  34   5  73  39   8  78
   62  50  29  34  44  34  49  46  60  28  43  66
   72  45  10  17  65  69  71  95  48  60  74  72
   53  50  86  90  37  43   3  69  79  19  37  96
   81  30  29  39  70   3  43  32
   63  56  18  55  10  44  10  74  26  35  97  40
   91  28  89  53  89  77  94  69   9  91  29  98
   42  32  14   8  87  18  73  17  47  21  38  98
   28  67  42  84  42  41  24  57   6  76  28  56
   41  65   4  75  73  54   3  61  32  42  83  19
   54  85   9   4  78  93  46  29  49  31  67  61
   17  16  48  22  36  25  71  87  63  84  22  89
   62  77  91  13   3  44  74  97  57  75  71  40
    2  19  86  88  19  76  30  48  95   6  17  77
   23  17  63  90  98  76  95  56  22   7  40  96
   98  80  30  90  40  30   4  70  60  40   3  23
   78  49  74  89  20  51  71  68  13  96  47   9
   91  87  65  19  93  83  91  57  63  96  94  40
   47  95  50  38  97   2  39  74  73  91  44  30
   34  98  56  37  48   8  67  86  85  61  77  21
   22  53  89  38  39  36  11  90  21  14  54  86
   58  47  38  87  46  49  82  12
   33  38  93  97  35  13  80  43  76  28  13   8
   36  44  75  35  53  35  11  75  25  82  25  94
   14  82  83  67  40  40  15  79  86  71   4  28
   97   4   2  20  75  75  17  74  86  36  21  21
   56  45  45  99  72  73  81  63  83   3  83  73
   96  27  66   4  82  50   4  38  72  85  34  72
   58  60  53  12  91  10  20  74  86  82  53  88
   18  38  32  91  21  43  98  35  92  80  55  79
   88  40  62  96  30  26  46  68  93  49  90  89
   20  35  41  65  12  18   5   9  29  45  48  49
   95  73  99  22  96  69  50  76  74  13  49  72
   37  93   7  78  50  12  97  77  41  79  53  60
   99  20  67  31  74  65  95   4  76  60  54   2
   77  62  20  63   8  35  31  33  63  57  84  70
   96  17  42  42  24  13  24  30  21  55  11  24
   24  65  45  24  32  75  32  44   4  28  34   8
   58  76  77  49  77  86  49  12
   58  42  31   2  51  30 100   6  62  75  61   4
   12  13  55  29  11  23  14  56  63  26  64   4
   68  85  23  30  12   7  99  37  75  38  96  68
   32  68   8   9  48  31  21  88  79  97  12  76
   76  87  53  85  81  58   8  70  27  10  30  28
   40  85  66  96  39  71  58  58  35  93  36  37
   29  22  24  96  18  68  38  46  87  86  85  36
   17  73  68  57  78  66  78  45  36  46  99  75
   44  35  11  67  52  97  78  81  99  42  66  21
   19  17  27  32  35  14   6   1  64  66  41  58
   16  49  62  75  90  81  92  66  83  24  46  87
   77  76  29  37  52  86  41  56  76  38  72  27
   14  62   6  75  17  29  18  67  33  52  75  13
  100  86  39  64  50  31  59  14   6  23  81  97
   81  47  42  94  85  26  68  26  17  27  81  51
   68  57  94  78  23  69  13  51  57  55  33  61
   39  50  44  39  30  31  30  57
   71  98  88   4  26  30   3  11   9  88  78  81
   59  57  78  97  17  69  68  92  20   7  10  45
    4  98  62  85   5  22  84  90  54   5  34  84
   83  21  67  43  24  93  38  88   4  94  98  91
   48  44  99  71  84  11  91  95  34  13  21  80
   21  13  36  90  65  28  79  40  85  18  95  90
   98  95  26  50  22  19  11  79  68  95  88  83
   52  81  95  19  82  82  68  88  70  50  40  45
   24  86  42  89  49  41   7  70  51  13  62  84
   33  48  36  79  96  41  55  48  42  37  43  35
   68  27  23  29  72  52  16  71  50  99  41  50
   94   9  19   2  99  65  64  12  54   2  92  12
   49   2  17  85  72  96  50  62   9  66   2  21
   44  37  81  89  60  86  95  42  40  40  51   5
   62  70  51  48   6  98  98  94  48  94  93  12
   62  78  37  20  24  17  26  82   5  25  57  17
   75  66  25  83   5  53  22  96
   11  89  97  84  62  71  10  43  71  71   6  97
   85  28  96  25  30   5  75  30  14  99  14  48
   23  36  63  44  24  69  55  15  62  84  99  82
   64  96  87   2  34  48  89  57  57  14  54  62
   99  97  13  60   5  31  73  23  96  77  26  54
   79  30  37  86  36  10  58  80  30  69  15  30
    4  90  15  54  81  84  47   5  63  90  77  63
   32  81  53  39  49  56   1  73  56  45  26  35
   74   8  15  24   4  34  34  69  26  42  26  31
   98  80  18  95  63  29  14  82  39  94  97  39
   26  16  34  44 100  59  65   4  23  23  16  55
   31  33  88  66  42  46  66  32  54  48  11  78
   45  56  65  62  71  15  50  68  68  99  67  12
   54  16  98  37  24  97   4  20  53  10  24  62
   97  46  79   1  92  31  70  97  52  16  75  46
   70  85  54  68  23  53  46  19  62  59  69  78
   22  77  22  59  16  10  83   3
   48  63  98  44  63  54   8  55  16  36  15  37
   87  66  95  18  95  91  59  11  92  43  52  15
   68  36  57  14  47  74  92  79  91  47  11  69
   97  29   4  24  98  80  95  73  63  47  49  32
   96  63  62   1  38  47  68  65  66   2  37  98
   93  19  74  59  67  74  22  90  72  30  56  24
   30  35  91  74  96  22  77  44  63  13  97  23
   59  12  75  81  48  13  67  82  31  91  65  71
   43  13  99  79  56  27  35  24  79  68  71   9
   55  59  48  24  64   8  35  44  23   7  43  32
   81  36  15  35  28  60  33  84  87  32  13   2
   17  87   8  91  14  49   5  45   9  28  30  38
   69  18  42  36  98 100  39  85  35  42  51  23
   55  95  47  68  69 100  31  29  25  80  44  96
    4  47  60  52  26  96  92  57  46  12  88  64
   55  61  32  10  78  98  42  16  80  65  75  90
   58  87  23  28  47  76  12   8
    5  61  18  87  16  59  90  14   9  86  63  60
   14   8  27  29  28   6  38  36  18  83  18  16
   15  56  59  19  19  60  20  15  94  47  24  89
   78  86  65  44  70  65   3 100  38  86  62  94
   17  71  39  82  10  58  93  35  86   1  54  40
   83  73  17   6   5  65  44  53  23  82  65  24
   74  50  77  76  67   8  46  83  71  16   1  38
   30  48  41  50  47  98  33  44  99  76  10  65
   29   9  70  74  42  41  83  48  16  34  83  82
   94  65  71  88  87  33  16  97  71  48  54  55
   92  42  89  26  62  62  91  89  59  72  97  45
   30  56  15   9  88  11  13  12  15  52  32   5
   56  16  78  54  30  51  26  45  16  25  16  77
   63  24  55  71  91  49  20  61  81  21  51 100
   85  73  60  59  21  63  23  25  74  59  82   2
   96  51  51  12  10  42   8  93  98  56  95   4
   18  33  29  14  88  29  88  17
    7  98  64  90  58  27  68  36  87  41  86  29
   85  20  23  36  21  68  57  48  32  13  39  78
   33   4  95  63  10  15  24  65  23  44  95  67
    6  11  58  76  66  60  28  24  84  60  98  64
   15   2  35  75  83  98  76  58  91  88  36  37
   14  34  98  61  97  20  25 100  65  53  47  51
   10  66  71  31  99  14  77  82  76  75  19  69
   54  51  22  82  23  69  87  32  43  76  87  55
   50  45  69  10  53  72  54  79  34  75  35  68
   48  98  80   8  24   8  29  49  65  91  95  69
   46  63  68  67  17  59   8  67  99  39  49  15
   90  87  98  79  60   9  39  56  50  35  24  60
   78  18  82  33  33  37  16  38  78  89  98  61
   52   3  80  15  63  21  82  32  94  17  99  70
    5  83   1  12  24  40  29  58  56  26  99  39
   78   6   2   6  41  68  97  33  69  24  23  18
   60   9  87  82  85  80  74  71
   60  34  42  71  78  80  12  45  86  39  34  27
   72  55  98  42  79  77  50  15   5  62  90  79
    1  68  71  71  73  61   4  34  84   8  51  12
   50  81  31  55  41  62  17  22  82  32  37  70
   55  78  73  65  92  94  64  78  86  75 100  82
   79  25  28  56  71  48  50  83  15  55  21  54
   19  64  51  59  46  93   8  97  15  69  10  71
   95  21  31  87  18  82   2  57  62  94   7  98
   64  98  82  33  17  45  25  83  64  87  81  83
    8  82  54  67   3  92   1  74  58  85  34  49
   39  33  21  42  64  13  81   7   8   5  93   1
   99  95  88  89  21  76  50  39  11  41  20  23
   62  91  92  19  22  32  18   9  92  71  99  79
   30  24  98  22  45   9  27  33   7  50  53  14
   32  74   1  69  99  16  48  10  38  12  27  49
   33   5  25  10  23  41  83  13   2  72  99  89
   21  55  25  73  81  51  64   1
   93  30  98  10  65   5  43   8  70  64   4  91
   28  99  80   8  67  63  83  62  31  67  36  25
   71  85  70  24  50  54  29  50  44  66  68  54
   36  80  53  48  22  14  59   6  11  44  74  59
   19  11  97   6  75  15  38  98  20  18  16  57
    4  41  62  56  88  68  19  37  46  43  39  97
   61  70  87  99  27  17  38  63  49   9  77  71
   45  34   2  67  40  42  19  55  74  42  48  99
   96   4  19  28  66  60  70  27  55   4  56  43
   44  87  38  87  28  25  89  29   8  92  93  97
    1  27  47  86  32  24  55  48  37  43  36  94
   65   3  16   3  73  82  36   6  33  24  45   2
   22  29   4  47  34  60  84  60  70  42  69  22
   43  58  53  69  78  54  39   7  11  38  44  93
   85  75  93  55  60  96  26  73   3  89  88  94
   91   6  42  24  17  55  55  28  78  11  10  34
   89   6  98  32  72  34  24  70
   93   7  94  90  37  63  85  25  39  82  74  92
   87   7  44  10  14  70  21  80  88  99  75   3
   28  16  18  67  89  29   1  57  71  42  20  46
   15  51  13   2   5  45  58  81  65   3  79  38
   65  96  40  14  15  91  45  45  67  44  45  59
   15   3  29  76  95   9  30   8  89  95  23  58
   15  87  26  25  38   4  97  95  62  52  39  51
   36  37  95  65  48  50  51   3  33  78  35  21
   62   2  18  69  54  89  11  89  65   5  70  17
   98   3  91  75  96  30  15  85  43  28  20  56
   66  26  32  91  36  49  15  84  63  13  78  24
    3  26  70  88  49  88  84  50  43  92  55  72
   62  24  58  10  31  59  13  12  15  66  79  19
   19   8  61  62  92  37   4  66  29  99  94  50
   60  34  63  20  63  69  82  78  54  28  64  19
   94  24  66  26  86  65  87  78  74  49  67  46
   45  68  89  90  27   5  77  66
   93  44  42  99  76  20  57  30  67  11  77  68
   20   2  54  74  38  77  91   6  72  20  40  20
   24  10  96  71  40  27  12  13  18  47  78  97
    2  48  44  74  85   4  98  92  13  87  85  98
   71  69  92  39   3  20  59  57  92   7  71  95
   77  97  65  95  40  56  23  95  16  48  76  34
   83  33   7  47  73  72  42  69  64  26  59  33
   80  49  84  70  98  98  92  11  42  28   5  83
   81  90  91  15  38  37  74  29  78  17  19  51
   22  78  43   4  33  66  11   6  26  28  35  76
   62   4  77  34  54  37  48  94  59  68   5  71
   86  35  56  77  90  73  56  24  77  21   8  21
   98  11  65  76  57  73  28  95   2  42  45  85
   32  44  14  48  92   8  81  85  79  59  40  97
   37  23  35  83  57  21  55  40  79  75  42  63
   93   7  83  46  36  31  15  82  93  67  23  62
   99  29  39  75  38  30  46   8
   55  58  98  16  87  87  13  83   4  98  20  11
   52  69  10  91  16  55   2  94   3  91  46  70
   52  93  22  51  33  58  36  46  45  58  30  44
   16  50  70  16   3  66  55   9  95  22  13  53
   11  11  99  58  94   6   4  10  25  60  40  77
    8   6  57   8  80  56  29  29   7   3  63  47
   84  17  93  49  38  51  86   1  22  36  36  49
   22  82  67  20  51  80  34  17  54   2  20  26
    5  94  39  13   7  88  35  21  91  94  79  74
   24  99  75  77  95  73  56  13  29  64  82  44
   74 100  47  14  16  88  70  46  63  17   4  41
   57  53  29  81  68  42  55  29  97  12  23  26
   74  68   2  91  58  96  91  27  40  62  22  13
   37  12  51  10  97  68  67  56   3  38  89  72
   57   5  65  58   2  31  72  90   2  62  19  29
   55  21  40  12  89  11   4  57  60  14   6  61
   54  92  73   3  86  88  61  38
   16  34  87 100  16  74  91  26  45  78  71  27
   45  54  39  54  44  45  88  92  55  29   2  65
   78  21  47  30  99  71  77  80  90  69  33  46
    8  35  39  93  96  29   8  24  84  46  35  74
   87  15   6  19   9   4  88  68  32  14  38  65
   34  85  96  94  71  90  89  70  89  42  32  48
   21  83  22  16  80  98  43  98  73   6  68  58
   85  58  54  91  94  46  42  31  59  95  61  46
   27  68  26  42  30  62  37  58  87  11  82  71
    3  83  32  95  67  86  45  79  56  61  66   6
   33  85  26  95  45  71  40   6  27  69  10  29
   98  65  25  92  65  78  58  61  20  68  69  35
   40  26   5  50  89  81  95  78  18  99  60  27
   60  81   3  42  39  64  12   1  62  20  62  21
   23  57  18  52 100  21  24  84  59  92  15  40
   52  87  10  78  16  59  13  95  73  94  17  22
   33  20  97  26  91  94  20  11
    3  58  37  66   5  64  59  68  17  78  98  27
   79  16  29  66  54  58  45  77  18  57  58  21
   65  30  95  22   7  60   2  72  71  99  39  35
    5  68  88  35  71  52  45  68  50   4  23  96
   39  44  54  49  52  60  86  21  22   9  84  77
   97   9  31  48  44  52  27  32  46  94  88  92
    4  59  50  62  35  38  62  41  74  87  95  95
   74  33  33  59   5  68  79  33  50  51  54  85
   16  10  94  52  23  37  55  34   9  95   9   3
   29  12  42  93  56  81  62  12  78  69  92  29
    5   3  74  81  58  80  63  77  80  65  35  88
   29  89  81  54  79  52  13  83  25  19  54  48
   76  22  49  92  59  61  59  23  19   6  62  18
   16  89  52  18  30  13  42  35  57  46  62  47
   10  25  58  97  18  53  93  98  29 100  50  30
    9   5  26  37  38  71  37  34  17  72  15   1
   60  46  10  86   2  99  89   5
   31  97  33  41  69  62  62  52  41  94  10  33
   20  42  35  93   5  29  26  22  19  52  90  74
    7  82  60  83  39  63  92  55   7  12  66  69
   28  19  84  76  40  49  73   4   8  38  81  49
   16  99  83  86  75  16  74  62  19  45  75  94
    4  20  29  77   9  43   3  77  39  94  86  33
   20  25  93  59   4  59  62  42  62  95  52  42
   94   8  47  92  21  39  55 100  85   9   8  46
   55  10  58  84  22   8  85  42  98  41  88  20
   26  22  94  91  63  38  50   7  95  47  27  83
   32  82  21  20   3  51  49  81  64  32  54  10
   94  77   1  21  95  16  78   3  93  47  98  16
   36  43  97  97  95  52  33  55  69  94  89  70
   74  63  71  99  55  26   8  72  77  23  52  88
   29  69  80  27  25  52  92  34  99  31  12  35
   15  43  84  25  53  93  80  72  20  65  92  22
   47  12  38  89  87  63  57  64
   50  55  49  56  33  48  33   1  35  42  77  42
   41  16  45  11  40   5   2  94  25  95  19  33
   95  34  71  23  55  17  42  15  11  96  14  14
   74  82  78  79  65  35  29  26   5  71  65  23
   18  63  91  94  37  37  17  20  99  74  54  31
   44  10  21  16  17  34  40  19  68  91  40  35
   53  83  52  18  30  62  14  74  63  39  65  64
   23  75  54   6  81  91  30  68  18  60  49  77
   14   9  72  14  57  20  63  12  41  31  91  61
   62  33  33   7  21  73  66  47  26  54  73  35
   86  30  44  79  19  12  71  43  43  65  52  44
   84  10  90  54  73  21  91   1  44  27  68  65
   34  13  37  85  89  17  19  50  57  33  40   8
   91   9  30  56  50  47  25  52  95   6  65   5
   94  97  94  79  19  87  62  94  47  98  23  24
   58   8  34  96  39  44  60  96  80  94  69  61
   78  98  34  82  33  52  32   8
    6  84  44  16  61  39  67  71  39  55  41  78
   38  90  20  25  18  14  21  11  98   5  18  45
   62  54  49  49  51  62  13  56  69  43  66   7
   80  19  32  57  10  25  88  70  44   5  78  23
   31  17   4   2  77  27  29   3  53  14  79  37
   88  65  38  22  74  82  53  89  61  75  32  79
   64  67  42  46  55  88  14  50  70  85  36  68
    4  11  61  83  13  31  99  92  15  22  26   3
   89  71  73  32  74  78  37  10  70  51  72  73
   40  11  95  76   4  87  85  79  45  25  80  54
    9  74  80  85  99   1  44  67  83  79  95   5
   87  95  15  14  98  46  46  23  66  39  93  70
  100  92  22   4  71  37  58  84  11  13  89  83
   11  71  63  82  25  74  87  74  68  96  34  62
   16  21  32  62   4  43  74  99  29  70  13  11
   50  18  62  44  86  16  95  56  17   2  49  19
   83  26  20  11  87  49  64  24
   32  79  85  28  54  99  34  19  88  49  94  40
   80  64  80  71  66  23  99  39  73  45  52  10
   23  92  30  89  28  72  17  32  92  29  88  29
   16  52  14  15  86  73  52  67  85  65  57   7
   86  45  74  94  56  69  40  34  53  39  84  71
   27  94  27  95  21  23  83  36  69  48  58  66
   98  40  50   1  29   9  49  96  70  10  38  53
   28  35  90  11  95  25  74  55  63  57  48  10
    9  55  63  44   7  81  62  67  20  43  81  33
    5  88  48  34  12   9  82   9  80  35  96  35
   44  44  95  34  29  52  73  69  52  19  22  46
   23  46  19  13  44  77  40  57   9  97  49  14
    4  37   4  55   9  63  53  98  92  91  40   3
   19  74  97  67  42  10  53  36  11  36  23  94
   64  36  20  69  33  31  45  29  41  87  93  87
    6  14  53  97  33  59   3  55  26  17  14  98
   74  20  50   9  65  45  67   8
   78  56  48   4  42  61  96  25  12  96  29  46
   93  86  26  40  90   5  64  28   6  71  22  80
   41  56  74  17  94  75  94   4  65  97  55  55
   49  37  27  37  40  55  77  60  33  64  75  86
   18  26  86  25  86  46  74  33  26  83   3  17
   23  43  32  31  64  77  22  77  33  90  30  10
   12  32  14  26  80 100  28  74  19  44  26  53
    4  59  58   6  13  89  77  27  19  28  30  58
   95  15  64  90  14  42  25  62  44  46  57  60
   54  14   2  22  10  79   1  30  77  29  93  18
   21  91  18  66 100  48   9   5  77  29   2  11
   11   9  30  13  57  16  25  83  72  22  16  47
   12  51  31  74  27  73  98  86  68   9  43  52
   86  24  87  88  28  37  54  59  41  11  64  80
   69  60  36  13  55  45  88  68  42  76  35   6
   68  12  91  33  74  59  71   6  95  73  83  28
   67  58  39  54  24  66  46  84
   96  95  53   6  23  57  67  11  97  24  66  45
   62   2   4   3  35  23  16   7  18  52  17  12
   89  82   2 100   9  36  44  85  16  66  97  10
   28  55  96  45  44  15  53  92  42  86  60  84
   80  43  91  82  95  83  97  76   5  40  12  88
    5  72  46  67  72  70  89  93  63  55  15  76
   14  75  73  56  40  10  93   1  35  67  86  10
   76  87  41  12  16  38  28  64  90  18  95  54
   12  52  73   1  75  99  68  50  53  48  70  79
   98  14  46  95  45  42  44  34   4  10  90  60
   68  23  92  71   9  16  38  91  77  55  91  76
    6  34  99  10   4  78  88   7  62  42  63  11
   52   9   9  96  23  92  89  66   4  35  50  54
    4  12  16  22  13  23  88  63  98   2  53  98
   10  10  71  81  75  40  87  92   2  13  24  43
   76  79  82  74  66  21  45  56  20  47  73  89
   61  98   8   5  98  45  71  60
   35  86  98  40  89  29  41  99  48  75  89  73
   48  21  27  74  68  42  72  97  19   4  80  27
   48  57  42  29  39  38  83  60  12  69  68  59
   23  59  93  54  62   3  94  56  58  78  42  63
   74  53  42  60  10  79  37  16  99  95   6  88
   16  25  61  18  64  77  54  32  88  48  71  46
   69  20  34  58  19  61  99  56  89  24  63  10
   68  48  53  77  78  60  37   2  77  70  16  13
   60  76  26  27  57  63  43  43  36  97  75  50
   98  37  68  22  83  21   4  16  64  76  97  77
   52  18   6  39  92  44  16  16  68  38  52  12
   97  72  77  15  33   4  87 100  67  74  17  29
   24  14  32  47  65  35  40  87  89  39  80  68
   30  14  30  94  57  30   2  56  76  46  44  29
   29   8  41  76  91  44  14  46  79  70  19  72
   40  91  47  74  60  92  29  59  59  49  27  18
   96  20  42  29  64  52  10  56
   52  87   5  58  99  46  73  20  15  20  98  96
   40  60  30  22  85  38  86  52  27  41  53  57
   10  73  82  25  44  56  94  61   9  29  75  88
   48  48  80  45  76  85  30  89  72  33  13  94
   83  97  84  52  24   4  67  71  75  93  52  75
   86  27  96  10  72  79  24  32  17  45  26  21
   69  34  61  70  48  74  57  91  37  12   6  14
   88   8  67  82  21  43  69  60  20  13   7  29
   39  32  42  83  99  30   3  41  89  57  87  33
   62  78  57   7  40  75  44  30  14  48  46  84
   38  14  27  73  37   8  20  13   2  79  24  37
   90  98   7  99  28  50 100  69   7  37   7  33
   85  80  93  93  92  18  97  73  21   2  19   8
   32   5  30  55  54  17  65  85  82  42  30  90
   79   6  95  75  75  46  99  65  68  23  49 100
   21  10  16  40  64  98  40  58  98  98  29  50
   89  37  57  24  69  56  66   7
   52   6  85  84  82  69  12  68  42  80  18  62
   25  95  60  60   1  97  71  81  12  89  52  66
   74  98  83  79  76  77  13   8  81  99  67  63
   24  63  42  81  15  90  10  20  37  26  15  60
   45  38  75   7  70  18  82  89  16  82   1  60
   57  68  69  94  46  40  98  89   5  81  75  69
   29   2  57  79  91  34  76  88  35  33  39  89
   77  79  24  97   8  75  82  53  91  48  41  20
   66  45  99  82  42  41  30  51   4  32  78  60
    9  39  64  65  89   4  81  47  50  93  95   9
   69  98  47  77  96  33  48   3  60  35  87  60
   55  62  24  46  56   2  90  80   8  59  96  10
   28  66  20  99  10  77  17  41  18  69  13  49
   92  44  10  62  46  27  81  41  64  64  76  71
    7  29  15  60   6  15  91  39  67  42  74  64
   72  50   6  14  73   7  99  89  97  99  44  17
   44  40   2  45  86  64   7  46
   66  12   4  11   9  59  56  32  41  13  65  95
   35  72  52  30  11  43  90  68  48  36  13  47
   78  65   2  10  90  51  98   3  24  17  96  77
   77  92  46  90 100  12  48   4 100  13  63  81
   37  39   4  94  26  37  37  19  37  59  85  33
   95  64  26  22  79  13  91  75  25  72  66  86
   19  13  93  53   6  11  67  79  83  46  40  74
    4   5  15  48  76  76  52  20  61  56  68  11
   77  43  30  47  94  40  62  60  40  57  44  87
   94   8   8  68  92   9  42  49  27  84  89  79
   40  60  47  13  33  70  67  11  60  50  57  37
   31  42  77  59   8  91  44  51  10  49  28  92
   11  72  55  64  37  19   6  55  72  55  14  57
   54  51  69  67  73  79  17  87  76  21  54  24
   66  57  37  87  96  79  71  93  79  78  22  63
   79  52   6  21  18   4  94  96  67  41  16  25
   59  73  52  45  76  20  38 100
   32  14  49  58  78  48  86  67  80  97  23  39
   53  26   5  44  23  54  88   9  28  68  42  23
   16  12  44  38  46  90  85  63  89  71  66  72
   26  82  97  98  49  13   4  35  61  11  16  37
   76  86  80  21  19  13  51  63  26  22  96   3
   43   6  91  36  29  20  26  25  52  79  97  89
   91  60  19  11  39  98   9  32  94  93  98  56
   72   4  34  47  93  48  66  32  94   9  62  95
   19  27  96  84  25   6  55   9  77   8  37  36
   56  59  50  96  49  43  14  82  56   8  58  44
   88  60  25  94  69  69  67   9  29  62  47  20
   13  31  38  25  74  27  28  79  80  60  10   1
    7   6  91  68  40  96  92  22  80  27  40  60
   35  54  74  45  27  93  46  99  84  24  17   7
   52  83  59   9  80  71  56  13  36  48   4  84
   92  36   6  49  36  17  80  96  62  33  52  74
   81  90  62  92  10  53  58  22
   98  36  28  82   5  57  53  55   2  46  22  17
   77  18  65   5  60  82  60  50  25  41  25  73
   83  87  19  90  91   6  45   8  49  74  47  24
   96  63  13  30  16  35  71   9  33  43  91  36
   15  35  89  79  69  48  18  98  50  15  76  46
   50  56   5  64   5  88  84  91  92  20  39  54
   34  49  36  75  91  68  83  66  69  60  32  33
   15   3  74  71  18  63  47  72   8   3  26  17
   58  73  31  78  86  21  25  24  49  81  10  10
   46  85  33  88  21  53  82   3  55  98  87  84
   78  28  23  63  58  39   3  58   5  23  83  78
   72  60  64  30  55  27  86   7  91  89  35  97
   60   7  34  82  84  30  52  33  27   2  98  14
   95  59  28  82  37  29  33  86  42  31  50  68
   45  78  60  59  20  73  82  86  83  15  80  66
   95  89  60  10  57  79  68  18  13  56  95  84
   49  87  74  95  92  28  78  32
   63  37  43  78  19   8  76  23  19  73  33  26
   57  36  55  13  77  92  35   6  69  42  15  25
   73  78  81  91  77  95  73  24  19  87  75  39
   81  44  23  50  99  54  98  71  55   6  32  16
   78  85   4  93  47  78  42  12  89  66  23  79
   80  31  71   3  45  53  60  83  55  10  12  27
   32  79  96  32  44  36  32  98  10  53  85  25
   95   4  72   8  16  58  57  42  34  84  52  20
   61  52  18  33  57  25  63  71  32  67  46  25
   41  43  72  79  89  14  97  21  32  37  24  32
   70  72   3  96  55  76  34  93  85   4  65   4
    8   7  94   4  20  38  66  70  65  48  74  77
   37  85  60  97  76  97  15   3  72  29  77  62
   63  25  34  45  36  26  22  17  26  74  25  42
   15  10  75  86  37  69  54  11  71  88  91  75
   46   4  64  39  40  46 100  58  77  48  73  90
   32  39   7  88  28  48  73   6
   93  42   6  71  68  18  50  82  79  69  37  81
   46  14  73  50  16  52  97  54  65  61  77  37
    3   2  11  22  65  10  23  11  20   4  71  88
   61  82  41  15  18  22  50  34  43  78  42  67
   24  90  93  15  74  73   9  59  41  23  22  61
   96  15  98  60  46   5  32  78  23  28  47  13
   91  98  95  46  44  11  61  35   4  40  57  20
   24  39  25  20  86  41  38  31   4  60  96  34
   16  88  34  84  96  99  11  21  45  44  18  60
   92  55  74  99  99  44  33  14  57   2  72  61
   84  99   2  76  30  88  61  74  73  98  20  51
   25  40  76  82  22   2  59  21  33  54  26   3
   55  46  64  40  18   7  92  28  76  43  57  39
   20  45  36  26  63  79  34  23  53  93  88  41
   66  16  65  72   8  53  59  88  14  90  96  42
   49  95  31  63   9  14  49  63  17  71  63  33
   27  73  20  42  24   5  89  40
   95  40  55  35  17  90  21  48  93  50  69  49
    4  35  95  47   7  97  78  86  52  24  83  48
   70  40  62  47  83   3  51  39  94  10  73   9
   95  90  39  83  64  14  42  22  63  82  64  21
   41  35  72  13  33  48  19  64  60  31  43  81
   28  32  69   3  31  33   9   5  46  54  57  98
   40  50  98  34  61  11  99  92  47  62  16  94
   20  69  88  95  87  29  42  88  46  76  89  98
   73  81  29  90  36  51  45  63  87  27   7  53
   65  87  71  30  92  48  79   2  80  57  60  11
   24   3  27  37   4   5  79  94  89  22   3  36
   35  48  69  46  78  14  37  49  45  83  47   3
   48  60  32   2  83  81   5  78  35  20  68  96
   72  84   9  61  50  23  99   9  10  15   1  15
   78  78  56  89  69  66  97  79  80  68  41  65
   98   9  90  66  92  49  34  36  20  87  46  65
   23  54  88  79  31  21   7  40
   88  45  63  28  61  29  80  93  51  23  78  12
   88   3  69  19  20  15  85  18   9  71  71  79
   37  50  94  41   3  98  35   8  21  29  92  51
   25  24  82  11  63  29  39  92   4  60  13  72
   30  99  71  87  44  97  98  49  64  69  98  31
   27  98  89  74  83  38   8  91   6   4   8  56
   79  82  60  15  10  27  52  77  19  55  90  23
   44  56  96  94  43  82  10   9  88  55  87  42
   71  64   5  43  97  64  50  26  93  78  35  72
    1  96  82  30  78  76  37  15   3  42  58  12
   67  84  22  68  82  62  24   3  77   3  75 100
   95  98   5  13 100  10  57  58  70  64  97  23
    4  56   5  60  13  48  77  91  30  68  29   4
    2  14  90  51  94  47  14  57  91 100  62  10
   91  70  22  66  13  22  90  50  87  88  87  51
   69  68  48  29  24  28  23   8  40   2  83  80
   19  90  14   6  80  63  20  12
   33  48  76  90  88  80  35  49  82  15  67  51
   67  53  64  10  20  70  39  14  40  17  27  23
   51  14  87  73  98  58   5  71  52  21  84  98
    7  43  58  10  78  41  78  34   8   6  23  71
   58   1  91  97  16  62   8  61  92  99  20  84
   23  97  97  62  63  13  35  64  94  76  51  31
   21  91  86  79  71  36   5  97  95  60  94  49
   69  88  67  70  90  20  57  68  79  23  24  29
   82  44  47   7  68   1  33  31  28  85  10   7
   76  61  30   9  52  67  68  87  19  16  25  67
   61  91  21  44  87  53   2  88  31  32  38  45
   48  35  21  30  17  40  67  34  41 100  17  22
   47  41  32  31  83  61  98  71  24  34  27  29
   65   6  51  60  27  95  27  97  52  97  35  45
    9  76  77  80  85  72  83  56  97  99   2  97
   81  45   7   2  98  67  96  42  31   2  90  63
   87  54  33  83  99   6  92  95
    7  75  38  49  75  59  55  40  85 100  46  13
   77  11  77  80  94  55  21   9  87  51  54  20
   10  73  58  88  20  51  19  48  81  67  27  83
   62  59  77  34  35  20  70  95  78  97  12  17
   72  92  10   4   6  63  78  14  69  21  38  62
   58  30  11  17  74  13  25  99  24  44  14  90
   16  55  16  21  65  30  71  77  92   8  29   4
   21  83  39  93  80   5  59   1   5  77  50  31
   31  57  76  43   4  59  10  54  69  50  25  34
   81  52   1   6  96  43  23  51  76  53  80   3
   87  71  66  49   2  36  80  34  93  44  25  56
   45  47   8  68  40  48  41  77  70   9  44  46
   29  42  36  90  15  19  46  83  34  62   4  50
   93  50  46  71   7  17  14  83  92  50  51  76
   73  93  10  96  76  42  43  41  33  50  12  66
   82  23  79  80  63  22  15  47  24  64  90  85
   14  20  86  68  89  15  85  24
   28  37  42  91  81  58  13  80  14  73  90  39
   95  87  49  54  56  17  25  19  88  84  17  40
   44  29  81  35  37  97  37  32  42  48  66  69
   95  50   8  97  91  85  64  77  89  43  98  80
    8  28  35  89  24  51  57  98  79  37  12  12
   75  22   5  45  72  51   4  25  95  82  37  89
   28  82  94  85  14  30  26  73  59  16  43  23
   31  41  18  16  57  16  83  44  27  63  34  11
   88  17  25  29  52  22  70  25  90  33  50  34
   35  17  99   3  80  51  19  88  79  23  66  61
   47  32  64 100  61  88  93  95  57  14  96  49
   33  39  77  72  49   8  98  90  24  73  87  36
   39   1  30  55  36  66  72   4  17  56  24  49
   46  67  53  69  48  10  89  53   8   1  25   2
   72  73  11  24  48  67  59  42   5  35  46  90
   70  39   4  12  35  55  30  59  51  68  79   1
   30  73  71  12  44  77  82  79
    202   202   215   207   193   191   213   210   209   214   199   206
    192   209   202   193   201   214   180   214   197   213   190   195
    196   196   198   207   210   216   201   204   213   207   187   212
    203   213   196   206
