 25  90
  104  52  50  36  68  24  39  51  80  56  60  31
  114 116  47 109  80 102  60  89  22  31  18  71
   96  40  12  65  73  38  36  73  66  55 104  28
   70  28  32  32 108  81  66  69  83  13  75  27
   46  71  31 102  41  68  69  90  60  82  69  77
   85  99  15  84  92  47  44  61  93  67   8  69
   29  65 100  66  97  76 111  35  48  55  42  40
   33  73  95  81  79  29
   45  30  65  52  11  56  93 102  57  67  44  71
   89  31  76  32  98  69  58  23  29  99 109  18
   28 103  59  73  57 100  35 112  25  29  70  76
   89  84  14  37  53  53  30  56  56  41  23  21
   86  61  49 102  22  77  15  54  80  86  38  37
   43  14 108  27  53  58  95  24  36  60  23  28
   80  74  95  44  85 108  40  82  61  34  82  42
   57 109 107 104  27  60
  103  24  73  50  44  35  66  95  83  50 106  81
   53  60  53  32  29   2  50 106   4  48  50  71
   89  15  26  63  34  29  65  77  65 110  51  52
   54  45  89 103 104  29  31  93  83  93  94  77
  100 108  61  32  82  72  28  24  62  60  69  45
   36 115  32  74  34  55  58  18  99  41  85  44
   98  87  21  51  29  60  56 112 106  72  88  35
   97  97 107  19  66  60
   89  30  98  98  25 106  20  50 106  79  58  44
   95  95  66  63  49  57 113  68  82  48  57  95
   73  92  22  86  49  94  51  78  72  45  68  46
   92  96  71  69  45  59  51 113  97  66  38  12
   54  69  90  86  84  20  45  86 112  54  83  82
   66  34  12  99  97  26  74  52  71  26 109  66
   84  94  37  94  58  15  26  93  65  65  68  99
   77  61  14  15  55  79
   54  39  99 113  80  69  30  81  56  92  74  48
    5  87  89  13  97  58  76  38  79  98  24  24
   16  33  21  15  75  98  93  22  90  75  62  98
   60  57  16  30  45  56  50  31  11  71  49  30
  100  27  51  40  80  55  47  20  59  23  29  65
   75  72 112  31  99  90  64  70  50  90 104  41
   63  74  69  19  94  29  15  78  67  43  23  87
   20  65  68  59  61  50
   37  56  70  95  65  87  27  15  27  74  15  14
   36  13  92  79  81  95 103  92  14  63  61  91
   38  22  60  68  81  49  27  13 107  10  74  28
   84  49 104  36  84  97  30  10  44  24  85  49
   38  64  15  29  90  40  95  69  97  41  35  57
   57  79 108 102  59  89  91  29  73  92  32  38
  105  62   8  32  25 108  99  90  34  39  71  23
   70  67  58  25  40  83
   54  51  49  18  46  25  29  58  40  15  73  26
   36  66  11  55  57  84  32  73  15  89   2  86
   77  68  36  98  19  87  77  18  49  30  37  87
   12  89  61  36   5  49 109  23  16  31 100  23
   26  27  59  43  10  96  43  67  13 106  71  78
   81 105  52  45  65  18 100  34  56  56  51  63
   42 106  76 109  78  43  60  26  99  55  57  59
   54 106  54  67  64  87
   78  25  92  17  69  84  94  55  26  58  14  20
   43 106  79  27  19  61  84 108  70  86  79  49
   62  56  59  22  97  48  39  49  54  87  76  48
   87  26  82  83  76  20  30  87  97  56  78  50
   64  48 113  29  58 108  61  37  77 102  81  70
   75  46  11  22  29  35   4  63  61  59  32  94
   81  76  23  21  49  28  11  21  22 103 108 107
   45   9  57  27  46  67
   46  57  21  45  80  22  68  67  32  35 108  28
   58  72  19 103  43 102  16  87  20  57 117  49
  108  43  76  44  49  49  55 108 108  72 116 107
   64  58  65  79  50  93   8  68  76  25  50  97
   77  75  55  25  95  35  11  64  90 118  70  35
   57  93 105  99  50  92   3  89  33  68  81  67
  113  34  43  80 111  31  98  14 102  77  42  34
   98  34  65  87  20  93
   41  71  40  64  66  56  44  37  91 115  13 111
   93  84  24 106  34  67  66  80  73 114  62  53
   52  47  50 100  41  80  22  31  90  73  60  95
   58 103  22  43  82  84  19  49 108  19  82  74
    9  87  71  39  96  23  41  21  92  34 113  18
   27  24  51   7  86  82  50  56  28  59  69  95
   41  92  34   9  73  33  47  49 110  43 102 106
   54  45  42 109  39  76
   58 104  17  57  20  45  74  60  10  98  67  42
   17  31  61  25  54  48  94  55  21  37  39 106
   31  65  96 109  50  74  99  11  57  94  52  72
   18  85  41  58  75  61  43  35  81  92  29  73
   59  92  57 101  29  49  35  24  34  46  43  31
   15  64 108  59  18  96  13  72  27  80  40  58
   82  77  96  83  23  47  23  77  80  19  68  67
   61  10  58  67  98  41
   13  11  12 110 101  91  29  40  75  41  75  21
   81  55  78  95  74  64  23 112  26  92  27 102
   37  95  74  69  69 107  62  77  81  58  93  25
   99   7  55  66  18  27  97  66  74  37  67 117
   69  70  49  31  88  29  11  11  27  18 107  88
   36 106 101  51  93 107  40  76  89  58  44  61
    4 110  38  79 117  91  16  33  87  42  65  10
   69  92  10  70 109  91
   15  64  11  70  75  50  82 106  74  22  22  48
   66  57  30  69  89  73  99  22  14 103  69  73
   29  47  17  37  26  51  14  51  46  45 109  36
   73  91  23  61 107  58  90  46   4  47  30  57
   43  90  38  84  15  91  25  17  92  31  87 102
   92  15  96  65  59  95  87  28  70  97  10 111
   24  49  78  82  12  46  23  51  48 108  51  82
   33  72  21  94  56  75
   29  77  46  91  84  81  42  47  98  64  50  36
  111 108  18  65  36  99  53  12  79  64  95  69
   90 104  54  62  18  57  46  11  67  33  35 100
   67   6 101  55  18  31  21  42  92  32  55  20
   49  71  90  23  62  22  33  61  54  75  36  95
  100  26  25  23  37  22  20  69  36 106  84  89
   91  91  92  13  95  12   9  11  18  85   9  46
   86  99  49  94 113  61
  101  52  22  35  21 107  35  56  92  37  78  51
  107  17  61  64  57  87  91  76   6  18  52  15
   54  88  53  19  46  77 101  38  20  38  13  72
   64  24  44  71  65  76  55  81  28  77 113  14
   63 112  95  85  86  20  79  92  74  29  60  44
   83  91  47  23  48  67  64  60  27  22  98  92
  110  30  21  40  28  69  46  75  49  95  68  84
  103  85  10  12  50  11
   26  13  41  63  88  81  49 106 103  40  71 109
   49  57  85  70  72  73  24  79  94  91  85  52
   67 115  96   4  38  75  93 100  48  91  65  45
   54 105 103  49 103  52  65  70  57  13  93  24
   66  77 108  81  42 108  51  10  29  54  33  54
   95 102  24  72  98  82  42  53  72  63  40  73
   74  47  70  27 103  57  45  42  43  85  96  39
   86  82  37   7 107  70
   20  50   8 103  59  18 104  26  74  67  87  77
   51 106  98  86  18  90  53  61  94  77  24  96
   99   7  44  85  60 107  47  49  38  99  73  82
   28  87  80  32  99  19  94  49  91  27  56 113
   33  37  85  18  75  80  74  96  77  47  66  81
   17  79  41 102  17  85  47  79 105  33  59  52
   22 104 108  74  26  41 103  42  43  78  15  26
   80  73  80  92  40  25
   67  86  39  80  36  61  93  68  37 109  59  37
   67  40  65  64  56  59  74  50  95  68  40  43
   52  83  25  64  86  63  34  45  91  44  52 102
   37  71  32  13  95  23  56  25  40  77  59  73
   43  60 103  55  92  43  72  66  92  76 104  22
   73  80  41  66 102  48  55 112  70  77  50  67
   96  21  50  32  68  87  27  93  92  98  67  70
   48  62  15  66  98 116
   14 103  45  67  94  91  74 106  57  31  21 103
  103  25  20  87  95  95  91  74  56  73  31  87
   76  87  88  34  91  69 103  95  13  89 101  53
   63  21   5 104  18  93  92  84  67  63  72  73
   98  80  91  64   6  69  99  47  91  35  20 112
   41  91  63  92  55  97  69  50  59  71  91  46
   51  52  96  49  65 100  44  87  57  13  20  74
   88  76  92  67  50  75
   28  87  84  57  68  80  52  69  13  94  65  36
   93  42  10  49  27  57 102  30  45  24  94  89
   94 100  37 104 105  80  19  66  33 100  76  34
   73  71  11  77  86   9   8  47 106  49  97  99
  102   8  22  44  20 102  73  55  36  54  85  25
   31  65  37  70  72  55  28  90  23  41  43  42
   59  75  75  60 103  60  80  36  28  33  41  30
   22  71  50  31  75  69
   85  62  54  65 104  54  84  56  36  17  39  74
   29  19  54  35  37  41  56  92 100  36  45  61
   59  56 102  53  99 104  72  27  18  72  56  84
   57  76 102  16  14  56  58  23  47 113  33  90
   79  53  97  77  34  32  87  75  99  41  74  24
  100  84  50  57  60  29 105  32  61 100  16  78
   29  54  60  59  41  13  96  45  86  42  43  21
   50  95  82  96  14  61
   15  83  43  20  27  39  23  66  98  67  97  99
  104  87  26  20  97 107  46  17  40  81  96  77
   44  61  41  96  78  16  29  89  87  25  86  79
   40  40 114  49  97  63  80  56  19  24  53  35
   94  34  25  59  94  48  98  26  44  88  96  25
   26  33  54  65  28  98  44  82  17  52  32  92
   45 103  47  12  61  49 103  51 106  32  65  65
  108  65  87 104  70  14
   44  49  55  13  33  18  30  90  67  57  27  54
   54  85  22  91 106  73  52  83  99  89  34  39
   26  63  77  69  40  67  97  36  62 102  92  46
   41  22  37  82  14  60  84  14  77  43  53 100
   31  86  24 114  33  79  36  89  80  52  35  43
   89  21  73  62  25 101  25  45  45 106 104 104
   32  68  38  51  54  97  30  65  28 100  40  90
   63  82  42  43  20  67
   18 110  49  84  96  87  35  96  54  59  48  47
  103  59  39 101  48  11  22  99  86  76  90  57
   81  66  22  36  60  36  31  64  98 101  78  15
   71  95  11  88  67  31  63 116  47  64  82  64
   87  87  88  40  95  90  47  44  52  94  98  90
  112  80   8  24  43  58  87  29  44  73  34  31
   63  80  50  79  82  61  41  49  86  72  69  94
   76   5  32  96  56  64
   28 107  13  83  89  48 104  25 103  18  95  19
   80  99 103  28  79  68  28  54  71  15  50  22
   75  29  30  18  58  12  22  17  25   8  87  55
   26  51  98 108  87  14   9  26  54  45  95  50
   66  81  92  49  83  20  33  45 116  75  47  39
   74  49  93  91  48 102 115  99  55  18  32  81
   18 102  88  68  33  28 104  47  99  14  56 105
   95  22  23  41  17  96
    7  59  66  77  41  88  66  55  22  51  52  85
    4   3  55   3  29  17  53  14  81  87  98  33
   16  65  99  37  33  72  74  46  52  49  13  80
   50  81  88  81   5  37  51  48  35  89  29  84
   58  45  81   8  70  37  37  14  52  34  47  39
   19   3  90  30  26  71  65  50  21  50  97  36
   82  47  18  45  18  28   5  83  63  64  75  70
   73  33  16  39  26  80
   71  85  52  67  94  55  14  14  52  45  69  45
   21  71  36  71  13  44  56  79  91  12   3  85
   86  10  48  38  62  19  69   7  81  86  34  32
   22  27  92  74  67  55  85  52  61  73  94  95
   19  54  64   7  97  41  97  50  26  23  79  76
   68  94  11  93  64  51  15  83  80  43  94  88
   33  40  15  66  26   9  72  32  45  81  34  77
   62   7  13  11  91  48
   11  87  31  68  67  84  51   9  37  52   7  27
   61  52  52  78  91 100  61   7  98  60  61  32
   24  94  89  55  75  73  38  33  47   8  53  59
   48  69  29  14  16  76  78  17  19  23  19  32
   11   7  53  81  32  48  86  93  43  52  51  63
   75   4  85  35  69  51  53  93   9  64  21  72
   12  26  95  56  87  46  52   7   5  45  23  70
   14   7   5  99  40  46
   25  72  19  12  85   5  91  62  13  36  53  67
   15  14  38  55  61  52   2  41  29  64  52  15
   37  27  89  27  54  11  65  28  42  68  40  68
   15  10  48  36  75  44  66   4  21  36  77  92
   55  45  27  22  25  97  75  24   7  64  35  35
   46  79  99   6  13  92  42  61  42  82   9  51
   28  18  74  15  59  93  80  12  47  45  36  21
   36  50  94  91  50  26
   54  79  17   6  39  45  78  32  46  12  43  72
   98  29  19  97   5  50  31  80  29  13  87  91
   91  87  84  95  32  22  10  95  20  43  56  18
   43  50  97  86  68  63  53  89  97  46  68  72
   11  89  62  65  24  56  65  90  58  83  77  40
   38  38   1  73  16  22  49  41  54  29   7  67
   45  42  37  91   8  79  96  28  45  64  82  20
   91  52  43  60  45  65
   75  52  34  10  55  21  82  95  80  33  94  99
   83  98  19  38  23  16   4  21  91  48  41  28
   70  87  45  38  35  63  76 100   4  94  44  83
   32  67   7  78  35  15  85  99  61  92  21  64
   82  38  92  82  24  72  21  45  13  67  73  45
   59  33   1   9  43  19  23  87  34  16  83  72
    8  45  96  85  87   2  18  25  81  67  36  87
   36  45  44  80  75  22
   57  59  67  96  63  87  78  47  64  92  40  87
   68  52  95  48  53  22  79  46  93  17 100  22
   26  49  83   7  89  33  34  93  71  83  77  24
   98  31  57  81  98  70   8  84  86  77  11  87
   77  89  52  76  98   8  74  53  98   8  46  24
   22   7  53  66  47  95  18  85  62  59  63  49
   77  13  31  10  32  65  43  90  14  48  53  58
   49  11  61  52  56  26
   32  80  28  91  36  28  17  56  85  53  88  98
   70   6  30  77  83  54  36  10  40  21  25  66
   53  59  45  91  12  63  63  66  59  33  32  67
   15  93  29  36  44  90  76  16  14  55  25  61
   38  68   6  90  52   8  43  74  25  15  39  40
   43  65  92  83  73  81 100  52  42  55  85  20
   33  40  87  98  60  78  92  97  85   1   7   5
   60  94  60  78  65  51
   74  58  90  60  31  82  34  39  79  76   3  81
   61  31  84   6  73  16  87  24  86  54   3  59
    8  67  42  69  55  56  56   3   2  45   1  10
   45  53  44  23  65  24  99  38  37  80  65  10
   34  28  52  93  13  76  99  38  16   2  37  75
   56  23   6   6  54  19  99  18  71  43  28  48
    3  75  68  26   8  71  14  98   4  33  76  78
   11  79  50  24  92  27
   72  46  78  55  54  63  64  75  17   2  90   9
   17  22  86   7  81  41  44  36  34   4  49  57
   60  71  53  15  73  39  87  77  16  32  52  19
   59  12  92  59  27  18  99  66   7  93  36  37
   94  19  35  65   7  88  63  96  19  73   6  89
   79  90  53  96  28  29  57  52  91  52  34   9
   77  22  77  99  34  69  63  62   8  61  11  14
   59  73  74   4  66  35
   54   2  90  58  91  75  35  57  97   9  53  65
   95  81  57  88  50  65  14  61  88  71  74  11
   73  45  11   6  57  29   6  96  61  17  62  30
   85  17  79  53  35  54  75  79  39  21  91  46
   44  14  61  17  82  58  79  80  76  71  61  84
   90  45   9  51  85  20  94  35  87  23  71  48
   32  33  10  20  88  59  93  27  31  90  49  43
   57  98  60  49  19  61
   95 100  92   4  14  26  88  62  35  70  33  89
   30  51  26  10  34  46  81   2  90  14  90   8
   65  20  31  50  42   4  40  26  33  62  27  83
    8  95  49  41  94  90  14  54  34  76  44   1
   50  47  56  80  18  73 100  97  92  91  11  32
   82   9   2  59  18   4  73  26  20  58  58  48
   99   4  73  32   1  23  95  80  27  77  47  95
   41  15  96  42   6  21
   88  46  94  35  33  70  35   2  37  91  95  65
   51  54  87  33  31  39  13  93  96  10  33  37
   75  72  98  69  92  67  94  67  62  67  10  67
   39  16  96  42   1  50  26  57  98  58  90  48
   61  29  82  34  91  14  88  94  26  83  17  15
   10  90  22  47  58  17  25  87  40  22 100   7
   80  71  30  37  95  60  88  64  67   8  66  20
   69  40  94  13  49  42
   82  42  56  16  22  34  71  71  21  55  64  76
    9   3  97  46  83  16  67  92  31  39  17  38
   16   6  60  50  88  63  62  91  53  84  80  11
   51  99   3  56  97  72  90  64  20  70  61  84
   57  46  22  88  44  88  84  52  51  45  76  23
    9  80  79  87  74  89 100  50  80   5  19  14
   23  20  12 100  16  94  96  97  87  32  94  56
   33   8  56  26   3  43
    9  64  87  70  84  11  81  64  17  77  36  60
   12  94  57  38  50  30  17  40  98  87  66  92
   66  23  63  94  65  42   5  66  87  77 100  46
   55  80  64  42  50  33  62  31  89  27   4  97
   54   2   8  29  25  91  26  23  39  82  60  63
   34  17  66  96  65  49  55  59  93  96   5  24
    8  88  97  63  84  45  74  44  62   7  39  29
    7  35  97  94  68 100
   93  90  67  53  16  38  53   8  13  78  45   8
   65  50  34  34  34  37  95  28  13  14  24  68
   35   2  10  99  78  31  25  18  57  26  52  67
   57  11  16  68  12  60  43  39  52  96  26  94
   49  36   7  21  74  11  57  96  89  62  78  50
    8  10  79  43  17  36  77  49  30  47  76  33
   33  69  42  90   3  54  67  60  76  21  22  66
   20  34  81  97   4  43
   97  63  97   6  45  85   7  81  43  50  33  31
   68   3   6  22  96  17  62  50  26  33  94  17
    4 100  68  22  45   6  58  71  74   4  34  38
   81  30  26  80  15  96  13  70  12  77  57   6
   79  69  26  86  36  22  36  20  25  57  54  24
   96  39  78  15  90  26  58  25   6  73  52  64
   80  13   3  38  88  66  10  62  60  41  94  79
   37  47  32  11  70  90
   48  30  76  32  72  45  11  43  67   5  54  69
   37  75  52  47  59  44  35  60   9  44  63  70
   56  23  91  40  25  55  75  63  14  63  51   9
   69  46  86  91  22  85  60  79  62  34  53  43
   77  49   7  53  16  73  47  53  14  26  10  89
   43  22  76  38   4  65  65   6  43  30  62  46
   12  94  61  75  36  31  84  15  21  12  53  50
   67  47  87  46  14   2
   90  16  60  44  10  17  38   3  47  74  86   8
    3  82  98  33  21  20  11  40  59  46  76  26
   26  29  22  83  17  36  14  16  96  18  19  50
   42  85  99   1  93  23  26  28  45  44  34  32
   12  29  22  47  97  42  15  55  13  76  82   4
   63  25  41  24  57  20  35  54  46  44  16  66
   60  53  23  68  44  13  76  24  54  94  90  39
   23  26  25  47  62  42
   85  33  24  60  40  38  58  49  97   8  47  67
   20  74  93  58  79  49  15  72  72  87  20  31
   16   8  75  14   4  31  84  44  80   2  40  76
   31  39  94  41  22  95  94  61   5  62  19   6
   17  95  81  68  85  16  37  57  77  48  35  87
   89  41  72  44  32  60  90  13  95  75  66  63
   57  31  42  58  10  42  32  84  77  87  76  87
   97  44  59  87  31  43
   27  55  62  42   9  66  21  47  67  94  71  33
   82  94  62  76  79  69  59  10   2  72  64  56
   45  55   2  52   3   9  37  93  84  40  50  23
   58  33   8  92  98  51  54  94  69   4  70  21
   26  50  17  40  80  74  27  33   5  77  41  95
    3  36  58  54  56  76   8  74  48   7  97  35
   75  62  56  45  74  93  18  59  34  70  75  82
   52  16  35  22  98  54
   99  26  68  96  92  66  85  45   5  40  20   4
    2  20  91  99  18   9  66  87  69  29  13  37
   72  50  73  10  32  86  79  24  28  87  18  26
   64  77   4  57  11  48  28  56 100  78  61  76
   17  68  87  51  20  72  22  94  74  15  10  77
   92  72  54  42  77  15  64  21  86  66  81  17
   71   6  68  92  42  59  14  54   5  88  50  54
    5  45  30   8  49  97
   70  68  58  98  79  93  85  14  38  47  83  64
   49  17  81  27   5  46  51  36  12  16  81  67
   85  40  42  51  62  43  11  71  51   1  18  67
   70  89  76  31  90  60  36  96  38  62  53  11
   72  24  93   3  82  40  75  20  36  52  67  59
   18  82  37  58  81   4  79  73  63   7  12  16
   78  44  68  67  50  22  81  41  85  10  76  26
   54  34  77  64  83  43
   85  10  70  33   7  25  76   9  48  45  59  57
    7  60  64  17  56  99  89  12  25  30  25  47
   24  40  84  77  56  80  89  53  21   7  34  95
   42  16  98  29  38  88  40   4  64  42  24  43
   23  24  26  64  11  19  65  76  68  17   8  26
    3  25  95  87  70  51  30  78  72  43  83  76
   48  32  58  35  25  44  65  71  21  32  42  18
   39  97  88  20  56  52
   84   5  98  25  27  56   8  81   8  90  16  97
   40   6  10  77  31  49  77  65  45  97  56  89
   37  90  86  92  45  92  86  90  79  98  15  62
   87  69  13   7  30  90  97  83  63  67  19  57
   38  36  27  71  29  90  69  66   4  42  72  80
   33  70  25  26  65   3   5   4  57  91  79  30
   93   2  30  40  73  89   2  65   8  91  51  13
    8  95  94  69  94  20
    146   151   139   126   152   150   166   151   131   143   161   139
    155   159   156   130   136   132   124   152   147   144   151   136
    153
