 10 250
   91  38  88  21  20  35  92  40  88 108 108  23
   96  94  97  26  32  41  22  63  46  75  55  80
  100  69  81  38  94  39 113 102 109  99  99  81
   13  46   3  89  30  88  33  79  31  74  25  62
   78  85  71  34  54  23  97  99  62  64  87  72
  102  52  97  74  44  70  52 103  98  36  72  63
   29  77  49  75  71  84  78  98  88  78  98  94
   28  92  32  45  34 100 105  90  52  36  56  43
   43 111  91  67  33  17 108  73  55  43  67  64
   14  27  89  60  50  91  49  21  35  89  96  67
   65  56  65  34 115  81  47  90  84  93  74 106
   72  33  90  88  39  25  71  82  69 113  26  79
   32  51  30 100  91  97  28  49  93  10  63  59
   58  59  25  25 114  16  64  82  73  58  29 103
  114  28  36  61  77  27  84 100  41  34 101  88
   26  23  11  60  95  78  27  12  34  63  65  80
   93  30 114 109  73  37  38  27  48  72  98  39
   85  34  50  18  28  63  56  91  71  64  18  41
   29  39  92 103  46  80   7  30  69  53  74  86
   67 101  91  30  73  45  14  47  35  80  20 110
   35  32  68  30  57  91  32  83  83  52
   57  57  67  38  52  97  74  72  59  77  46  49
   11  83   6  28  65  27  74  35  15  25  65  96
   34 109  40  47  98  32  51  73  22  44  21  77
   16  49  17 101  86  74 106 100  22  68  62  46
   26  65  40  53  38  61  92  72  29  74  40 113
   89  76  74  33 102  44  46 103 111  46  51 101
  101  53  18  36  57  41  36  48  33  68  14  32
   22  21  36  25  57  23  48  44  90  53  57  30
   59  78  95 100 117  18  45  83  35 111  64  52
  106  86  88  79  18  32  61  84  99 105  40  80
  107  27  61  88  89  24  21 105  32  20  66 116
   56 106  19  85  14  21  70  57  93  44  40  57
   78 105  19  99  27  17  79  34 100  71  59  53
   42  23  75  14  80  10  10  54  61  83  42  21
   88  81  58  49  88  84  16 110  50  84  49  71
   34  54  20  10 103  92  19 108  56  72 104  76
   29  38  44 103  36  27  50  65  63  97  46  37
   35  63  70  35  48  54  27  49  42  36  69  81
   92  91  73  23  67  25  76  65  52  28 102  28
   78  28  16  12  89  34  25  19  64  47  31  79
   88 111  59  85  19  26  58  17  99   5
  101  67  44  74  80  11  27  30  54  42  20  34
   35  61  85  87  19  20 115  93  67  18  34  78
   56  59  39  86  90  61  59  83  59  72  49  27
   62  14  55  78  14  42  19  92  47   9   8  22
   59  55  77  24  80  91  34  43  85 104  94  88
   65  68  69  67  67  57 102  44  50  94   3  93
   56  94  36  61  85  90  48  58  34  52  16  84
   14  40  37 102  97  28  73  72  76  50  95  27
   24  56  31  47  56  15  27  40  50  58  86 111
   49  39  30  94  40  83  51  53  18  79  58 100
   18  28  98  45  73 110 118  35  60 115  65  89
   90  64  15  95  17  51  86 103  35  67  32  34
   64  91  70  99  90  93  77 105  41 112  49  20
   11  23  87  89  40  34  67  93   8  21  23  47
   22  56  72  30  21   4  15  11  62  65 110  79
   85 116   8  42  29  43  28  43  81  89  24  97
   94 113  95 112  70  76  39  72  86  63  20  47
  103  66  74  48  42  28  26  24  21  16  49 100
   76  85  13  54  17 101 112  23  43  34  51  50
   54  92  39  35  98  59 102  29  45  63 114  60
   78  87  67  48   8  45 115 103   9  97
   11  77  49  50  27  14  11  43  38   7  62  47
   74  48  24  55 101  76  86  83  89  94  74  88
   75  41  89  66  48  88  61  96  53  69  56 100
   58  93  57  60  81 100  97  67  45  16  66  63
   46 118  64 100  14  95  47  81  73  20  75  82
   94  36  22  82  94  89  34 114  78  26  62  49
    4  10  85  62  66  38 113  17 104  81 115  60
   65  71  41  43  95  45  83  74  20 101  35  49
  100  80 107 103  84  17  24  98  88  17  87 104
   92  96  63  41  79  67  27  66  97  46  82  56
   37  36  56  22 113  23  94  77  70  80  76  70
   22  60 107  70  52  15  57  31  89 105  55  56
   81  24  26  34  69  64  76  59  73  61  21  20
   36 107  95  81  13  17 106  81 108  81  29  72
   79  28  82  28  29   9  26  86  76  97  78  68
   37  30  31  31  62  60  39  29  35  91  65  58
   43  43  76  19  90  74  73   4  67  88  77  18
   96  54  76  71  55  75  92   8  57  13  88  49
   94  81 100  64  68  62  84  25  51  68  32  15
   83  26  36  35  21 104  45  84  45  69  81  96
  100 100  72  15  83  92  38  39  12  63
   93  92  34 107  75  80  64  33  24  50  49 105
   30  90  55  27  54  58  62  48  88  74 105  97
   66 112  57  76  76 101  92 100  73  11  29  89
   48  35  42  99  17  89  21  23  69  64  63  33
   62  50 105  67  90  49 100  91  60  28  61  38
  102  26  42 102  31  83 112  92  69  67  37  98
   15  91  57 113  16  83  67  46  18 105  63  73
   43  66  20  65 110 109  75 115  83  76  54  17
   77  55  20  75 110  93  28 114  71  73  58 105
   68  74  50  65  28  62  42  41  93  19  94  65
   89  86  98  85  53  32  32  56  46  80  35  43
   32  84  61  14  52  16  99  93  98  12  10  15
   78  51  21  85  74  71  67  30  92  74  96  40
   33  63 103 102  49 105  32  54 106  96  97  81
  108  48  20  37  42 103  49  17  78  93  29  42
   36  35  71 116  75 102  65  94  78  14  11  49
   99  41  72  13  74  98  83  99  89  15  91  34
   90  23  84  73  95  57  87  90  92  54  13  69
   52  86  54  39  71  71  61  60  44  95 112  95
   44   8  15  20  67  86  56  26  99  79  62   9
   37  60  63  43  10  22  80  66  97  71
   92  70  27  69  67  18  29  30  72 106  83  74
  103  45  65 104  98  39  98  18  70  55  88  99
   19 100  69  67  16  16  30  47  61  37 104  45
   38 101  92  19  94  87  75  52  88  51  46 110
   83  54  69  95  47  74 101  42  57  76 105  49
   69  91  73  95  17  93 102  14  72  57  65 110
  104  57  17  58  86  22  93  75  82  59  46  32
   67  76  44  11  96 106  93  32  40  91 104  98
   56  76  88  98 108  28  71  75  47  84  90  53
   37  18  88  26  56 100  51  40  30  41  63  55
   92  57  52  47  18  36  61  57  75  88  40  33
   42  82  87  35  29  13  32  47 106  50   7  23
   71  39  55  52 116  34  43  72  71   7  72  44
   65  27 115  89  37  22  42  40  70  47  19  80
  110  32 105  60  18  76  50  75  84  83  19  62
   89  34  50 106  46  77  32  74  60  98 101  17
   89  21  53  92  44  72  42  35  65  84 103  23
   55  89  72  63  85  51  77  80  88 105  50  78
   23  29  21  87  64  35  90  55  62  79  77  73
   29  81  80 107 108  60  53  74  22  65  75 112
   90  30  90   7  54  48   8  51  75  83
   44  50  25  30  29  31  75  41  19  42  21  49
  104  36  64  89  29  54  73  82  33  12 103  29
   51  32  99 108 100  16  85  55  88  89 103  30
  110  94  44  30  20  89 111  17  45  57  33 105
   15 109  61  27  69  60  33  39  60  16  72  18
   83  56  22  60  83 114  24  71  43  46  78  21
   93  78  45  39  84  86  21  19  99  68  47  81
   20  37   9  94  65  99  75  51 104  92  53  63
   94  13  25  58  45  93  28  64  70  58  84   7
  109  25  65  39  83  73  83 102  98  44  38 116
   50  75  10  57  48  34  71  13  74  18  12  43
   84 114  55  77 113  54  84  97  77  18  33 111
   78  14  31  80  93  19  77  76  36  41  24  88
   24  86  40  66  14  77 103  66  43 100 111 105
   78  19  53 105  76  62  62 109 103  33  84  48
   36  81  50  35  29  42  18  31  34  20  52  36
   24  42 107 100  28  30  58  83  66  54  21  68
   61  25  88  38  72  38 104  18  33  30  76  64
   11  56  63 100  71  74  52  35  74  60  44  51
   21 111  47  77  53  15  58  34  22 100  64  29
   23  89  27 102  78  85 101  25 106 113
   94  55 113  32  93  84  65  47  51  41 102  50
   61 107  81  18  88 107  93  56  80  91  94  95
   35  47  91  16  98  33 101  62  55  78  33 106
   92  13   9  53  96  20  27  60  85  74  42  60
   86  75  63  78  58  69  40  12  17  81  45  89
  103  77  72  93  43  78  48  76  18  15  58  17
   13  46 101  95  44  43  37  34 104  75  52  16
   85 109  44  73  30  17  65 105  79  96  37  63
   99 101  29  98  34  88  73  29  77  64  57  11
  102  93  84  53  75  44  29  79  66  31  78  90
   48  12  55  77 103  82  85  20  33  39  54  64
   20  48 101  62  19  26  27  52  60  35  84  60
   86  32  26  36  34  78  47  66  90  87 102  62
   48  78  60  23  23  75  53  24  68  71  42 106
   52  47  40  74 100  28  38  66  70 113  86  14
   12  68  20  30  13  24  52  73  74  62  68 101
   40 102  85  51  93  75 100  55  26  82  30  23
   38  78   9 101  12  23 106  59  51  30  21  83
   53  24  74  28  36  76  34  94  64  65  78 100
  104  38  95  98  37  71  45  90  21  88  69  75
   46  32 107  20  58  97  85  20  86  82
   39  36  30  63  34  31  76  88  54  56  65  85
   50  21  87 101  33  31  93  14  20  47  12  84
   18  33  42  79  69  80  63  25  43  59  54  84
   36  48  97  16  46  29  70  78  14  44  84  42
   26  80  93  58  92  37  31  23  61  32  57  50
   98  83  19  82  38  43  74  59  66  67  92  94
   70  17 106  63  29  26  38  64  64 116  21  42
   47  59  86  98  74  45  64  36  59  53  37  35
   20  27  42  87 102  42  37  19  68  23  95  49
   38  67  31  87  37  33  86  82  82  24  33 117
   96  72  92  36  50  63  78  42  55  75  42  20
   35 112  19  32  38 106  27  14 105  19  17 105
   48  91  86  61 102  31  91  40  60  44  91  45
   28  41  51  91  23 111  31  55  89  96  78  91
   82  73  62  64  93 100  44  99  91  67  32  78
   20  23  53  57  38  24  58  87  33  61  78  38
  106 102  28   9  90  70 117  61  55  80  54  42
   45  24  82 101 105  43  20  96  84  83  85  69
   26  63  93  96  79  67  27  89  83  69  68 116
   61  49  78  16  40  34  62 111  24  28  81  91
   62  75  39  72  31  54  16  61  17  25
    9  24  73   3  86  57  48  57  25  75  53  25
   91  80  36  76  72  24  43  33  85  52  83  91
   14  89  91  46  57  64  28  47  50  60  25  80
   79  18  53  85  56  46  62  20  17  58  56  58
   25  75  68  73 100  51  40  85  35  63 105  61
   76  69  44  95  84  67  63  49  28  49 105  67
   84  37  41  63  92  38  94  60  30   7  80  25
   30  54  48  86  12  34  43 110  25  78  66  43
   50  80  65  84  86  33  33   7  68  19  54  28
   12  78  80  59  64   9  84 113  85 100  95  33
   78  47  31 104  32  24  98  67  97  65  89  69
  106  87 100  77  14  14  68  34  63  71  16  90
   88  41  83  84  95  18  21 113 116  62  43  59
  100  55  73  55  45  57  53 100  46  53  38  42
   59  75  32  57  40  21  50  34  62  75  63  42
  104  68 110 106  21  47  49  20  79  87  79  21
   64 103  77 100  71  28  92  76 110   8  27  16
   49  35  22  58  64  90  62  49  44  77  21  43
   88  60  43  85  68  49  90  30  71  75  59  86
   21  51  73  81  22 102  66  65  65  17  41  26
   34  76 111  16  23  25  22  17  54  48
   17  69  28  91  82  84  19  66  25   3   6  83
   19  14   8  77  81  70  92  39  56  36  58  25
    4  45  37  69  10  68   6  10   5   4   9  33
   90  70  99  24  87  16  85  30  88  39  91  43
   27  27  38  84  59  94  23  11  58  50  24  31
   17  63  10  28  67  50  67   7  14  70  35  39
   73  35  55  36  35  27  32  20  23  38  15  18
   82  14  73  64  69  11  10  15  61  72  59  74
   69   8  23  39  72  91   2  45  61  72  46  40
   93  93  18  53  60  28  65  92  70  24  12  44
   40  64  51  85   4  38  64  19  27  23  43   6
   39  85  23  25  78  87  40  30  47   6  84  38
   79  69  84   9  20   5  85  56  24  94  54  56
   53  51  89  80   5  95  47  35  34  59  74  10
    3  92  66  47  31  80  21  20  70  84  15  19
   79  84  95  59  22  39  75  90  68  54  46  31
   19  72   3   2  31  66  81  82  62  47   8  78
   30  85  62  93  74  48  50  24  44  44  91  61
   87  81  20   4  58  39  95  89  35  53  29  32
   50  12  17  77  36  62  95  63  76  36  98   4
   80  83  35  75  61  13  73  19  25  59
   52  58  44  69  56  15  30  39  61  36  73  55
   92  30  97  87  45  89  31  80  96  82  47  19
   77   2  73  64   7  80  55  47  92  67  83  25
   92  66  90   3  33  36   2  16  97  52  54  71
   76  41  71  62  72  57  14  30  79  44  72   2
   14  44  44  82  16  71  57  17   5  58  62   3
    8  49  90  79  45  66  67  66  72  40  89  79
   97  90  73  91  50  85  54  71  20  49  54  75
   49  39  11   6   3  90  73  31  79   7  49  68
    8  34  27  27  89  81  54  18   9   9  79  22
    8  81  53  23  22  83  98   4  76  90  42   2
   48  13  99  29  89  92  34  56  12  70  73  56
   33   9  87  11  92  85  33  84  19  39  51  52
   69  85  44  96  25  93  95  64  53  26  68  87
   31  36  54  64  28  36  95   7  57  18  60  45
   85  48  86  98   2  15  83   8  61  43   4  32
   76  69  68   4  80  81  57  47  47  22  69  66
   83  45  34  84  69  52  93  54  73  71  42  28
   25  17  33  86  48  94  43  39  61  85   5  78
   39  79  92  99  31  78  86  83  50  61  77  41
   23   6  57  24  93  81  52  88   5 100
   17  39  69  30  33 100  78  80  61  63  91  82
   69  46  17  24  98  92   1  19  41  98  68  32
   46  44  72  31  20  51  61  35  55  37  59  87
   57  93  50  33  98  77  85  16  70 100  99  80
   59  51  32  92  30  14  75  72  18   7  23  32
   46  35  33  37  38  46  12  70  58  11  99  17
   56   8  75  54  23  22  68  61  68  59  92  31
   98  68  81  11  18  80  40  34  34  58  17  86
   82  55  73  68  58  94  80  76  62  55  17   1
   63  66  89  25  66  29  53  49  96  30  61  17
  100  88   9  63  47   1   2  68  56   1  38  22
   30  39  91  11  96  68  20   9  76  40  74  82
   45  22  34  11  23  18  42  15  70   8  59  99
   94  94  28  16  76  70  52  21  96  88  86  64
   89  48  39  80  98  99  87  92  47  52   5  33
   25   1 100  74  81  61  75  70  38  21  82  15
    9   2  10   7  33  35  65  35  21  44  84  68
   16  50  43  63  64  81  85  80  99  96  62  18
   38  24  89  52  87  10   6  97  71  81  55  69
   60  22  79  69  18  55  13  77  63  48   6  55
   39  22  46  68  97  74   5  17  95  22
   95  26  55  54  80  95 100  76  72  99  52  64
   28  63  91  65   4  36  22  19  27  20  34  21
   33  65  19  43  71  19  54  22  67  48  50   3
   47  14  52  54  27  15  16  40  63  93  37  53
   71   1  45  15  94  24  66  35  46  83  35  36
   14  81  83  37  16  22  83   4  34  90  55  57
   99  93  33  48  45  64   6  89  15  31   5  60
   48  41  61  61  10  59  33  37  97  19  80  69
    3  36  12  15  35  95  94  22  17  86  22   5
   28   9  47  73  23  40  77  36   8  65  29  60
   74  70  54  90   7  89  16  41  41  32  37  39
   94  51   6  34  53  96  48  78  20   9  58  53
   34  93  92  72  42  45  30  44  39  43  89  88
   71   3  13  28  95  96  13  32   8  28  73  31
   35  75  28  86  78  99  85  28  35   6  29  50
   70  74  73  75  56  54  79  74  74  17  45  53
   77  72  43 100  19  46  32  98  37  27  26  96
    9  64  27  46  64  41  17  97  61  98  19  63
   25  32  16  39  47  40  33  90  51  47  81  97
   21  77  67  73  84   1  61  28  68  36  30   8
   11  15  33  96  36  16  77  71  96  53
   23  14  75  12  36  28  46  74  84  53  67   8
   81  12  52  79  56  54  46  71  22  35   2  15
   44   3  54  32  33   2  16   2  38  91  85  26
   66  71  63  16  99  18  81  87  39  46  49  72
   47  65   9  37  18  63   2  17  44  92  53  64
   11  76  62   8  88  21   8  21  50  45  68   9
   96  22  53   4  86  25  45  74  94   4  54  47
   68  52  90  38   4   3  41   3  35  30  65  95
   29  65  99  38   2  22  76   2  43  39  56  11
   50  31  68  46  79  58  69  68  11  96   9  52
   17  34  14  29  56  71  78  54  66  39  70  69
   82  20  52  92  58  95  11  13   4  97  96  98
   34  67  86  20  33  41  47  81  27  37  18  71
   73  57   4  16  56   5  79  57   5  10  13  30
   11  70  88  65  72   5  58  92  37  19  90  67
   71  81  46   2  27  14  51   9  36  95  94  69
    6  78  37  93  31  12  22  13  20  87  12  71
   30  88  30  39  22  54  16  28  13  62  95  33
   61  16  58  72  46  44  55  48  70  22   2  20
   73  96  96  87  52  25  52  86   3  29  41  97
   67  60  46  69  95  80  35  51  22  44
   16  37  93  44  35  96  89  89  46  14  34  32
   15  66  46  11  13  78  10  96  37  56  32  19
   83   4  43  53  92  88  76  72  56  73   3  61
   77  16  24  92   8  20  41  64  31  58  70   3
   25  57  34  25  73  38   3  64  46  26  14  62
   42  20  35  15  92  26  10  90  30  49  46   4
   14  54  85  56  25  84  18  35  20  44  74  76
   45  42  71  96  19   1  21  74  74  27   6   6
   59  41  15  18   6  74  37  43  60  28  28  58
   72  87  29  87  54  12  55  65  90  71  41  59
   24  63  52  65  93  74  57  54  39  16  65  82
   69  22  25  78  91 100  80  70   2  58  98  94
   38  81  51  53   2  80  68  48  32  97  42  62
   51  77   5  15  65  98  62  73  36  68  92  31
    6  81   6  45  87  37  67  36  29  27  86  55
   16  72  58   7  63  40  79  39  49   5  19  95
   23  87  53  27  71  44  68  69  46  31  14  80
   60  16  30  45  35  69  34  33  24   2  65  29
   88  74  98  22  39  71  15  53  43  28  38  32
   87  27  33  12  11  59  66  29  94  37  28   3
   16  82  18  99  65  70  95  59  29  36
   63  58  88  83  79  79  35  79  92  78  92  70
   12  79  40  21  79  66  38  20  78  91   7  87
   64  85   4   9   5  96  25  62  31  31  11  74
    5   8  68  79  94  26   8  96  66  50  83  15
   88   1  58  90  41  59  74  67  52  87  33  90
   30  59  94  53  21   3  87  40  71  56  31  90
   10  36  62  75  31  22  91  84   4  41  58  21
   83  83  97  18  43  17  32  65   9  13  62  40
   14  99  80  60  68   9  87  48  32  50  30 100
    5  88  45  80  33  39  22  15  20  74  68   4
   58  38  99  51  66  80  34  96  44 100  99  66
   35   1  57  39   7  57  35  15  41  98  73   4
   34  99  85  29  14  89  28  36  67  66  84  17
   81  32  63  48  93  33   6  41  59  17   7   3
   30  98  50  11  40  48  56   3  15  74  36  70
   78  38  70  76  90  68  85  80  77  90  55  69
   94  75  10  13  80  89  52  25  45  65  98  34
   54  83  21  77  32  66   9  93  78  80  36  39
   97  58  49  11  34  28  64  85  30  56  71  64
   87   4  60  42  49  96  53  77  83   3  49  78
   93  29  88   6  28  26  17  84   9   3
   24  55   6  73  14  27  42  59  67  77   8  68
   44   1  38  85  24   2  22  47  40  25  15  15
   70  57  19  96   4  87  14  46  49  27  69  13
   26  99  95  60   6  83  82  45  20  29  78  57
   29  27  46  27  58  43  75  91  86  21  58  19
   12  39  30  10  62  34  68  41  86  88  58  90
   94  74  17  14  63  69  82  82  12  27  67  93
   30   9  68  36  74  90  47  14  24  15  65  46
    6  19  87  17  69  19  43  90  37  55  54  95
   11   9  25  62  39  69  91  31  53  71  34  13
   61  95  56  26   2  26  22  83  70  74  57  47
   95  63  12  48  87  80  89  61  46  82  33  50
   26  72  76  70  75  30  59  36  26  18   4  51
   54  35  49  97  96  42  58  92  38  48  78   5
   50  57  66  33   5  78  80  48  40   4  28  97
   93  34  83  72  98  86  59  36  41  52  48  16
   77  16  25  59  19  45   6  48  78  38  79  79
   72  33  93   7  96  80   4  44  56  81  93  34
   58  82  42  75  72  40  69  17  52  38  37   8
   12  80   8  20  74  31  73  24  82  32  48  30
   62  71  11  95  59  22  27  87  31  36
   66  67  76  39  76  76  27  30  54  48  49  34
   67  90  24   6  78  75  12  97  87  56  99  21
   91  79  65  26  50  27  52  92  65  59  53  31
   78  72  13 100  74  75  41  33  97  65  34  77
   85  35  14  47  14  69  75  90  48  79  54  66
   13  27  92  34  74  74  36  57  36  44  24  16
   37  90  10  39  77  82  79  41  46   1  90  76
   65  45  24   5  45  58  44  66  52  60  72  76
   91  91  75  24   1  75  68  88  52  87  18  69
   74  39  78  24  81  78  18  20  20  92  76   3
   18  33  23  71  59  52  33  69  63  43  72  89
   76   4  99  83  78   7  78  96   2  84  99   3
   63  22  21  59   4  72  14  73  49  70  29  75
   74  74  69  16  85   6  74  61  15  13  25  15
   25  41  52  40  27  15  61   4  13  37  73  28
   97  95  67  55  75  87  49  25  87  50  25  65
    5  11  83  96  20  40   1  45  50  32  52  68
   63  79  34   3   2  76  99   8  27  23  17  37
   78  51  21  14  40  53  92  21  19  36  47   4
   44  71  33  88  65  72  41   4  78  77  33  27
   52  45  76  32  71  65  95  58  94  77
   93  83  32 100  30  63  57  60  85  34  49  86
   29  23  78  44  38  96  65  83  20  62  32  17
   97  31  22  63  59  41  77  62  69  51  79  36
   36  91  58  28  54  71  53  93  98  62  46  59
   86  33  51  43   2  52  72  35  74  50  15  45
   38  48  68   8  32  43  49  54  79  62   2  41
   21  76  68  51  12  73  17  45  85  98  30  85
   74  57  66  17  93  76  69  10  94  30  54  73
   69  33  43  19  29  84  72  96  35  88  61  86
   99  26  36  61  45  94  28   3  30  11  22  82
   28  71  77  11  83  83   6  44  17  47  14  48
    2  15   3  41  95  95  44  79  41  40 100  19
   28  71  22  35  11  93  97   6   2  49  77  52
   11  50  45  53  62  62  62   8  65  59  77  73
   51  36  83  57  67  83  56  76  44  30  39  75
   12  38   3   9  88  73  59  87  31  26  41  86
   40   2  43  14  38  74  28  40   1  96  93 100
   59  76  97  45  56  20  57  63  73  26  95  63
   14  55  63  20  51  54  16  80  39  43  56  32
   87  68  39  39  94  16  38  37  46  89  73  84
   75  43   4  90  89  89  84  93  50  60
    968  1070  1048   986   941   964  1045   997  1036  1062
