 20 200
  102  65  87  44 104 101 100  37  86  99  75   6
   83  50  10  11 107  79  35  53 102  45  38  54
   29  89  66  49  26  97  41  43  37  53  34 105
   48  78  42  96  35 102  50 108 106  43  35  36
   62  85 116  18  40  49  20  69 116  36  82 103
   93  59  82  39  76  76  63  49  41  55  58  79
   51 101  64  71  70  42  94  22  56  56  39  21
   84  91 116   8  38  27  83  60  88 116  28  47
   25  79  29  45  62  10  93  50 102 107 109  43
  104   9  28  35  72 104  10  55 113  36  34  74
   77  88  79  55  64  31 101  54 112  56  40  31
   47   5 106  52  56  33  77  99 111  42  59  19
   62  61  25  56  67  77  50  37  21  52  26  42
   21  82  61  44 104  56  70  59  13  36 102  69
   78  43  59  56 106 100  50  54 107  35  54  77
   41  76  88  17  97  28  32  58  92  68  33  60
   68 104  14  85  58  48  59  88
   55  77  91  20  73  67  57  10  36 102 107  33
   28   6  70  37  46  60  86  49  39  95  17  20
   47  94  81  81  28  68  44  94 108  59  57  44
   60  37  12  48  73 111  89  64  25  64  88  12
   70  16   4  11  91  57  83  23  87  26  62  60
   28  72  25  49  98  34  11  95  68  48  65  61
   36  53  73  67  22  35  17  55  33  88  43  70
   72  45  71  59 104  99 107  51  86  43  68 101
   92  48  98  15  10  52  82 102  88 108  51 102
   57  49  93  85  82  75  96  33  14  70  42 101
   26  56  74  56  58  68  50  67  72  16  79  70
   22  75 101  27  81  56  32  54  61  70  82  93
  102  18  55 100  33  79  37  22  41  33 108  82
   41  99  95  37  90  17  80 102  39  47  48  89
   19  14 110  31  36 110 105 113  44  53 109  98
   50  22  98  57  34  72  67  33  70  83  64  48
   32  29  72  98  43  17 100  62
   55  13  39  62  36  20  15  20  85  56  26  38
   16  18  91  34  52  33  45  72  89  18  33  41
   89  56  14  24  96  94  71  27  14  54 110  76
   26  96  62  78  99  70  20  36  98  12  19  18
  104  43 115  99  66 103  57  80 101  86  81  63
   89  43  30 116  70  89  55  71  98   7  36  78
   63  76  58  95  19  21  87 100  43 106 109  29
   78 105 102  68  43  98  74  34   3 101  57  46
   22  98 109  32  23  99  89  53  17  56  61 100
   42  69  71 100  67  28  49   9  56  36  85  56
   10  53  54 101  85  96  46  70  65 103  63  48
   46  47  93  36  52  46  36  54 100  53  44  52
   92 102  75  44  46  66  36  66 100  91  26  36
   85  41  31 104  82  66  54  18  76  78  44  48
   54  92  21  27  23  63  58  74  81  57  92  98
   79  45  89  29  97  75  93  37  14   9  42  85
   71  65 107  92 102 103  73  42
   89  38  67 103  44 108 100  97  92  61  93  52
   38  95  99  56  85  30  25  75  89 103  31  44
   43  54  29  50  67  14  18  55  29  63  20  20
  107  47  89  73  86  44  51  16  63  91  39  33
   48  64  80  64  42  24  99  56  62 108  93  54
   22  43  95  73  13  98  96  48  59  52  87  45
   53  23 118  52  83  86  46  59  18  42 100  49
   55  84  23  95  32  77  57  65  91  83  74  59
   50  91  15  19  25  55 101  51  48  82  58  92
   19  18  70 111  70  29  21 104  33 103  47  78
   43  11 117  57  99  66  84  94 114  83  71  43
   25  15 101  71  80  26 102  47  52 100  58  34
   58  31  19  77  36  55  39  48  68  31  74  97
  104  47  92  58  61   5  66  33 102  63  54  49
   24  40  50  44  47 108  58  23 111  49  94  80
   68  55  68  63  82  24  44  75 112  62  46   9
   81  95 113  95 100  37  26  82
   68  16  18  24  92 102  29  38  68  69  35 101
   15  74  34  33  31  80  95  18  13  58  74  54
   52 107  71  81  98  99  25  67  38  83  68  84
   92   7 108  71  35  59  84  47  36  52  89  87
   27  28  66  18  36 103  52  14  67  75  99  74
   58  70  68  22  29 110  42  57  72  94  29  49
   90  53  20  83 112  42  29  65  50  68 111  65
   54  11  48  76  91  88  19  78  77  79  24  90
   38 100  62 110  62 102  45  91  78 111  65  94
   94  96  69  61  45  60  39 108  79  71 114  59
   87  69  31  22  46  37   8  85   8  95  96  94
   72  60   7 111  79  38  88  47 108   8  85  94
   27  46  31  13  76  58  87  43  36  38  41  92
  114  96  93  27  53  56  67  54  50  40  72  90
   69  94 110  10  67 104  29  80  57  51  31  49
   36  63  41  99  13  57  53  56  90  51  35  29
   37  26  77  95  25  34  94  82
   86 101  33  74  49  80  58  73  84  91  22  86
   90  83 103  25  47  29  83  61  15  55  97  43
   80  97  80  16  65 112  22  85   9   6  80  99
   80 116  85  46  51  31  21  37 111  48  82  47
   48 106  63  40 110 108  33  42  90  59  76  95
   25  45  43  79  52  79  98  58 116 101  30  76
   15  38 109  59  27 104  92  59  64  28  58  36
   33  27  57  91  63  26  21  61  85  34  18   6
   25  67  40  17  37  82  34  64  22 109  23  20
   34  64  55  80  26  33 104  34  77  16  72 104
   62  40  86  98  27  71  47  17  74  91  98  42
   20  13  63  61 100  32  54  85  49  38  96  26
   99  65  93  80  62  87  85  21  80  82  28  92
   47  87  56  10  52  50   9  19  65  22  61  50
   84 100  37  42  93  15  80  30  93  83  81  44
   30 115  99  71  83  75  18  93  25  35  31  21
   66  47  43  34  50 101  12  64
   35  64  18  45  57  89  74  65  30  95  90  75
  104  82  68  21 102  82  54  17  52  87 100  65
   70  89  70  48  31  32 103  44  27  95  95  15
  105  23  44  78  41  27  84  96  38  70 102  97
   18 101  48  41   7  98 112  57  57  27  86  71
   60  96  33  31  71  63   7  53  88  92  65  54
   70  74  15 107  55  17  36  59  63  84  50  85
   53  17  60  27  46  19  30 106  42  42  96  47
   58  58  23 101  66  82   6  59  28  72  19  72
   32  27  20  17  64   4  16  50  17  27  30  21
  108  77  53  55  76  52  60  60  98  19  60  78
  100  54  71 101  44  95  91 105  14   4  74  17
   16  52  61  49  56  70 107 104  57  56  72  11
   84  49  10  81 102  33  37  61  51  31  27  31
   91  34  87  88  78 107  32  27  28  81  41  64
   53  53  59  89  18  28  25  72  29  59  32  78
   63  59  87  68  76  78  78  15
   41  10  85  98  30  36  51  89  20 105  91  62
   52 108  68  67 117  76 112  19  65  13  41  58
   76  84  71   3  52  57  38  91  53  80  37  84
   39  82  59 110  28  60  86  15  47  48  76  76
   59  18  73  51  38  97  26  37  82  16  14  47
   16  62  35  59  72  83  12  92  17  92  21   6
   85  88 103  87  64  67  67  68  54  43  98  51
  112  87  30  78  14  87  85  69 103  77  92  93
   53  23  90  51  31  85  47  54  65  36  23  33
   90  85  34  50 100  18  65  47  75  36  44  25
   25  44  30  61 102  79  40  57  31 107  32 115
   83  57  67  41  63  36 102  44  29 101  85  61
   69  73 117  57  11   6  99  80  34  53 106 115
   78  86 105  52  22  25  80  57  81  45  72  27
   55  53   6  95  46  29  70  27  98  75  16  11
   43  29  24  88  13  63  13  84  55  15  82   4
  118 103  31  51  89 108 112  17
   20 101  31  90  63  81  88 110  48  53  60  86
   45  36  39  16  96  75 111  45  18  86  73  42
   46  62  78  18  99  59  84  79  35  81  84  44
   88  31   4  41  21  71  75  61  59  54  20  99
   18  42  35  68  67  89 100  54  37  23  83  92
   81  35  27  66  51   8  97  40  14  58  24 116
   61  88  35  79 105  43  30  35  82  86  27  24
  107  22  65 107  73  60   9  50  17  82  82 108
   56  56  86  75  98  27 115  31  27  59  70  21
   25   8  57  72  67  59  85  90  58  48  96  15
   66  27  70  50  47  90  38  97  43  42  71 110
   84  63 108  30  43  37  84  25  41  52  49  20
   78  96  65  47  63  94 100  20  89  61  49  54
   13  79  41  63  85  21  65 108  97  70  85  25
   84  58  88  91  14  62  89  29 109  72  44  73
   82  44   4  36  14  14  94  78  38  37  77  52
   76  63  68  64  56  14  17  44
   42  60  62  43  11  72  42  65  50  74  63  97
   89  33  19  41  72  54  49  41  51  68 103  90
    5  87 106 110  98  76  94  88  66  99  37  82
   15  36  21  23  99  55  52  69  48  53  27  76
   82  57  53  17  64  40  70  51  82  96  80  27
   53  60  70  26  82 108  95   8   7  34  49  13
   90  44 100 108  95  80  36 102  93  49 100  11
   54  74  48  83 101  83  43  77  18  43  79  61
   47 110  95 101  64  61  54  33  99  63  46  25
   53  65  29  97  17  35  28  69  81  43  25  68
   33  55 110  69  16  44 107  36  87  89  13  60
   93  32  42  45  37  37 105  69  83  65  73  42
   62 101  69  26  51  21  49 102 107  13  81  71
    5  38  20  86  95  88  23  46  91  37  78  27
  110  49  94  85  47  33  55  51  42 107  25  25
   60  43 105  46  97  81 109 111  48 112  84  74
   65  11 104  72  63  15  12  96
   18  84  97  85  99  55  74  51  94  23  63  50
   16   9  68  92 119  77   2 100  69  61  56  51
   71 118  73  32 105  71  22  57  63  79  95 116
   78  99  45 109  90  98  56  81  96  73  31  93
   30  43  71  29  52  86  54  21  95  80  48  55
   34  93  86  43  43  26  85  95  14  41  81  43
   52  81  69  95  66  53  68  47  96 111  97 101
   39  66  27 105  73  49  59  28  46  39  65  12
   80 109  15  52 100  15 100  14  37  56  69  23
   75  62  42  72  40  52  46  65 103  20  53  64
   88  93  53  59  77  43  39 103  98  97  49  78
   72  38  81  96  13  87  67  54  80  39  69  90
   66  30  66  94  98  99  48  59  83  99 115  39
   99  40  24  78 100  75  20  83  39  29  22  38
   39 100  30 100  74  18  49  83  80  67 104  98
   19  23  13  33  83  50  39  99  87  48 100  79
   29  46  74  78  39  40  19  96
  109  24  31 107 101 108  47  64  40  43  30  59
   70  83  45  59  73  67  79 102  80  48 118  33
  107  70  40  72  59  85  53  87  40  41  47  65
   43  36  44  79  34  72  70  52  93 100  84  30
   90  92  12  50  33  59  18  96  46 111  91  30
   46  66  45  57  53  97  98  82  68  85  79 103
   69  77  42  97  74   7  70  34  98  72  81  66
    4  49  19  23  66  95  27  36  19  25  80  62
   83  24  90  95  27  52  26  42  27  86  52  48
   24  78  58  55 113  99  30 105  41  79  76  33
   67  30  52  86  60 101  14  85  92 110  44  58
   65  60  73  95  43  12  22  24  25  57  78  98
   16  21  42 102  91  90  43  75  64  63  28  57
   39  95  55  33  17  90  20  87  70  27  76  56
   77  82  94  74  29  26  45  48  39  29  79 112
   23  79  51  73  58  68  57  62  65  67  59  70
   52  69  24  39  51  75  48  83
   88 103  34  23  37 102  39  99  49  11  92  75
   53  38  42  18  93 105  26  74  38 103  52  22
   32  34  68  75  99  50  35  29  18 108  44  66
   36  67  20  64  24  63  61  62  78  45  77  63
   13 109  83  24 113  27  80  26  42 100  25 105
   80  96  70  99 101  19  40  60 108  56  64   7
   90  12 101  19  62  27  27  67  88 102  91  52
   55 101  43  95  96  94  51  84  80  79  60  33
   43 102  67  81  76  70  33  87  36 103  47 101
   39 103  32  73  22  35  78  71  36  11  57  56
  101  65  76   4  67  94  45  88  45 107  39  37
  107  61  42  28  80  85 103  22  82  52  92  22
  100  88  91  34  89  86  81  30  38  60  49  56
   80  40  26 107  77 118 102  82  40 109  34  71
   12  45 102  69  28   9  85  20  30  96  42  69
   89  27  78  93 114  84  59  33  73  72  78  95
   80  66  48  47  29  31   8  60
  104  49  37  89  48  24  46  94  98  85  67   8
   18  20  19  68  75  60  77  57  18  80  61  34
   71  44  72  99   9  96 104  74  32 115  11  70
   90  47  15  94  65  88  14  90  70  85  69  83
   51  83  97  27  87  15  91  45  72  96 110  60
   61  74  54 112 100  76  64  15  62  27 107  98
   71  97  20  59   4  34  23  70  28  52 102  24
   68  86  43  48 101  40  30 117  63  64  68  26
   68  54  74  53  65  99  38 101  31 119  67 103
   76  82   8  53  80  52  38  42 102  26  83 104
   32  79  48  48  40  60  98  55  69  78  40  59
   88  81  52  49  20 101  52  53  75  66  89  92
   61  52  36  92  57  14   4  73  17  80  43  81
  111  19  89  80  94  53  22  62  70 108  80  60
  109  29  35  82 102 101  78  29  45  35  39  47
   93  24  89  79  32 109  77  87  66  21  54  24
   99  28  18 113  17  79  68  79
   24  92 104  94  83  18  23  66  60  80  11  70
   15  96  42  85  48  91  87  52 104  72  29  49
   19  11  90  25  60  23  52  96  85 108 103  67
   35  50  84  63  28  75  33  66  85  49  90  31
   12  22 112  63  31 106  10  57  47  74  77  63
   26  95  78  20  30  10  97  71  59  83   9  58
   21  69  71  90  32  83  24  36  67 113 101  45
   45  26  88  89  59  29  21  83  53  82  99  78
   93  28  61  48   5 103  27   8  75  62 104  67
    4  47  19  54  50  44  51  84  33  75  36  20
  109 107  80  27  25  12  63  29  75  26  58  82
   95  21  48 101 107  68  93  19  25 102 100  77
   95 112  86  20  98   7  84  24  96  70  15  96
  110  69  61  61  47  19 109  37  77  82  63 112
   52  87  78  67  61  84  62  42   4  17  84  39
   90  65  41  52  54  37 105  98  94  65   5  50
  106  87 114  94  37  55  84  76
   62  48  37  56  41  41  72 105  85  84  60  14
   31 100  88  49 101  12  82  25 100  90  93  86
   58  46  57  93  22  13  98  89  42  37  84  21
   97 111  36  46  37  30 116  33  59  43  52  94
   34  77  90  85   9  36  38  47  35  35  37  92
   32  34  62  79 103 105  69  75  67  51  91 102
   25  10  60  17  85 102  69  63  99  38  59  46
   62  54 105  43  86 103  35  15  41  42  20  74
   70  63  18  20  79 102  96  28  27  94  93  81
   39  21  60 102  96  49  71  23  71  23  28  20
   75 104  95  75  22  80  63 105  40  46  14  71
   42  87  85  48 105  61  85  45  47  23  93  42
   49  97  17  76  29  28  62  45  78  14  68  94
  105  54  92  38  55  84  43  25  85  66  95  68
   20  80  78 103  22  28  88  66  54  79  96  43
   82  29  26  65  40  41  34  49  21  22  77 102
  110  14  89  83  20   7  58  81
   93  64  74  29  73  69  62  20  25  30  45 106
   28  95  43  98  34  10 102  53  38  90  91  42
   96  60  58 104   7  88  48  75  92 101  56  34
   31  86 103  50  49  94  81  44  51  38  55  48
   43  23  53  72  40  87  90  51  57 117  95  30
   13  40  62  28  23  66  21  56  16 101  30  45
   84  63  90   9  41 101 103  17  42  84  92  14
   53  31  21  53  18  31  79  34  19  47  27  57
   87  20  77  41 114  28  52  42  89  77  97 102
   44  94  19  38  15  93  58  79  45  48  75 103
   75 115  29 100  90  78  55  33  82  78  63  34
   74 113  45  14  39  18  44  94  49  66  54  84
  112  10  79  93  80  71  64  18  66 116  71  56
   77  86  81  94  58  65  43  75  63  49  98  96
   90  79  69  26  21  10  22  74 115  31  93  42
   29  47  40  87  87 110  84  63  46  96  33  95
   99 116  37  37  29  85   7  24
   27  96  45  20  22  43  87  20  62  86  67  73
   93  62  95  37  82  64  23  94  45  31  11  66
   24  50  17 115  79  87  90  21  77  24  49  31
  102  26  19 109  85  65  89  18  82  90  52  93
  100 101  45  68 107  72  19  59  67  86  81  16
   50  30  20  97 103  42  52  80  60  44  61  68
   74  72  67  31  94 108  53  41  42  75  22  59
   61  59  84  41  96  47  92  28  27  19   6  15
   61  97  32  44  63  18  69  82 108  38  61  82
  113  93 107  98 106  70  98  59  76  88  60  80
   49  98  89   7  78  95  43  14  69  22  31  76
   59  24  90  91  44  88  32  45  89  45 108  90
   27  78  96  85  55  23  96  18  41  33  34  26
   87  96  39  81  42  40  90  47  53  26  80  82
   75  57 101  38 107  23  48  85  22  67  95  47
   65  78  47  58  27  18  49  18  22  81  69  41
  115 104  55  95 109  37  48  59
   56  63  92  26 109  42  44 106  57  20  82  95
   83  75  24 105  66  36  33  31  78   4  17  36
   95  65 106  80  26  33  12   6  87 101  55  77
    8  35  23  42  34  52  40  60  36  65  40  21
   99 102  10 107  76 100  76  64  54  10 109  35
   59  74 102  78  45  46  70 110  11  30  30  54
   40  64  35  96  42  31  32  48  89 103  36  55
   20  53  83  82  25  48  60  20  16  48  37  46
   90  70  93  22  96  68 106 108  24 102 106 103
   98  50  23  91  66  48  29 110 104  57  45 115
   37 109  49  71  51  78  43  31  40  83  97  46
   66  48  56  91  31  59  44  35 104  46  36  18
   97  46  98 104  11  54 118  91  39  66  33  86
  105  27  23  83  77  16  56  40 114  73 101  89
  111   8  20 105  56  79  73  12 112 109  99  75
   38 106  73  33  95  66  81  20  96  50  99  86
   12  57  23  19  23  43  68  67
   28  51  29  75  62  67  37  71  36  19  19  28
   30  27  74   9  80  72 101  89  22 109  22  68
   75  98  56  97  80 109  68  96  98 103  24  42
   39 117  99  54 114  76  52  19   7  45  90  27
  104  21  72  75  26 101  41  31  22 100  36  86
   74  55  71  70  36  21 106  38  60  36  43  40
   33  82  21  43  15  10  32 103  67   9  50  42
   70  63  70  13  48  39  65  48  25  99  54  27
   66  53  60 104  82  25  86  40  16  71  72  96
    7  44  94  28  91  90  47  86  91  96 105  21
   41 105  30  61   7  65  18  16  46  37  34  38
   76  70  27  80  22  77  71  23  75  13  95  48
   20  99  45  52  99  90  30  67  60 100  57  87
  109  99  78  48  82 108  73  83  71  78  61  74
   39  56  67  82  94  42  51  38  73  55  94  36
   67  28  73  80  28  94 114  85  90  46  16  32
   97  21  31  97  84  14  27  31
   11  46  33  74  16   8   6  73  25   9  36  99
   24  57  95  94   4  40  83  53   9  71  71  66
   74  30  48  65  79  10  64  65  80  59  73  10
   63  26  75  13  82   2  66   3   6  65  73  68
   58  24   4 100  66  63  90  37   3  84  29   5
   26  51  29  64  28  32  52  56  78  48  59  40
   64  11  51  40  38  70  16  92  58  55  69  83
   35  22   3  95  73  91  21  53  17   1  90  64
   91  40  82  62  48  98  17  55   9  11   2  62
   10  96  85  67  43   8  92  50   2  69  70  42
   25  26  34  61  40  84  10  63   6  55  75  77
   58  99  10  57  52  74  31  19   6  68  45  90
   47  55  83  50  52  31  55  74  93  62  82  78
   81  26  49  61   9  53  43  51  95  78   2  45
   30  76  50  58  14  10  54  63   9  72  55  34
   73  31  19  93  16  74  75  52  28  48  69  57
   38   8  96  32  47  56  52  19
   58  41  16  92  37  38  54 100  70  16   7  73
   82  98  50  81  70  45  24  62  79  12  95  84
   69  25  31  23  78  47  62  22   3  48  60  67
   52  71  98  54  29   6  23  55  93  51  23  90
   32  88  99  95  25  50  31  88  17  85  46  44
   86  32  89  55  14  82  91   7  46  56  39  43
   73  65  39  37  92  83  92  57  74  17  63  38
   38  71  40  48  15  21  13  59  20  77  40  16
   19  58  13 100  97  55  28   8  32   7  57   9
   54  59  12  22  25  44  16  79  97  41  72   2
   90  47  33  59  55  50  65  43  46  90  24  38
   83  35  18  86  31  46  79  59  58  44  32  23
   10  85  61  11  79  23  82  90  70  78   9  32
   71  14  19  78  22  93  29  10  81  60  61  20
   98  97   8  78  79   4   6   2  58  55   2  21
   61  82  22  54  81  30  41  70  44  34  52  60
   73  84  30   6  67  95  10  48
   64 100  81  48  75  83  92  92  17  64  89  67
   95  93  18  79  65  82  66  43  28  97  69  75
   21  54  92  88  13   8  32  82  98  55   5  44
   92  18  44  33  21  44  92  82  17  99  98  87
   14  59   5   4  39   5  45  37   8  17  39  39
   16  67  85   2  37  14  52  49  12  96  76  32
   43  27  53  23  91  84  32   9  68  12   8  82
   29   3  18  40  64   5  34  75  99   2  56  67
   84  20   6  81  86  12  22  57  86  54  52   9
   74  43  48  11  35  82  56  97  53  84  19  55
   97  58  57  15  20   7  74  48  47  17  45  58
   73  57  11  77  60  71  69  57  20  67  76  62
   19  16  32  66  67  43  77  47  12  23  88  75
   31  73  71  12  29  46  51  99  29  26  72  60
   66  19  86  84  84  49  49  30  26  53  14   9
   27  70  25  86  13  40  10  75  88  94  76  26
   36  52   5  22   7  11  38  72
   21  80  48   2  74   5  15  22  16  44  10  50
   64  20  21  53  29  75  77  37  18   6  75  59
   64  65  89  56  43  96  96  52  87  42  93  87
   11  64  16  31  25  67  52  98  54  14  71  78
   62  42  34  41  64  87  16  64  49   1  23  52
   95  65  12  46  93  16  11  55  61  59  33  65
   65  92   2  62  37  21  63  50  95  75  10  68
   60  35  96  13  75  43  61  54  27  25  41  54
   59  11  93  88  95  49  14  60  58  29  53  24
   85  98  41   2  49  84  99   2  75   7  64  37
   65 100   2  46   9  36  31  10   6  36  40  69
   85  90   4  48  25  84   5  67  68   8  53  68
   44  77 100  26  82  59  63  71  40  81  39  12
   12  56  27  45  54  98  44  81   2  44  48  62
   86  68  52  76  59   5  44  82   1  63   8  23
   51  53  40  49  20  95  69  35   7  45  74  95
   26  10   4  11  16  68  94  37
   36 100  95  92  11  13  91  73  51  35  74   1
   90  32  76  78  71  31  14  90  94  61  32  50
   60   1  45  36  11  20  86  44  76  25  44  26
   17  98  11  36  68  50  25  69  84  52  17  16
   79  90  48  90  75   3  60  91  42  28  14  32
   45  42  36  90  83  10  64  52  40  25  85  54
   22  53  84  27   2  78  87  42  67  41   4  51
   60  91  68  33  22  24  89  35  39  25  90  20
   82  18  54   7  55   4  64  15  35   8  52  10
   17  22  39  46  58  46  78   9  23  38   6  60
   25  51  72  82  68  81  99  20  96  10  15  26
   36  46  97   6  32  74  26  55   3  94  18  14
   77  66  73 100  39  54  22  60  73  72  62  10
    6  24  12  76  52  48  43  48  56  64  34  12
   38  15   7  99  36   8  75  32  48  63  86  62
   82  52  65  21  92  48  58  54  27  62  76  77
   70  93  40  10  90  70  23  22
   24   3  78  30  63  28  51  43  28  15  94  34
   14  24   1  88  55  83  37  46  90  58   7  63
   34  18  28  88  46   3  91  26  94  98  39   8
   33   2  26  58  63  84  91  69   5  72  29  64
   64   5  53  67   8   8  69  73  23  61  42  16
   91  70  63  37  59  32  22  54   2   2  74  31
   95  66   8  44  84  11  16  54  50  87  62  71
   80  83  50  29  40  92  95  45  34  79  87 100
   81  52  66  97  83  30  85  38  89  11  83  85
   68  41  51  35  76  84   2  86  25  90  40   8
   52  64  27   5  88  32  55  93  28  14  12  66
   93  90  50  58  11  71  57  20  71  65  24  85
    8  48  14  40  54  30  27  86  23  28  78  22
   69  30  56  94  61  68  98  85  46  84  58  66
   23   2  70  75  10  87  26  82  10  31  36  58
   83   5   3  44  19  36  87  23  92  76  80  81
   48  68  66  84  56  15  98  42
   80  52  89  72  52  22  35  54  86  15  29  42
   14  35  50  93   5  20  63  94  67  23  16  45
   39  18  35  63  82  87  17  70  76  17  20  87
   10  88  64  33  79  75  21  10  79  38   4   5
   94  11  69  78  98   4   7  61  45  90  31  45
   58   8  77  80  34  42  95  67  27  28  46  49
   46  42  87   7  51  95  75  54  44  27  56  30
   61  96  58  90  70  83  85   8  63  73  15  57
   48  57  85  17  45  21  96  56  79  44  96  37
   74  89  83  96  46  98  90  53  96  84  87  90
    9  27  67  56  39  65  47  55  11  92  57  41
    8  48  34  12  71  12  18   6  89  99  46  88
   92  56  41  55  48  46  13  16  53  52  45  96
   29  65  93  30  15  80  77  46  58  89  76  71
   16  76  19  19  40   8  79  84  76  31  75  39
   58  62  52  22  96  88  85  35  76  51  70  36
   53  49  17  37  40  26  42  88
   76  92  23   4  78  69  68  18  93  11  20  55
   60   3  46  49   2  28   6  90  45  90  69  52
   35  35  40  99  59  58  67  20  61  36  70  32
   64  37  54   9  86  45  30  96  59  72  31  34
   50  86  36  66  76  20  83  71  29  96  92  73
   86  45  83  61  37  22  91  11  94  26  90 100
   21  20   9  32  42  50  48  49  66  60   6  53
    7  17  87  28  93  22  31  51   2  36  24  19
   59  95  20  61  76  30  59  63  55  83  90  82
   16  30  82  66  10  96  50  73  42  78  67  90
   87  58  89  54  12  29  72  63  88   5  88   5
   19  47  45  69  48  79   9  68  90   9  17  56
   40  40   2  46  93  99   5  32  70  52   2   3
   28  18  14  66  83  94  31  63  30  72  32  88
   59  56  97  11  74  82  35  89  14  37  93  94
   68  77  85  23  98  48 100  20  56 100  30  98
    2  11  81  56  20   3   2  92
   95  16  86  26  54  37  25   7  58  50  50  30
   63  72  69  89  15  35   3  66  94  31  30  72
   64  53  30  95   8  43  27  40  76  30  35  72
   30  79  99  66  85  32  41  44  55  52 100  20
   94  69  83  48  44  19   2  60  73  91  19  16
   25  75  92  39  58  95  20  69  93  62  79   1
   54  15  75  26  12  61  84  81  32  28  93  91
   11  96  48  10  29  55  96  65  87  36  29   6
   53  60  27  40   5  85   2  83  75  46  42  99
   95  97  57  47  37  61  19  21  58  65   6  94
   45  93  49  70  57  23  73  15  72  74  42  10
   28  48   3  89  63  77  27  91  68  61  56  92
   24  18  46  60  46  23  11  90  31  54  62  54
   97  37  61  40  29  86  54   1  22  50  21  93
   27  56  17  24  90  51  18  91   3  48  63  35
   38  68  99  70 100  88  25  41  67  76  30  56
   33  46  48  39  51  90  90  68
   76  42  52  68  98  43  66  54  61  43  51  12
   26  76  96  66  33  58  55  61  60  47   2  18
   99  20   9   8  20  38  12  22  41  12  79  38
   97  78  82  89  11  63  59  38  58  50  90  34
   37  53  62  92  41  80  37  61  21   8  25  85
   58  45  48  79  35   5  11  96  96  70  70  95
   28  66   3   8  16  27  75  12  22  65  11  95
   48  39  59  32  10  24  65  39  99  76  39  56
   60  10  22  11  50  56  57  85  15  41  59  86
   53  47  79  16  88  85  79  37  35  64  94  44
   69  56   7  33  95  70  13  66  19  17  91  44
    9  78  72  74  72  78   6  38  22  50  30  60
   40   3  44  79  54  93  70  14   2  95  27  33
   99  66  96  25  14  16  96  62  26  75  41  78
    5  68  19  28  73  75  54  60  78   7  82  88
   57  68  14  56   9  32   3   4  63   6  19  46
   46  97  14  30  53  87  91  12
   98  28   5  35  15  65  43  57  11  90  52  57
   99  95  34  11   1  40 100  11  41  48  63  62
   40   2  29  74  12  36  89  54  53  32  20   4
   40   7  70   9  21  15  61  37   9  35  72  27
   77  67  44  88  54  25  65  90  13  32  67  56
   68  13  22  59  71  85  31  15  98  61  23  74
   51  32  42  19  45  65  50  55   7   4  12   5
   65  49  93   3  46  65  55  87  68  65  46  96
   33  10  93  60  20  96   5  94  83  59  51  97
   41  57  72  37  71  68  58  53   5  87  55  43
   22  18  49  60  42  61  66   9  19  20  63  33
   36  80  22  15  97  16  44  64  26  75  43  17
   50  78  40  25   5   9  55  53  21   8   5  69
   20  70  89  41  11  35  95  28  76  80  80  76
   74  20  75  13  30  90  69  36  24  53  11  15
   92  80  98  76  21  54  75   6  33  58  20  34
   87  73  45  36  71  65  86  23
    9  84  80   9  10   8  64  38  71  77  82  60
   45  26  60  44  38  39  41  16  31  67   2  82
    4  48  72  43  44  26  59  15  75  67  57  46
   70  83  69  38  71  45  32  62  10   6  26  82
   22  17  99  68  70  47  85  18  64   3  20  74
   73  45  63  47  50  10  16  28  49  25  38  11
   42  31  69  12  40  97  48  85  12  45  26  45
   99  60  92  81  43  16  89  81  91  93  33  47
   30  95  27  14  90  67  89  67  78  19  65  67
   82  36  46  60   4   9  90   5  65  40  44  82
   35  73  54  25  45   6  89  25  10   8  63  62
   42  44  47  16  76  91  90  86  84  55  42  17
   94  90  66   6  13  21  62  30  38  57  83  61
   80  14  55  87  85  30  95  31  48  88  31  63
   32  32  17  30  89  86  57  63  80  74  23   8
   89  37  66  31  46  52  49  50  43  52  50  45
   54  46  93  79  56  34  61  21
   23  13  69  79  80  12  66  13  61  98  23  32
   60  80  75  95  22   7  82  32  75  17  62  80
   88  84  38  30   5  57  84  73  88   2  68  40
   69  49  93  48  87  40  46  44  35  62  34  47
   98   2  35  92   7  81  40  76  71   6  93   1
   33   8  40  13   2  87  68  53   5  61  53  97
   26 100   2 100  54  78  92  40  23  14  26  61
   57  13  62  18  15  15  68  20  31  35  58  74
   63   9  44  30  34  34  69  21  74  17  63  11
   68  14  77  36  95  77  30  49  77  98  53  64
   18  48  36  99  48  26  64  20  72   1  68  82
    8  54  66  81  32  26   6  87  26  57  10  96
   16  32  20  69  17  25  37  78  80  43  71  51
   34  67  80  11  27   1  17  23  74   9  68  40
   98  65   4  42  77  93  17  82  81  12  70  33
   24  79  38  23   1  35  49  86  37  45  33   9
   28  45  63  62  83  85  98  59
    8  59  74  20  60  85  57  14  21  21  48 100
   84  82  89  43  33  51  43  58  98  40  57  74
   37  65  35  10  94  12   8  35  75   4  97  44
   14  73  89  26  39  30 100  27  47  27  47  23
   66  32  14  91  31  96  25  75  45  21   7  51
   53  28  64   4  11  29  45  88  49  92   9   4
   47  14  94  60 100  84  94  45  87  58  18  96
   40  22  61  68  13  65  77   2  49  45  44  90
   52  62  33  54  55  20  78   1  84   1  44   3
   35  32  96  61  35  56  68  73  16  94  31   7
   79  25  61  63  70  42  11  48  41  31  75  43
   22  33  64  68  91  17  65  58  41  47  19  23
   50  52  81  26  47  92  99  42  86  29  73  37
    9  95  30  29  17  62  88  58  41   9  31  60
    7  90  72  27   9   8  26  84  71  75  72  55
   25  91  31  27  71   4  29  27  52  81  65  84
   19  83  85   3  99  25  44  27
   96  13   9  14  35  89  84  51  52  23  96  40
   96   8  69  33  65  26  24  66   4  42  75  55
   93  94  25  84  53  92  53  10  26   7  14  43
   74  64  29  49  78  43  83  43  23  66  14  77
   98  91   8  41  87  13  94  52  63  44  40  49
   83  23  39  88  79  95  12  34  57  20  95  54
   83  48  37  15  84  32  90  72  40   7   7  68
   73  91  31  21  46  81  92  24  56  38   4  33
   27  87  47  66 100  12  75  94  36  44   1  36
   99  60  91  49  59  76  64  27  78  36  78  91
   11  12  28  87  91  94  40  74  34  85  62  22
   22  96  62   3   4  36  18  87  84   9  11  38
   23   6  23  98  22 100  29  94  24  42  87  22
    6  47  41  43  70  97   1  79  41  29  50   8
   55  30  31  50  58  30  41  69  98 100  27  63
   20  40  76  60  55  75  15   7  19  52  98  69
    4  27   5  22  74  65  31  41
   45  63  77  47  69  73  33  14  24  27  51  88
   78  14  16  70  10  93  24  87  17  21   9  22
   45  59  54  23  97  98  15  30  60  80  36  86
   18   9  71  65  71  75   2  81  60  75  52  13
   78  25  16  20  93  82  66  64  68  67  80  26
   74  76  58  24  16   5  37  35  44  63  12  10
   78  98  56  93  28  12  42  46   3  73  51  57
   40  48   3  70  19  11  67  95  79  64  84  33
   44  57  85  86  31   9  11  90  80  19  26  21
   65  93  43  16  18  60  41  97  40  90  79  88
   30  12  22  30  96  33  51   1  78  60  92  39
   63  15  29  56   9  55  18  59  57  91  16  68
   55   9  92  36  76  79  53  63  35  90  52  23
    8  54  18  75  52  33  66  87  25  54  23  52
   98  31  40   7  85  78  17  51  50  37  15  68
   33  86  82  41  67  67  69  71  98  98  43   2
    1  97  15  28  98  97  53  24
   18  40  44  91  38  44  52  84  91  78  71   8
   78  21  69   8  71  95  13  51  65  21  11  69
   19  53  55   3  96  29  70  45  15   9  52  84
   85  22  12  52  57  10  24  62  62  69  63  54
   59  96  57  42  76  32  21  52  55   1   8  72
   92  63  48  92  91  48  97  47  94   9  75  62
   35  55  16  97  79   7   2  90  70  31  18  99
   67  87  90  50  96  75  30  73  90  73  75  54
   33  83  40  76   1  78  55  60  13  40   9  13
   67   9  95  66  89  23  59  26  74  64  32  12
   32   2  84   4  27  35  64  81  26  38  44  73
   43   5  61  98  76  87  64   8  61  48  57  31
    4  95  40  19  35  34  55  87  46   2  32  62
   37  21  26  21  59  37  68  37  56  62   6  24
   14  23  45  80  97  99  97  33   1  75  24  77
   85  72  74  26  28   3  35  50  60   7  73  23
   17   3  76  65  77  25 100  87
   86  16  61  83  92  75  30  94  51  29  42  34
   22  50   9  68  35  39  97  24  61  89  98  52
   78  56  93   4  39  27  26  95  43  87  67  77
    4  93  88   2  17  39  28  93  29  23  60  19
    9  18  62  51  11  41  86  43  51  25  27  95
   70  78  87  22   3  63  53  23  49  58  56  50
   42  32  46  76  15   8  59  68  72  32  84  49
   58  47  35  70  22  58  18  80  92  99  98  93
   41   8  73  59  54  84  36  28   3  73  48  23
    6  20   8   9   5  48  16  58  29  23  47  22
   67  22  19  98  33   7  60 100  36  85  79  26
   48  87  30  26  76  27  86  73  29  75   9  30
   81  30   9  18  52  81  24  89  65  81  82  89
   20  14  76  33  64  63  23  64  57  80  40  35
   42  57  14  66  12  87  63  20  81  43  16  69
   54  38  67  61  91  99  61  94  81  36  47  79
    5   4  56  13  10  80  69  43
   51  47  23  89   2  69  59   1  53  91  36  13
   32  29  78   5  37  74  77  84  28  98  86  80
   21  37  11  36  82  87 100  99  26   1  50  26
   97  78  88  61  79  65  69  43  75  40  73  93
   12  12  93   9  26  15  35  56  60  99   5  69
   61  29   7  37  65  69  37   4  99  86  76  56
   72  39  82  21  65  72  86  59  31  10  84  58
   83  50  34  25  95  59  43  82  88  63  71  60
   27  45  14  91  15  35   5   3  87   7   5  12
    6  69  96  19  48  62  79   1   7  48  62   5
   80   8  57  44  69  34  72  87  64  22  10  57
   47  68  53  21  81  61  66  85   3  74  84  91
   20  62  10   6 100  52   2  15  71  40  75  22
    9  83  92  35  34  92  56  68   4  29   4  27
    9  94  99  10  62  29  32  94   1   2   5  40
   70   5  32  72  24  49  30  83  15  55  12  23
   90  50  83  92  88  59  35  40
   86  58  79  36  55  43  65  37  83  95  95  78
   90  83  30  97  27  44  13  14  91   5  97  43
   45   4  63  21  38   2  34  19  22  11  94  64
   72   3  14  57   6  37  61  92  98  72  25  75
    5  90  31  41  78  12  63  76  87  16  81  33
   37  58  38  50  84  91   2  74  60  83  70  73
   85  35  92  59  93  97  88   7  44  96  64  68
   45  44  34  96  72  64  38  64  83   5  60  78
   43  61  47   1  37  94  30  69  92  48  36  15
   96  67  17  76  16  20  58  28  14  12   7  89
   69   8  80  50  98  50  94  86  70  78  77  77
   26  45  88  29  98  36  39  89  30  91   7  68
   91  20  61  54   4  21  76  37  51   4  54  24
    5   4  39  57  38   1  39  37  48  42  44  36
   73  56  46  20  13  76  54  65  43  54  17  80
   37  82  41  24  88  13   6  18  21  73  88  76
   15  87  76  14  24  94  90  73
    392   401   397   391   388   406   429   412   421   393   381   408
    387   391   404   405   398   396   383   422
