 25  90
   85  44  48  63  53  68  80  59  64  24 109  56
   86 104  21  27  85  19  78 108  63  65  32  70
   51 107  88  88  70  72  49  17  50  18  18  35
   74  98  73  36  36  96  73  94  60  95  77  64
   70  49  52  83  19  21  91  81  45 101 109  65
   83  98  19  44  17  57  70  48 100  11  17  72
  114  16  17  44  19  56  88  89  65  80  35  51
  107  23  86  61  10  73
   68  31  51  18  61  24 106  67  42  46 103  73
  100  76  86  92  57  68   7  76  44  87  79  87
   92  78   5  20  49  93  99  51  72  76  49 112
   31  48  47  40 114  25  72  94  31  15  34  18
   47  95  89  66  30  94  27  43 110  88  69  62
   82  46  66  75  89  82  55  76  21  14 117  30
   26 107  32  34  78  85  13  19  67  45  55  56
  100 105  69  17  84  79
   55  51  53  72  94  86  64  50  80  53 112  65
   66  74  39  77  99  59 104 100  24  79  35  60
   29  38  20  87 113  85  82  40  96  87 106  50
   83  70  82  50 111 104  15  53  41  93  76  73
   87  19  30  55  46  64  49 102  30  31  54  26
   85 112 108 109  65  69  20  25  80  67  49  34
   26  85 100  96  77  96  26  15  78  31  68  87
   23  93  83  56  61  64
   35  89  11  43  38  21 102  41  14  14  49  14
   14  63   9  66  68  24  83 102  68  80  49  58
   79  47  64  49  92  50  14  19  20  75  97  42
  100  97  54  77  78  67  18  47  48  36  61 106
   50  92 101  17  42  73  37  93  59  77  91  86
   25  36  81  76  32  84  43  79  16  27  32  15
   34  59  18  80  47  61  49  18  53  79  83  23
   99  33  84  68  32  19
   47  42  35  47  37  58  75  34  35  31  44  40
   37  65  77  42  27  44  43  82  91  27  47  96
  106  41  17   7  55  15  25  96  50  30  69  76
    8  57  51  56  11  19  59  13  32  80  12  67
   89  53  19  88  38  27  23  25  25  54  36  23
   96  93  23 107  71  79  43  91  50  37  47 109
   61  94  76  45 107  70  66   7  39 102  74  99
   36  60 108  68  52  19
   39  73  90  67  77  95  43  14  25  83  76  14
   64  62  62  71  19  91   8  87  34 100  39  74
   67  65 109  77  67  51  24  65  76  68  70  89
   72  72  28  67  63  35  93  68  65  78  43 100
   79 110  96  58  33  51 103  41  83  49  69  68
   83  54  19  31  84  19  29  72  60  78  17 113
   87  32  18  34  92  34  23  49  37  98  86  72
   49  62  67  20  19  83
  109  94  63  46  21  79  84  41 110  81  36  62
   35  88  92   4  37   6  72  92  92  39  35  17
   41  43  30  14  34  43  65 111  96  80  43  21
   13  17 102  20  74  49  99  96  57  57  57  71
   61  14  86  29  50  94  82  25  46  72  58  39
   81  96  62  25  54  90  19  62  24  69  68  83
   69  45  59  84 100  97  44  16  63  85  32  18
   18  29  97  58  34 108
   41  54 109  23  48  75 101 101 101  16  57  87
   13  48  25  76  13  48   9  92  46  27  20   3
  104  23 103 106  43  41  40  34  97  81  23  70
   37  63  27  20  86  44  46  65  18  59  41 103
   66  27  15  61  47  55  91  86  56  38  98  14
  109  96  64   6  87  82  29  91 105  25  95  84
   30  46  30 110  69  63  45  89  77  79  42  34
   69  50 104  34  36  31
   49  10  79  30  32  90  33 105 105  61  36  43
   82  65  58  84  99  20  49  89  80  46  83  35
  105  51  74  63  43  22  69  20  42  26  75  21
   32  52 110  67  64  21  94  44  69  43  32  72
   88  78  83  23  97  33  58  66  14  25  70 112
  100 108 113 103  21 105 105  98  62  20  25   4
   85  76  20  93  75  98 101  27 102  78  48  57
  102  73  74  83  91 100
  107 101  83  83  55 106  96 107  68  67  53 106
   88  93  97  27  25  42  58  20  64  78  13  50
  107  48 105  37  51  88  64  65  33  93 105   8
   59  80  16  74  44  32  96  89  28 101  94  12
   64  23  41 110  17  20  57 112 107  85  84  69
   90  24  49  41  74  44  17  24  75  64  37  59
   13  94  32  35  79  65  44  43  98  57  28  43
  114  28  30  69  50  22
   95  39 100 107 100  16  58  92  20  42  87  58
   51  19 106  17 106  24  76  31 108  37  75  72
   39 105  40 100  59  77  27  16  45  82  13  64
   74  25  79  77  24  30   8  76  70 108  85  23
   99 110  22 103  97  37  16 100  23  36  40  65
   45  79  77  73  72  42  79  88  80  51  92  53
   24  66  27 105  55  42  71  53  38 108  64  33
    9  28  95  45  25 107
   59  78  76  99  54  76 113  64  76  44  68  96
  108  77  83  26 101  44  64  58  35  45  85  22
   69  58  73  36  30  50  45  67  57  80  78  38
  109 109  84 114  64  72  15  93  49 101  86  59
   22  40  98  42  48  84  99  72  80  24  22  57
   77 116  11  16 115  57  90  43  27  13  20  31
   41  83  91  59  69  21  58  98  32 107  19  58
   38  33  76  33  42  93
   33   6  83  60  66  37  76  82  82  76  92 101
   48 105  52  91  97  59  64  41  22 105  92  27
   99  48  39  18   5  83  52  87  67  92 103  45
   62  85  11  37  58  39   7  39  69  85  58  14
   17  41  40  11  63  55 104  33  98  65  48  56
   75 107  89  36  32  24  84 101  94  42  32 108
   50  38  56  46  59  78  89  37  40  21 102  23
   36 107  18   9 104  52
   41  76  71  12  74  62  90  80  80  45  84  41
   68  53  34  88  85 106  82  72  23  54  65  56
    9  63 105  28  55  11  22  73  81  38  82  50
   33  64  73  40  40 113  23  40  97  18  80  70
   88 105  84  74 101  53  50  71  50  36  39 110
   16 106  81  48 105  59  56  84  23  39  97  49
   65 111  24  84  66  50  94 108 103  78 106  85
   20 106  43 100  48  86
   40  94  77  60  15  59  27  27  78  96   7 107
   86  76  61  19  26  29  92  41  75  22  30  80
   54  11  11  11  57  42  22  43  45  23  49  76
  110  69  34 108  99  24  85 109  17  92  83  27
   95  64  92  86  51  31   6  69 107 101 100  96
   62  34  96  88  62  96  44  46  96  97  79  38
   60 102  23  95  46  47  15   6  78  99  71  85
   49  54  42  20  24  14
   33 104  43  20  90 101  99  88  97  98  87  62
   20  17  18  34  55  46   7  56  32  73  93  62
   80  95 104  35  62 102  86 108  42  35   7  64
   38  45  45  40  96 110  89  55  38  49  68 100
   33  87  38  69   8  38  27 103  64  49  68  94
  104  87  54  50  74  18  77  65  87  26  84  20
   22  31  40  58  23  88  68  21  61 100  93   6
   22  64  68  55  95  65
   16  47  51  92  76  98  59  64  50  58  72 104
   93 109  14  23  93  71  71 110  26  40  57  52
   54  68  71  32  67  83  31  48 101  38  94  48
   56  17 105  99  32  86  23  30  45  88  86  20
   57  83  20  38 102   2  55  98  73  49  68  76
   88 104  55  64  68  96  62 107  48  67  76  14
   18  91  32  91  66 103  39  20 104  31  40  42
   57  61  42  69  32  16
  104  28  49  91  81  52  95 101  62  68  74  97
  101  87  62  84  56  46  50  84  64  72  59  26
   52  17  13  47  24  88  70  43  44  58  42  26
   59  26  26  97  83 116 106 110  68  57  39  32
   16  98  42  86  96  33   9  14 102  46  77  76
   66 114  96  80  39  15  56  35  58 110  98  23
   92  62  83  53  88  73  91  96  61 113  73  71
  105  54  23  31  57  36
   95  23  78  38  68  84  50  77  90  39  99  36
   66  48  35  60  42  79  91  55  73  34  62  42
   80  13  51  19  77  91  42 101 101  72  75  34
  110  87  27  28  85 113  85  88  54  29   6  45
   56  81 102  59  30  40  74 109  68  13  72  86
   27  12  60  85  82  39  45  93  35  74  84  87
   71  13  52  60  87  60  61  69  69  80  45  76
   62  43 107  24  25  60
   30  79  88  81  50  47  66  65 102 105  25  52
   59  76  28  86 116  56  83  99  98  92  66 103
   21  72  35  44  89  78  58  76  22  67  80  49
   97  87  59  81  25  77  99 106  70  36  61   5
  108  41  55  87 107  24  33 103  46  90  45  18
   10   4  15  83  43  90  71 110  25  18  26 103
   83  89  25  78  49  21  49  34  82 106  24  37
   50  12  81  64  13  58
   54  48  78  54  95 104 108  88  86  38 109  77
   14 115  81  90  62  57  67 113  32  11 103  52
   66  47 109  32  89  81 117  41  41  32  65  95
   63  55  85  44  35  66  95  49  86  64  16  55
   59  51  98 100 109  88  38  66  98  46  96 110
   93  52  28  63  80  44  70  72  84  74  29  85
   56  34  78  32  30  49  44  41  47  35  87  75
   54  83  15  73  54  95
  105  93  26  22  25  68  47  75  10  40  87  63
   64  39  33  63  40  28  46  49  34  13  51  37
   79 116   2  23  37  84  84  48  39  30  21  51
  117 102  39  25  47  31  94  80  74  76  16  89
  110  18  75  58  51  26  88  51  86  35  40  53
  109  14  66  21  45  47  21  72  41  60  45  39
   41 103  16  15  83 109  29  28  94  24 107  41
   28  96  70  68  99 103
   34 114  12  51  37  50 105  43  39  91  72  24
   85  46  84  56  41  53  68  16  86  47  70  62
   20  87  46  87  81 105  94  24  35  58  44   6
   50 109  52 103  73  25  80  95  25 100  21   4
   28  77  86  71   7  48  47  44  34  18  52  64
   55  35 100  57 103  80  51  66  21  87  35  15
   76  68  53  21  97  97  41  52  74   5  37  27
  103  87  49  91  59  26
   83  27  23  68  47 117  33  95  37  80  28  29
   56  49  24  70  67   4  20  61 109  67  88  89
   93  94  39  60  99  92  55  77  56  57  81  71
   91 101  16  54  29  34  54  38  30  23  87  45
    7  92 101  75  20  48  31  65  89  43  56  99
   85  56  20  44  64  88  32  93  41  22  96  98
   30  55  35  65  21  96  80  37  73  57  54  73
   39  30  52 105  95  79
   88  49 102  25  86  82  51  65  48  62  19  58
   67  84  57 104  72  37  64  26  90  55  73  80
   34  29  20  36  59  46  34  39  69  63  68  51
  102  15  92  45  20  28  88  72  80  34  15  27
   99  17  19  15 112  55  70  26  62 104  13  10
   61   5  23  95 102 108 105   6  18  47  40  66
   95  18  93  26  59  85  64  63  74  36  39  54
   88  91  84  80  82  33
   17  73  67  46  55  35  31  44  52  87   2  55
   28  12  83  91  23  95  33   3  42  40  77  44
   68   9  31  32  38  48  62  92  56  99  91  79
   41  14  42  83  74  16  45  11  58   7  29  38
   33  57  65  31  83  94  24  38  71  10   5  40
   20  13  96  69  94  47  34  71  11  94  89  36
    4  90  97  70  84  63  23  26  48  36  78  59
   13  91  18  50  93  42
   50  79  62  95  46  79  10  52  75  66   9  40
    4  30  22  20  48  38  95  31  62  31  32  20
   21  39  98  98  59  22  12  63  47  37  57   7
   74  69  66  63   2  89  33  13  81  96  73  93
   71  21  24  36  72  13  77  72   4  19  42  42
   35  64  47  42  17  36  53  36  94  95   3  77
   77   7  79  69  25  18  92  96  37  74  65  64
   10   2  44  85  29  40
   56  67  54  36  17  30  45  63  37  60   4  40
   49  45  68  38  18  43   2   9  80  31  85  59
   74  73  87  23   3  21  32  72  13  17   3  60
   27  33  35  58   4   9  99  61  71  11  43  32
   17  86  87  60  56  38  62   3  83  77  64  80
   18   3   8   2  55  49  83  89  28  41  69  68
   88  29  20  15  31  22  82  97  37  81  52  29
   93  18  25  55  51  44
   81  22  96  75  79  95  15  63  91  90  67  97
   97  49  93  47  38  94  27   2  43  36  64  60
   32  71  47  57  18  55  95  83  92  33  10  60
    9   7  62  41  25  43  93  73  54  75  58   8
   61  17  10  92  60  38  74  26  60  26  16  18
   88  73  30  31  75  19  75  40  97  87  75  97
   81  52  97  37  58  57  55  92  67  37  24  85
   19  73  29  40  84  97
   64  60  80  60  66  61  28  70  73  75  68  67
   75  43  35  70  92  70  60  21  19  75  70  15
    7  65  95  98  63  89  82  20  57  72  49  35
   96  59  59  64  93  87  48  98  72  23  99  44
   24  50  88  20  76  78  88  81  87  55  73  90
    7  25  92   9  40  40  63  24  54  76  59   4
   44  25  31  71  12  40  39  97  79  18  41  14
   82  52  12  35  61  85
   73  34  17  53  36  16  64  91  78  35  28  90
   56  52  54  48  90  21  99  20  77  11  71  33
   51  50  11  43  44  64  87  47  35  44  32  15
   42  35  74  53  54  67  10  48  38  28  69   5
   32   4  11  46  71  67   4  71  27  63  34  39
   25  54  92  85  30  86  80  34  44  33  87   3
   20  72  86  80  27  70  92  67  81   9  24  46
   71  45  38  97  85  26
    9  13  41  60  94  32  35  63  10  22  81  51
   74  25  24  99  66 100  36  20  27  70  81  86
   67  65  76  92  69  63  48   7  10  22  60  96
   92  98   4 100  31  57  18  10  49  51  53  43
   57  98  34  73  62  16  20  91  67  40  51  66
   37   9  51  86  60  20  84  42  96  36  42  27
   45  71  46  30  17  16  62  92  39  30  84  93
   87  75   7  45  73   7
   66  59   4  97  62  39   3  18  15 100  57  30
   94  58  94  31  95  68  97  18  65  90  99 100
   14  88   8   5  71  68  68  83  21  35  96  42
   75  48  89  94  20  66  57  43  94  60  75  15
   37  79  96  44  56  65  28  17  58  73  18  90
    8  24  48  97  24  23  73  28   3  80  22  29
   86  70  76   1  33  55  62  18  35  24  71  75
   35  55  16  77  77  72
   62  95  36  81  86  27  78   7   7  51  71  74
   21  41  51  31  12  93  63  30  39  63  19  85
   15  57  28  41  69  82  50  89  66  81  35  92
   70  66   1  49  38  92  24  63  33  66  82  41
   29  40  32  91   5  84  51  53  97  92  38   5
   20   4   2   3  97   3  15   5  45  83  83 100
   28  32  97  27  35  15  19  87   1  35  63  49
    7  38  41  31  13  16
    8   4  27  29  57   4  12  13  39  48  58   6
   24  21  21  77  80  67  54  84  54  29  89  68
   13  57  12  69  62  24  44  48  77  27   7 100
   43  26  93  37  59  76  11  30  92  18  24  93
   41  85  67   2  86  87  54   3   8  25  36  46
   23  96  62  74  30  67  89  88  32  42  67  58
   94  18  83  68  40  55  74  73   8  58  83  70
    4  87  86  40  56  97
   15  77  14   8   4  91  46  22  97  60  15  52
   63  92   9  85   5  96  28  76  11  78  34  38
   81   4  63  14  43  36  84  93  57  29  96  46
   39  87  37  40  87  78  99  34  49   3  26  91
    5   9  85  11  12  69  89  20  88  79  66  38
   73  26  38  38  44  65  24  23  27  61  26  50
   92  37  91   3  56  70  43  64  78   2  48  81
   98  77  17  67  82   3
   45  34  41  14  63  27   2  49  31  71  41  17
    3  25  28  90  10  73  49  60  76  63  25  88
   50  56  31  84  88  58  75  38  63  40  25  74
    3  10  19   6  50  38  91  14  59   6  21  46
   95  70  20  65  63  32  13  32  39  79  90  54
   26   3  92  95   2  63  13  64  81  93  83  81
   75  22  15  50  51  96  62  16  76  12  97  58
   78  85  43  84  60  20
   77  98  25  55  52  67  41  24  33  37  28  14
   68   2  60  20  14  51  52  62  88   2  10  92
    3  54  79  99  99  22  56  24  37  28  13  64
   56  18 100  74  59  80  98  68  40  34  50  90
   91  62  62  94  40  54  16  85  18  47  56  55
   39  11  14  82  76  78  21  14  14  64  83  12
   67  73  57  67  51  36  13  79  78  87  12  94
   74   9  88  96   7  53
   78  29  40  96  37  42  25  24  25  66  35  64
   34  54  72  21  32  10  29  45  95  66  38  64
   95  48   4  78  61  92  96  40  38  81  23  61
   80  46  46  71  70   4  82  76  18  84  38  42
   30   6  19  32  10  62  68  49  66  80  79   8
   91   2  26  57   4  52  58  25  86  65  14  68
   55   5  90  19  51  55  23   5   6  36  14  29
   88  10  71   3  54  16
   80  21  25  57  98  52  81  83  39  17  99   4
   22  38  57  87  88  89  14  66  41  80  78  26
   51  97 100  97  45  73  80  67  61  95  55  32
    7  49  74   3  13  86  28   7  91  21  31  84
   24  48  23  26  68  81  96  38   8  12  13   6
   45  70   9  25  57  15  65  70   7   6  31  79
   44   6  80  16  71  65  95  96  28  16  44  34
   54  49  61  91  84  95
   79  16  73  85  12   8  11  30  23   6  17  40
   85  87  93  74  55  64  95  49  79  38  19  44
   32  20  13  69  49   8  23   8  68  85  95  42
   68  64  57  75  12   6  13  57  76  53  41  19
   81  25  68  33  97  68  79   7  56  60  48   9
   16  31  48  55  40  95  32  46  16  88  32  84
   80  73  69  51  86  18  34  96  56  17  15  98
   84  51  43  57  17  54
   99  59  66  15  38   6  44  49  62  51  40  13
   12   5  90  80  20  40  34   9  87  64  48  60
   66  35  35  79  45  25  86  56   6  66  20  54
   51  94   6  10  74  17  88  84  70  16  20  91
   57  29 100  66   5 100  55   4  37  60  34  33
   31  16  64  54  37  12  50   7  68  48  43  90
   89  13  73  16  37  16  72  96   8  75  80  69
   48  55  61  50  81  98
    6  77  64  27  23  67  18   7  58  44  40  13
   14  20  53  34  51  69  63  24  40  38  53  77
   65  88  96  64  93  19  32  77  60  49  61  91
   47  89  91  11  25   3   9   2  39  59  77  75
   91  10  65  27  18  75 100  93   5  58  31  39
   44   3  23  24  65  88  48  72  60   1   5  89
   25  40  27  53  26  32  11  14  49   2  35  46
    4  61  83  74  46  80
   18  95  35  76  35  24  58  34  21  70   4  75
   38  67  75  53  70  26  22  51  36  72  54  69
   30  96  59  99  40  16  76  14  12  36  28  84
    8  30  79  81  30   5  31  24  55  74 100  60
   63  24  14  49  79  69  45  10  41  94  40  21
   93  93  60  21  29  70  71  14  75  42  27  18
   39  98  63  57  28  48  58  41  40  26  69  39
   52  69  11  79  92  60
   90  39  16  22  54  59  42  53   5   5  93  62
   45  26  85  26   4  57  19  20  15  17  37   6
   81  43  72  71  23  25  53  26  81  51  37  68
   22  21  51  30  88  25   7  10  35  76  52 100
    7  75  56  29   3  84  71   3  74  17  69  91
   94  98  91  35  64  12  33   4  79  84  76   1
   32  28  95  40  59  85  65  82  30   8  81  72
   65  97  22  38  89  53
   48  64  33  57  20  12   9  32  21  64  10  28
   95   4  37  20  55  54  49   7  87  91  10  67
   52  73   7  79  20  21   1  70  62  76  54  16
   48  60  18  75  67  42  13  63  29  52  91  54
   52  58   5  11   7  22  79  45   7  65  10   3
   24  57  83  57  29  61  41  33  23  42  80  33
   49  71  28  82  81  53  62  76  58  76  20  33
   49  32  89  45  54   9
   12  14  88  80  88  39  66  32  94  65  24  48
   52  69  75  46  67  91  74  66  76  97  53  66
   32   4 100  92  72  21  34  57  68  81  99  63
    1   7  64  95  62  71  22  37  29  38  93  17
    2  94  36  46  58  86  28  68  27  73  67  56
    9  91  42  85  58  65  92  44  71  46  58  69
   66  11  98  89  19   9  89  80  26  94   4  72
   79  16  39  52  12  17
   75   6  90  52  74  59   3  65  70  24  32  87
   19  63  30  63  76  65  43  88  17  56  39  43
   96  23  61  24  36   2  17  81  72  52  75  96
   57   5  62   7  35  87  28  16  88  11  92  98
   84  32  25  33 100  71  65  63  74  99  62  45
   58  72   9  59   6  27  68  52  83  23  69  90
   43  42  53  85  21  12  66  68  34 100  69  92
   13  19  62  23  46  82
   35  92  95  43  67   2  76  19  78  39  75  89
   55  62  86  50  38  99  91  47   3  41  28  19
   15  12  74  60  12  19  60  36  56  47  34  45
   12   2  97  49  84  69  48  69  75  88  26  73
   96  14  12  41  94  56  81  43  22  77  48  16
   21  50  99  69  42  17  82  11  69  96  14  15
   77  62  82  37  84  20  30  81  34  45  55  39
   65  76  53   2   9  39
   21  66   2  87  27  38  61  37  57  41  83  45
   44  31  49  14  39  77  48  89  14  58  32  31
   83  82  89  80  50  61  69  75  35  52  40  51
   11  97  12  69  83  74  19  44  39  80  89  79
   14  86  83  97   1  62  35  83  47   7  94  99
   49  99  91  13  13  12   2  99  85  64  63  40
   17  97  27  91  52  31  53  45  37  81  74  51
   19  13  25  31  21  82
    141   138   133   164   162   141   149   154   136   142   139   141
    148   133   150   146   143   130   141   141   132   157   151   143
    153
