 20 125
   99  19  76  61  51  21  98  12  51  44  84  24
    6  67  31  79  93  84  64  57 104  73  44  91
   92  58  57  65  25  31  31  35  15  50  89  93
  113 112  80  36  49  84  49  90  27  54  11  58
   37 107  86  43  55  73  92  56 100  24  70  82
  101  67  85 102  22  89  77  83  78  78  87  47
   63  52 117  41  33  11  22  89  58  27  76  71
   42 105 108 104 107 107  45  13  94  12  98  35
   86  15  89  45  12  76  91  39  63  26  86  49
    8 111  82  61  18 102  49  15  65 108  94  26
   80  46 114  81  25
   73  45  89  20  32  92  19  28  71  34  97 113
  108 115  35  36  28  40  25  93  59  67  31   4
  108  21  32  13  68  67  35  61  51  37  49 107
   25  53  80  31  40  63  98  73  29  39  17  58
   31  79 109   4  91  83 111  89  29  97  82  52
   91 103  35   5 106  18  24  71  96  75  19  84
   87  51  33  36 104  71 104  97  65  94  97  36
   65  65  45  22  61  22  92  80  52  32  80  76
   25  45  86  83  73  83  84  82  80  17  94  33
   63  32  96  40  74 109 100  77  47  70  44  70
   88  94  19  29  57
   97  38  65  58  32  99  34  98  73  63  65  93
   13  75  35  48  54  63  50  62 101  51  78  74
   20  77  97  84  43  15 105  91  59  74  50  84
   18  33  36  58  28 107  78  37  42  66 101  60
   41  59 102  43 110  56  14  94  33  55  22 108
   16  96  20  39  12  72  14 107  44  84  24  21
   25  52  91  41 101  44  30  76  16  60  22  77
   50  30  73  26  64  15  96 110   7  78  32  97
   47  78  96  22  28  37  18  46  79  78 104  81
   26  37  59  73  49  51  94  42  11  20  42 105
   67   3  43 106  26
   48  55  48  30  18  26  77  51  80  88  50  39
   13  66  13  56  32  76 111 106  40  78  24 114
   61  50  47  46  50  97  31  53  96  30  19  55
   55  66  47  19  63  77  89  70 112  87  99 105
   79  20  74  40  61  69  15  31  20   6  26  35
   50  87  44  55  53  11  42 103 104  35  43  82
   79  36  46  88  85  56  34   9  17  44  49 110
   46  79  78  24  95 104  98  39  75  32  11  89
   23  12  72 101  33  30 116  50  15  60  53  39
   57  51  65  90  48 109   6  26  41 101 109  66
   72  71  96  91  67
   49  18  91  81  23  61  33  75  28  14  94  85
   83  48  53  84  99  37 102  14  30 111 110  30
   46  23  47  85  68  63  80  75  44  16 102  50
   33  62  93  73  20 105  82  69  35  19  67  93
   75  67  83  52  89  35  40  30  17  35  47  67
   72  10 109  39  72  59  29  89  84  27  42 102
   71  66  98  67  65  47  57  51  24  51  75  43
   98  60 100  32  85  38  87  65   8  89  62  67
   91  47  62 101  58  69  48  63  58   9  71  27
   19  65  51  42  83  24  86 107  78  39   6  80
  109  49  79 106  52
   31  28  85  83  36  45  37  42  18  34  43  58
  105  69  99  40  19  19  52  22  50  28  32  25
   36  80 104  23  90  24  78  61  53  71  46 101
    9  17  34  27  29  68  69 109  64  86  78  99
   29  83  60  44  42  88  90  98  30  91  26  34
  116  86  87 105  34  25  56  35 110  12  84  54
   38  57  93  75  83  25  99  61  81  94  47  93
   12  60  66  81  43  96  41 109  72  97 102  34
   77  64  39  44  44  24  97  89  24  14  87  99
   22 102  71 106  36  51  66  70 101  39  12  54
   50  25  21  77  99
   52  61  13  62  53  23 101  79 109  93 103  40
   30  31  71  36  38  99  32  79  38  78  46  59
   91  22  19  45  33  80 106  91 113  39  18  58
   62  78  98  33  14  50 107  16  20  20  33  37
   66  43  36  11  63  66  29  99  57  50  90  37
  101  75  93  49  16  19  15  80  66  24  38  92
   96  50  74  28  79  78  63  34  66   8  22  62
   66  92  94  73  93  25 113  60 103  91 105  29
   40  20  82  98  50  58  98  74  45  99  97  33
   75  30  76  60 102  14  82  67  93  63  18  15
   30  49  82  53 106
   29  95  85  90   9  54  72  56  42  40  74  42
   33  87 103  80  68  81  92  70  99  75  84  99
   30  80  92  41  33 101  21  38  97  46  13  80
   47  65  24  38  65  11  95  67  36  62  88  13
  110  52 107  54  81  81  71  36  36  68  80 106
    9  85  75   9 107  69  50  87  25  34  71  91
  100  60  34  55  24  58  50  18  64  22 116  55
   24 101 104  14  25  24  50  96  27  49  20 104
  102  98  43  16  20  93  59 100 106 105  16  69
   72   7  33  77 110  42   8  61  22  88  54  79
   73  20  27  54  25
   93  22  23  36  54  92  42  32  49  62  54  67
   74  54  78  59  71  93  96  25 104  31  65  66
   45 118  70  60  83  45  84  91  52  97  30  17
    7  53  56  57  55  93  57  91  36 104 110  45
   78  49  47  72  28  81  88  18  31  33   9 114
   51 113  22  20  80 114  99  17  27  71  58  60
   77  23  54  76 103  62  34  26  35  89  93  73
  108  21 100  34  10  90  92  50  14  65  34  50
   14  60  99  90  31  70 109  35  49  39  32  80
   75  15  36  63  33  25 101  70  79  20  63  91
   13  78  87   6 106
   62  62 103  98 105  88 106  57  67  37  95  22
   91 103  59  43  22  45  22 102  45  63 105  16
   61  28  84  63  72  80 100  42  97  52  72  56
  105  49  49  48 107  78  44  41  31 102  44  97
   22 110   7 104  18  52  26  76  17  88  37  91
  107  70  70  66  75  55  44  25  37 104  38  52
   40  71   2  48  80 107  75  16  54  15  95  40
   14  50 107  19  89  45 100  28  94  99 102  24
   75  43  81  27  50  63  38 108 101   5  52  82
   41  30  82  75  32  47  34  11 113  26  33  83
   80  68  20 111  47
  100 107  20  43  62  27  83  80  26  97  25  61
   62  74  80  65  84  25  98  43  77  29  26  24
   41  42  64  79  69  95  61  68  49 105  84  34
   35  83  26  11  35  38 113  18  10  52  79  36
   41  91  71 100 103 105 109  66  26 102 104  47
   28  32  52  45 107  78  64  85  66  91  91  26
  102  69  37  34  61  71  51  30  77  91 103  70
   91  58  93  20  22  54  44  88  54  94  93 109
   97 105  13  43  60  65  49  37  70  28 104  57
  101  24  49 112 114  65  50  43  43  47  84  68
   86 109  33  34 107
   24  87  31  38  75  25 106  49  32  43  42  44
   41  99  78  21  58  61 114  88  84  93  36  96
   65  19  60  13  64  36 102  60  36  91  37  56
   63  77  37  18  23  28  43  31  25  53  13  55
   93  53  23  44  20 105  54  67  32 100  25  95
   23  77  23  75  95  49  23  44  57  98  95  40
   53  98  93  74  21  45  19  88  14  13  61  77
   87  50  19  33  15  65  50  27   2  21  16  30
   35  68  91  98  30  81 100  97  77  80  59  36
   83  21  80  81 109  67  35  48  58  18  16  50
   69  54  79  63  73
   91  65 109  44  49  91  36  15  43 100  82  55
   38 106  49  78  80  68  16   8  93  33 111  60
   49  75  94  93 103  93  57  28  60  75  25  61
   95 110  66  65 102  93  78  27  85  99  35 100
   29  90  23 100  84  61   8  63  56  16  93  61
   28  54 105  89  79  11 100  22  73  23 115  85
   95  51 104 106  39  53  84  34  26  20  61  15
   67  33  62  64  92  39 109  90  22   8  38 104
   60  36  95  57  27 110 106  30  31  72  19   7
   87  13  20   8  78  23 105  61  53 110  77  77
   66  92  63  98  57
   55  74  28  96  60  95  75  29  34  45 107  72
   55  15  55  93 110  86  38  42  81  95  12  72
   41  46  87  50 103  34  13  39  65 104  84   8
   54  31  89  27  57  27  97  97 116  84  92  46
   74  52  39  13  38  48  67  31  75  47  15  53
   23  59 104  10  70  45  73  51  38  34  70  35
   39  71  22  25 105  47  70  53  91  63  25  23
   13  69  91  37  43  41  29  66 115  59  39  90
   26  99  18  43 102 105  56  45  51  42  20  69
   15  85  30  27  71  99  54  72  29  25  40  25
   56  14 104 104  71
   42  67  84  28  11  82  24  73 110  79  19 108
   32 106  89  12  14  28  24  67  62  74  36  33
  102  57  89  56 109  86  19  58  43  91  73  62
   91 102  37  44  82   5  57  30  91  61  57  25
   17 114  13  24  76  54  36  28  50  52  97  99
   83 112  31  84  90  27  93  15  58  85  32  15
   18 105  34  21  49  53  71  63  36  69  78  48
   32  41  31  25  51  78 106  63  93  66  22  36
   26 108  35 106 104  20  36  89  80 114  58  83
   99  17  95  30  67  65  65  65 107  87  50  26
   66  89  27  66  37
   45  60  47  47  56 109 109  85  16  51  57  25
   26 116  79  26  95 113  66  53  13  92  93  66
   87  73  42  52  42 113  24  54  67   6  61  35
   29  76  51  52  44  21  44  30  50  11  52  33
   45  88  50  97  88 100  73  26  44  46  88  34
  108  59  27 114  24  49  53  74  63 102  46 116
   62  27  99  77  48  14  29 107  90  63  49  49
   20  17  77  70  37  73  25  19  45  44  24  47
   41  55  59  76  31  86  54  74  80   9  84 104
   30  27 107  62  41  20  20  59 118  45  84  53
  111  60  28  74  80
   99  26 109  27  56  62  41 110  57  95  27  27
   43  75  87  68  79  15  31  50  56  34  78  68
   51  91  26  29 102  88  53  54  14   9  53 104
   48  97  48  22  90  73  78  53  88  98  45  72
   66 111  69  98  48  68  26  67  76  18  52  23
   89  89  80  50 101  21  19  11  24   6  88  89
   81  36  43  90  30 102  80  90  43  19  57  70
   27  84  27  86 108  67  97  23  20  23  61 105
   91  61  23  37 105  87  75  24  94  42  14 110
   16  29   8  16  91  32 108  58  93  24  51  17
   76  98  76  20  93
   27 108  36  47  74  39  70  51  92  82  69  42
   85 102  20  55  23  35   7  56  65  60  50  27
   29  58 103  55  26  44  26  56 101  10  97  57
   90  87  42  35  99  80  28  24  69   9  67  54
  105  64  86  16  43  74  76  63  56  74 111  13
   24  58  95  70  54  20  96  71  70  92  36  85
   95  16  36 113  69  87 105  97  45   8  59  75
  100 113  35  30  34  47 107  51  30  60  84  54
   65  64  64  81  77  73  69  33  89  27  27  41
   28  26  70  54  10 102  41  43 116  81  37 100
  112  78  23  44  30
   96  61  12  19  34  40  12  42  65   8  53  48
   63  20  88  25  73 100  14  19  10  69  57 113
   65  43  74  83  58  18  92  77  81  47  95  84
   12  38  80  92  41  72  29  31  83  34 101  76
   81  25  29  74 106  93  43  61  31  97  45 100
   36  95  55  39  24  49  24  56  97  20  56  75
   62 103  27  57  74  39  58  35  72  97  92   6
   87  47  86  78  71  30  39  31  79 109  49  65
   76  49  39  29  63  95  44  65  82  45  84 105
  108  63  94  16 100  63  41  47   7  76  92  62
   54  88 112  72  24
   75  73  19  26  49  59  82  76  82  47  28 106
   87  27  59  19  95  88  91  51  71 116  38 106
   78  36  94  71  39  57  34  22  60  55 116  22
   39  52  52  91  53  24  74  21  77 115  15 104
   76  89  54  93  54  87  96 100  29  33  41  84
   63  45  68  76  62  20  88  90  35  18  57  40
   41  18  34  66  68  54  18  18  25  79  98  71
   64  49  65  43  28 101  26  74  52  21 107  73
   81  43  68  43  40  33  26  31  47  72  56  50
   26  55  99  23  41  79  95  77  66  18  75  39
   18  37 100  67  10
   19  94  42  53  65  84  21  97  63  65  28  83
   97  46  82  36  15  20  56  61  12  47  65  25
   20  49  54  46  93  89  85  85  99  69  28  26
    5   7  39  69  58  29  60  17  86  58  98  58
   75   1  16  61  59  32  15  58   9  87  32  32
   19  45  18   6  94  19  29  29  41  41  15  64
   48  54   3  79  79  93  90  27  60  80  28  40
   65   3  10  14   4  11  57  95   9  97  13  72
   26  90  21  57  98  36  21  79  55  88  29  68
   98   2  31  41  94   6  67  94  55   8  21  88
   29  69   3  34  88
   33  69  14  92  71  17  85  87  41  78  11   6
    2   3  70  70  90  73  91  12  58  48  86 100
   10  96  84  89  39  39  79  50  68  81  57   9
   84  55  38  84  76  53  15  29  74  67  88  59
   84  27   8  99  29  36   2  18  83   9  24  62
   12  11  85  98   7  93  93  49  24  34  89  28
   25  69  86  80   9  38   6  22  52  15  14  70
   48  46  63  89  42  95  27  23  68  72  36  30
   89  72  18  30  33  19  34  32  29  94  18  78
   47  82  12  76  36   2   3  42  57  47  63  32
   27  25  85  86  50
   14  82  52  48  82   6  80  12  42  47  40  27
   98  34  75  56  56  40  70  53   3  68  37  45
   97  42   6  23  59  90   9  25  56  37  67  31
   88  86  83  44  79  12  25  79  62  44  12  53
   67  56   5  70   7  55  93   9  69  64  83  10
  100  15  83  67  93  31  93   9  75  20  89  90
   95  56  17  79  15  72  72  43  89  43  93  37
   59  76  45  91  38  96  12   1  98  38  76   8
   60  26  16  92  77  68  84  63  26  42   2  38
   92  80  43  36  60  61  21  65  95  91  78   7
   39 100  75   6  89
   69  47  71  81  88  84  43  64  29  19  61  66
   94  44  92  62  72  26   3  14  68  29  96   3
   46  63  56  72  63  16  75  64  11  90  99  55
   48  47  64  94  43  34  27  42   8  31  13   6
   36  83  46  78  42  42  88  75  96  96  80  73
   66  19  73  47  49  95  71   6  13  68  65  31
   32  68  73  15  27  59  77  99  99  68  58  10
   72  29  38  94  24  15  13  63  27  78  93  22
   88  91  40  14  84  77   3  52  97  51  56  65
   55  58  41  24  67   9  96  88  63  19   1  39
   30  45  10  19  49
   67  87  12  25  81  50  77  36  83  95   8  24
   28  54  56  28  14  73  17  98  75   3   8  86
   64  88  64  26  44  54  22  28  71  90   7  61
   84  45  18  46  96   6  25  37  73  90  43  14
   32  37  30  65  17  85  70  81  96  68  62  35
   47  99   6  76  39  59  88  14  27  83  77   6
   35  49   4  47  46  64  47  55  87  54  31  59
   22  48   2  87  29  69  22  52 100  19  55  42
   20  67  56   6  56  39  54  40  48 100  42  77
   92  48  68  76  30  96  16   5  38  65  97  29
   11  64  41   2  52
   88  79  18  23  75  68  69  65  84  86  73  57
   11  37   7  67  92  83  60  87  61  83  82  77
   67  32  15  97  27  92  31  51  53  37  69  16
   98  86  77  84  86  42  43   6  55  28  37  15
   91  29  48  75  69  24  19  18  86  26  85  72
    3  19  17  12  77  95  48  84   8  96  21  55
   64  46  19  41  28  86   9  48  33  23  72  11
   97  54  49  30  64  14  71   5  40   7   2  79
   29  47  72  73  71  93  18  20  84  91  20   7
   96   4  37  11  84  55  50  37  13  66  91  56
   70  89  90  38   7
   52  48  92  49  57  87  18  35   8  18  15  68
   84  77  33  75  77   8  72  35  68  41  70  55
   22  87  89  70  70  23   5  21   4  79  91  48
   55  25  13  74  90  60   9  95  91  99  78  68
   51  60  74  93  51  52  85  10  58  61  25  74
    8  42  20  58  89  99  98  26  39  81  74  27
   22  64  38  85  25  37  43  83  39  95  89  48
   50  26  21  45  26  90   2  59   2  20  10  85
   70  95  25  17  68  44  13  30  64  14  16  73
   45  75  36  56   3  99  30  35  27  47  89  97
   83  59  31  58  13
   77   9  28  30  93  52  42  54  76  68  38  70
   80  33   4  34  42  38  28  32  10  27  35  21
   90  29  20  66  81   2  90  75   8  66 100  40
   61  43  90  71  40  91  23  37  81  49  21  99
    3  62   6  54  39  34  33  67  76  51  32   8
   96  30  43  95   8  47  52  27  83  81  34  22
    6  52  81  56  93  51  53 100  49  87   2  57
   87  17  16  99  79  87  58   7  88  71 100   3
    7   4  63  96  90  23  52  12   3   3  94  34
   48  95  81  41   9  66  96  44  84  30  64  23
   29  91  77  65  87
   22  85  88  72  57  10  78  82  55  44  55  43
   45  57  36  48  35  19  16  90   1  88  50  43
   73   2  42  52  25  60  30  21  59  17  78  96
   96  60  61  61  62  12  51  16  73   3   8  72
   28  66  64  35  90  28  14  91  81  86  98   3
   62   7  98  84  25   6  15  98  79  38  61  42
   40  87  50  31  13  49  79  87  84  22  20  33
   10  93   7  68  96  28  20  68  97  54  77  63
   91  52  21  29  79  42   4  76  62  70  74  35
   37  96  72  42  80  83   8  32  33  84  53  22
   94  26  29  97   5
   45  47   2   4   8  21   4  49  47  83   7  90
   28   1  46  64  85  65  94   5  66  40   3  87
   59  92  36  57  41  33  13  74   8  55  42  47
   13  67  60  72   9  35  66  68  80  18  65  18
   84   5  99   2  84  54  92  38  93  28  77  20
    7  32  45  52  40  56  72  87  68   3  67  68
   64  34 100  58  32   4  45  86  48  96  16  77
   99  65   4  95  18  69  15  79  17   9   9  78
   34  67  35  91  66  45  68   5   4  97  52  29
   73  75  29  37  71  57  84 100   4  92  79  28
   22  34  91   3  63
    6   5  85  68  51  80  19  28  94  19  89  59
   57  43  39  55  25  87  21  64  37  86  81  79
   72  63  56  25  41  15  48  44  65   2  23  85
   74  36  93  93  84  64   5  93  94  61  26  79
   64  13  35   2  12   5   8  53  91  13   3  62
   89  84  53  71   7  33  49  33  46  21  29  91
    3  46  67  73  51  36  58  75  28  28   6  49
   27  58  13  89  80  55  65  25  51  18  21   1
   15  10  98  71  52  46  62  81  35  76  13  60
   13  79  71   5   2  43  68  68  69  58  33  49
   27   1  78  74  11
   94  21  81  76  32  86   1  71  80  67  62  61
   67   7  28  88  47  58   4  27  36  24  75  16
   52  89  53  98  53  66   1  60  71  22  78  64
   52  26  77  92  92  81  59  80  79  63  93  53
   24  59  93  67 100   3  55  45  84  14  93  12
   92  34  82  36  13  67  88  65  50  14  11  62
   59   9  21  45  84  62  92  23  93  93  50  35
   20  68  95  85  98  40  52  84 100  83 100  81
   73  35  17   8  80  27   8   8  34  30  51  84
   35  83  31  28  10  40  76  60  50 100  99  69
   47  50  31  47  32
   11  50   3  67  68  14  77  92  66   4  38  62
   75   8  63  36  29  48  90  99  16  73   2  58
   59  43  14  22  14  14  62  91  46  29  92  50
   25   6  43  46   7  22  37  84  28   6  69  11
   86  19  89   2  33  49  94  51  58  93  16  58
   78  48   3  14  25  97  13  88  29  95   2  21
   15  60   5   5  78  58  31  73  85  91  44  95
   49  84  56  51  24  75  11  30  90  99  73  12
   44  78  14  56  80   8   3  89  87  43  89  96
   26  89  96  99  25  88   4  54  61   5  34  33
   54  14  48  11  48
   55  34  76   7  46  18  35  86  83  59   7  40
   57  96  60  13   1  20  78  73  27   9  90  48
   68  72  15  60  12  83  92  67  37  16  27  96
   57  86  22  85  51  87  18  17   3  27  28  59
   42  66  79  98  76  54  49  84  34  70  97  59
   97  58  14  99  42  62  45  55  74  68  42  82
   69  41  88  85   9  57  45  52  14  48  82  89
   89  35  23  66  59  65  73  46   1  54  68  26
   84  16  99  75  14   8  62  72  56  62  86  39
   89  29  78  84  33   9  54  37  84  92  80  85
   62  98  11  14  40
   69  50  31  92  91  24  89  47   2  31  92  10
   81  14  22  97  88  88  82  45  43  29  80  87
   14  55  22  54  10  24  88  50  63  13  35  46
   20  10  71  69  25  98  50  84  14  49  58  85
   92   2  97  82  35  58  80  90  61  66  11  11
   32   7  75  28  30  86  27  90  53  18  79  98
   99  12  86  94  53  65  35  51  75  45  31  54
   88  78  87  92  65  40   9  47  18  39  83  78
   80   7  67  10   4  83  74  20  35   6  61  28
   13  97  15  81  47  52  44  43  13  24  61  79
   36  13  75  49  77
   67  43  67  73  59   6   3  33  88  56  59  85
   89   2  30  84  18   2  45  59  90  15  16  53
   23  29  71  60  64   2  91  63  38 100  51  69
   76  35  52  51  62  97  63  81  61 100  59  71
   63  15  53   9  16   3  40  93  69  63  29  79
    5  60  86   4  78  69  67  35  56   8  57   3
   52  76   9  36  65  95  76   5  19  41  59  55
   93  87  34  45  71  38  92  83  66  67  83  69
   68  55  46  26  76  30  48  42  36  98  24   4
   80  89  12  41  64  87  93  54   2  73  28  61
    8  58  91  29  29
    7  91   3  92  55  45  75   3  63  10  86  89
   75  37  28  40  31  97  86  57  59  68  30  43
   62  26  89  88   2  26  55  65  88  96  57   5
   71  23  57  92  21  38  33  53  19   4  67  37
   46   7  35  11  69  39  93  40  30  89  63  81
   29  28  23  69  17  97  92  99  80  98  21  22
   30  74  77  24  85   5  32  23  68  87  50  46
   83  31  76  25  11  36  22  80  90  88  53  10
   14  44  80  74   5  18  41  87  13  67  93   1
   98  86  96  94  21  87   5  61  24  90  52  96
   28  14  38  84  11
   77  10  69  58  37  80  39  67  27  34  48  64
   26  10  91  60  80  70  97  56  37  43  67  86
   82  52  10  52  82  58  78  60  17  99  15  60
   17  24  76  83   6  28  84  79  34  97  52  51
   15  42  31  97  68  30  40  47  50  35   9  96
   96  61  12  47  57  92  10  46  35  22  82  18
   23  91  68   7  40  33   6  14  73  98  61  31
   10   6  76  83  77  70   2  62  82  45  32  64
   44  55  47  32  35  42  48  85  21  91  93  64
   89  81  41  64  97   9  79  74   4  37  70  12
    6  27  82  66  80
   12  44  93  93  80  69  99  64  46  99  63  71
   41  96  22  83  29   5  91  92  97  37  51   4
   43  61  37  22  61  91  23  40  28  72  14  26
   95  67  29  11  74  46  89  75  21  72  12  39
   27  91  85  45   6  19  68  50  82  23  72  11
   75  21  49  71  91  57  78  51   7  98  56  34
   58  14  81  51  30  71  46  74  39  16  16  96
   28  64  27  28  44  88  66  76  37   5  62  37
   37  61  72  82  48  24  67  45  33  66  25  10
    3  55  11  98   2  39  70  59  97  35  14  49
   66  18   6  30  80
   28  46  98  89  53  48  27  38  22  69  80   7
   22  84  49  93   8  22  13  67  41   2  77   9
   31  73  11  45  65  53  82  90  54  61   2  81
   64  58  52  14  57  85  32  82  26   2  88  16
   33  16  59  18  49  33   9   2  89  85  62  27
   53  70  47  41  54  91  31  12  69  93  53  69
   66 100  71  40  48  51  91  87  83  41   9  47
   52  55  43  63  76  10  79  32  61  85   4  30
   32  68  39  59  71  85  85  83  55  43  55  61
   93  64  15  88  64  27  15  34  54  98  36  75
   93  77  18  39  95
    246   248   270   276   250   257   261   253   254   247   238   273
    241   267   260   261   259   254   256   261
