 10 400
   99  31  80  16  47  95  76  89  73  21  30 108
   39  23  41  25  52  23  46 107  40  60 110  50
   62  23  56  21  32  69 107 102  35 102 107  25
  110  85  28 106  83  47  59  55  85  34  95  72
   95 103  97 101  85  19  22  40  35  58  53  71
   43  36 105  99  33  15  63  72  90  89  80  38
   65  61  34  85  70  45  96  45  36  82 110  89
   77  72  37  61  18  35  71  39  13  34  28  59
    9  45  28  86  40  28  87 100  49  68  50  51
   61  99  29  64  51  98  77  58  94 101 105  14
   85  73  82  39  87  46  18  28  69  96  37  59
   58  84  43  75  30  52 110  42  68  41  18  72
   88  82  45  82  17  72  66  25  54 103  36  63
  103  20  84  29  43  59  39  45 113  88  67  32
   27  23  40  98 110  80 115  21  60   5  92  61
   75  39 103  59  28  75  18  90  77  71  23  76
   84  68  17  28  35  35   6 100  88  93   7  81
   47  95  79  20  65  98  81  39  60  97   5  56
   74  70  61  30  31 114  70  61  71  20  54  92
   74  85  27  20  25 105 109  60  63  26  28  87
   44  48  59  64  71  69  41  34  66 107  25  30
   78  96 110  30 111  78  21  71 113  40  28  32
  107   5  11  46  52  56  88  52  82  38  38  52
   66 100  13  36  83  97  52  46  10  83  94  86
   31  72 110 101  20  71  89  42  63  41  92  57
   49  39  93  97  72  41  95  61  78  43  41  74
   68  10  71  79 102  89  56  79  86  19  45  46
   38  33 113  46  92  70  87  38  95  10  21  18
   31  34  94  56  16  96  32  42  85  43  56  36
   81 111  14  68  75  93  88 108  27  83  16  97
   28  88  72  76  76 106  50 112 101  56  99  85
   76  63  81  59  73  81  85  45  78  35  51  13
   82  80  11 102  27  69 107  42  65  45  66  84
  105  76  47  28
  105  59  40  95  16  59  16 102  19  10  61  38
   55  62  59  12 106  28  71  70  14  30  84 100
   74  67  42  34  86  78  42  13   8  30  51  95
   49  65  22  14  59  25 101 107  57  12  99  57
   14  82  43  89 106  98 105  24 113  61  93  28
   80  78  82  99  23  23  80  56  24  45  73  44
  103 100  24 100  31  25  11  65  18  28  72  99
   39 111  29  23  76  41  71  81  98  51  96  92
   48  52  95  31  45 115  89  62  93  42  43  27
  107  40  20  77  52 109  60  84  86  83 105  80
   96 103  59  97  40  46  22  30  89  56  87  58
   55  85  18  66  40  24  35  20  77  55  62  51
   31  59 108  94   9  49  73 107  98  39  31  22
   71  58  23  99  31  13  93  41  67  82  44  78
   37  83  63  20  76  58  29  43  35  87  52  48
   67  71  18  35  66  14  80  11  22  86 105  70
   28  12  15  11  18  23  28  26  23  65  97  92
  111  83 104  94  50  94  20  66  88  38  45  26
  112  66  28  55  46  94  50  75  78  84  59  17
   65  66  26  17  24  54  91  67  46  81  35  97
   85  87  16  33  11  42  67  63  16  76  81  80
   24  30 111  21  26  29  59  20  79  55  45  30
   69  27  63  57  72  35  33  20  79  52  20  18
   70  41  83  54  53  72 109 114  21  86  33  25
   96  62  92 103  51 103  77  87  30  20 112  83
  109  34  12  61  91  44  85  20  50  57  34  34
   78  79  90 108   6  83  26  44 103  38  58  94
   33  25  13  35  87  96  13  69  80   7  55  85
   24  84  45  59  20  98  48  63  96  76  43  62
  113  65 101  90   7   5  48  48  68  78  58  46
   27 104  96  87  33  29  89  58  72  76  99  22
   33  77  57  43  28  25  94  92  85  79  81  24
   68  98  28  22  44  90  73  33  95  58  17  50
   94  43  64  96
  100  39  76  14  10  64  97  50  79  47  46  83
   71  23  86  17  63  61  46  18  62  53  73  44
  112 100  67  91 107  92  38  78  94  25 100  86
   72  61  23  79  65  90  52  25  28  66  97  32
   78  27  31  32  34  94  45  34  32 114  34 107
   66  50  29  69   8  37  24  82  77  72  76  57
   49 100  36  55  95  90  33  94 117  70  92  72
   63  93  36  54 103   4  70  58  60  66  34 111
   32  88 102  74  34  76  62  35  66  63  62  19
  105  99  36  68  17  84  63  14  81  32  31  53
    8  52 105  31  24   9  99  68  63  76  25 101
   37  55 102  64  49  84 107  60  58 108  69  90
   69  10  98  51  87  92  35  66  40   9  61  71
   82  74  91  26  60  98  31  83  92  16  67 100
   66  96  54  35  72  75  45  93  63  28  96  71
   26  46  59  73  64  69  97  78  16  44  40  74
   51  66  44   7  62 109  50  30 100  39  44  79
   57  45  39  30 105 109  46 105  26  86  60  40
   74  37 102  52  15  64  48  68  47  47  52  83
   21  95  30  55 101  12  27  79  67  25  31  18
   66  69  79  26  22  34  99  34 101  74  88  38
   98 104  94  32  42 118  12  90  81  54  71  34
   53  25  59  20 115  47  65  44 109  25  68  92
   89  72  85  53  25  32  92  87  20  23  30  50
   76  43  77  92  67  94  23  98  91  71  58  55
   70  50  35  73  34  60  77  29  15  50  26  17
   89 106  95  14  31  40  66  15  17  68  75  70
    6  85  59  54  45  47  33 103  94  99  51  61
   67  46 111  62 108  84  62  88 106 114  47  98
   58  98  40 100  54  43  73 100 105  67  99  70
   86 116  49  67  42 101  77 105  47  94 101  33
  100  93  93  18  27 106  96 109  78  33  95 109
   83  45  66  99  45  22  87  54  93  67  81  96
   71  51  39 109
   44  39  39  30  74  69  29  99  18  48  61  31
   74 104  54  24  73  18  82  25  70  59 100  83
   46  94  14 108 105  49  41  31 116  38  42  35
   29  21 103  47 108  34  49  33  35  27  13  76
   40  30  98  96 100  11  12  91  60  22  32  72
   35  21  47  40  60  68  88  93  69  89  99  88
  109  99  95  12 111  52  82  46  79  48  40  70
   38  39 106  52  23  86  93  29  36  81  28  18
   16  69  16  44 108  46 112  30  97  48  32  69
   35  73  15  59 110  27 113  38  85 109  11  82
   71  64  47  41  53  17  34 104  98  79  48  76
   27  23  67  35  60  85  17  81 117  56 105  53
   59  14  19  96  75  29  59  43 106  95  66  12
   73  61  91  51  45  88 109 117  68 102  26  41
   93   8  37  81  84  82  58   7  92  31  93  69
    6  48  49  99  68  87  26  87  70  53  95  63
   72  46  57  85  83  85  79  48  34 109  99  93
   78  84  20  26 103  43  24 105  97  25  26  66
   72  46  86  25  83  56 106  44  31  67  49  40
   45 104  44  94  44  54  21  22  48  59  61  18
  112  36  79  78  99  61  55  74  29  68  74 102
   54  95 109  14  92  97  24 105  74  93  23  93
   91  50  97  22  17   5  43  41  44  46  78 104
   60  82  53  86 102  35  64  27  51  68  93  60
   71  99  73  72  92  54  79  36  26  29  94  45
  115  69 104  73  84  53  77  88  98 102  97  70
   16 110  50  24  87  32  93  54  67   6  87  78
   53  65 105  84  28  49  39  19  18 101  72  99
   88  79  41  97  97  99  90  37  38  66  54  69
  100  49  49  96  87 112   7  83  45 100  99  97
   80  92  29  26  70  79  21  69  15  73  44 103
   43  54  23  19  25  96  25  22 114   9  45  44
   46  82  71  90  55  36  17  67  87  50  60  41
   48  23  25  80
   71  34  34  46  19  45  84  79  95  19  99  58
   25  36  54  62 105  62  27  55  53  57  82  24
   82  63  77  23  66  29  16  99  98  53  38  37
   68  90  27 104 104  65  92  84  39  92  39  98
   31  11  38  67  22  74  94 114  39  87 103  41
   47  76  36 104  81  83  62  48  28  65  79  23
   78   9  91  25  71  37  31  17  67  55  69  41
   60  88  64  51  91  13  43  68  93  61  96  72
   42  57  18  78  83  47  66  37  27  19  80  48
   34  70  65  42  97  72  11  40  11 104  57  97
   90 110  76  49  65 109  16  31  43  47  13  42
  102  62  96  39  25 110  43  62  65  40  22  21
   65  16 116  72  27  10  64  26 112  83  14  38
   43  70  33  33  29  20 110  87  99 103  27  98
  112  68   8  20  54  78  49  34  42  29 110  39
   64 116   5  52 102  92  65  51  17  38  60  75
   78  34  34  94 111  47  73  38  35  77  31  43
   27   6  94  56 101  82  80  59  44 105  39  60
   24  68  48  70  21  92  28  60  46  83  11  65
   86  72 102  79  61  68  69  15  23  18  93  37
   48  87  53  16  53  40  14  34  73 104  67  81
   28  76  95 116  97  63  36 110  30  68  61  33
    6  80  33  44  98  70  89  64  26  61  28  81
   84  68  22  43  44 102   9  98 103 105  86  77
   40  35  85  81  57 101  25  29 106  74  30  86
   62  86  67  72  67  50  66  71  73  22  99  87
   18  23  44  57  56  88  67  78  89  60  65  37
   86  92  35  31  91  75  95  42  22 110  75  22
   85  58  51  27  41  83  87  87 105  96  92  59
   98 107  13  84  98  32  25  99  83  39  16  20
   49  97  47  34  35  81  12  40  63  79  76  74
  112  13  53  89  55  99  75  53   7  87  20  41
   15  28  17  97  17  48  12   8  72  73  32  51
   38 108  74  55
  102  59 103  59  47  47  60  48  62  27  23  30
   96  29  88  32  65  58  91  29  98  66  77  37
   59  69  14  57 112 106  80  90  85  25 112  72
   32  47  81   9  89  57  67 103  47  93   9  50
   10  67  65  68  82  18  28  32  34  31  38  14
   99  10  59  31  49  33  29  75  21  90  31  62
   10  38  92  62  70  77  49  46  32  78  90  95
   66  61  40  69  25  90  61  92  97  53  40  37
   76 103  12  22  73  17  34  45  74  84  45  93
   29  41  60  16  53  88  25  74  61  55  83  98
   94 102  85  88  64 107  47  94  79  82  65  84
   32 111 100  39  24  45  57  67  92  27  57  92
   72  55  99  11  65  55 104  94  76  82  33  87
   60  29  45  57  56  42  38 100 104  26  60  32
   57  83  44  57  39  77  59  23  44  63  23  53
   77 101  84  77  23  69  14  74 116  73  44  77
   23  42  30  15  88  33  73  34 101  16  85  64
   87  67  49  92  35 103  95  21   6  85  55  68
   33  30  20  42  43  45  47  56 107  23  54  76
   20  18 101  83  89  20  31  91 101  91  77  78
   47 111  56 114  40  79  52 101  71  98  50  29
   99  16  10  81  64  12  81  78  81  99  74  81
   97  81  88  92  52  91  96  15 102  25  57  20
   19  61  18 105  91  28 108 116  84  39 101  21
   83  61  59  22  27  15  63  75  87  25  95  40
   95  76  87  65  52  10  23  70  42  30  55  46
   41  39  27  53  90  92  14 111  87  86 102  66
  104  13  67  97  89   5  94  15  73  53  54  80
   44  95  82  38  57  19  76  45 104  78  93  51
   30  39  81  54  84  73  29  83  19  38  48  23
   52  80  89  60  46  84  27  72  22  94  66  67
  113  95  16 109  47  37  88  68  95  91  30  35
   44  67 106  45  49  34  14  76  52  56  71   8
   47  27  77  39
   80 107  86  38  51  20  63  95  42  32  60  33
   16   3  53  17  34  79  26  89  77  54  80  24
  115  39  28  28  28 103 106 104  61  33  37  35
   74 106  16  71  50  77  79  47  51  36   9  57
   32  73  52  48  69 104  90  38  29  33  28  92
   34  75  71  20  48  38  56  60  55  40  35  60
   23 100  56  94  37  37  50  80  60  55  44 113
   42  46  66  31  33  93  10  92  11  64  67  38
  111  88  94  80  58 100  99  40 110  57 105  43
   97  77  51  76 114  73  74  79  38  81  83  41
  100  65  36   8  65  84  36  47  51 114  94  72
   31  73  49  95  93  89  49 117  19 112  16  92
   94  18  49  21  71  59  10  14  15  70  90 107
    9  37  60  42  28  33  20  40 107  49  67  51
   16  44  35  50  58  28  92  71   6  89  16  83
   36  35  11  73  61  38  79  72  17 105  50  24
   29  23  63  26  85  48 107  76  64  14  51  19
   53 109  69  14  35 109  24  76  91 105  20  99
   89  43  59  55  14 102  39  37  86  71  56  81
   46  46  86  11  33  34  78  84 108  31  26 106
   39   8  53  10  82  93  76  46  39  25  85  85
   44  80  49  54  19  87  24 102  57  93  62  93
   21  66  53 114  92   8  63  65  98  95 107  45
   23  31  23  43  88  27  45  70 100  22 101  68
  105 107  46  73  15  38  81  14  73  39  45 101
   99  82  31  85  57  33  32  46  85  70  66  14
   64  78  28  83  39 108  69 100  98  91  35  36
   53  59  34  40  74  64  85  23  31 103  97 110
   65  81  79  98  52  29  42  56  95  15  24  68
   22  73 102  76  46  26  87  63  17  18  17  30
  101  57  28  62  26  45  79  49  95  69  11  36
   65  11  47 105 102  35  56  46  36  49  25  66
   85  40  41  27  94  36  88  87  73  79  57  42
   20  41  42  52
   41  79  47  64  38  90  68  89  45  31  98  23
   98  28  26  63  80  33  89  67 106  42  89  42
   81  21  37  82  99  54  23  91  33  89  69  42
   43  96  30  81 104  36  88  87  58 103  94  52
   68  17  58  80  91 101  36  25  61  58  98  12
   34  46  62 118  99  67  77  68  36 100  57  63
   52 102  84  78  62  85  96  97  29 104  94 103
   42  51  75  36 112  69  27  69  71  64  19  67
   52  75  13  15  40  27  79  97  91 101  64  89
   30 100  99  70  81  72  15  99  50  80  69  88
   13  91  35  63 109  69  36  93  82  35 101  14
    9  61  33  49  32  78  75  60  47  42  35 102
   32  72  37  17  21  33  48 102  41  29  61  46
   45 107  76 105  66  96  80  23  94  59  39  70
   63  33  66  35  65  69  21  90  88   9  69  40
   20  13  43  60  60  49  83  55  81 110  69  90
   64  74  25  25  36  53  45  96  26  60  29  83
  101  28 101  77  84  87  23  29  61  49  36  51
   25  23  92  11  26  95  91  45 101 105  58  71
   20  69  19  51  42  31  45  38  95  43 100  90
   78  99  90  83  79  79  87  52 107  50  97 102
  113  41  24  70  54  39  52  31  35  55  81  61
   37  53  40  83  93  90  94  43  57  43  35  69
   59  97  48  56  90  55  57  98  24  93 107 110
   15  58  15  26  17  41  31  74  86  83  20  18
   86  49  18  94  27  78 101 117  47  73  14  73
   77  84  14  21  39  68  76  55  26  82  67  18
   22  85  73  50  28  80 103  96  88  60  37  43
   42  74  80  25 114  56  99  10  58  13  91   9
  106  96  84  81  96  27  50  34  99  49  23 109
   83  31  26 110 102  34  35  80  24  40  67  88
   19  60  49  97  31  54  84  50  41  40  70 108
   35  78  56  70  56  82  33  58  81  45  33 101
  116  65  26  37
   54  49  71  55 113  57  25  95  89  97  94  99
   36 108  75  61  30  78  73 104  87  74  48  60
   64  37  77  10  95  75 103  22  35  68  63  68
  104  74  33  95  71  54  59  63  35  79  72  81
  101  38  95  89  59  47  83  74  36  63  85  57
   89  33  39  91  19   7  34  25  12  54  38  33
   46  21 105  18  82  41  21  97  80  60 110 100
   98  16  78  43  50  52  25  58  88  26  47  73
   64  33  63  70  68  25  20  82  24 103 104  67
   42  64  12  86  69  37  58  43  67  51 100  64
   24  15 103  79  22  45   2  46  20  77 109  35
   64  40  71  44  48  60  87  44  50  21  85  27
  100 101  62  91  48 108  61  98  98  46  42 114
   69  50 106  57  58  40  84  13  82 113 100 103
   61  82  92  23 107  52  88  69 106  12  94  23
   56 107  76  16  61 105  61  82  92  99  50  92
   98  60  19 101  58 110  70  14  90  38  84  47
   96  59  89  82  70  52  50  58  25  31  27  30
  100 104 105  28  56  38  82  88  81  66  71 109
   29  81  42  45  29  75  15  58  67  53  84  84
   75 114  49  26  14  53  96  76  76  67  69  17
   72  40  63 101  54  28  41  86  97  93 105 100
   19  25  34  71  72  48  11  57  50  32  35  98
   30   7  80  99  24 111  85  44  39 100  72  18
   90  25  81  24  33  27  92  67  21  66  64  23
   75  41  33 104  51  46  61  32  81  50 109  66
   15  41  19  47  97  43  56  27  46  77  81 104
   87  64  61  92  63 100  48  31  17  17 102  22
   57  76  42  89  87  33  68  90  61  18  94  32
   35  30  30 102 105  35  41  53  79  73  36  35
  101  42  93  64  87  83  34  84  34  77  75  60
    7  61  81 108  92  54  64  85  23  35  49  62
   54  47  82  36  31  85  65  13  35  38  16  89
   81  56  46  51
   92  24  65  75 106  52   6  50  53  90  87  71
   47  57  38  69  57  46  94  34  93 114  14  94
   68  63  37  84  79  30 117  56  95  77  33  76
   61  36  78  39  36  60  68  24  62  36 108  23
   58   9  37  43  26  50  67  98  98  37  70  39
   46  25  57  18  86  76  67  45  24  50  71  89
   68  89  42  17  30  82  75  78  62  74  42  46
  103 106  80  51  84  31  17  10  76  17  93  59
   83  57  45  25  56  35  51  69  35  73  73  94
   98  96  32  61  45  75  39  80  60 104  39  14
  106  51  71  94  52  83  99  92  73  84 108  16
   24  85  19  92  83  30  49  69  42  83  61  60
   76  69  44 113  96  68  27  66  26  29  34  95
   38  42  68  59  40  25  89  92 100  76  70  74
   31  85  87  37  58  19  69  47  64  72  95  78
   17  22  44 100  90  19  95  39  65  98  40 104
  101 107  16  58  40 107  35  38  75 107 104  37
   89  77  91  78  30  92 100  91  49 101  83  34
   91 103  43  62  87  39  59  21  75  55  47  86
   67  65  99 107  22  87  84  35  64 102 100  44
   65  77  29  73  67  84  88  42  47  69  36  78
   28  22  95 104  83  28  63  30  49  20  24  39
   61  47 114  42  93 116 100  66  69  84  14  71
   33  94  50  71  61  48  55  71   9  46  83  76
   56  92  57  46  93 107 107  30  50  28  73  69
   40  98  79 101  39  50  37  76  48 117 101  52
   36  94  66  51  42  72  22  21  66  83  58  39
   20  27 113  99  84  60  54  42  60  39  88 107
   43  63  45  45  81  30  79  97  30  91  98 107
   44  33  76 107 110  36  45  98  69  67  78  77
   51  77  65  44  68  65 104  68  72  72  26  39
   50  70  86  49  59  42 113  82 114 102  15  37
   77  75  97  59  90  95  93  14  61  78  34  46
   93  97  90  30
    5  72  31  87  56  25  34  26  46  93  82  10
   73  94  74  88  62  90  66   3  62  49   3  62
   53  82  60  84  76  46  12  11  85  15   8  85
    7  20  79   8  33  59  57  48  23  76  12  35
   25   5  10  16  21  85  90  75  84  50  61  32
   63  74  12   3  75  99  45  30  26  24  32  82
   46  58  78  27  41  59  15  59  71  21   4  18
   39  44  67  53 100  69  32  73  94  77  92  54
   93  65  91  25  67  83  26  14  71  46  63  68
   50   8  83  42  59  14  33  51  10  10   4  97
   26  33  29  66  30  57  93  83  33  23  69  49
   58  20  67  40  73  52   4  71  46  63  95  41
   19  32  59  30  96  41  46  83  62   8  80  46
    4  91  29  84  63  58  77  57   2  29  39  73
   87  82  67   8   1  39   2  86  55  99  18  48
   41  70  13  61  83  39  91  25  26  31  87  27
   27  34  90  76  75  81  99   3  27  18  96  24
   61  25  29  87  51  17  21  70  58   7 100  57
   39  42  42  85  80   5  33  56  44  85  54  12
   33  23  81  90  79  13   8  44  49  86  78  25
   62  57  52  38  38  34  78  71  54  12  86  89
   26  15   6  90   7  26  93  41   3  75  92  75
    8  98  92  65  61  63  26  55  20  69  74  67
   48  11  92  80  29  14  54  71  97  37  18  25
   85  41   8  19  86  35  15  71  48  79  19  60
   70  69  25  11  30  77  23  50  27  70  62  35
   38  93  49  41   5  24  59  29  22  92  68  73
   64  71   7  65  14  36  28  76  21  94  99  98
   73  80   8  53  90  21  83  60  32  67  53  83
   31   5  93  46  36  17  24  10  87  31  99  21
   91  25  38  35  37   5  53   2   7  54  15  17
   30  45  27  56  35  28  18  59  35  79  60  97
   22  26  98   6  84  36   4  76  45  75  41  36
   14  39  61  74
    4  61  71  12  95  54  88   6  85  96  55  70
   63  44  58  92   9  78  35  32  94  73  26   8
   45  52  76  73  29  35  77  93  97  86  54   8
   69  53  92  91  60  91  19   7  50  99  12  56
   97  32  67  18   4  15   4  81   7  53  10  79
   33  27  37  11  86  93  37  49  78  67  44  62
    8   9  95  11  84  92  98  46  85  85  47   3
   72   3  73  81  39  67  47  31   8  58  19  17
   68  62   7  89  65   2  25  47  20  73  61  81
    5  71  92  34  56  10  46  32  34  28   4  26
   23   8  56  14  78  65  87  72  18  51  21  62
   53  34  90  47  64  87  72  92  27  59  45  65
   72  47  11  24  96  57  39   2  13  64  75  91
   49  58  80  10  84  92  16  71  36  21  74  41
   82  27  55  94  40  53  81  62  69  19  62  70
   42  32  96  76  39  99  23  98  94  22  11  39
   90  93  99  97  84  88  80  80  93  42  14  12
    7  26   2  21  59  20 100  40  31  70  72  88
    7  52  87  50  68  17  64  44  35  36  59  96
   46  43  92  94  88  60  26  43  68  27  80  12
   27  19  95  76  94  62  35  54  95  36  36  31
   96  78   6  83  91  78  52 100  39  64  66  84
   35  82  47  63  39  78  69  82  35  62  94  98
   41  74  27  63  61  39  11   4  81  18  73  91
   10  53  14  14  60   5  33  29  76  83   4  23
    8  77  92  54  19  69  22  98  54  50  69  81
   32  26  25   6  99  21  77  76  13  66  54  18
   79  93  99  80  29  15  99  45  38  97  51  24
   90  34  71  46  91   5  55  47  15  35  72  48
    2  46   9  22  99 100  57  68  43  36  47  65
   86   4  13  30  69  87  20  61  35  27  18  82
   86  30  54  77  88  78  17  19  17  31  28  88
   43  13  83  95  71  12  33  87  16  50  98  52
   18  69  49  14
   14  70  36  97 100  51  16  68  32  65  59  28
   43  87  19  89  56  57  57  91  51  57  32  63
    6  15  47  14   4  24  67  34  17  82   7  22
   46  50  88  23  42  28  62  91  84  47   7  70
   40  87  83  88  80  10  74  77  73   6  78  10
   44  69  80  51 100  83  87  33  30  31  39  48
   66  18  75  56  25  20  87  18   2  48  26  41
   49  27  81  48  14  99  36  60  46  46  82   6
   79  26   9  38  74  28  58  82  39  54  49  94
    8  12  72  40  94  28  53  92  21  81  80  51
   96  52   8  75  89  97  21  43  43  35  78  17
   81  52  13  43  69  32   9  59  50   3  46  23
   46  92  10  62  30  22  76  41  69  98  56  44
   29  40  19  85  56  14  77  26  22  89  44  20
   39  23  56  73  45  45  68  25  57  79  16  44
   90  71  47  45  52  45  21  29  96  66  74  30
   60  37  63  96  48   2  68  77   8  70  65  37
   61  70  73  80   6   3  65   6  87  29  47  67
   40  74  14  65  97  42  58  48  67  57  68  35
   81  23  77  58  10  96  88  25  41  82  73  98
   45  51  27  90  82  68   6  84   6  44  23  68
   11  11  19  87  69   1  98  22  23  66  36  75
   51  94  51  88   3  61  51  63   1  89  46  19
   14  36  26  51  94  88  13  23  93  88  79  68
   30  69  37  14  46  15  87  22  17  36  53  51
   38  61  68  35  76  57  42  82  91  57  86  93
   28  13  21  93  74  67  37  88  89  39  39  42
   99  32  46  62  66  65  70  13  16  12  60  47
   48  66   9  52   2  29  42  16   1   3  60  16
   59  15  64  20  61  60  38  13   8  52   5  36
   31   3  54  49  78  17  35   9  68   8  17  69
    8  25  20  95  85  13  20   3  29  73   9   9
   37  61  40   7  70  86  29  60  21  44  30  10
   45  58  79   6
   60  75  80  90  38  46  86  20  84  60  55  78
   32  10  54  94  39  84  37  80  37  58  10  23
   65  23  94   3   5  62  77  73   2  65  62  69
   91  92   8  66   6  77  62  85  82  80  95  38
   69  75  18  13  11  91  99  13  42  90  76  32
   70  93  59  73  47  43  26  16  42  22  17  24
    1   4  15  96   7  53  31  65  30  70  70  34
   68  72   2  59  91  30  17  83  69  38  83  98
   94  33  94  67   9  56   8  76  12  57  79  42
   67  46  98  54   7  80   3  67  19  10  97  32
   44  47  66  74  51 100  73  15  16  36  62  34
   87  92  47  81  56  33  96  27   3  48  11  57
   59  95  99  13  43  87  43  77   2  24  53  97
   43  59  29  60  59  28   3   2  47   3  80  72
   24  99  79  31  27  26  54  99  24  76  20  44
   99  67  68  16  46  16  80  22  46  66  25  50
   48  58  61  33  33  35  25  56  82   1  20  10
   28  21  90  83  12  62  96  10  20  82  80  42
   30  56  25  87  36  52  11  73  80  53  58  63
   65  11  74  18  73  56  82  92  70  48  57  87
    7  66  39  33  12  42  58  28  82  50  41  14
   64  20  11  94  28  12  91   5  37  27  95  15
   14  59   8  84  90  99  65  61  69  74  31  13
   57  33  59  19   9  79  54  91  57  46  25  52
   40  10  33  42  20  55  34  79  94  79  10  66
    5  40   3  32  36  50  32  23  14  13  14  34
   86   2  68  89  15  85  27  62  40  98  27  37
   58  45   6  20  83  61  80  91  99  11  32   3
   18  32  75  12  14  17  27  70  71  47  60  50
   13  67  66  13  24   2  96  26  72  16   5  20
   22  22  82  91  40  29  89  50  98  32  70   4
   64  54  79  98  91  23  83  90   5  93  68  69
   66  21  38  21  55  66 100  37  26  57  58  70
   64  83  86  25
   39  77  75  62  92  73  19  32  17  87  19  51
   84  76  51  41   4  49  89  49  50  55  32  96
   27  44  36  91  45  82  86  14  10  54  72  69
   43  22  81  10  12  53  25  26  79  26  66   4
   76  95  77  52  90  30  17   4  72  18  13  75
   62  42  82   7  38  26  56  58  74  42  28  88
   27  95  21  89  38  71  74  99  49  57  48  78
   46  27  47  57  14  98  59  49  14  57  19  39
   78  52  87  33  24  55  50  79  85  93  33  63
   68  50  38  60  14  31  98  69  93   5  54   7
   14   3  39  71  44   4  94  79  59  68 100  69
    7  55  19  69  86   3  66  42  53  76  94  91
   37  90   1  40  83  93  45  77   8  23  94  75
   73  32  85  70  86  83   4  20  12  11  76  20
    2  50  97  98  50  38  57  72  62  83   2  78
   44   2  99  67   7  24  40  69  96  67  42  30
   39  83  81  13   3  67  41  68  80  40  79  76
   92  97  13  59   7  31  22  50  75  12  73  51
   96  48  66  38  84  11  87  51  72  28  93  49
   19  44   8  25  46  52  42  98  87  94  24  81
   61  32  58  95  55  78  99  77  37  11  40  38
   82  39  23   2  15  53  73   7  73  35  45  76
   96  39  86  61  18  40  27  46  92  58  84  29
   33  36  83  70  65   4  99   5  10   1  23  25
   71  67  31  38  56  10  95  86   6  30  90  34
   41  25  36  32  44  57  45  40  37  89   5  30
   92  93  62  45  62  23  37  38  22  56  51  70
   32  13  78  89  21  29   9  63  90  10  37  94
   33  51  63  93  67  22  22  30   3  22  18  44
   11   6  90  33  21  81  91   5  37  63  86  97
   66  14  68  70  73  35  92  65  50  39  36  29
    2  89  65  19  58   4  32  58  99  26  82  79
   98  75  88  20  87  57  90  97  41  40  72  51
   73  12  41  48
   17  48  16  54  64  69  57  55  47  76  92  76
   11  84  22  70  46  57  18  84   4  48  42  81
   57  47  97  50   8  10  36  16  35  93   3  35
   85  72  24  96  17  58  44   4  68  11  97  61
   92  38  37  45  20  93  90  79  72  74  73  92
   13  97  43  76  54  83  88  38  90  28  75  45
   94  67  28  58  39  39  55  69  76  35  22  24
   54  50  63  42  77  21  46  28  14  65  67  82
   40   6  99  98  41  95  85  57  40  32  66  18
   79  70  60  95  51  23  85  43  56  62  23  13
   22   6  24  25  53   5  63  24  36  23  39  26
   76   9   3  66  87  59  53  37  23  82  56  17
   46  53  19  99  51  53   4  12  26  20  87  24
   51  79  62  62  55  71  82   6   7  76  51  78
   47  29  59  45  73  30  59  83  63  48  84  67
   40  19  19  33  87  34  97  42   1  30  69  38
   90  63  81  98  23  82  29  77   4  97  31  46
   15  38  63  22  82   8  24  94  98  30  53  48
   78  90  86  71  72  72  62  64   8  84  64  40
   85  85  10  20  17  95  88  20   3  11  35  32
   57   7  50   4  75  33  68   1  47   7  62  78
    9  95  98  29  46  98  31  41  33  20  43  38
   21  28  28  20  68  26  18  91  14  95  53  92
   96  50 100  12  14  76   8   4  30  65   7  95
   23  42  60  85  78  93  52  39  26  77  19  75
   19  35  28  51  58  97  96  34  63  78  61  74
   77  68  80  65  30  21  91   4  29  28   3  36
   10  92  36   6  16  98   8  91  35  67  58  36
   67  12  20  76  49  86  36  59  10  26  15  55
   76  79  34  66  30  41  86  27  88  73  68  95
   51  22  15  46  73  24  76  48  95  15  38  43
    6  24  87  11  56  66  19  39  16  29  88  72
   66  45  12  68  54  71  97  40  66  53  36  94
   66  82  25  63
   29  13  18  75  52  82  47  19  65  71  54  69
   93 100  57  94  70  35  85  29  37  58  34  83
    2  71  86  80  74  10   4   6  59  79  82  78
   32  13  86  38  70  38  40  55  64  76  93  56
   88  47  61  65  48   2  20  74  88  69  80  22
   77  27  34  94  55  80  54  48  53  71  79  47
   80   4  57  20  81  79  61  37  58  64  74   6
   65  63  43  83  74  23  97  12  99  45  41  67
    4  26  14  29  62   7  16  73   3  49   7  73
   11  26  69  34   3  36  44  31  73  27  34  75
    4  48  73  99  46  18  70  56  69   6  16  38
   83  39  61  16  20  29  62   2  93   7 100  18
   24  88  62  94  32  53  92  88  96  41  20   9
   94  72  43  69  90  80  91  65  13  67  53  53
   87  76  72  65  46  86  14  32  97  20  95  28
   75  74  97  38  48  69  25  36  98  12  55  89
   79  88  45  79  24  60   9  36  39  95  62 100
   59   6  42  97  74   7  89  34  15   2  99  11
   26  75  48  56  88  15  77  75  25  41  58  23
   63  67  16  91  80  69  29  18   1  80  94  10
   78  98  60  93  36  19  28  73  75  80  28  17
   67  34  56  57  89  27  84  12  54   9  40  20
   93  53  49   3  11 100  55  39  13  19   1  60
   96  84  83  62  17  75  75  41  13  96  12  45
   12   8  56  38  94  82  21  97  36  78  70  17
    7  32  80  30  52  69  79  63  34  33  44  92
   43  32  76  29  80   8  41  20   5  22  77  70
   56  59  73  77  39  50  17  95  77  16   6   4
   46  24  39   9  57  74  61  53  25  90  93  51
   97  43  15  40  57  80  29  48  87  85  87  85
   10  51  88  49  92  66  39  55  23  33  96  75
   51  92  63   8   6  72  62  58  69  57  79  39
   32  71  67  91  10  84  28  23  30  37  58  65
   90  75  64  53
   70  29  56  47  79  22  40  28  71  80  21  88
   17  85  94  45  31  71  21  48   5  66  20  68
   30  84  70  38  10  59  96  26  72  20  49  68
   77  15  81  31   6  71  19  24  58  10  22  52
   36  90  44  24  20  15  79  81  46  58  10  97
   68  61  44   2  21  50  43  52  68  12  55  57
   57   9  27  36  56  32  21  23  89  11  22  16
   67  52  36  70   6  36  85  37  47  43  99  40
   66  36  90  99  75  78  35   6  22   2  41  23
   79  11  10  49  34  36  94  15  59  32  51  23
   92  17  80  40   1  50  68  22  37  70  17  91
   98  53  69  53  70  38  30  56  70  77  78   2
   82  46  74  86  82  80  59   2  65  73  50  65
   59   5  29   5  36  20  23  79  12  50  79  48
   50  77  39  83  49  43  95  23  26  96  51  72
   98  99  72  45  58  55  29  49  30   1  37  21
   40  29  85  92  66  60  65  18  82  58  88  26
    7  87   1  34  29  18  87  88  46  65  74  65
   79  86  23 100  92  10  20  74   4  14  55  34
   84  46  98  61  63  89  73  82  13  71  13  27
   33  14  22  26  36  30  26  50  13  65  15   4
    3  76  82  49  52  66  57  82  67  47  28  53
   65  58  62  23  10  27  22  72  52  65  68  49
   55  22  63  63  19  65  62  20  91  23   5   1
   89  55  94  91  88  78  75  46  33  27 100  96
   17  62  95  13  77  28  15   1  66  41  95  41
   29  35  96  81  65  43  40  61  92  23  42  89
   98  29  40  63  88  30   8  24  27  60  74  69
   72  30  26  95   6  64  10  97  54  98  26  99
    4   8  18  36  15  85  52  79  21  64  93   6
   29  79  79   4   9  79  76  34  78  76  40  26
   86  45  66  20  77  55  33  58  63  64  42   8
   83  37  48  40  56  22  85  49  25  61  85   7
    4  52  92  76
   57  62  32  60   3  48  83  13  21   9  11  11
   73   9  43  49  72  29  39  14  18  30  54  50
   47  76  32  94  15  36  11  89  78  44  51  50
   15  37  79  15  44  57  52  49  83  24  39  37
    9  70  24  22  44  58  25  30  66  54  35  55
   24  74  76  17  86  99  78  85  96  62  73  72
   57  99  12  94  25  71  88   9  29  54   4   3
    7  97  25  74  57  55  78  59  16  79  60  45
   46  85  57  41  49  91  95  22  94  13   3  42
   67  39  91  17  38  76  62  70  42  52  20  55
   92  92  15  41  95  75 100  66  97  38  10  67
   46  66  49  72  64  47  15  59  54  88  22  90
   12  10  57  13  63   3  53  22  18  57  69   6
   44  61   7  45  58  63  30  90  38   6  16  10
   51  33  12  91   4  55  26  35   6  98  21  92
   57   4  40  95  56  14  44  36  18  12  64  23
   17  45  89  12  50   3  48  93  16  70  33  58
   10  52  28  27  45  64  61  49  86  87  75  74
    5   1  15  87  48  76  36  18  39  43  31   7
   81  24  76  60  90  36  91  54  41  65  27  21
   36   3  60  94  89  58  24  30  33  35  33  94
   41  78  55  19  66  90  77  25   8  14   6  18
   85  84  77  49  41  56  94  46  54  85  77  17
   76  95  28  11  90   5  27  62  77  17  35  94
   14  94  23  92  78  88  15  52  84  42  53  85
   29  61  81   7  53  57  43  80  37  57   6  39
   97  74  95  73  14  66  59  84  71  41  37  11
   19  43  58  24  48  11  59  84  96  92   9  80
   61  41  66  23  32  70  48  13  50  85  17  84
   81  76  89   6   6  85  65  55  28  43  67  67
   10  67   9  40  16  36  76  22  81  31  30  56
   99  43  24   4  22  51  42  27  86  70  62  49
   56  64  28  76  81  33  44  92  77  64  90  23
   27  54  57  60
   20  83  40  33   6  67  96  63  67  18  24  48
   56  52  80  33  47  65  16  68  12   5  97  11
   44  49  77  20  23  78   3  50  21  34  73  37
   54  79  39  72  82  46  43  82  44  84  10  88
   45  93  69  69  80  61  41  15   9  82  43  73
   65  83  57  94  22  35  36  59  86  55  46  15
   51  14  68  91  81  25  28  26  51  35  77  61
   14   5  23  60  32  86  86  97  35  92  23  51
   31  54  72  90  56  85  60  51  75  31  37  10
   17   6  71  50  58  42  72  23  54  12  71  96
    3  61  33  12  67  23  21  14  30  32   3  95
   94  33  94  19  33  81  62  45  74  35  48  43
   40  44  60   6  18  34  90  49  85  78  83  14
   74  70  49  51  79  85  19  14   7  36  42  31
   75  27  31  81  53  94  45  60  40  47  23  39
   97  96  58  18  19  86  12  74  42   6  79   6
   11   7  91  62  72   9  68  73  29   3   7  78
   25  41  20  33  79  28  17  24  62   2  28  75
   19   8  69  40  32  72  58  96  32  61  64  29
   46  40  14   9  96  20  27  69  41   8   9  65
   53  43  73  39  52  24  29  72  72  41  81  33
   79  91   9  16  27  92  57  80  57  91  95  74
   54  62   6  62  24   3  20  39  33  20  99  37
   86  16  63  34  46  58  48  49  96  56  27  33
   53  17  62  56  13   4   3  81  54  91  29  43
   71   6  39  10  64  63  76  44  57   2  10  58
   79   9  44  59  69  38  86  90  44  25  50  71
   91  89   3  17  23  43  60  69  59  76  25   9
   67  52  61  65  32  84  23  21  84  14  21  10
   59  80  33   8   8  83  63  16  48  38  35  43
   62  27  38  75  35  46  14  41  37  41  84  75
   53  39  30  70  52  73   3  23   2   5  90  76
   27  35  23  56  13  12  17  97  49  29  74  69
   22  23  14  88
   1585  1685  1556  1596  1654  1620  1681  1589  1574  1525
