 10 400
  102  64  87  59  11  38  33  75  67  96  23  92
   77  47  83  71 102  28  36  23  68  99  58 107
  103  59  74  96  52  93  60  66  97  29  34  81
   66  59  91 117  90  86  50  26  65 105  41  93
   40  87 112  93   7  49  41   9  61  93  66  83
   77 115  46  69  98  67  45  79  62  53  48  59
   17 104  63  17  82  30  27  85  69  52  84  66
   93  85  80  83  84  71  82   2  97  20  28   7
   95  24  14 106  28  31  70  69  82  94  72  77
   73  68  88  58  63  84  92  37  83 101  94  86
   34  13  80  32  82  94  95  56  19  40  47  82
   45  65 103  71  33  44  95  31  51 102  35  53
   41  14 104  47  42  96 103  40  19  87  73  72
   45   7  61  20  87  30  53  47  96 100  51  65
  100  63  10  97  47 110 101  36  39  53  10  21
   94  15  74  92  71  51  85  33  42  95 101 103
   48  27  87  53  51  23  40  23  96  71 100  10
   24  45 111  57  66  19  44  30  90 101  81  91
   46 101  43 103  37  55 102  45 102  33  45  88
   84  80 105 114  23  46  60  39  27  13  50  51
   71  53 110 108  69  35  37  37 108  64  41  24
   16  96  30  38  32  51  31  76  54  92 107  42
   43  76  38  69 106  54  26  39  11 106  96  40
   13  12  66  29  63  87  72  32 111  63  38  65
  109  92  37  98  65  38  51 108  86  36  80  20
   55 110  56  83 105  71  88  70  62  93  35  14
   25  44  43  38  45  96   4  54  59  14  71 102
   44 104  62 103  68  96  89  44  76  29  98  58
   43  65 106   7  34  91  15  62  67  16   3  94
   95  29  70  21  89 112  58 100  47 102  60  80
   88  84  73  93  75  44  22  74  93  48  90  27
   83  36  23  50  74  27  38  94  53 112  28  59
   77  59  36  52  14  87  40  37 109  24  50  71
   40  68  35  73
   68  77  23 104 108  83  41  91  33  10  31  97
   74  43  50  82   9  60  47  99   5  59  79  77
   27  41  14  92  47  68 108  54  76  79  82  37
   84  99  22 104  51  52  88   6  37  73 101  64
  104  67  77 105 103  85  18  28  82  51  85 111
  105  22  65  71  63  60  58  72  60  87 103  96
  107  69  13  14  35 104  83 110  51  95  81  13
   73  15  59 105  30  47  34  43  49  56  63 100
   19  40  89  44  39  87  93 105  97 103   9  25
  112  92 101 115  88  39  32  79 102  99  18  42
  113  45  34 104  53  97  22  69  91  47  79  59
   82  62  53  90  16  19  47  66  81  58  13  76
   95  58  43 114  27  37  71  14  86  96  74  39
   44  61 107 106  77  14 101 101  80  83  22  21
   24  57  64  98  74  47  92  55  63  96  18  90
   31  71  85  16  39  65  99  52  46  87  95  49
   57  36  47  94 106  66  93  26  92  20  62  96
   72  92  29  20  85  64  24  81  39  49  55  56
   74  34  65  98  72  41  98  77  75  97  19  85
  100 111  92 105 108  80  46  70 102 109  30  26
   81  55  16  48  84 103 110  80  73  75  31  15
   43  28  58  76  46  43  59  86 104  84  45  21
   73  23 106  66  16  81  69  90  31  30 107  59
   21 111  96  66  68  47  37  62  58  85   6  97
   43 107  39  58  91  74  28  56  88  39  22  40
  102  73  85  57  22  33 104  46  34  38 114  91
   54  88  76  91  87  49  50  74  84  68  93  46
   88  78 117  28  58  77  90  71  85  17 105  92
   52  36  72  60  65  10  20 100  47  65  37  93
   63  67  86  71  81   6 102  97  80  17  16  67
   96  79  40  64  70   9  34  89  39  90  65  31
   27  98  84 103 113 108  64 104  21  84  59 109
   81  88  51 103  30  53  90 102  79  47  62  53
   28  53  91  29
   45  32  55  85  51  50  45   9 117  68  41 103
   58  62  86  72  32  17  96  60 100  15  35  57
   33  97  52   9 102  39  31  58  80  73  39  22
   44  49  79  90 104  34  51 109  59  54  51  24
   66  31  79  95  69  46  67  18  44 111  65  11
   48  46  73  17  58  18  36 105  44 111  26  50
   26  57  29 103 110  47  23  88  33  69  38  56
   53  61  91  53  77 111  56  69  29  97  40  59
   39  78  31  41  44  29  26  93  21  46  57  37
   47  42  33   2  37  51  76  22 104  51  97  32
  101  26  95  61  83  61  55  69  92 100  74  52
   62  51  36  92  41  28  69  47  26 105  31  67
   28  58  51  64 105  74  38  69  65 107  54 105
   54  46  98  70  91  64  19  69  41  87  68  63
   77  84  61  96  12  75  93  15  42  39  19  76
   58  38  53  63  86  18  34  47  45  88   8  50
   90  65  48  71  48  99  45  28  13  54  35  33
   75  83  43  16  96  85  99  15  78  66  63  97
   45  60  38  53  67  63  85  50  34  34  63  54
   58  98  91  90 105  87  54  47  89  34  87  86
   79  38  82  26  18  15  56  23  46  43  73  83
   23  22  85   6 106  17  17  46  88 101  17  65
   69  71  55  95  52  75  79  13  37  20  42  94
   77  64  68  33  83 103  55  91 107  10  57  42
   84 111  43  79  99  32  18  30  35  25  49  62
   71  80  13  59  29  96  31  35  44  15  56  46
   11  37  42  87  89  44   4  92 101  77  43  29
   22  70  77  81  79  50  39  52 111  62  91  79
   49 101  37  68  45 116  21  44  91 110  98  58
   63  83  27  68 102  83  82  76  69  93  77 110
   30  16  53  61  12  10  42  73 106  54  84  55
   21  84  54  79  29  53  32  77  83  14  18  53
   54  34  49  84  56  36  90  66  52  11  80  83
  106 105 116  42
   88  65  19  28  44  93  89  74  76  81 108  21
   75  35  63  47  15  21  49  37  81  49  56 101
  100  53  97  71  29  60  38  98 103 108  15  67
   26  13  21  17  30   8  62  28  63  65  74  91
   69  45  64  45  98  86 114  68  24  15  67  58
   18  56 103  29  94  48   4  69  90  10  64  79
   39  57 108  58 100  95  67  70  76  50  34  10
   55  59  77  43  65  80 108  20 100  84  98  62
   68  45  63  25  67  88  35  43  67  79  47  84
  108  36  74 108  74 110  93  46  89  84  25  38
   22  11  19  45  88  23  84  98  16 118  25  41
   64 113  67  34  61  82 101  67  17  55   7  99
   64  23  42  42  22  40  69  52  14  46  31  85
   61  38  84  81 112  41  81  61  95  40   6  82
   18  22  22  11  31  35  99 100  20  44  67  69
   81  72  22  70 105  35 106  59  64  83  31  27
   43   6  51  44  82  65  73  47  49  99  42 102
   92  78  95  94  52  26  95  83 100  50  61  41
   50 111 114  84  22 111  77  62  91  71  57  62
    7  11  62  28 103  39  99  21  58  94  46  31
   40  38  68 104  74  68  13  59  98  73  67  15
   90  48 103  54  70  24  86  28  59  62  28 110
   44 112  64  63  74  75  60  77  30  97  44  20
  106  88  44  62  17  24  98  16  88  74  34  63
   77  72  91  78  38  36  14  50  67  36  20  14
   74  61  74  38  48  27  65 116  84  13  11  14
   25  29  72  47 117  65  98  24  32  88 114  59
   79  84  24  18  68 107  23 102  92  76  95 110
   90 110  27  35  99  52  49  65  55  43  36  53
   69  35  36  47  80  15  54  74  66  93  71  80
   33  55  53  26  30  66  27  65 114 103  64  73
   28  23  45  28  24  44  38  56  93  65  62 116
   38  73  22  40  54  30 111  79  67 106  36  19
   31  48  63  36
   65  96  84  45  46  91  30  69  69  63  80  95
   18  69  25  87  48  96 105 107  45  40  37  88
  112  83  94  72  73  91   7  64  77  82  74  53
   30  82  93  76  29 116  61  93  59  85  21  90
   99   6  86  14  61  21  21  80  41  20  34  95
   99  92  60  52  44  72  32 109  28  66  13  92
   35 108  24  34  42  88  73  94  44   9  64  34
   18  92  59  24  59  70  74  90  38  28  46  85
   37 105  27  86  47  23  16  85   8  15  21  35
   25  17  44  67  81  62  67  62  26  78  29  69
   33  18 100  35  14  79  50  10  54  24  89  63
   78  33  25 102  75  20 100  79  32  72  85  38
   86  95  94  64  20  42  10  26  73  47  16  93
   92  12 105 101  99  52  58  66  81  26 102  83
   90  51  30  68  69  26  89  27  47  14  42  25
   23  72  47  13  76  89  55  12  65  78  69  60
   39  27  97  24  99  35  20  25  17  22  85  97
   75 109  79 109  72  36  38  18  57  66  73  53
   84  98  90  67  30  55 103 107  64  39  91  91
   59  53 104  13  74  90  23  39  10  84  75  39
   97  17  50  99  76  62  43  36  81  39  26  38
  107  63  17  74  33  94  76  87  96  48  79  77
   90  61  69  18  94  14  51  63  81 102  37  92
   15  27  59 111  23 110  28 104  65  49  58  36
   71  20  89  78  45  47  86  76 103  22  30  76
   38  24  98  80  91 104  37  83  52  10  65  22
   60  50  49  78  76  83  47 107  60  66  92  33
   73  98  34  87 107  24  62   8  57  11  38  71
   56  16  35  65  35  46  92 106  98  51  82  71
   73  24  83  98  38  30  73 107  45  83  16  17
   89  27 104  66  51  53  75   4  90 113  21  56
   55  74  97  16  41  72  71  81  44  10  39  35
   18  75  63  60  14  83  69  75  96  15  18  96
   22  94  19   8
   90  28  62  68  30  74  89  59  24 101  64 108
   26  64  88  23  13  96  44  64  93  56 104 106
   52 107  11  36  68   7  27  52  93  61  94  95
   46  33  72 114  81 101  84  79  35  62  99  28
   23  85  95  34  69  80  46  22  30  78  60  49
   28  42  44 105  21  93  27  27  68  49  94  90
   36  95  17  40 109  52  70  64  85   9  73  15
   36  52  98  63  25  21  73  65 113  81  77  64
   30  77  36  68  54  44 106  52  51  12  87  71
   97  37  80  34  86  19  45  62  29  72  25  70
   36  39  41  42  87  22  77 104  61  19  47  37
   34  30  47  34  59  17 101  29  71  81 108  28
   62  53  69  69   9  82  77 106 101  47  30  82
   31  40  36  84 108   6  86  88  18  60  54  93
   74  47  36  24  88  79  62  78  37 107  66  24
   96  31 104  62  51  60  44  94  56  60  74  12
   42  47  65  89 102  99  33  69  58  54  47  80
  111  86  37  60  74  71  60  82  83  32  28  52
   77  77  54  11  61  15  18  77  41  42 103  29
  110  50  36  54  12  16  41  63  32  25  24  23
   67  11  20  89  24  80  91  98  57  66  98  11
   24  95  53  58  90  55  84  39 108  26  20  15
   28  25  26  39  39 102  71  12  50  62  21  49
   97 103 100  99  34  42  58  94 107  63  57  92
   56  49  14  61  69  98  84  31  60  27  75 107
   12  91  21  38  44  25  65  34  86  66  50  91
   32  54  59  51   9  60  48  28  56   3 104  78
   26  51  74  85  68  71  30   9  72  66  49  46
   36  85  78  39  22  66  78  46  47  50  32  35
   59  19  71  96 104  69  94  78  63  29   2   6
   19  13  50 102  70  51  51  52  96  73  27  49
   38  16  29  44  74  50  54  20  19 110  94  32
   85  72  47  96  87  22  81  62  40  68  88  46
   39  51  86  31
   52  92  47 118  22  18  18  74  88 106  61  93
   14  33  69  45  52  80  99  72  57  96 109 100
   28 115  46  26  41  73  19  96   6 102  42  82
   11  23  49  74 108  33  83  81  97  78  95  10
   78  63 106  34 108  79  99  99  64  86  65  46
   87  38  17  30  71  86  82  52  43 114  79  57
   15  40   9  76 116 105 107  19  20  70  97   7
   49  86  73  39  44  22 106  44  83  12  65  88
   38  56   5  30  31  95  98  66  18 111  55 114
   41  65  96  45  12  39  52  96  31  96 100  57
   18 111  49  80  59  88  55   6  22  14  90  26
   66  29  97 102  76  20  66  17  85  33  94 103
   68  50  31  19  71  99  17  64  43  31  62  77
   38  91  46  61  80  21   6  57 108  44  94  41
   64  20  70  85  52  71  98  97 107 112  46   9
   48   7  20  17  23  37  30  25  58  62  33  20
   95 109  82  83 103  18  32  33  13  13  99  78
  105 105  15  32  43  56  89  88  93  78  37  27
   65  74  54  15 109  69  65  12  60  75  18   6
   43  71  15  83   9  25  52  27  16  68  30  42
   60  21  43  88  59  73  74 102  24  48  32  27
  106  27  73 107 105  53  94  38  75   9  18  16
   86 105  72  74  79  35  99  61  38  86  28  78
   37  63  13  68  72  35  70  26  29  55  33  30
   71  72  96  75   7  18  58  19  29 110 105  83
   18  50  23 112  96  62  15  75  94  98  26  98
   97  91  96  77  74  95  66  22  41  80  18  14
   37  59 116  91  39  25  67  33  75  77  78  44
   64  57  40  83  16  98  61  71  25  81  50  18
   17  20  98  55  23  93  95  22  19  29  23  12
   86 109  52  51  24  26  59  46 109  51  19  48
   16  26 109 111 107  54  10  26  26  41  20 100
   32  91 106  29 103  74  26  48  48  77  26  82
   78  39  95  35
   81 105 100  47  69  34  41  35  10  16  69  31
   66  77  36  29  72  81  47  74 103  53  86  11
   99  76  46  18  32  16  73  75  38  59  90  56
   23  75  90  40  45  93  66  78  51 108  99  79
   75  15  74  30  24  78  10 110 104  89  43  89
   13  51  63  29  64  17 108 112  58  65  34  53
    5  27 105  97  72  82  47  51  20  42  21  40
   60  78  66  50  42 109  95  54  38  60  47  24
   55  85  48  59  38  43  83  61  58  44  54  98
   66 104  70 111  44  65  68  79  26  47  79  44
   71  62 108  53  20  19  63  85  81  76  68  60
   67  97  37  71  97  50  28 109  92  45 102  81
   61  47  52  24  17  43  97  14  35  81  68  68
   68  33  58  22  52  49  72   8  76  16  95  39
   21 104  67  73  57  24  38  37  65  56 102  80
   17  27  18  28 107  57  65  34  82  10  22  42
   89  66  67  36  38  73  25  42  71  15  54  68
   73  59  62  45  54  49  26  56  71  88  76  75
   64  75  41  60  88  43  30  89  66  51  68  67
   34  70  59  66 116  75  41  83  75  56  82  95
  112  84  45  26  93  59  78  37  83  60  33  31
   33  34  41 102  21  37  34  87  69  33  91  40
   12  26  80  31  45  50  33  25  93  67  53  66
   83  76  92  72  33  60  32  27  90  64  83 112
   15  44  66  67  73  11  25  97  14  26  74 106
   30  95 109  92  87  85  43 100  82  22  52   9
   82  35   9  23  78  84  65  91  32  70  35  25
   21  18  88  99  26  48  88  14  79  74  56  46
   73  17  19  19  95  66  99  56  47 102  38 109
  103  88  62  16  67  25  13  19  73  37  68  67
   35 104  47  21  13  33  39  33  76  78  44  95
   97  22  16  32 109  71   7 109  14  34  16 110
   57  39  39  97  36  91  27 111  96  32  30  98
   26  80  54  31
   25 108  13  56  66  55  20  55  35  17  54  71
   65 101  41  84  51  35  85  46  28  73  37  46
   69  43  90  53  87  31  44  49  46  58  73  88
   48  45  56  12  58  66  38  86 100  30  21  75
   91  59  98   7  62  82 100  24  59  81  15  70
   86  94  91  74  84  88  91  99  45  58  29 103
   26 100  59  15  81  26  54  28  98  86 101  45
   50  86  71  55  37  65  54  29  25  82  49 114
  103  42 105  50  46  42  73  50  16 102  28  57
   28  62 102  26  33  95  37  26  60  18  88 106
   39  38  47  76  85  65  25  93  29  98  63  30
  101  70  93  43  85  76  84  41 102  34  85  77
   64  91  77  40  71  93  60  47 104  64  33  80
   11  63  20  23  74  88  56  27  31  25  34  71
   15  71  71 100  92  98 100  17  87  49  77  20
   79  76  54  13  39  41  95  58  34  20  90  75
  114 104  80  21  54  46  70  93  72  42  96  92
   92  66  50  20  40  60  32 105  51  32  27  59
  112 101  29  29  31 100  84  75  32  47  78  29
   20  67  98  29  91  88  52  57  43  64  62  34
   66  69 109  98  53  92  37  16  82 109  48  76
  101  97 112  69  51  39  96  99  99  41  41 105
   30  96  19  64  22  47  91 103  17  59  38  71
   44  91  70   9  86  93  32  54  53  14  54  44
   84  28  10  65  30   6  47  58  12  33 114  69
   82  78  17  44  25  65  52  72  79  75  36  33
   50 103  27  93  35 108 104  78 110  28  49  59
   93  63  85  99  62  35  54  64  55  62  42  32
   88  39  31  45  49  28  68  48  85  38  61  16
    5  29  75 110 108  36  20  47  58  49  58  94
   93 103 106  35  59  48  76  51  72  23  58  52
   57  63  29  99  26  40  34  86 100  87  95  70
   86  58  89 110  94  51  82 108  28  42  70  88
   41  53  91  89
    6  50 100  10  59  77  30  65  28  42  54  84
   57  74  46  40  55  56 100  84  42  54  57  84
    9 104  41  38  49  87  27  80  14  25 100  85
   14  97  26  68  65  29  59  87 111  92  93  28
   37  72  83  77  61  22  73  74 118  73  76  80
   62  54  58  50  44  30  37  50  42   7  52  89
   75  48  94  91  89  19  26  80  48 100  56  44
   26  56  27  87  54  63  73  43  36  57  76  24
   52  43  86  41  34 100  29  72  22  96  26  26
   68  24  71  96  94  71  56  87  57  31  35  75
   25  65 109  66  74  19 102  76  39  30 100  78
   63  81  86 101 111  34  28  31  49  66  65  19
   51  59  60  98 105  95  55  20  53  85  52  22
   74  72  86  83  93  35 103  64  31  94  77  71
   39  40  97  63  54  48  30  59  57 102  29  97
   39  90  37  25  25  85  46  99  54  69  18  85
   47 110  97  50 101  11  62  98  61 107 110  50
   37  16  87  48  56  52  54  64  97  38  70  41
   28  64  30  17  95  50  94  87  93  78  56 108
   23  29  81  27  41  50  80  20  73 101  48  47
   35  74  45  64  42  87  72  23  40  71  79  79
   85  40 118 101  16  58  50  21  12  65  30  23
   66   7  96  90  42  83  29 116  71 103  42  93
   99  13 101  51  59  73  80  75 101  48  40  65
  119  77  66 109  64  67  73  80  87  80  75  63
   53  62  89  69 100  24  87 104 100  69  26  31
   13  50  61  94  17 110  49  39  19  52  61   7
   11   7  95  53 105  61  59 102  91  66  50 115
   72  37  10  24  84  25 115  72  70 102  57  19
   60  25  42  10 104  57  38 102  34  78 118  49
   19  44  93  78  99  47  86  37  68  93  81  53
   14  85  88  86 104  59  48  11  36  78  24   7
   45  78  19  79  32  86  31  52 101 105  69 107
   91  64  31  55
    5  39  21  55  98  66  84  27  46  21  93  12
   35  59  36  34  13  76  83  87  45  16  47  11
    3  46  36  23  61  18  49  36  22  76  78  30
   48  53  28   3  28  19  61  84  43  11  61  19
   71  22   6  20  97  70  70  93  44  25  43  24
   26   5  60  37  18  50  61  27  45  62  62  51
   91   3  47  99  23  72  79  25  34  55  31  47
   14  29  31  26  27  48  31 100  14  91  92  96
   11  82  93  10  91  75  46  47  25  12  43  43
   45  45  16  46  55  36  19  72  34  11  21  21
   75  96  25  73  32  20   9  46  91  71  70  20
   64  49   9  38  87  63  13  71  55   6  70  50
   63  99   3  70  71  11   8  65  86  24  30  40
   64  99  45  89  29  87  64  70  14  17  57  49
   15  48  97  18  73   4  18  78  64  56  92  95
   15  96  38  19  34  58  24  70  67  21  15   9
   63  81  21  52  66  83  72  79  20  32  13  92
   94  64   7  51  37  91  72  75  28  15  28  20
   66   4  59  11  74  47   5  57  14  72  63  30
   25  32  11   4  86  58  49  78  89  89  63  59
   37  64   2  11  50  83  72  78   7  38  63  81
   93  15  78  66  70  60  87  42  64  19   4  70
   75  41  73  33   4  54  87  71  92  11  14  79
   94  96  39  82  54  17  41  79   7  39  72  42
    1  17  65   5  37  77  56   3  24  72  24  91
   56   9  54  30   9  40  20  33  52  26  72  93
   81  68  69  74  72   7  99  64  48  90  44   7
   69  13  50   2  42  19  17  61  43  80  13  53
   66  37   2  99  85  14  91  48  37  95 100  14
   23  81  46  87  29   3  45  14  63   8  42  39
   16  22  44  26  34  67  89  34  18  63  21  81
   33  80  88  58  44  77  64  18  66   1  75  43
   34  51  66  65  93  19  62  66   6  96  69  43
   74  48  81  41
   40  30  93   2   4  27  74  21  81  99  74  13
   46  77  59  22  94  50  62  17  97  43  27  34
   82  78  90  18  66  43   7  48  28  36  24  70
   26  18  91  12  59  51  27  96  75  38  11  50
   16  45  35   4  14  31  94  83  23  55  18   6
    7  95  46  49  56  48  52  41  58  24   9  16
   10  42  90  89  72  15  35   6  69  24  30  93
   30  97  56  11  76  71  75  77  53  50  50  13
  100  65  19  60  74  16  10   4   6  16  98  83
    6  23  13   2  19  73  72  24   9   3  87  71
    2  57  85  12  61  10  89  40  16  63  39  53
   26  42  58  21  93  89  59  47  21  53  97  28
    7  56  66   3  88  79  37  97  33  19  42  63
   62  52   4   6  30  89   1  16  37  22  89  84
   96  59  55  19  36  70  21  47  48  10  87  18
   81  37  28  98  81  37  17  61  64  30  12  62
   46  71  69  22   9  52  14  92  11  90  45  19
   45  15  86  97  34  44  87  28  76  58  58  55
   31  68  55  10  48  70   6  35  43   6  83  20
   16   5  19  13  10  28  61  36  17   2  75  93
   30  48  94  69  34   4   4  26  40  42  76  87
   69  76  53  26  74  69  57  32  10  27  66  90
   39  89  12  38  95  21  42  23  78  82   9  52
   94   7  11  42  45  64  77  50  61  25  96  10
   68  10  81  57  14  38  90  47  22  68  81  67
    2  38  17  49  94  85   8  61  68  75   5  11
   55  17  29  25  29  70  53  39  29  52  19  67
   31  35   3  74  55  33  26  40  27  92   4  12
   68  68  44  59  45  94  83  15  55  54  76  18
   54  38  16  38  33  97  10  10  34  90  91  45
   12  27  80  48  42 100  84  24  66  18  43  78
   87  22  21  12   5   8  39   7  94  33  52  10
   35  18  68  10  74  49  16   2  38  67  52  57
   90  50  12  74
   65  74  47  33  67  54  66  96   2  41  68   8
   54  49  20  39  78  92  20  55  13  94  74  48
   76  12  51  97  14  69  87  46  29  30  77  97
   73  68  26  26  13  69  66  11  52  49  56  88
   42  84  34  23  43  74  44  90  63   8  39  94
   67  58  41  85  47  93  77  10  69   7  83  69
   84  61  74  12  10  61  85  23  77  38  79  54
   57  48  29  57  37   5  58  42  85  15  63  55
   72  40  89  72  64  77  93  16  86  59  55  83
   55  66  77 100  72  64  38  93   4  63  20  74
    4  84  10  49  34  55  62  48  28  19  32  66
   42  67  80  28  63  83  45  73  91  15  79  53
   90  52  63  56   4  42  80  42  46   2  66   3
   54  69  22  37  17  56  97  46  65  33  49  46
   35  27  55   6  99  35  12  89  69  63  85  35
   57  79  51  39  20  88  77  63  62  22 100  66
   14  50  54  40  66  11  75  83  94  59  73  78
   32  31  70  90  22  35  12  96  34  49  46  15
   58  51  66  67  51  56  32  55  68  77  45  55
   56  10  12  30  13  22  59  64  18  80  26  17
   36  79  22  83  84  97  55  96  67  70  34  24
   84  84  24  99   9  86  87  68  21  13  86  48
   33  36  51  14  60  37  25  97  76  84  69  13
   29  45  44  85  29   2  53  21   6  99  60  70
   33   4  74  36  20  79  99  77  75  93  60  48
   39  27  89  44  79  13  87  76  65  90  52  59
  100  77  73  18  31  66 100  12  19  27  74  87
   88  45  30  33  34  64  73  66   8  55  14  36
   60   2  79  41  67   4  93  68  14   4  19  50
   50  25  77  45  16  33  29  27  35  19  30   2
   79  90  51  42  94  98  69  34   5  62  27  50
   81  33  58  39  75  61  88  31  30  90  98  64
   50  71  57  34  47  83  26  49  54  92  31  23
    4  10   3  67
   32  44  86  76  67  18  29  34  38  28   3  86
   37  73  47  55  94  81  63  74  34  67  48  15
   18  59   7  39  89  50  70  12  10   2  99  44
   80  89  87  92  75  96  54  87  46  43  31  21
   43  60  48  66   9  21   5  47  82  95  42  48
   88  62   6  74  23  64  99  42  29  97  42  30
   72  57   4  61   8  19  53  35  37  64  79  98
   63  52  27  68  40  36   9  89   8  21  21  41
   37  62  50  84  47  18  75  60  39  32  60  19
    3  73  41   3  31   9   9  74  24  25  87  79
   86  94  99  59  16  83  32   6  91   2  89  64
   49   3  50  71  59  21   5  43  85  52  98   8
   51  87  62  74  89  79  35  56  94  56  86  29
   56  82  32  39   2  62  32  46  22  80 100  26
   90  95  94  95  87  75   7   5  99  68  40  49
   34  30  90  47   9  82  14  47  46  28  86  82
   59  98  65  71  26  50  37  61  69   7  63  11
   14  38  19  25  56  92  20  29   8  64  54  79
   52   9   1  36  80   2  37  57  27  41  53  56
   99  91  45  89   2  77  18  96  47  12  63  76
   71  78  51  16  35  49  98  52  21  47  42  91
   26  62   2  56  47  93  34  90  55  54  86   1
   73   6  39  40  41  42  45  41  73  19  60  89
   14  22  70  42  85  84   9  86  27  42  71  49
   33  37  23  42  77  66  95  56  43  66  86  98
   28  49  44  73  65  80  49   3  21  98  93  97
   92  80  44  68   2  49  13  79  75  27   6  49
   31  29  82  93  44   7  90   9  13  28  13   6
   25   6  93  83   5  67  65  45  64  72  69  58
   42  68  67  66  40  92  49  30  52  20  33  26
   84  52  59  78  76  50  82  46   5  12  44  37
   90  92  59  84  96  71  78  55  18  55  51   4
   66  38  88  74  51  90   7  41  50   1  75  94
   75  61  55  73
   43   8  33  58  73  26  83  42  38  42  26   7
   89  40  84  23  68  16  11  11  67  63  82  31
    6  26  16  44  29  20  96  45  31  23  33  63
   81  34  25  28  85   3  55   9  56  23  92  21
    7 100  25  98  59  86  95  39  77  83  76  16
   11  10  43  60  66  47  79   9  89  47  98  24
   73   8  81  80  76  23  32  23  71  94  55  86
   99  21  54  96  54  46  39  25  77  82  65  26
   76   2  80  33  61  94  97  27  97  97  83  77
   81  89  62  43  28  58  48  51  87  33  85  39
   70  91  17  67  97  24  61  98  65  82  19  50
   34  82  89  12  32  86  11  31  76  46  19  73
   18  23  22  43  98  66  96  76  35  71 100  10
   14  96   7   5  10  59  53  47  21  90  15  24
   23  64  90  49  44  93  14  80  55  99  73  86
   82  39  65  94  32  13  52  99  46  37  47  48
   63  79  14  88   8  74  90  86  91  95  25  14
   40   5  31   7  32  69  72  84  63  42  47  52
   21  19  13  53  87  56   8   9  54  64  12  12
   57  65  11  97  34  21  88  81  94  29  34  66
   13  92  63  12  41  46  72  84  36  66  93  67
    7  42  85  40  85   9  27  30   8  67  41  30
   24  54  35  84  14  90  56  51  39   2  67  18
   92  91  44   3  86   9  86  11  48  54  55  71
   34  84  18  32  71  61  24  30   6  85  89  30
   80  88  10  29  25   5  78  30  65  98  42  90
   56  70  53  28  29  31  64   6  55  37  18  79
   35   4  76  21   4  79  54  98  50  97  79  39
   61  86  69  49  85  58  21   9   6  56  34  38
   44  83  36  21  74  87  34  12  61  23  90 100
   13  76   5  48  53  65  28  98  15   5  82  49
   52  39  12  92  68  42  43  36  61  98  68  73
   96  33  49  43  88  26  33  41   6  89  93  11
   95  18  89  99
   30  80  57  40  87  37  18  48  89  12  44   5
   85  39  15  84  97   6  60  54  20  58  13   5
   61   3  98  72  41  99  78  53  20  50  21  17
   74  81  34   5  22  19  25  35  81  56  19  85
   88  21  12  86  37  29  65  91  86  33  56  57
   91  73  59   6  93  11  76  83  43  57  15  18
   70   7  99  64   5  52  41  46  26  95  34  87
   74  59  12  49  88  84  36  43   2  27  34  53
   72  40  78  43  61  65  13  61  51  99  19  40
   15  69  27  82  20  94  72  49  84  39  94  41
   69  68  76  63  21  89  37   2  52  93  58  72
   71  81  57  84  52  93   9  82  48  30   1  88
   53  59  46  36  98  30  27   3   7  67  89  28
   72  71  79  32   3  99  23  26  91  57  51  13
   38  64  67  89  18  28  58  32  82   9  48  87
   22  72   3  47  51  44  64  19  55  52  45 100
   70  63  55  30  13  19  74  45  48  57  72  31
    8  32  71  58  43  32  48  20  34  78  85  60
   31  34  62  97  43  91  93  37  75  64  10  86
    5  67  77  55  97  95  73  53  79  88  88  82
   42  96  90  22  90  38  17   5  47  47  22  95
   84  20  59  48  14  54  19  75   8  78  91  94
   74  78  94  79  71  17  31  99  61  45  93  59
   20  14  13  19  75  68  55  22   4  46  53  15
   55  65  88  47  40   4  18  85  44  78  38   4
   92  11  96  78  61  93  51  72  29  45  65  13
   70  58  51  62  98  51  58  91  46  99   2  30
   94  68  37  29  45  43  77  98  30  42  57  61
   73  34  33  76  96  44  39  73  56  53  72  74
   43  93  35  10   7  37  14  28  39  74 100  98
   92  95  64  12  44  54  59  67   7  33  83  61
   77 100  75  64  37  63  56  92  86   6  19  75
   33  32  56  17  15  97  38  44  74  34  23  62
   72  66  26  88
   67  17  57   1  91  89  92  39  22   5  53   9
   93  71  48  66  52  30  12  32  46  11   1  17
   86   4  65  85  75  42  84  24  99  15  74  35
   99  93  60  44   1  73  23  37  19  39   8  97
   29  49   9  85   9  35  18  15  47  22  42  58
   19  69  90  76  36  24  34  54  60   2  25  62
   87  78  93  41   3   8  12  91  98  50  22  98
   69  25  35  65  65  84   3  65  26  95  54  16
   74  54 100  74  80   8  10  43 100   1  50   5
   73  42   6  65  98  80  53  24  71  15  13  57
   95   7  70  27  61  23  58  98  88  91  16  85
   45  82  16  12  32  95  52  88  34  80   8  14
   39  65  81  88  37  12  91  53  70  81  41  41
   64  26  57  55  28  97  96  54  12  71  20  68
   51  91  36  27  59  37  13   6   9   2  62  96
   63  98  84  88  93  75  89  79  51  58  85  92
   17   8  34  20  15  94  72  87  98  94  11  28
    4   2  91  84  66  64  23  25  20  32  77  78
   46  30  61  89  10  45  49  91  54  33  94  99
   61  47  98  19  94  82  61  76  93  37  86  68
   51  98  67  27  52  46  37   8  82  64  80  91
    7  88  31   9  14  59  18  82  36  99  99  87
   30  10  47  31  31  82  18  51  73  31  75  32
   83  48  98  41  35  69  43  83  79  64  85  75
   45  47  23  34  96  97  50  93  74   9   6  28
   93  52  79   2  21  58  99  41   8  21  76  14
    7  12  24  36  45  25  47  96  72  33  98  96
   77  59   2  12  69  80  44  73  34  34  42  64
   53  54  69  34  96  22  58  40  79  34  68  97
   91  96  22  54  94  26  13  83  85  82  80  92
   33   7  50  55  78  94  49  56   9  67  88  63
   95  83   8   6   8  53  99  87  84  79  91   4
   86  14   7  85   7  35  85  59  59  42  81  30
   30  70  21  72
   27  14  16  59  46  72  78  79  94  95  49  87
   42  34  79  90  39  22  57  38   7  59  23 100
   19  35  69  91  76  93  38  32  77  48  16  56
   81  35  12  69  62  15  45  34  63   9   9  23
   39  94  45  88  93  28  94   1  15  24  60  13
   94  69  48  77  54  85  11   4  53  37  83  60
   99  75  12  23  46  36  71  60  89  72  90  71
   54  36  52  59  77   5   7  55  82  45  59  81
   49  25  70  58  78  72  35  58  45  71  62   4
   51   4  50   2  72  40  50  31  91  65  25  67
   33  56   8  57  88  94  45  29  35  37  38  53
   48  10  79  44  12  65  83   6  14  74   4  21
   46  57  54  88  85  71  15  93  83  30  39  34
   35  70  50  82  54  69  30  97  29  92   9  71
   88   1  37  29  45  85  66  67  41  59   9  40
   89  86  98  79   4  55  50  73  22  95  96  78
   27  43  42  73  64  41  86  70  40  92  60  51
   29  50  47  64  66  56  94  55  34  18  31  43
   45  36  64  42  19  72  81  26  49  57  41  40
   68  49  53  46   4  32  65  24  28  57  29  11
    4  31  67  80  22  45  37  76  34  50  81  76
   76  74  75  14  90  83  70  29  35  85  25  78
   93  84  39  74  75  67  71  79  10  44  57  36
   33  26  21  47  71  51  76  93  17  53  25   2
   94  67  48  50  29  94  91  23  97  91  43   5
   82  20   8  20  17  31  71  18  21  92  61  97
   33  68  98  81  38  33  51  26  82  33  68  85
   93  94  17  10  79  68  15  91  35  28  48  56
   34  99  89  96  16  50   8  46  71   4  73   4
   13  15  51  98  49  77  98  93  45  80  43  43
   78   7  66  85  93  77  75  86  42  36  67  17
   22  80  90  83  10  36  98   2  88  73  95   5
   63  71  81   7  74  20  83   3   8  72  84  15
   93  33  49  84
   95  12  97  60  39  63  92  48  78  91  58  39
   37  16  67  36  55  75  28  69  89  38  83  63
   46  69  14  67  19  82  74  62  60  46  38  30
   59  68  62  93  44  43  79  28   4  73  96  36
   24  53  21  96  46  29   4  82  46  21  93  38
   25  16  27  37  26  32  17   4  66  51  74   2
   89  14  43  96  31  90  55  78  15  21   4  62
   54  17  33  54  81  38  52  82  90  35  61   2
    7  64   5  67  60  66  32  70  95  16  88  52
   87  41  17  78  81  11  82  89  51  92  14  11
   72  71  62  43  22  52  86  10  90  13  44  81
   12  43  13  68  20  38  27  73  14  70  27  26
   49  29  38  76  46  21  59  62  14  48  75  39
   98  51  86  87  42  22  54  85  72  84  71  42
   96  43  46  16  28   4   7  85  20  58  26  98
   27  44  61  89  77  66  17  61  73  91  21  38
    1  11  29  88  63  69  34  14  33  69   9  11
   22  36  54  96  70  55  79   5  52  79  85  54
    7   5  85  80  77  10  25  39  79  73  36  78
   83  52   5  78  11  31  52  63  62  41  41  74
   50  51   3  19  60  17  72  87  23  11  56  37
   15  15   6  41  68  79  21  16   6  61  61   8
   88  15  87  54  91  67  14   8  88  54  77  39
   59  24  37  98  21  13  79  49  65  91  49  72
   31  74  99  38  79  99  56  47  98  84   5  37
   27  36  93  62  84  45  59  42  38  40  69  71
   70  10  79  11  83   1  15  35   6  76  68  57
   27  48  19  18  49  78  63  44  60  45  77  77
   17  81  80  74  54  83  37  63  18  78  57  89
   98  77  36   7   7  80  94  59  47  59  50  16
   23   9   3  79  59  66  37  68  35  95  47  61
   46  44  78  10  82  69  86  27  16  32  22  39
   24  55  22   6  13  61  30  12  77  65  35  25
   64  49  21  25
   98  52   8  92  44  41  84  45  85  70  51  29
   45  34  69  72  52  50   9  26  60  59  56  30
   96   7  71  70  65  21  80  26  88  85  13  19
   93   9  91  48  41  79  51  22   4  22  18  83
   77  46  19  34  50  85  41  39   1  31  35  40
   52  66  58  54  61  81  69  68  60  97  56  28
   29  68  16  16  28  91  76  31  57   2  58  58
   77  63  85  28  55  54  38  77  70  46  44  95
   54  76  26  73  77  13  75  38  80  16  89  87
   45  90  34  13  17  37  62  19  63  85  72  41
   79  39  11  46  38  96  15  35  80  76   6  39
   56  35  20   8   1  73  88  87  59  45  55 100
   56  48  42  12   6  22  60  93  66  28  58  84
   44  30  21  33  27  67   8  50  80  21  34  41
   72  71   5  43  49  54  78  43  50   9  84   5
   76  15  81  78  86  34  61   6  55  33  90  26
   57   8   5  62  10 100  40  18  52  10   8  53
   67  91  20  63  50  62  50  44  23  82  45  61
   83  49  73  99  13  67  25  23   9  31  48   9
   79  79  32  91  71  66  38  96  42   8  67  59
   81  32  75  49  67  19  33  83  76  37  26  30
   32  71   2  11  93  46  58  96  97  39  80  92
   36  95  14  23  78  27  85   4  43  14  71  15
    7  90   5  62  59  38  23  33   4  56  71  49
    1  37  37   8  51  35  33  23  28  24  27  57
   53  49  14  44  12  78  25  11  13  43  91  89
  100  68  45  25  95   8  62  73  92  62  56  99
   97  97   8  64   5  53  46   3  21  47  67   5
   36  73  96  82  34  92   4  32  44  18  47  92
   46  90  75  94   8  57  64   6  73  33   2  68
   96  62  13  34   9  72  34  82  43  20  23  49
   91  34  23  32  11  50  58 100  72  39  87  97
   57  29  86  32  87  22  85  66  10   4  45   3
   22  48  79  51
   1542  1461  1669  1645  1643  1698  1701  1689  1586  1587
