 10 250
   88  17  59  50  94  66  92 107  67 101  90  20
   93  67  27  55  38 104  66  85  35  40  42 115
   82  10  15  49  95  64  17  56  40  70  16  25
   33   7  89  36  71  81  37  27  18  86  43  48
   97  91  76  54  46  59   8  85  29  34  24  84
   86  98  86  17  22  41  73  28 102  91  34  84
  105  37  68  38  75  76  38 101  78  49  39  45
   24  68  83  44 101  62  96  50  70  77  24  65
   66 105  83  55  59  96  20  43  50  14  24  56
   89  35  93  58  33  33  40 112  78  34 101 103
   58  75  24  50  65  54  82  18  99  31  46  79
   55  97  54  15 101 103  73  78  58  26  22  25
   58 100  56  42  38 105  62  76  66  79  68 111
   23  33  53  95  14  32  90  36  64  67  31  91
   74  72  51  71  65  13  87  83  63  23  13  23
   50  32  53  32  22  55  26  38 103 102  90  95
   35  58  83  33  18  85  75  76  68  73  12  67
   87  37 101  22  28  25  66  40  61  50  55  28
  109  12  58  77  96  68  65  41  96 103 110  69
  109  41  63  60  97  11  91 115  87 101  47 118
   24  95 103  47  83  60  37  32  70  47
   56  48  23  10   3  50  87  17  55  52  57  37
   39 112  29  86  71  94 112  81  84  86  44  83
   99  76  66  75  27  22  93  52  70   8  54  57
   26  27  67  54 115  66  77  71  29  95  27  86
   45  67  32 111  76  62  25 111  38  81  44  44
   65  33  53  30  74  76  27  46  34  58  61  48
   88  20  60  96  34  45  79  39 105  45  22  87
   85  32  62  93  23  88  79  77  55  19  10  25
   35  99  98  23 111  37  91  29  59  73  49  93
   60  13  27  95 109  83  59  66  17  81  71  56
   31  52  43  65  91  21  35  62  48  89  24  54
   56  65 105  99  98  79  91  32  80  53  35 108
   14  68  12  34  16  67  57  33  35  18 102  18
   84  35  51  75  43  28  62  66  52  56 105  88
   76  54  45  31  76 100  82  30  57 103  15  66
   88  96  36  70  52  41  31  45  32  24 111  86
   53 107 105 109  16  27  24  78   3  50  41  58
   42  71  18  98  93 111 112  15  61  43  90  25
   53  66   9  75  62  44  38  30  29  94  75  45
   13  54  16  40  23  49  37  79  40  74  55  83
   82 112 105  53  55  79  55 102  18  50
   71  40  87  24  41  92  83  69  32 107  59  65
   76  64  91  31  79  32  49 112  60  75  27  50
   88  47  63  78  24  21  36  82 110  35  95  19
   60  90  37  63  69 103  68  15  61  39  37  47
  107  95  38  95  97 105  27  98  88  19  44  24
   19  45  32  23  75  84  32  90  49  95  61  59
   73  91  61  69  90  56  50  97  67  70  67  45
   79  73  32  22  74  62  96  29  65   4  40  33
   80  85  58  88  96  95  93  32  14  38  81  88
   28 106 105  21  47 108  38 105   8  98  70  49
   69  22 104 105  98  85  75  67  55  16  98  33
   29  64  72  63  40  62  28  76  18  19  80  29
   33  82  50  55  79  75  19  58  81  90  80 117
  102   9  23  54  78  93  96  12  34 110  15  66
  102  97  31  71 104  41 110  42 115  48  42  34
   42  40 108  17  52  75  42  96  32  43  61  85
   98  93  62  25  53  69  60  85  35  61  23  98
   33  80  91  91  80  91  95  38  93  88  95  62
   91  71  46  25  89  26 111  50  10  15  91  41
   41 106  46  49  21 104  33  78  60  51  80  94
   17  52  45  11  18  39  69  82  59  22
   95  66  98  45  11   4  25  32  93  89  38  63
   69  62  95  78  80  12  36  26  55  89  49  35
   10  10  64  63  11  73  22  97  21  46  36  44
   82  49  57  58  52  22  57 106  36  55  15 102
   80  71  66  53  57  59  62  33  61 105  75  34
   71  77  30  38  30  23  80  32  68  37 103 101
  107  18  28 105  41  60   9  18 103  57  17  92
   73  93  97  32  36  93   4 101  38  93  73  90
   74  31  99  71  26 103  36 102  85  29  39  43
   56 113  51 105  11  80  35  20  35  40  88  83
   50  39  70  81  42  28 116  10  73  79  32 113
   42  96  27  71  22  20  83  41  91  97  67  92
   96 104  31 102 106  43  93  53 101  44  85  76
   21  43  46  18  92  66  29  82  38  32  31  28
   46  27  49  46  39  65  35  57  86  40  32  19
   62  12  48  39 106  40  51 102  87 105  46  49
   37  39  27  49  99  55  38 103  92  16  12  64
   25  22 113  47  75  73  68  55  23  68 113  26
   60  64  97  82  43  34 118  26 110  74  14  72
   83 100  20 100  87  39  97  93 104  20  62  39
  106  92  86  85  44  83   3  30  62  30
   53  30  39  95  33  93  70  12  43  97  70  89
   91  54  95  14  68  54 105  39  64  73  98  65
   49  53  45 116  54  55  77 101  47  22  83  59
   21  56  51  16  30  98  90  34  14  29  37  51
   21  69  52  19  76  23  39  18  83 117  15  89
   32  77  63  81  24  71  25  39  42  60 103  67
   43  84  14  76  94  18  30  97  36  22  42  94
   96  64  80  32  65  36  96  96  85  21 109  29
  116  22  80  44  35  78  74  96  97  21  66  55
   38  61  44  40  87  43  87  76  76  70  61  44
   37  32  55  51  98 101  87  54  50  62  82  80
   22  56  54  37  27  49  47  83  41  32  43  47
   89  62  76  80  56  59 110  49  57  59  20  41
   38  68  89  34  36  34  32  98  24  48  87  54
  113  34  64  98  27  14  57  70  34  33 102  53
   53  80  69  85  46  20  19  61  24  97  85  81
   38  27  77  22  49  39  52  28  87  18  37  32
   91  17  69  14  38 104  73  37  45  53  85   7
   29  67 101  34  88  74  52  73  31 103  21 104
   14  62  90  22  49  65  70 103  58  63  90  14
   69 108  80  15  66  48  79  91  63  24
   25 104  60  38  73  30  82  49  17  68  62  70
   72  19  88  18  10  52  33  42  83  42  36  76
   70  96  90  37 108  89 103  27 112  47  29  18
   48  39  88  47  98  89  62  66  19  27  81  84
   95  99 105 102  38 104  28  20  87  17  15  39
   48  90  43  26  12  38  51  87  99  74  59  23
   65  71  48  95  68 100  13  61  60  41  63  77
  104  99  55  44  75  91  16  68 107  50  47  92
   94  69  69  72  18  81  56 104  27  22  35 102
  110 105  55  78  30 108  81  25  28  44  71  59
   99  90  81  99  71  84  27 113  43  69  29  84
  104  73  63  58 104   9  89  55  88  26  72  41
   86  22  61  74  70  44  39  45  58  71  72  39
   74  58  24  83  14  47   8  50  15  92  77  75
   89  78  46 117  10 107  22  76  36  49  56  83
   77  81   8  45  18  39  61  27  81 108 100  29
    9  93  54  80  87  35  45  39  24  59  54 101
   54  20  84  24  58  89  70 101  67  82  20  60
   91  33 107  86  30  43  62  22  62  38  27  21
   79  79  46  44  78  18  43  27 109  44  97  95
   65  95  94  49  65  45  30  78  48  58
  106  85  25  68  43  45  60  27  95  62  82  82
   88  86  72  95  93  62  14  80  56  73  38  62
   49  17  88  19 104  34  37  73  54  33  36  82
   52  22  96  14 103  89  81  31  76 101  24  24
   87  26  29  55  80  28  99  42  93  71  92  59
   95  68  27  32  96 101  84  73 100  33  67 102
   74  73  74  83  85  67  71  27  52  12  34  24
   59  39  74  16  51  65  56  48 116  80  83  22
   34  20  86   9  25  93  35 103 113  50 104  78
  103  25  65 106  47  64  61 113  20  57  82  10
   42  56  82  79  27   9  97  19  42  52  62  46
  108   7  42  98  81  88  25  22  18 107  54  13
   19  84  84  17  86  65  78  60  64  26  52  72
   94  59  69  67  60  30  47  17  31  69  73 100
  108  70  75   7  96  60  72  62 102  16  18  97
   67  32  84  55  20  48  45  57  76  49  50  42
   42  35  27  76  93  68 107  74  33  85  66  42
   31  13 105  27  26  96  37  49  85  38  54  52
   48  68  46  17 102  49  19  67  28  18  71  95
   14  79  53  49  86  50 100  63 104 108  67  68
   88  33  70  35  31  33  28  20  28  61
   30  33  50  50  29  41  91  49  61  44  33  80
   74  78 106  77  64 104  34  42  31  33 113 117
   24 117  68  86  90  28  42  69  95  33  57  60
   50 105  58  19  56 110  80  98  53  15  59  28
   76  87  47 113  71  42  66  52  36  57  50  96
  102  11  30  12  39  69  43  33   8  49  56  78
   36  80  41  98  54  43  80  21  25  47  61  67
   48  87  20  99  63  14 101  63 101  81  69  18
   79  77  74  80  53  44  26  76  38  63  82  47
   48  55  28  43  48  30  66  42  83  97  51  46
   60 117  84   9  54  70  29  53  47  43  17  99
   84  74  14 109  34  82  43  40   9  89 109   9
   72  59  58  56  70  89  82  65 108  64  12  22
    7  26  90 103  25  17  56  99  73  32  60  89
   58 108  11  44  25  40  62 102  71  62  77  31
   55  54  29  97 102 102  46  25  25  99  66  34
   62  68  57  57  38 100  96  47  82  45   6  58
   33  66   8  60  51  98  83 100  13 105  33  94
   86  64 100  93  19   7  38  32  60  48 106  84
   90  34  79 113  26  22  52  64  41  57   8  46
   71  79 100  51  87  55  89  61  73  63
   82  61  66  98  94  54 108 106  48  73  57  85
   53  18  38  28  25  66  99  70 113  86  83  41
   25 116  19 110  69  30  49  39  17  66  87  63
   65  52  34  40  39  38  87  81 107 106  94 108
   43  94  96  25  67  66  83  42  99  41  64  19
  109  21  37  26  18  62 101  90  76  83  97  38
   10  23  73  27  86   7  65  19  88  20  93  38
   19  92  59  42  97  80  17 100  80  48   4  87
   49  68  89  77  15  77  60  56  68  46  81  22
   25  53   2  36  54  33  44  81  34 104  28 105
   59  70  38  98  68 100 111  76  24  49  21  71
   39  13  17  71  57  62  72 103  26  92  87  88
   90  15  96  77  24  99  79  51  44 101  58  40
   91 101  61  77 100  39  15  52  35  98  13  56
   49  91  69  56  87  40  68  56  53  53  42  17
   90  98  31  61  94  89  22  66 102  41  14  82
   97  42 101 101  77  12  58  69  39  91  72  14
   68  45 110  65  93 109 106  23  62  39  52  33
   69  64  60  87  19  59 108  76  73  36 102  82
   57  83  99  65  63  79  87  63  46   3  65  95
   86  56  65  46 104  22  63  52  71  22
   91  91  61  60  30  80  43  27 103  80  54  78
   42 101  66  56  18  19 114  21  45  73  32  87
    9  84  76  24  98  72  53  39  87  18  88  42
   61 101 110  36  58  46 104  16  60  39  52  83
   47  89  52  32  90  83  58  15  35  78  48  18
  103  15  75  52  72  55 100  60 116  44  95  90
   11  24 100  53  95  26  16  36  13 104 109  68
   70   9  42  73 104  61  55  72  88  51  39  45
   59  63  28  33  89  52  40 115  71  45  44  85
   50 103  18  56  80  13  49  63  86  67  66  78
   84  43  78 110  15  35  59  70  87 106  43  84
   36  99  40  86  37  16   8  73 102  88  32  96
   66  95  98  96  90  90  76  66  83  80  63  95
   52  20  82  20  30  64  89  92  88  74  36  29
   35  68  14  13 101  42  17  18  37  67  61  40
   52  79  92  70  67  45   8  73  24  60  45  29
   63  40  24  63 102  89  62  52  45  10  34  64
   42  75  26  35 107  10 104  34 102  83  82  43
   27  36  60  25 103  63  91  24  80  92  11  68
  110  53 106  68  94  70  72   5 110  54  21  28
   62  69  29  70  49  24 106  83  47  40
   16  95  45  65  17  41  15  10  41  11  13  91
   19  42  78  55  69  11  36  26  70  70  66   2
   36  97  96  56  12  47  97  55  79  32 100  81
   78  96  15  75  33  24  70  90  95  34  65  56
    6  16  29  56  58  52  94  18  79  73  88  18
   25  11  29  94  85  71  39  74   3  22  68  18
    2  83  34  66  34  40  67  11  33  64  78  67
   84  46  29  68   5  43  18  67  33  37  85  50
   43   8  23  65  55  15  94  64  70  94  79  53
   13  70  18  58  85  73  74   5  41  74  14   4
   58  35  84  61  39  62  24  86  11  81  64  23
   51  23  61  89   9  13  30  32  58  86  95  87
   47  10  52  62  67  12  42  26  38  30  39   8
   94  71  49  17  99  86  26  68  55  45  87  21
   41  41  62  36  50  98  33  36  52  91  99  87
   55  80  57  86  89  56  79  65   5   2  19   7
   67  62  19  71  84  29  41  35  37  36  99  48
   16  68  10  94  84  85  54  73  43  54  54  85
   11  94  57  41  21  38  37  69  23   3   7  51
    4  73  41  58  19  99  17   1  33   5  58   2
   78   8   4  66  22  56  75  75  47  72
   62  63  80  94  99  61  26  94  58  65  61  68
   67   4  89  30  39  24   5  26  21  23  65  33
    4  37  42  37  92  87  18  58  49  98  58  51
   79  75  38  58   5  37  33  33  78  20  77  20
   74  46  76   1  30  41  87   4  66  30  65  67
   50  83  58  79  38  36  83  71  69  57  51  68
   30  94  58  19  73  73  41  72   5  57  95  23
   34  79  53  19  81  29  23  33  54 100  98  94
   78  12  21  82   1  75  12  85  46  41  62  19
   42  93  90  11   6  20  54  44  87  32  33  64
   87  59  68  52  24  95  71  50  70  15  84  65
   53  50  15  19  14  25  24  73  29  64  83   8
   99  48  90  69  96  44  47  76  70  97   4  89
   27  74  61  44  61  83  40  47  57  49   8  30
   44  48  70  73  27  16  29  86  62   4  93  52
   15  11  66  39  65  68  79  62  79  94   1  25
   51   6   2   7  92  92  84  28 100  61  77  60
   77  31  84  18  16   1   5  96  49  74  13  86
   59  47  99  36  51  62  74  87  87  19  34  74
   89  50  92  71  92  63  73  25  74  41  58  25
   36   3  12  56  55  30  57   5  89  61
   33  64  24  82  66  28  27  38  71  11  52  46
   28  45  18  73  28  88  63   6  47  39  78  64
   31  55  43  37  88  98  80  24   2  77  18  92
   50  14  73  43  38  17  38  93  50  66  80  70
    4  18  64  16  21  11  76   6  15  95  62  78
   86  68  83  82  31  24  80  29  60  13  53  61
   38  21  46  34  25  54  57  11  38  39  48  63
   23  33  73  98  37  50  24  80  45 100  73  79
   31  35  50  28  16  12  11  82  93  68  30  15
   80  11   7  96  67  10  76   9  96  18  40  59
   45  88   5  15  18  18  34  44  61  91  16  71
   81  48  41  48  79  52  89  33  96  83  35  82
   77  36  64  59  34  27  95  52  38  29  30   3
   10  96  95  52  34  25  17  94  75   9  89  48
   17  16  76  34   3  73   2  70   3  72  74  76
   76  74  11  93  63  39  78  17  75  60  43  33
    9  17  41  81  64  33  52  23  79  53  91  16
   78  31  13  13  30  27  22  67  16  21   7  49
   20  39  74  77  19  85   8  63  97  97  28  67
   65   6  72  63  91   7  87  24  54  54  26  15
   94  54  70  92  94  79  51  34  55  95
   24  46  18  74  97 100  86  75  21  16  73  49
   37  55  24  25  35  99  77  85  61  18  63  74
   95  97  55  48  93  30  93   8  82  73  67  75
   29  61  58  50  64  89  48  13  70  51  91   4
   35  45  42  54  62  43  56  86  52  15  41  74
   35  25  82  67  75  83  22  73  35  65   5   8
    1  87  85   6  69  51  98  93   3  47  92  24
   38  23  20  77  67  11 100  17  73  18  38  16
   33  85   4  41  77   2  80   3  25  80  69  62
   60   7  62  11  95  39  73  95  76  75  32  28
   61  81  42  36  60  87   2  94  37  38  84   3
   70  10  87  40  80  90  34  72  19  22  49  24
   20   5  84  17  14  62  23  67   2  73  27  44
   95  61  64  96  21  49  87  33  75  79  81  76
   61  87  66  69  69  47  73  50  33  76  72  87
   40  99  70  76  10  80  64   3  31  14  67  64
   65  77  84  55   7  50  64  16  13  92  99  42
   88  85   3  58  41  38  35  55  91  51   3  85
   53  51  15  23  65  75   2  91   2  31  98  44
   27  13  91  14  28  76  20  26   2  88  53  65
    2  23  19  21  58  33  99  74  52  79
   54  73  76   9  74  23  47  98  61  14  42  14
   21  64  14  92  46  64   9  77  56  45  21  38
   67  55  60   4  60  47  33  10  72  86  37  59
   94  62  66  92  84  16  30  68  90  83  83  66
   90  44  68  91  40  89  73  98  32   2  99  22
   78  38  44  26  87  41  88  64  74  47  10  48
   62  19  94  31  17  84  74   8  77  87  64  22
    6  56  23  85  53  78  18  16  31  93   8  81
    1  94  36  60  70  42  37   9   9  93  50  51
   70  44  59  72  29  77  26  29  34  33  54  67
   65  80  53  61  13  15  19  56  61  54  32  31
   89  60  56  65  85  59  63  26  67  88  59  64
   23  47  31  23  57  58   2  59  58  52  96  78
   67  52  26  79  68  78  78  14  87  65  28  60
    4  86  47   5  77  94  46  38  81  78   8  66
   56  23  49  30  68  89  88  42  87   8  24  30
   72  75  29  94  69  72  60  85  27  94  69  84
   19  88  41  97  80   4  33  67  61  63  31  96
   83  37  19  76  18  34  59  37  73   1  86   8
   92  45  13  84  67  55  44  15  61  46  17  97
   46   7  36  89  54  70  32  25  40  90
   82   4  57  66  34  79  33  54  86  39  54  36
   36  87  19  99  92  53  69  64  36  66  82  43
   32  10  13  68   9  22   7  83   4  68  73  91
   63  72  20  67  13  15  53  38  84  83  36  20
   10   3  10  18  70   7  86  89  22  89  88  74
   66  14  65  79  97  75  62  31   5  41  60  88
   39  38  69  22  44  19  94  48  44  72  52  34
    3  15  61  58  38  27  89  40   1  68  64  27
   17  43  42  43  92  32  51   7  80  89  82   6
   10   2  55  34  74   4  37  93  92  63  31  61
   21  25  22  10  33  21  90   1  64  36  80  34
   11  43  42  60   2  97  23  59  27  94  31  77
   26  87  58  30  47  74  68  61  59  38  40  77
   35  56  79  28  90  71  95  60  91  23  33  36
   18  41  70   2  92   6  81  31  78  65  59  24
   26  21  99  72  92  69  50  87  27   9  20  82
   99  15  55  30  20  67  72  73  91  48  55   3
   52  95  20  93  57  29  32   8  36  26  96  57
   12  71   6  34  78  64  47  90  42  82  76  98
   27  26  59  59  40  97  59  81   3  74   7  16
   39  18  19  62  37  61  84  30  55  50
    8  21  81  46  63  57  56  86   8  50  27  22
   20  17  43   9  17  54  96  40  58  32  74  43
   57  94  32  92  14  85  76  37  51  73  66  34
   68  96  17  99   9  23  22  71  33  10  91  82
   15  92  91  50  39  76  12  73  18  39  27  45
   22  52  91  78  16   9  28  42  15  73  39  12
   45  29  29  31  29  53  37  84  66  93  84  88
   45  65  34  88  53  53  61  71   4  33  35  88
   79  99  21  97  84  13  83   6   7  53  13  38
    1  88  52   8  72  55  53   4  86  52  29  93
   76  47  24  32  78  94   5  85  67  67  49  73
   10  95  62  12  33  31  90  80  95   6  62  95
   85  22  30  96  18  38  31  45  51  78  59  40
   17  52  48  38  55  82  67  94  74  48  34  11
   11  44  30  95   8  45  39  43   6  91  91  16
   48  76  26  49  92  57  57  58  38  71  63  65
   70  68  80  37  11  49  11  33  80  28  48  69
   81  97   6  91  85  11  68  62  35  70  50  61
   62  43  61  98  14  67  99  35  89  94  42  25
  100  25  53  61  30  67  11  41  13   4  36  36
   25  75  41  85  86  73  88  88  76  44
   83  79  57  60  86  78  17  56  42  58  87  26
   32  33   5  35  49  11  71  61  73  72   4   1
   96   1  51  33  23  85  67  51  23  77  53  51
   55  15  52  90  51   9  22   5  54  91  52  79
   30  25  59   2  40  75  37  59  67  50  64   8
   16  91  90  99  66  42  65  79  98  65  47  31
   69  31  61   4  62  64  31  82  89  55  59  37
   69  33  89  21  51 100  10  41  15  32  36  87
   25  35  46  22  56  71  83  35  69  48  21  63
   59  55  85  65  63  88  46  69  28  13  67  69
   47   2  24  98  48  37  73  58  59  67  94   6
   21  28  93  11  72  33  63  72  99  21  10  98
   35  60  44  50  33  31  29  37   2  53  96  94
   96  88  22  10  77 100  62   9  32  75  58  16
   53  12 100  71  86  65  49   4  40  58  31  81
   49  56  80   8  13   3  65  94  86  15  51  86
   41  46  48  57  82   9  11  61  32  58  96  49
   74  44  98  51  64  18  30  17  93   7  78  16
   27  51  17  11  97  97  80  84  59  66   5  29
   12  68  31   3  81  94  64  46  66  62 100  62
   41  26  19  56  32  50  30  43  43  45
   21  53  45  17  17  57   3  14  63  43  46  20
   58  84  68  90  78  36  17  36   7  33  30  77
   77   2  84   7  35  78  61  67  96  42  18  46
   37  67  76  70  81  74  21  31  10   7  14   3
   77  16  17  89  42  52  29  75  14  78  38  88
    4  90  78  80  97  50  11  18  32  33   7  80
   92  86  47  80  18 100  37  90  15  93  27  80
   94  10  54  73  13  23  89  10  27  63  98  23
   63  49  19  34  97  34  45  50  49  65  32  82
   89  56 100  73  56  69  67  35  84  11  81   6
   53  46  70   9  39  13   8  39  84  62  83  46
   79  99  91  38  55  48  30   2  87  18  16  22
   18  88   6  30  84  11  33  52  62  10  62  75
   24   8  45  25   3  63  99  55  76  10  93  52
   62  20  48  50  18  75  47  55  64  52  60  91
   15  14  86  48  19  23  95  48  16  64  97  25
    7  75  11  13  35  93  53  50  74  16  42  93
   42  72   5  45  12   7   1  95  49  73  65  74
   49  48  52  15  98  50   2  34  39  71  10  20
   50  30  20  39  43  23  19  44  67  99  51  11
   25  50  45  69   8  94  44  64  33  94
   24  26  57  58  89  34  64  84  15  25  48  41
   60  16  43  57  96  91   2  84  63  34  88  19
   95  30  35  83   6  32  52  73  31  84  16  61
   50  12   4  68  48  71   1  97  58  67  67  28
   56  25  68  70  24  28  62  93  69  26  59  95
   14  90  36  61  40  47  16  59   2  60   7  19
   97  85  13  58   8  85  95  82  89   3   5  38
   38  99  70  36  13  59  55  30  18  52  75  66
   55  57  76  86  31  54  75   2  32  72  68  22
   59   8  92  51  26  94  57  47  17  48  38  39
   18  64  29  10  90  82  57  43  32  11  68  29
   75  21  62  34  68  90 100  35  11  23  71  12
   45  21  21   7  23  26  44  42  28  22  39   7
   57  91  24  94  75  51  15  21  20  35  69  81
   75  45  92  95  11  67  97  93  77  49  42  76
   66  33  16  38  35  63  95  43  91  44  63  76
   42  73  84  47   3  22  49  61  69  93  77  51
   60  32  85  75   4  99  16  68  10  20  29  67
   83  70  55  91  17  54  16  89  36  21  99  43
    9  58   3  38  20  43  39  99   6  52  99  84
   54  42  89  40  63  86  11  21  64  75
    994  1054   975  1040  1063   991  1030  1022   963  1010
