 20 125
  101  14  38  93  89 106  98  22  14  12  81  60
   41  76  99  81  14  55  81 117  84 110  67  74
   16  73 104  89 109  17  77  71  68  63  81 102
   74  41  95  99  32 116  70  39  91 102  25  36
   99  97  61  13  64  88  11  50  71  97 111   7
   66  81 100 101  88  28 102  79  41  11  65  47
   92  82  14  39  75  22  75 108  49  73  25  68
   90  52  65  22  65  84  25  21  16  71  69  18
   47  87  56  76  99  36  46  78  65  31  50  94
   16  20  72  92  34 109  74  84  71  85  69  67
   83  17  40  65  69
   34  60  36  60  97  69 108  69  26  59 109  39
   12  84  26  82  92  54  86 100  84  90  25  53
  115  36  99  54  51  60  58  36  59  48  63  34
  103  71  84  71  40  60  91  12  50  67  13  92
   44  37  38  60  84   5  20  58  68  87  35 105
   94  49  13  79  35  89  35  83  48  76 109  77
   80  75  28  57  38  50  97  79  43  24  66  22
   28 103  47  45  41  83  57  17  67 100  87  22
   52  70  73  41  84  91  67 103  34  70  22  90
   81  61  19  23  59  63  49  98  27  95  47 109
   23  91  26  25   5
   49  36  39  83  90   3 115  80  60  43  19  90
   88 103  81  58  19  64  45  39  43  55  34  54
   86  28  86  43  86  64  11  92  67  38  47  55
   24  76  55  15  97  80  73  47  76  91  99  61
   56  32  80  82  62  29  25  83  92 109  91  27
   81 101  91 112  59  70  32  19  59  23  13  79
   38  38  20  74  72  98  90 107  57  24  57  68
   25  37  47  39  70  89  71 112  21 101  76  94
   22  19  59  14  57  29  98  90  76  66   5  54
   36  95  19  37  34  30  56  19   6  15  12  64
   36  18  52  22  84
   14 110   6  62 102 112  26  74  50 111  18  92
   80  88   5  54 101 111  64  81  99 100  84  47
  108  20  15  52  33  90  81  59  79  74  14  82
   17  62  98 100 101  71  80  66  93  84  61  25
   29  83  44  86  50  67  18 110  62  95  58  68
   97  70  45  83  21  64  57  82  91  32  79 106
  114 104  83  22 108  63  65  37  77  66  80   9
   75   8 111  44  20  48  97  42  58  65  27  74
   66  48  33  93  31   9  87 107  61  17 101  12
   13  27  78  59 109  60 105  56  80  25  39  17
   12  77  75  26  23
  106  35  30  79  90  18 102  55  40  96  90   9
   69  98  41 115  59  78 102  17  76  90  26 102
   17 106  93  22  29  15  67  58  92 107  28  88
   71  47  23  41  82  37  20  80  48  71  80  19
  109  62  95  41  47  92 104  59  94 101  52  60
   74  54  31  88 105  33  19  26  43   5  21  38
   44  50  40  50  21  14  94  80  83  56   9  87
   30 111  81  70  87  74 106  93  97  53  62  22
   93 105  57  60  27  50  72  37  69  59  84  93
   36 103  54  90  99  98  55  28  87  49 105  27
   14  97  77  11  63
   17  33 100 100  17  99  75  51  98  95  36  40
   63  46  36  43  63 109  45  72  37  74  96  86
   98  59  70 105  74 102  70  17  72  39  30  80
   40  26  37  67  67 106  52  44  71 105  30  75
   55  61  89 103  72  98  67  75  72  37 105  21
   78  39  78  20  91  94  20  60  52 102 101 100
   68  83  50 100   9 104 106  53 110  62  52 108
   28  61  29 105  60  22  46  84  82 102  57  13
   58  38  84   8  18  65  65   2 101  82  10  99
   59 100  41  84  79  89  48  98  68  60  97  69
   42  49 103  84  95
   58  81  53  95  74  38  78  27  16  79  37  95
   50 112  11  70   9  75 105  43  96   4  73 102
   27  79  63  81  60  20  65  77  58  70  71  34
   24  66  71  11  85 106  72  54  49 105 102  69
   26  22  60  61  97  92  24  47  39  51  70  21
  103  50  19  84  17  40  53   5  56  21  63  27
   29  37  94  95  84  44  36  85  46  43  97  57
   39  56 107  44  48  38  46  47  77  88  65  68
  102  98  56  42  22  54  39  51  80  97 103  92
    8  93  31  94  22 104  59  71 108  97  60   7
  113  89  30  19  15
   99  23  19  82  68  67  30   7  82  83  44  88
   64 104  76  72  51  96 101  77  28  34  47 103
   67  67  63  81  98  63  38  66  33  28  91  41
  110  66  44 108  57  52  87  99  15  20  67  31
   11  78  21  87  15  85  68  30  91  51  62  72
   88  27  81  12  56  38  11  94  51 116  38  25
   15  53  45  75  67  90  60  60  32  72  32  96
   38  45  45  99  87  57  82  92  63  64  85  23
   72  33  68  94  49  95  29  96  76  49  50  62
   24  92  72  51  78  21  71  76  83  72 114  22
   98  46  94  65  43
  102  86  70  79  74  82  92  97  49  43  52  36
   33  53  73  13 109  85  34  73 109  42  29  27
   86  99  62  92 101  28 110  44 105  78  69  65
   85  22  87  59  98  51  43  32 102  67  73  85
   94  56  40 108  92  20 100  97  23  83  95  80
   21  62 107  32  43  77 106  86  51  77  32  11
   90  89  73  94  31  94  14  49  20  12  15  50
   50  57  35  57  74  36  75  64  98  16  40  94
   74  17  58  64  30  81  71  69 102  55  93  67
   57  49   4  50  88  82  47  62  59  50  58  89
   35  10  28 110  14
  101  69  19 114  80  34  39  79  27  37  56  33
   66  96  42  98  26  16  72  43  88  85 111  13
   80  12  44  54  32  91  61 102  75  98  15  80
   97  70 115  79  32  83  61  66   9  97 106 102
   52  40  63 106  85  67  24  41  74  51  19  84
   48  72  91  89  39  90  24  14  35  27  98 100
   68  22  77  14 107  40  51  69  39  56  95 100
  103  28  76  23   9  92  32 110  21  35  17  54
   35  62 101  79  95  98 116  90  16  67  59  61
   83  83 104  65  45  57  59 109  84  41  40  23
  102  47  73  99  89
  101  36  56  43  94  93  87  20  49  15  26  63
   86  69  93  37  28 106  58  64  50  85  79  48
   21  67 118  95  70  68  81  36  80  52  39  38
   22  79  67  87 103  48  76  56  68  18  46  82
   38  84  14  69  77  37  55 115  54  44  85  71
    5  50  61  24 112  30  27  75  14 106  74  35
   58  54  85  68  73  73  74  77  46  95  14  42
  101  31  49  38  52  44  30  93  77  59 105  56
  105   8  98   6  36  77 107  30  41  50  33  55
  111  77  40  95  17  58  54  54  48  89  75 104
   61   6  87  35  97
   67  27  46 101  95  38  29  97  79  83  63  61
   72  66  36  55  62  31  70  65  19  44  49  43
   92  23 100  29  20  33  75  74  77  33  36  84
   36  74  49  40  97  85  82  99 116  98  29  22
    8 102  66  73  77  13  52  21  61  93  45  64
   54  37   9  66  18  51  55  36  46  29 107  27
   62  34  20  97  43  77  43 100  23  61 105  83
   95  27  56  26  53  86  25 107  75  95   9  72
   49  11  32  39 105  37  49  42  72  18  87  55
   29  57  71  94  49  21 116  15  31 101  89  61
   89  70  48  66  27
   95  62 107  57 108  20  24  69  17  41  39  18
   59  84  21  26  74  65  23  35  74  89  83  88
  102  29  83 100  73  70  97  24  33  71  54  70
   54  68  65  57  63 111  36  81  95 100  18  17
   87  53  92  15 105  52  18  91  47  55  87  50
    3  46  58  36  78  84 104  51  97  49 108  83
   47  12  37  22 114  28 107  49  36  40  49  50
   71  73  85  70  73  23  75  85 110  95  43  11
   83  92   9  77  34  51  19   8 119  45  25  19
   51  72  74  44  51  53  78  82  26  77  90  49
   76  39  53  28  71
   83  40  40  47  20  23  85  10  46  68  80  66
   70  98  90  20  62  42  87  30  59  34  14  31
   93  56  98  84  20  30  26  30  76  25  16  37
   68  74  65  39  93  41  94  71  76 105 103  28
   18  20  97  34  59  30  34  57  15   9  57 107
   25  87  27 114  74  42  55  57  91  37  78  23
   19  69  66  65  84 102  14  63  38  43  84  38
   40  63  48  77  72  30  86  90  22  78  89 109
  112 118 106  10  84  45  87  39  19  60  38  54
   90  61  88  47  36  81  15  43  17 105  43  32
   43  87  68  36  42
   69  89  31  34  92  60  28  57  78  67  21  63
   73  67 115  70   8  53  86  70  93  26  75  67
   26  76  76  20  68  81  15  38  56  53  93  40
  110  59  95  57  97  26  22  90  50 100  20  24
   67 107  61  74  49  84  26  27  22  12  44  62
   73 101  45  39 108  81  27  33 100  92  70  43
   78  91  17  52 106  19  11 106  55  95 100  29
   26  51  30  85  99  60  82 102  30  30  87  80
   11  35 102  41  81  35 105  41  62  79  95  14
   27  83  77  24  30  97  78  80  27  49  18  71
   80  21  61 108  19
   97  54  30  82  67  52  87  42  88  61   8  14
   74  30  24 108 118  75  43  16  56  21  41  67
   13  57  69  44  86  33 105  48  83 106  96  50
   88  42 104  70  28  33   8  58  60  47  38  96
   89 106  18  50  36  70  63  54  51  22  60  75
   64  61  63  34  45  21 101  48  25  51  48  33
   21  65  79  66  76  55  88  68  43  63  13  70
   87  37  62  46  70  29 105  88  86  97  91  56
   32  43  47  32  88  89  39 109  19  21 109  14
   13  84  80  25  69  72  48 114  43  62  43  24
   21 106  10 100  83
   44  40  82  33  17   6  14  70 101  39  28  54
   22  55  73 108  41 109  63  65  72  16  20  43
   29  96  80  72  98  97  15  95  71  76  92  91
   43  39 100  96  35  16  15  72  94  40  48  94
   28  16  45 112 105   2  21  21  63 107  41  67
   26 104 110  28 110  36 106  80  50  38  71  55
   89  57  44  67  55  43  33  73  53  78  35  97
   16  73  32   7  81  98  46  48  35  93  89  91
   14  68  49  32 110  22  40  16  93  32  52  54
   10  29 107  19  26  64 107  69  94  93  73  52
   93  73  51  45  34
  102  64  20  34  56  15  59  20 104  61  29  45
   33  35  44  83  35  77  66 109  63 105  99  33
   40  56  63   3  62 103  78  63  32  48  31  37
   71 116 108  37  76 100  36  22  45 104  42  27
   39  83 111  55  42  71 105  54  86  77 103  84
   57  35 106 110  84  35 100  22  63  80  74  98
   19  75  88  18  39  64  16  64  13  71  17  42
  113  68  14  28  49  78   9  42  64  87  79  40
   50  67  70  70  24   9  93  56  41 113 105  48
   41  58  22  27  43 106  41  47  30  43  48 106
   15  24 118  52  59
   51  47  43  29  64  58  94 102  70  57  77  19
   64  20  97  81  20  51  62  44  79  55  75  33
   78  35  20  52  74  32  69  35  45  97  35  44
   69  17  86 113  32  56  20  98  42  87 105  40
   29  95  94  70 104  42  51  98  22 108  63  36
   28 114  28  28 116  89 103  62 118  79  18  68
   54   9  32  98 105  82  22  52  53  90  36 104
   43 109  29  94  83  61 109  63  54  82  39  42
   23  59  16  71  51 100  35  22  33 105  60  23
   68  40  87  36  86 107  35  48  91  30  77  24
   41 103  85  94  70
   86  74  70  11 104  47   7  83  50 103  97  60
   16  32  70  76  89  14  67   7  39  97  25  29
   63  52  23  46   8  54  57  27  96  27  90  91
   38 105  93  68  73  19  64 105  12  47  50  24
   50  56  37  89  12  68  26  63  64  52  71  58
   28  97  40  27  74   7  14  98  72  30 104  32
   68  57  30  57  25  45  28   6  75  75  98  26
   67  87  26  54  69  26  92 102  27  42  21  36
   31  71  37  49  55 104  36  44  82  82  39  66
   65  28  41 108  11  13  49  30  98  76  48  69
  107  40  43  31  98
    7  88  74  25  14   5   9  96  90  99  34  49
   70  37  15  39  99  63  27   2  27   1  38  41
   89  33   3  18   2  90  42  31  43  43  39  13
   42  79  18  12  70   4  40  80  23  17  85  66
   11   6  41  92  46  32  91  54  32  16   4  98
   44  30  13  16  28  80  16  26  76  97  53  66
   24  23  97  80  30  96  44   2  70  45  93  46
   20  68  46  94  46  27  79  84  91  31  46  96
   61  27  56  37  15  82  62  35  50  80  54  22
   90  98  39  20  76   4  33  34  48  33  48  35
   34  87  78  49  41
   71  49  82  48  21  42  12  39  90  60   7  80
   90  25  82  28  25  60  17   9  29  30  85  57
    5  75   3  55  61  53  56  68  50  71  46  84
    5  31  21  47  73  56  18  99  63  40  96  18
   74  76  79  48  36  99  89  46  47  21  84  14
   11  67  98  38  74  19  75  25  65  43  11  40
   29  38  86  47  68  65   8  40  76  89  42  87
   80  15  57  66  71  24  57  96  51  13  21  85
   59  32  38  61  21  22  49  10  76  47  80  13
   23  42  83  86  49  40  71  20  77  18  56   9
   95  25  88  94  98
   70  68  69  36  24 100   2  33  59  72  98  28
   26   8  37  44  99  50  63  70  68  56  78  49
   19  77  30  63  29  48  92  24  47  78  65  58
   87  36  49  97  16  35  41  62  32  27  21  52
   62  81  33  34  47  80  82  25  25   3  17  85
   24  10  15   4  47  38  74  83  58  81  99  31
   73  81  88  45  46  15  21   2  53  79  46  43
   86  82  69  64  38  29  38   1  84   9  35  19
   81  83  57  97  46  73  13  21  44  48  99  64
   79   9 100  78  84  80  64  83  99  97  99  52
   68  92  55  94  20
   96   9 100  49   8   2  89  37  60   1 100  12
   39  27  98  66   3   6  45  21  21   9  27  57
   12  89 100  60  75  23  24  52  39  37  97  30
   87  58   4   6   5  45  36  43   9  24  46  92
   91  29  76  32  55  39  97   1  49  17  48  41
   10  43  69  34  93  56  45  34  20  88  39  12
    6   7  28  87   1  44  48  69  31  45  22  93
   31  94   5  58  83  63  18  62  55  40  84  44
   39  70  72  18  85  96  26  10  42  89   8  98
   95  93  33  52   3  59  12  62  30  80  78  85
   93  35  38  78  93
    4  70  89  40  12  97  17  61  68  16  27 100
   42  10  61   5  47  38   7  88  36  16  78  17
   85   4   9  91  81  95  36  45  11   7  89  23
   42  59  80  70  24  70  85  24  61  42  37  97
    9  46  10  66  58  10   9  60  24  11  54  48
   32  55  75  23   8  72  89  94  60  98  95  74
   75  66  62  62  97  90   9  35  22  56  98  33
   77   7  28  49  19  32   5  17  12  54  47  94
   18  15  61  55  88  65  37  72  46  51  30  13
   75   3  49  16  11  18  48  86  20  55   9  81
   95  18  33  98  43
   87  70   8   2  93  21  39  58  12   8  75  72
   54  65  71  77  49   5  64  44  77  45  13  28
   10  60  33   2  45   7  40  92  46  68  81  23
   80  87  75  44  52   9  50  75  45  14  79  43
   59  56  20  16  45   5  52  44  43  74  14  94
   24  68  37  91  19  16  91  50  65   6  17  19
   40  27  59  13  96   6  13  52   4  42  58   3
   83  49  91   8  46  88  73  31  33   9  56  91
   45  81  30 100  91  44  52 100  19  30  92   3
   49  10  66  23  24  30  69  21  34  48  23  37
   61  70   5  29  15
   48  29  54  16  42  68  27  79  93  25  77   8
   64   5  96  37  98  44   6  77  15  98  42   2
   91  32  44  33  51  97  43  32  53  35  49  85
   79  49  36  91  20   5  32  50  63   8   7  46
   79  95  56  43  15  28  95  64  72  65  40  84
    4  67  96  18  93  73  51  99  50  90  56  81
   90  83  15  14  29  60  74  35  63  61   8  58
   65  46   4  59  66  78  57  64  41  18  51  38
    5   6  47  69  89  51  74  60  40  21  13  12
   97  23  86  16  85   2  44  35   3  15  53  98
    7  30  82  83  99
   11  86  86  22  38  48  75  99  35  21  64  23
   52   7  35  42  59  13   7  27  83  85  73  12
   48  51  45  26   7  55  80  36  82  92  27  79
    9  54  60   7  61  57  17  13  96  86  35  80
   94  31  92  15  89  21  42  81  13  66  49  43
   24  92  33  97  57  81  97  18  51   3  75  83
   90  58  62  27  39  16  53  60  84  47  85  23
   70  64  67  12  32  61  24  24  42  46  31  89
   39  81  51  15  70  23  74  12  27  54  54  44
   83  25  45  60  34  89  39  29  28  44   4  82
   13  65  23  49  65
    4  17  48  24  39  24  18   6  65  65  66  73
   79  58  32  96  10  24  79  46   5  76  89  77
   22  12  42  20  12  91   8  64  12  31  33  51
   27  89  31  55  20  57  64  75   3  39  34  22
   15  47  71   4  22  83  18  17  92  34  20  30
   93  48  12  71  76  31   5  21  58  32  74  92
   19  28  47  25  80  15  90  66 100  92  96  66
   55  54  74  58  30  72  33  50   6  86  69  10
   44  90  60  56  81  24  45  43   9  51  14  46
   62  59  98  55  15  35  56  56  55  61  59  23
   84  99  78   4  95
    9  46  92   4  35  82  65  32  79  78  57  77
   37  22  63  12  85  97  32  70  31  27   9  91
   39  99  65  52  75  16  44   8  42  21  93  29
   16  44   4  39  87  36  46  51  93   8  11   6
   59  63  42   9  35  44  79  67  33  60  90  31
   62  32  14  26  72  25  91  90  84  89  11  20
   34  96  37  97   4  76  56  34  63  54   8   5
   10  91  26  88  98  19  75   5  86  76  88  48
   67  51   4  31   7  13   3  17  86  52  46  58
   34  20  15  38  66  63  46   1  22  62  66  96
    5  69  38  14  16
   18  70  64  75   8  15  26  90  69  88  82  47
   25  40  17  78  88  11  49  54  58  19  24  63
   99  48   2   7  35  36  38  82  30  60  80  69
   83  29  50  24  11  64  31  57  36  91  56  31
   75  28  98  40  28  68  55   1  61  73  35  40
   98  57  48  80   8  74  92  32  88  10  40  73
   58  60  28  46  42  30  40  35  58  12 100  62
    8  76  57  72  59  61  72  18  37  59   8  48
   12  98  11  98  82  42   8  76  71  63  83  47
    3  42  77  25  98  47  63  57  58  29  42  15
   53  99  25  76  11
   53  84  57  12  24  81  73  18  29  34  52  46
   39  46  73  47  47  75  47  43  96  66  61  61
   23  89  10  75  90  79  36  40  33  72  70  31
   83  40  63  79  22  35  28  13   3  18  74  90
   99   5  47  40  40  98  65  98  42  26  57  46
   54  81  98  47  90  56  52  82  69  83   2  93
   50  70  92  14  74  38  68  12  95  58   6  22
   24  91  57  90  62  25  83   4  41   9  93  34
   56  92  82  71  10  66  67  64  44  96  26  54
   82  61  34  16  63  90   3  94  78   2  16  41
   13  41  67  52  79
   23  52  11  45   8  87  86  42  90  72  72  91
   50  23  81  78  34  43  89  74  42  15  20  19
   18  84  34  10  34  49  14  90  82  45  54  40
   58  37  50  53  49   2  78  36  23  19  93  89
   15  58  10  97  15  64  90  15  56  48  33  52
  100  70  61  69  27  32   9  55  22  61   8  22
   61  98  76  89   2  89   7  71  67  66  53  67
   38  38  17  44  35  79  36  28  10  16  71  91
   31  12  96  40  73  59  83  97   1  64  88  98
   60  35  44  72  66  67  42  30  85  36  23  53
   29  78  64  83  37
   24  68  70  67  84  93  26  99  67  43  23  48
   33  14  12 100  55  68  20  81  51  76  88  89
   21  51  13  36  88  85  78  80  35  90  97  70
   38  34  48  77   9  76  10  35  32   8   2  75
   97  87  23  68  44  81  85  59  93  96  55   3
   88  21  86   6  31  62  63  58  20  83  32  80
   85  39  43  48  32  15  88  41  71  66  35  73
   62  54  66  36  46  79  17  29  86  29  13   4
    6   2   8  97  22  58  19  73  87  48  67  54
   27  52  15  64  70  21  97  64  97  11  70  87
   71  19  39  82  75
   49  30  80  77  28  44  90  54  25  41  94  46
   32  38   4  35  98  52  23  47  10  90  43  40
   84  32  27  87  52  22  98  74  49  51  27  75
    2  52  16  49  14  82  92  22  56   9  92  78
   51   2  48  43  64  19  77  77  87  90  70  57
   30  14  75  67   3  32  89  84   9  28  44  69
   29  11  90  50   9  99  91  11  51  17   8  81
   94  69  81  21   9  42  31   9  79  80  31  31
   94  82   5  66  33  81   9  76  53  37  24  90
   77  21  38  95  82   7  37  22  85  53  92  31
   34  96  46   3  87
   23  58  79  26  42  56  16  70  23  47  97  94
   32  76  94  12   2  32  60  99  64  90  64  41
   89  51  38  60  25  73   3  60  31  13  17  62
   18  62   4  38  85  87  98  54  59  62  76   7
   29  12  99  54  83  43  46  64  53  89  54  43
   41  41  54  77  65  88  10  68  94  56  55  74
   87  42  32  43  27  56  23  52  59  52  98  45
   32  72  44  71  33  82   6  20  24   5  22  59
   80  63  64  75  29  16  75   9  84  92   2  89
   89  35  38  78  47  33  60   2  65  58  62  90
   85  10  96  19  30
   76  71  33  76  94  97  92  33   5  78  83  56
   88  58  40   3  77   3  39  47  43  93  91  71
   82   7  30  46   8   6  93  24  34  30  17  25
   63  76  20  23  76  92  88  35  17  62  71   8
   81  92  61   6   5 100  81  97  48   4  78  44
   90   5   6  87   7  80  13  36  66  68  33  53
   13  54  66  45  53  60  76  47  49  34  67  13
   99  32  80 100  30  10  73  60  80   9  15  22
   94  45  68  83   3  95  79  97  13  85  66  60
   97  76   3  94  80  53   9  44  26  12  38  55
   24  47  64  67  77
    2  44  97  81  58  93  45  82   3  50  89  64
   69  78  64  21  72  38  49   8  46  12  16  72
   79  49  56  99  54   3  26  44  83  64  79  68
   47   3   9  83  34   3  79  82  72   2  69  80
   72  27   7  51  64  33   6  64  31  39   5  23
   50  68   5   5  31  82   5  90  48  22  42  13
   85  41  29  84  66  46  87  40  97  37  91  75
    3  37 100  79  61  36  97  76  47  28  29  62
   62  44  41  40  78  94  14  62  74   7   7  61
   69  55  86  93  64  10  71  73  79  65  66  11
   88  81   2  51  60
   63  72  68  82  55  47  22  18  38  61  27  84
   51  87  20  22  98  59  42  75  31  53  29  81
   41  84  97  52  43  88  35  68  66  10  83  61
   38  92  30   7  76  62  91   5  72  18   6  75
   79  18  15  38   3  69  58   5  84  11  53  66
   91   6  87  79   4  25   6  52   2  38  95  36
   53  98  77   9   1  31  88  65  51  22  75   4
   60   3  75  12  21  41  10  56  53  25  67  70
   87  52  94  40  56  19  79  92  78   6  45  81
   48  64  31  79  25   7  82  60  15  90  41  88
   62  11  29   9  39
   19  32  32  96  13  68  99  25  55   8  15  53
   91  76  49  26  29  94  52  99  70  16  91  82
   55  62  86  70  95  63  51  86  13  93  26  17
   78  10  20  47  47  88  45   5  97  64  55  89
   68  64  82  17  95  50  77  52  52  52  44  50
   82   7  76  91  42  97  99  19  33  88   5  77
   44  63  87  51  86  65  82  98  32  29   7  92
   50  24  93  56  44  87  28   3  93  66  88  69
   85  48  82  57  56   8  83  70  26  37  70  48
   39  83  61   9 100  93  55  82  12  41  67  51
   11  74  67  82   8
    241   259   269   236   234   231   255   245   238   235   247   273
    256   267   250   260   262   256   245   286
