 15 150
   91  24  49  98  96  73  40  20  98 100  26  74
   26  82  58  35  46  75  77  51  95  43  26  86
   22  93 112  40 100  26  20 100  53  44 101  96
   33  62  36  84   5  36  83  87 108  61 106 117
   95  57  25  79 101 113  90 100  64  14  91  34
   37  65  79  32  26  64 103   4  12  44 100  45
   94 104  78  93  79  80  59  36  71  29  96  12
   97  88  18  45  96  82  47  31  40  29  98 103
   51  40  28 106  77  79  23  27  25  29  84  41
   84  49  63  96  51  71  59  94  29  78  51  92
   16  55  57 104  55  30  65  45  60  90  82  85
   36  93  39  32  71  10  72  87  39  20  89  69
   91  55 104  62  94  99
   33  64  67  96  25  29 110  73  68 116  79  37
   45  47  58  78  60  26  86  69  40  31  16  75
   56  64  81  74  43  68  86  64  54  19  61  39
   78  56  28  17  37 100  15  92  94  15  33 102
   27  78  17  94  83  53  73  92  59  38 100   5
   48  23 106  41  52  90 110  49  36 114  47  86
   40  41  81  80  76  36  69  65  23  77  73  18
   65  49  35  69  77  49  75  52  21  68  71  95
   86  37  83  10  35  84  43 100  73  76  66  15
   19  23  95  13   6  72 104  21  63 101  45  59
   43  98  53  70  54  59  51  22  50  57  64  49
   85  37  32  44  98  25  81  79  82  62  70 103
   46  34  51  92  63  11
   49  67  20  11  59  41 105  85  80  25 104  26
  100  88  75  68 107  51   9 111  19  54  57  36
   68  78  93  54  13  63  35  72  13  96  27  19
   36 116  76  67  26  92  19  51  37  97  39  18
  101  93  51  57  93  43  46  96  42  29  36  59
  108  76  10  23 106  52  41  27  39  78  31  19
   49  65  41  55  18  82  59  37  38  52  33 104
   36  66  62 109  96  52 111  38  44  34  30  31
   24  78  38  54  92  57  87  64  99  18 113  17
   53  29  55  41  30  45  19  69 109  89  52  33
   97  70  68  37  95 110  93  95 113  52  68  90
   99  51  55  79  76  98 101  69  44  18 106   9
   91  95  32  99  33  29
   50  49  79  97  66  50  79  88  78  27  40  42
   46  17  35  38  46  89 110  32  98  54  93  55
  102  89 105  88  10  83  88  18  63  18  22  44
    8  71  95  95  51  95  47  87  46  13  51  90
    4  18  99  59  32  89  39  97  19  76  61  25
  104  77  33  81  88  34  30  44  75  45  57  90
   83  80  75 105 102  88  16  67  43  17   9 104
   51  96  59  30  89  87  98  17  73  48 103  61
  100  62  30  86  91  47  86  28  96  85  14 119
   93  48  58  61  61 119  27  66  98  68  71  90
   66  93  35  50  63  29  74 103  22  39  47  79
   60  41  53  63  74  56  29  97  26  73  18  98
   40  64  55  87  89  69
   22  27  45  65  96  98  29  45  14  60  74 105
   84  81  55 101  13  42  55  36  19  33  80  58
   77 104  87  84  72  67  86  34  56  36  32  70
   67 109  31 103  79  24  76  15  48   8  32   9
   98  34  71  74  14  26 112  79  44  69  99  69
   42  67  98  21  57 103  39  81  85  38  33  57
   39  21  70  55  26  52  57  59  56  32  60  13
   40  46  16  35  88  99  78  68  56  76  92  44
   31  67  73  10  32  18  14  55 109  37  49  70
   27 108  74 105 109  93  94  97  13  65  62 106
   75  19  33  73  27  98  33  40  95  91  76  81
   11  57  29  39  21  33  92  85  20  87  39   7
   90  86  51 101  65   6
   19  33  72 100  74  27 104  59  31  20  21  40
   94  21  26 107  83 117  27  37  38  26  79  38
   87  30  56  17 112  62   7  84  70  60  66  54
  104 103  48  56  55  95  20  25  82 105  31  50
   59  53  92  21  42  90  76  32  47  78  64  86
   68  65  32  25  64  99 113  14 103  78  40  91
  100  45  84  62  38  39  30  36  85  98  46  58
   39  86  50  88  66 100  66  87 105  85  28  23
   28  47  40  88  33  83  83  27   5  67  20  97
   60  49  74  21  37  63  32  60  64  84  62  71
   61  19  37 116  93  93  33  42  97  50   9  76
   86  56  53  46  41  44  90 103 106  95  29  81
   74  89  17  92  38  50
   27  54  76 103  41  83  96  52  64  26  61  50
   91  87  97  35  98  93  31  57  45  90  86  60
   86  39  45  72  17  79  69  52  89  62  60  48
  103 107  35  95  47  54  39  56  81  43  42  88
   66  18  95  16  72  16  60  57  42  62  83  19
  100  44   7  48  67   2  31  66  37  72  61  30
  102  74  96  37 101  58  83  56  46  68  84  76
   22  22 101  81 104  88  82  10  44 102  40  47
   83  57  94  63  16  99  88  81  59  59  25  69
   72   6  83  24  71  95  96   7  35   8  72  80
   81  81   5  92  18  42  66  46 101  25  45  26
   19  69  25  57  28  27  52  37  34  98  20  96
   32 116  43  96  92  73
  103  69  19  66  89  76  70  70  85  91  89  90
   25 102   9  56  18  44  60  54  38  93  46  91
   45  85  92  89  88 102  46  96  35  79  50  83
  104  37  80  30  37  98  51  60  15  92  10  44
   62  31  84  32  24  48  50 102  42  80  78  67
   75  49  31  82  83  61  18  82  22  87  68  68
   37  81 112 105  34  58  83  72  31 101  95 111
   33  25  39  44  63  41  60  96  53  83  17  82
   50  19  13  95  90  63  60  66  63  78  39  78
   77  90  61  88  12 105  67 107  47  97  79  70
   44  68  86  56  25 104  88  84  70  30  28  85
   81   7  64  35  68 102  40  83  34 104 110  70
   66  13  40  20  82  14
   43  34  77  65  48  49  62  93  42  69  53  85
   66 101  70  35  64  72  73  15  95  37  55  41
   70  49  21  19  64   4  96  91  34  18  46  33
   11  62  52  67  24  50  26  52  73  50  97  57
   82  94  95 102  38  47  77  75  36  63  37  79
   27  57  67  34   9  50 112  79  94  30  94  96
   77  49  37  56  13  44  26  84  50  59  32 102
   64  80  64  88 108  19  72  96  43  58  79  32
   30  92  16  33  61  40  64  72 102 108  76  52
   57  44  93  39   9  88  25  49  96  13  78 111
   96  80 110  81  15  96  82 101  66  76  47  90
   84  49  63  87  96  68  96  22  93  79  49  65
   29  62  78 103  60  78
   75  89  80  76  64  92  94 102  32 106 103  90
   94  18  68 102  33  86  33  13  59  52  44  97
   80 113  33  78  48 106  39  61  59  27  32  19
   32 111  96  74  50  27 105  69  18 108  91  51
   52  26  26  57  24  25  70  44  22  71  57  26
   56  91  30 102  37  56  12  95  62  91  75  90
   90  50  54  64  35  27  97  68  49  28  29  62
   43  12 112  23  57  19  11  63  77  20  37  34
   18 103  91  41  83  22  21  47  72  26 115  61
   49  21  41  26  82  59  46  72  26  57  64  19
   84 114  41  83  29 107  85  78  54  60  83  27
   32  85  93  50  91  71  60  29 111  56  64  82
   77  18  32 105  78 102
   27  92  48  20  65  82  53  95  58 104  90  58
   16  20  91  80  74  91 101  49  13  31 105  67
   70  15  42  49  99  52  12  89  12  52  26  50
   83  74  83  76  33  87  76  80  20  12 100 100
   77  50  82  60  53  80  78  99  18  27  84  88
   45  20  86  80  31  98  33  36  77  88  80  76
   67  62  80 100  50  98  90  38  96  76  39  16
   40  45  71  24  58 117  34  20  45  16 102  63
   75  63  60  12  77 106  43  50  97  47 107  58
   21  92  51 102 111  26  88 111  54  74  98  37
   17  50  84  21  90  63  39  38  60  48 105 101
   53  90  64  38  52  88   8 108  49  19  43  26
   17  73  44  68  88  31
   19  27 111 114  90  58  50  89  40  76  13  63
  105  75  92  97  50  39  87  75  93  62  66  24
   31  56  45  99  24  91  65  57  50  29  75  69
   16  60  73  37 102  10  15  88  82  30  69  93
  116  44  76  85  82  68   8 104  43  94  10  90
    7  60 103 111  77  47  19  31  87  35  74  56
   56  63  83 104 108  30  39  76  62  97  48  78
   62  69  94 100  89  48  78  11  72  78 108  49
   89  63   7  17  18  90  59  57 102  43  69  67
   75  58  49  20  69  69  13  53   8 103  63  36
   90  80  97  88  85  72  97  88  38 105  39  85
  112  29  85  96  42  54  16  43  64  60  68  40
   20  27  41  49  74  81
   88  77  31 111  74  18  81  81  85  62  28  64
   72  30  32  30  35  19  56  23  20  98  75  29
   92  40  36  71  21  23 101  83  30  62  36 105
  100 112  60  92  50  55  10  49  72  30 103  95
   38  24  36  35  33 111  63  66  48   9  63  45
   90  15  22  93  87  25  25  20  65  42 111  89
   77  55  62  58  39  42  42  22  81  83  68  80
  114  25  31  44 108  64  37  14  67  80 102  67
   24  72  31  48  45  33  59  99  68  26  67  84
   45 103  39  64 113  14  26  61  49  32  29  21
   12 107 107  95  96  32  31  48  56  26  76  88
  104  51 103  25  69  11  16  80  25 104  77 103
   73  71  98  68  59  27
  110  16  67 109  46  15  89  50  81  40  68  18
   96  80  57  66  82 110  33  17  81  83  62  55
   98  14  34  24 105  94   3  64  99  78 107  17
   31 102  29  53 100  64  67  41  91  26 101  63
   40  92  60  98  25  72  68  23  89 116  79  20
   30  56  24  13  45  17  31  73 104  94 111 102
   59 100  41  95 115  30  77  59 103  57  46  53
   74 107  57  76  29  66  27  17  65  66  98  29
   77  75  50  67  43  79  86  20  65  99  52  22
   49  38  32  27  53 111  38  58  54  95  43  45
   73  45  96 106  93  26  88  29  14  44  24  65
  113 100  53  80  40  98  68  14  53  83 100  61
  108  58  29  58 102  41
   26  67  65  32  26  64  53  47  71  36  24  86
   97  61  85  60  79  70   8  70  36  11  36  48
   34  69  35  25  93  37  85  89  37 105 101  79
   49  85  98  57  97 111  50  42  86  90  19  11
   67  58  96  18  89  46 106  92  72  78  26  56
   55  22  62  71 108  91  67  77  72  54  50  93
   31  70  46 100  29  16  27  84  99   5  36  84
   69  58  98  47  23  46  60  88  86  22  68  65
   83  45  83  93  75  55  58  24  44  24  32  87
   84  24  52  72 100  98  72  88  42  24  23  83
   45  70  88  33  98 103  40  40  27  74  81  37
   59  17  90 105  72  69  92  32  90  36  18  59
   91  51  24  95  46  95
   15  84  71   5   6  35  72  98  17  18  85  29
   81  23  53  76  63  33  32  59  19  68  78  25
   89  19   2  67  11  94  96  20  61  69  10  22
   69  53  68  23  97  67  36  24   3  45   4   2
   12  45  81  24   7   2  24  19  53  91  27  80
   71  38  34  84  76  41  12 100  99  58   2  67
    9   7  26  27  35  30  55  70  39  86   9 100
    6  17  94  68  17  30  65  75  79  79   5   9
   63  65  92   2  30  31  96  75  95  91  19  70
   20  62  48  12  61  31  55  20  89  27  64  12
   90  47  61   4  65  85  48  66  52  21  21  25
   74  18  80  79  35  92  34  26  77  94  22  44
   26  65  15  51  10  13
   84  55  37  13  94  87   5  47  47   4  38  78
   69  55  53  25  46  80  28  48  79  78  95  44
   63  41  29  32  62  39  22  54  53  95  57  63
   38  47  83  95  74  14  88  12  26  99  84  17
   93  32  89  12  23  49  41  16  46  78   4 100
   55  80  10  75  65  13  10  69  75   5  63  32
   64  70  36  31  40  66  46  38  91  25  36  94
   38  56  79  49  42  63  34  54  81  48  34  19
   32  70  28  93  69  33  67   7  39  32  50  98
  100  82  18  99  97  38   5  84  57  11  66  45
   68  17  50  35  50  57  57  96  58  61  56  54
   26  78  85  69  12  84  22  33  33  53  42  16
   59  78  52  26  56  98
   54  43  82  91  57  75   6  31  39  89   6  90
    7  32  36  52   8  64  95   8  90  64  62  72
   48  27  19  59  95  55  69  42  90   9  78  99
   82   3  38  49  88  19  86  62  67  18  78  89
   14  24  51  61  26  74  65   6  69  84  74  57
    9  38 100  80   6  56  66  90  68  39  73  98
   55  50  63  64  98  22  48  69  76  62  70   7
   83  48  52   8  18  59   7  79  67  68  80  87
   81  26  69  61  26  53  16  47  10  85   4  87
   62  86  58  61  80  67  90  51   1  24  66  78
   17  48  49  73  10   8  13  17   5  53  43  28
   21  54  51  24  28  19   7  36  74  94   1 100
   14  16  80  16  70  81
   63  65  39  23  41  52  34  24  25  79  78  68
   62  98  84  75  70  20   3  78  22  50  14  62
   16  27   3  30  97  33  22  98  57  95  86  62
   94  40  15   7  58  24  65  26  65  91  68  24
   99  92   9  45  88  14  64  23  83  42  52  89
    7  29  82  38  14  69  76  66  33  57  55  13
   22  39  42  10  13  29  92  49  71 100  94   2
   59  17  56  79  14  24  21  87  38  67  12  44
   12  44  80  20  23  61  29  85  23  19  90   1
   12  72  52  51  50   1  76  49   8  45  34  16
   48  20  85  68  54  86  29   5  96  79  61  37
   45  67  50  43  36  62  82   8  85  34  84   7
   63  55  63  15  23  39
   92  92  69  40  22  22  91  70  95  43  42  10
   36  38  58  18  89  65  47  83  84  79  28  53
   25   2  17  35  48  44  25  72  58  84  88  49
   47   5  80  13  24  93  42  93  67 100  77  95
   12  79  46  39  93  84   2  33  59  49  12  50
   62  44   4  96  57  12  67  34  17  81  78  51
   68  86  42  51  88  50  54  44  55  81  58  97
   78  59  94  67  26  20  40  35  57  42  11  75
   84  45  39  96  76  84  93  63   6  74  60  46
   90  11  46  14   5  25  15   7  99  44  41   6
   41  96  72  46  89  20  83  78  16  22  34  30
   99  60  87  68  92  71  19  29  93  23  65  97
   25  30  52   3  46  96
   94  76  33   2  38  84   1  57  87  94  81  71
    9  95  92   8  31   3  84  83  64  89  30  73
   24  77  53  90   8  47  99  30  36  42  45  59
    7  17  55  57  63  13  95  82  35  13  83  59
   48  50  15  96  67  27  28  86  60  27  50  22
   47  55  87  78  40  12   7  96  10  28  64  11
    7  57  33  48  69  64  82  68  28   7  66  53
   70  33  66  14  49  13  46  27   4  21  78  80
   90  67  80  17  76  26  28  75  99  41  86  11
   51  54  33  91  75  44  87  58  50  27  52  36
   46  87  66   2  14  10  70  70  15  68  95  27
   29  47  60  59  66  59  16  16  14  11  90  39
   36  13  89  19  72  59
   90  65  35  13  75  34  12  67  49  78  58  55
   26  21   8  75  22  17  79  54  66  26  25  58
   18  69  73  31  99  39  39  55  22  52  51  54
    6  10  72  14  72  49  80  54  21  68  62  31
   49  97  12  90  39  96  55  59  77  53  26  92
   14  67  97  68  40 100  86  48  83  47  55  78
    7  43   9  73   3  53  30  46  71  42  36  26
   86  85   2  24   7  23  37  96  71   9  71  69
   25  49  10  52  87   8  29  30  57  48  94  48
   34  97  23  79  45   9  12  97  84  98  46  26
   37  39  97  11  89  77  38  72   8  79  65  86
   95  42  91  50  83  92  65  78  85  12  82   6
   79   1  72  11  18  34
   13  46  93  53  16  26  34  38  17  29  14  20
   91  17  94  49  99  67  56  65  68  13  64  20
   68  17  23  29  15   5  63  16  75  30  57  30
    3  66  29  76  77  11  53  57  93  12  99  59
   49  74  24  75  88  72  64   9  60  27  34  41
   32  70  78  21  20  54  91  35  89  24  39  38
   76  25   8   2  80  50  20  42  87   4  16   8
   73  85  74  69  44  77  49   7  50  22  98  31
   64  95  89  23  25  50  53  52  48  25  70  38
   27  20  56  20  90   9  48   4  55   7  31  45
   59  47  34  50  80   1  19  33  42  85  87  26
   22  98  53  76  42  18  71  33  78  12   1  46
   49  98  75  84  31  89
   74  75  25  47  70  63  43  26  65  39  55  29
   52  15  39  75  47  32  37  98  21  75  61  71
   36  71  83  96  55  99  19  23  80  90  73  70
   99  50  63  51  84  68  81  51  37  63  20  55
   22  20  17   3  64  64  38  35  76  48  74  27
   83  59  46  78  93  63   3  32  13  74  21  15
   35  59  74  64  98  74  76  27  58  54  82   4
   50  29  52  23   3  96  39  18  77  46  28  79
   82  27  87  82  48  77  41  38   6  12  35  67
   59  69  19  69  93  29  88  70   9  90  28   2
   17  26   5  35  97  14  29   1  47  34  59  12
   26  64  49  30  16  44  21  94  18  32  64  55
   89  53  40  13  47  39
   34  18  28  39  41  18  10  13  74   6   7  20
   13  99  36  16  85  21  74  92  52  65  63   6
   28   5  73  31  67   2  73  42  49  90  81  98
   81   3  11  37  59  87  13  51  93  12  20  60
   66  81  86  47  94  77  45  63  83  45  55  81
   49  22  87   9  82  61  94  18  41  20  28  21
   29  63  55  46  78  88  14  38  62  77  83  43
   65  99   2  90  50  89  95  52  30  90  70  75
   99  14  21  71  23  94  95  60  35  86   5  55
   68  90  78  84  33  57  74  30  88  48  48  86
   24   4  69  20  82   3  18  30  55  57  28  86
   71  32  11  56  17  35  45  82   5  51  42  38
   29  91  86  13  28  14
   85  28  66  97  39  22  56  24  51   6  18  62
   88  92  17  36  32  18  13  56  95  72   8  52
   33  89  67  62   4  61  91  14  99  58  89  65
   19  41  33  38  85  24  44  31  84  98   7  20
   37  58  23  47  67  31  35   8  89  84  30  27
   68  91  27  40  77  15  86  75  26  17  35  40
   50  47  37  17  54   5  20  75   9  34  74  87
   71  58  34  80  50   1  74  88  62  94  12  45
   27  40  51  97  34  10  75  55  17  56   9  58
   97  18  52   7   7  85  24   8  57  35   7  78
   85  63  27  89  12  47  78  64  58  69   3  19
   67  19  43  72  59  21  99   5  67  83  75  83
   92  43  58  48  28  80
   88  86   7   2  13  53  61  14  79  42  94  41
    5  36  25  10  60  72  19  31  20  50  48  86
   74  63  72   8  95  21  50  59  69  79  33  51
   87  51  43  78  17  97  91  24  27  79  35  23
    4  76  34  19  34  43 100  10  74  19 100  21
   97  52  12   4  40  59  88  81  17  81  33  56
   55  57  35   2   3  72  77  40  49   8  54  36
   44  48  25  11  24  62  32 100  40  37   6  69
   14  56  96  95  87  16  44  45  10  64  37  47
   34  61  62  89  41  49  97  50  94  13  54  75
   24  39  22  32  34  48  14  23  70   6  71  27
    2  79  30  22  64  66  95  62  39  47  43  79
   91  85  74  56  46  39
   27  41  88   3  46  89  28  36  26  40  78  55
   37  77  82  81  67  98  58  81  86  10  40  89
   10  71  84  43  95  88   9  29  86  47  68  12
   12   7  51  19  57  48  97  68  40  74  10  13
   74  87  71  69  71   9  44  41  67  93  44  66
   15  88  85  20  31  92  83  99  46  69   2  19
   34  59  44  45  73  63  72  93  32  23  47  28
    5  79  77  76   4  40  76  99  40  26   2  38
   87  33  89  72  66  80  49   6  41  83  36  24
   70  13  66  39   6  91  90  57  65  80  87  83
   90   4   1  25  19  79  80  70  59  88  43  23
   13  60  16  85  39  94  92  34  94  11  42   7
   40  49  12  45  59  91
    9  94  38   1  64  96  20  60  22  68  52  94
   23  24  58  36  33   5  78  89  25  29  56  62
   16  88  72  91   4  20 100  43  10  42   6  93
   74   8  82  56  19  53  36  76  13  88   5  54
   68  20  44  13  91  44  46  79  22   4  32  90
   81  51  87  92  66  99  78  47  14  11   9  11
   53  13  68  10   4  76  35  58   4  53  68  59
   43   9  58  33  84  43  81  99  46  37  14  82
   31  28  54  38  65  30  21  92  48  14  50  85
   64  81  86  93  63   6  80  59  57  14  72  68
   46  63   6  10  11  86  23  81  92  68  95  49
    4  19  54  25  66   7  48  97  53  27  13  58
    5  58  76  45   5  76
   94  49  43  71  80  47  65  60  40  76  95  25
    8  47  17  42  23  46  96  48  75  91  83  69
   68  42  77  88  22  83  28  23  83   6  19  36
   55  35  19  61  16   2  58  76  31  18  87  92
   40  53   8  96  29  74   3  19  39  35  82  59
   54  92  57  42   8  29  47  38  42  48  66  25
   71  45  65  13  80  99  80  22   8 100  72  31
   42  53   6  73  89  67  50  29  32  89  46  53
   36  74  27  17  40  51  44  88  73  83  73  27
   22  90  51  37  19  13  30  24  70  86  93  29
   66  35  26  72  21  17  64  70  85  38  34  77
   55  96  18   7  42  35  17  79  21  80  84  57
   20  54  94  13  67  24
    373   418   409   383   423   402   411   379   395   406   391   388
    424   386   403
