 10 225
   93  94  60  57  60  65  96  91 101  95  48  14
   97  78  71 108  91  61  90  65  31  62  12  24
  105  70  90  51  98  11  89  46  48  51  65  19
  110  88  62  85  72  99  84 111  92  23 101  51
   96 113  38  72  16  34  83  59  31  38  45  18
   94  53  71  44  79  82  15  87  80  46  93  56
   23  36  97  50  52  37  88  49  18  65  90  92
   62  30  53  52  23  94  59  40  42 109 107  14
   39  48  59  42  84  66  62  93  14  41  21  27
   18  98  78  75  23 107  15  58  24  94 105  88
   35  35  41  38 101  31  16  22 104  27  95 106
   48  87 110  16  13  31  20  39  27  32  97  21
   30  78  20  87  20  77  22  22  91  84 115  35
   59  39 101  53  52  15  51  78  68  34 109  76
   61 104  33  49  38  51  45  43  84  27  92  51
   20  63  66  57  27  80  93  34  74 100  16  21
   24  77  29  62  48  28 104  31 106 115  26 107
   87 100 113  87  24  31  86  32 103  45  39  30
   28  71  15  61  15  39  47  45   9
   59  80  65 104  52  60  47  21  13  97 102  90
  115  68  38  21 115  24  39  64  93  85  94  99
   94  74  57  59  26  39  69  36  89  77  33  69
   46  95  45  77  48  52  17  43  20  15  85  63
  102  83  75  65  52  58  28  88  77  51  41  70
   71  29  75  66  88  61  98  39  68  16  72 112
   23  46  66  72  52  54  31  41  69  63 103  89
   53  69  30  52  35  46  70  63  40  19  60  95
   81  57  22  72 100  32  67  73 103  76  27 108
   77  98  71  16 101  41  36  73  34   8  53  31
   21  13  33  11  46  29  73  63 101  32  34 117
   21  59  56  60  39  90  44 101  67  19  33   7
  104  41  35  23 101  43  43  99   5  14  75  55
   76  54  55  79  56  90  11  99  29 109  57 116
   13 105  57  67  38  46 108  19  97  96  97  70
   79  81  68  42 103  21  83  67  64  32  57   7
   76  96  21  82  38  60  99 107  93  32 108  57
   23  95  45  68  70  75  23  23  87  57  74  32
    5  19  43 110  99  76  77  54   9
   58  62   8  20  60  27  44  70 117  98  67  86
   70  41   9 100  72  99  81  14  79 112  95  95
   95  39  21  69  85  55  82  66  48  49 102  45
   84 103  28  86  98  65  86   4  43  88  64  74
  106  66  54  23  30  49  44  85 111  56  61  52
   55  78  75  55  47  36  25  66  50  24  58  66
   88  53  41  92  71  60  33  29  64  95  41 107
   87  89  83  19   7  64  34  12  75  48  36  30
   33  58  66  30 107  77  86  23  49  90  74  87
  109  66  73  61  98  63  88  91  12 110  18  46
   53   3  21 111  75 110  59  82  71  70 100  36
   96  34  52  33  95  31  99  91  87  49  57  20
    9  18 101  83  38  45  60  39  24  67  28  96
   39 102 109  15  53  89  21  68   5  17  68  70
   27 103  64  77  60 100  57  20 101  49  89  90
  107  71  38  46  93  78  78  13  36  88  99 101
   89  26  33  45  72  80  53  15  41  27  41  32
   71  79  26  91  42  25  57  58  19  55 107  21
   52  10  38  39  47  25  12  83  90
   65  18  66  92  21  77  89  18  88  75  55  76
   14  31  92  61  78  16  87  29  25  31  22  34
    5  48  71  53  91  64  13  93  56  17  48  45
   29  69  61  91  21  45  34  84  80  73  19  48
   70  23  83  66  65  55  75  99  37  75  34  40
   31 108 101  11  25  18  22  50  35  48 110  92
  102  16  89  81  85  21  26 106  76  24  68  58
  101  64  17  13  42  29  58 115  98  18  47  38
   18  80  55  28  55  46  92 113  57  97  27  23
   43 106  83  12  77  26  20  99  62  29  73   3
   22  37  42 110  42  55  78 104  74  84  82  87
   30  28  10 108  20  91  38  18  54  11  34   8
   26  14  49  53  91  23   7  53  18  37  13  30
   75  96  29  33  40  88  70  30  59  69 118  32
   14  32   8  23  94  23  53  90 101  71  61  94
  117 100  63  40  75  36  89 102  13  32  67  73
   69  39  56  41  29  70  83 110  91  63  28  64
  105 107  79  47  78 104 102  27  81  16  86  83
   61  90  80  31  87  74  73  44  90
  106  45  17  37  23  29 103  71  57 101  23  64
   71  84  33  55 111  21  97  77  99  43 106  28
   96  74  56 116  22  72  27  96  89  33  64 114
   75  99 117  70  74  27  15  20  44  63  87  19
   74  32  50  93  43  29  97  94  65  31  53  81
   61  77  31  34  63 112  57 108  19  22  98  27
   85  44  23 107  59  22  51  10  98  21  84  75
   61 105 108  94  22  36  85  22  69  75  27  30
   37  26  76  86  30  49  87  42  53  60  15  45
   61  79  93  77  49 101  91  48  86  66  21  29
   24  94  56  14  86  83  54  12  55  74  85  50
   72  60 113 111  41  87  27  41  39 104  70 105
   63  18  59 108  95 103  40 104  93  75  94  76
   39  27  10  35 105  83  66  86 102  90  81  79
   30  36  42  69  19  38  16  64  89  20 114 100
   82   7  60  43  84  78  81  84  44  99  58  44
   51  76  65 100  24  20  82  60  68  79 117  22
   91  30   5  17  63  73  27  97  44  49  52  49
   21  57  88  79  49  83 110  80 101
   95  94  46  95  19  35  19  68  26  94  58  33
   81  95  66  22  72  76  86  94  92  54  25  65
   85  24  33  17  41  29  99  52  48  83  65  16
   34  97  41  22  90  12  10  90  66  57  77 117
   25  53  96  74  57  45  33  54  16  93  91  20
   35  28  49  95  46  47  83  42  96  96  76  36
   87  55  77  21  57  15  61  12  33  33  75 101
   85  56  40  91  82  85  54 104  88  13  61  30
  104  59  94  94  77  33  21  43  25  19  78  80
   41  64  32  90  61  64  11  76  41  21 101  82
   27  67  32  46  46  36  41  61  41  45  45  69
   14  56  18 100  20  97  90  37  15  38 108  33
   65  45  85  80  81 106  55  42  49  92  41  26
   77  22  84  43  71  31  90 103  55  91  63 103
   62   5  12  53  46  32   7  86  53  60  68  15
   88  47  68  57  28  66 108  21   9   7  81  53
   33 103  76  94 106  46  40 108  91  18  43  57
   14  93  26  69 101  87  60  82  19  11  82  81
   59  43  56  32  28  48  86  11  56
   86   7  68  89   8  39 116  91  24  90 101  70
   16  20  60  54  68  84  36  18  90  75  67  82
   11  52  59  61  33  63 115  57  75  71  80  53
   82  48 102  90  92  74  76  78  89  35  21 112
  110  64  60  20  26  22  45  59  89  35  41  22
   25  10  41  32 108  98 100  76  63  55  93  27
   26  22   8  17  68  68 102  65  46  17  88  89
   90  40  98  14  14  37  37  28  18  30  69  65
   87  39 112  43  45  15  35  65  51  49  13  60
   34  82  42  89  86  88  31  66  34 114  68  47
   63  85  58  63  26  42  91 110  20  47  63  88
   90  69  25  66  25  22  63  92  75 105 114  91
   97 109  63  62  33  89  82  95  53  85  49  92
   39  31  62  29  88  60  23  79  51  88 102  24
   56  77  99   6  91  78  39  48  53  69 109  37
   58  67  82  64 104  47  25  42  52  51  71  73
  118  69  91  34  72  80  30  33  99  60 106 104
   19  32  96 109  99  39  30  65  66 109  37  87
   28 112  47  11 106  70  95 105  74
   45  63  11  65  41  69 101 107  55  83  91  68
   99  65 114  43  48  60  87  27   5  91  53  23
   22  68  32  69  89  23  30  60  74 111  66  77
   69  61  73  62  85  74  22  70  83  19  52  39
   61  59  75  29  72  75  61  73  96 111  83  74
  112  66  94  63  15  98  14  56  11  99  97  82
   93  40  16  86  62  80 100   2  44  54  76 109
   65  82  52  74  58 103  91  47  76 113  88  19
  102  58  17 105  68  91  71 114  15  84  77  97
   83  60  33  18  51  53  16  94  49  56  15  67
   97 108  18  62  97  10  39  24  30  88  92   5
   42  81  80  35  17  93  28  81  59  95  51  96
  104  30  64  29 109  54  93 101  74  22  34  55
   51 103  27  64  30  26  72  97  58  77  40  88
   15  91  64  40  17  91  94  24  59  75  64  98
   55  40  78  16  64  87  58 116  31  43  79 118
   15  49  53  23  73  80  99  87  14  63 108  65
   68  70  82  30  20  83  70  55  94  88  32  60
   44  19  62  83  50  77  94  37  82
   73  32  80 102  41  19  43  34  84  86  42  36
  107  36  61  10   8  50  34  46  67  82  50  28
   27  61 100  48  25  53  36 101  50  72  29  37
   35  86 117  89  97  83  38  93  64  71  46  87
   74  32  40  25  96  24 115  26  20 112  73  75
   97  40  32  46  87 117  56  96 103 106 107  15
   48  65  54  35  87  70 103  72  87  35  36  15
   72  99  42  54  81  74  27  68  27 106  92  32
   25  83  78  77  75  68  89  34 102  53  79  24
   46  50  47  38  64  64 118 105  54  50  44  93
   17  24  21  98  81  40  82  48  95  52  79   8
   64  83  56  51  23  95  67  34  84  71  90  29
  108  59   7  16  71 105  27  58  33 104  68  76
   58  98  93  74  39  55  22  16  93  44  50  89
   55  32 102  86  95  51  47  23  37  46  12  18
   22  49 105 110  19  11  28  41  25  13  32  62
   83  75 107  32  17  23  98  71  36  34   2  90
  100  49  31  45  54  63  41  46  34  12  31  47
   65  89  47  35 113  60  69  34  73
   93  46  29  70  88  68  74 110  51  97  20  95
   49  79  73 100 107 102  88  43  43  99  49  21
   91  55  45  19  77  38  57 104  44  51  22  66
   68 107 110  88  55  71  47  85  63  42  68  96
   65  37  42  57  49  87  29 105  96  58  84  44
   79  65  23  46  45 113  89  17  59  82  67  28
   46  79  96  89  86  90  96  75  80  77  64  15
  108  42  53  36  97  15 100  23  54  39 101  23
   65  69 100  76  71  37  48  52  13  14  73  63
   44  42  96 114  17  53  76  82 107  41  18   8
   29 108  28  61 102  32  69 103  63  23  24  49
   94  61  22  34  89  19  43  67  88  50  57 106
  104  45 102  41  96  34  47 109  27  58  71  55
   12  13  88  60  26  45 103  25  23  57  53 115
   62  81  28  29  26  12  35  49  27  79  84  36
   38  18  79  19  10 109  46  91  21  34  90  62
   93  42  71  91 109 100  28  69  28  64  78  72
   70  40  83  52  61  56  44  31 101  60  80   3
   48 100  78  25 100  81  22  97  54
   17  24  51  46  59  43  13  26  17  21  54  92
   19  37  31   7  23  53  21  44  77  42  98  93
   11  38  21  56  15  93  28  60  60  52  53  91
    8  31  50  30  43  20  30   6  19  86   6  62
   12   2  64  36  87  69  30  44  86  76  60  89
   13  52  40  74  41  37  97  29  39  65  25  51
   92  68  20  60  52  77  32  61  88  46  24  23
   58  85  52  67  90  12  45  74  75   2  11  93
   70  69  45  77  21  45  55  15  88  71  99  90
   96  20  38  43  85   4  87  51  79  14   8  17
   70  71  76  69   8  78  97  84   7  93   9   9
   66  17  10  98 100  83  94  77  79  75   6  96
   87  41  92  16  91  29  90  91  21  36   4  82
   61  65   5  60  59  99  52  42  43  79   8  28
   51   9  78  55  79  54  66  60  29  75  26  61
   85  52  45  45  90  35  26  70  39   2  89  84
   86  30  84  48  64  82  16  80  13   2  76   6
   24  18   1  23  94  74  25  82   2  58  63  76
   74  47  93  41  94  70  56  70  98
   55  33  55  12  60  43  72  82  95   7  12  21
    5  47  82  86   2  96  69  51  19  27  17  10
   25  32  62  50  87  80  46  83  16  32  78  43
   58  14  64  39  58  54  99  76  83  87  25  41
    7  20  40  44  56  50  83  29  25  62  79  38
   45  75  33  51  22  57   5  74  34 100  37   4
   92  62  46  39  62  64  75  70  51  56  14  21
   55  43  74  55  70  73  36  49  67  90  49  23
   23  45  98  35  20  72  38  38  10  32  77   3
   34   7  41  97   8  68  81  34  71  99  59  74
   99  90  86 100  73  82  29  48  17  84  74   3
   93  50  61  50  72  15  71   8  41  99  80  95
    1  69  82  87  12  65  59  20  98  89  31  56
   30  57  56  24  53  13  97   6  87   2  55   2
   90  11  54  45  76  72   3  85   6  23   6  36
   29  33  45  78   3  94  23  35  56  73  63  96
   32  20  82  24  81  47  14   2  27  70   5  55
   83   8  66  40  45  42  92  82  31  48  38  84
   98  83  63   1  18  37  34  64 100
   53  42  98  93  53  88  61  50   2  13  47  16
   35  77  98   8  42   7  23  94  32   6  11  24
   20  74  81  44  22  53  34  54  68  70  12  57
   20   2  83  29   4  48  30  98  60  22  47  40
    4  43  64  81  89  59  67  24   2  61  43  68
   49  27  30  59  71  66  82  45  65  87  53  43
   15  67  75  20  39  42  74  86  51   7  75   3
   28  22  37  97  98  47  86  98  37  70  77  73
   72  60  51  89   8  31  16  80  60  12  36  27
    2  39  39  50  20  52  23  17  90   7  90  60
   60  99  89   8  43   8  60  25  31  34   5  75
   14  70  66  83  12  77  13  18  27  62  47  84
   96  86  18  34  68  74  49  76  82  38  77  16
   70  15  10  92  59  18  83  38  99  94  49  42
   93   6  56  38  44  10  58  92  17  65  27  12
    4  38  81  62  16  30  27  96  73  17   9   4
   18  92  76  59  33  38  61  96  77  90  69  84
   34  34  79  27  66  94  62  61  89  59   9  82
   57  94  65  71  57  87  90  37  17
   53 100  51  20  81  26  23  89  28  44  63  38
   97  87  21  55  24  94  27  78  89  77  88  84
   97  54  47  60  11  38  94  15  56  90  61  74
   84  43  58  25  97  70  82  22  39  35  92  68
   43  93  34  46  49  60  39  17  79  39  83  78
   73  12   6  92  92  95  88  68  85  58   5  10
    9 100  26  27  21  91  90   9  30  79  36  59
    8  56  95  94  69  83  55   5   7  89  70  75
   93  22  54  75  47  62  17   1  57   7  78  90
   68  10  32  95  40  86  82  16  52  77  39  99
   85  82  70   2  62  49  29   8  40  29  30  20
   83  92  98   3  85  11  73  98  57  92  82  95
   81  96  70  65  21  89  96  62  99  82  91  80
   41  18  74  81  65  26  41  74  56  41   2  70
   88  81  96  88  14  91  57  27  10  44  46   8
    2   8  48  62  29  79  26   3  92  72  47  38
   49  69  57  65  79  45  32  10  12  41  83  45
   12   8  24  58  33  11   9  89  33  96  21  30
   44  20  36  79  19  39  37  72  26
    4  71  99  77  91  73   4  33  51   4  91  41
   33  20  76  48   7  90   5  42  12  60   6  77
   18  29  62   2  98  39  93  11  22  83  47   3
   45  15   2  49  33  77  90  82  75  46  30  88
   31  77  61  19  70  77   9  11  45  79  49  21
   56  32  88  70  46   3  57   9  92  92  20  80
   29  67  87  10  60  93  51  99   5  92  26  39
   46   7   7  25  87  75  34  93  34  29  79  72
   76  84  34  33  90  69  18  68  51  43  96  71
   53  39  12  36  54  19  28  64  18  36  82  84
   80  12  58  93  24  31  65  94  62  39  30  60
   45  60   5   5  62  26  83  65  75  11  35   3
   53  89  44   3  18   4  69   9  12  33  12  44
   69  89  92  67   5  22  48  27  11  28  39  32
   73  83  63  41  93  82  89  52  26  87   3  18
   27  99  53  63  19  34  35  19  64   6  56  71
   52  42  42  18  95  87  31  42  48  39   2  94
   27  81  99  91  47  44  81  20  75  63  67  65
   89  60  18  40  53  32   6  34   5
   24   8  71  24  92  76  97  51  82  21  45  73
   21  13  36  90  38  33  27  17  21  54  95  50
   28  87  83  97  70  86  12  60  54  21  54  87
   82   6  67  91  25  97  95  22  45  54  27   2
   91  50  18  34  57  62  78  63  87  14  20  98
   68  80  66   9  63  64  27  66  16  22  33  66
   24  61  32  99  59  96  53  93  69  74  28  13
   22  49  75  21  29  33  50   9  24  98  54  83
    3  55   9  17  26  73  91  61  92  87  32  28
   61  49  74  19  47  47  99  35  73  88  10  38
   92  50  78  71  58  76  62  58  75  57  67  44
   96  57  94  16  96   9  28  74  95  73   4  76
   52  58  25  33  21   3  55  76  66  19  61  82
   42  98  27  60  33  88  21   8  61  20  40  17
   51 100  99  59  58  77 100  17  63  51  47  88
   23  64  37  50  91  42   4  83  95  99  34  65
   78  15  36  12   3  60  76   4  20  93  76  51
   95  22  78  41   6  16  60  32  87  95  28  22
   57  73  61  71  90  65  22  96  63
   16  98  42  22  97  77   4  12  78  12  18  43
   91  94  58  62  43  32  73  92  19  43  44  28
   97  59  61  51  81  47   3  51  30  37  34  65
   24  66  16  28  17  38  27  32  24  85  96   3
    7  54  50  88  78  97  71  53  16  80  71  97
   89  96  71  76   6   5   4  38  55  63  18  76
   80  94  98  89  52  48  10  55  64  85  28  20
   28  67  13  96  97  67  71  75  86  83  46  54
   20  72   8  66  75  94  69  40  58  64 100  53
   72  24  69  13  16  22  84  38  77   6  52  63
   57  29  53  48  92  71  23   2  97  64  49  24
   17  39  80  49  90  83  49  11  30   3   2  19
   14  11  49  42  81  15  27  10  58  26  59  26
   75  76  52  89  16  49  83  36  61  26  15  84
   64  34  11  99  20  25  77  67  58  48   4  81
   50  47  22  42  15  65  81  71  57  63  31  35
    1  51  15  77  43  31  80  78  20  52   4   7
   86  81  21   2   3  81  74  55  39   7  73  17
   91   8  62  98   8  48   8   6  29
   63  48  91  40  68  33  19   5  47  32  20  34
   10  46   2  75  67  60  27  76 100  16  61  88
   93  50  85  36  29  86  78  43  43   4  49  26
   50  52  39  49  19  44  89  40  23  98  64  68
   45  53  39  88  48  37  53  46   8   7  22  40
    6  45  17  55  90  19  96  54  92   4  18  29
   12  70  89  22  58  33   8 100  63  55  36   2
   46  29  63  38  47   9  15  59  26   7  26  87
   14  54  86   3  37  29  37   4  97  35  34  20
   20  53  75  92  57  52  93  17  59  61  99  46
   10   5 100  58  18 100  76  82  73  23  19  97
   73  22  29  79  98  12  83  23  61  16  64  16
   11  81  38  86   6  50  18   6  44  92  68  50
   59   8  87  39  80  85  44  17  45  25  74  17
   88  24  54  70  86  26  16  90  60  30  44  13
   50  64  25  97  45  23  56   2  80  59  29   1
   93  53  62  87  42  30   8  23  89  46   7  53
   48  38  26  88  89  33  38  47   9  22  77  58
   62  93  52  26  60  34  20  65  23
   34  70  23  13  70  92  66  74  35  25  75  83
   12  70  46  97 100  57  69  67  46  29  61  88
   83  57  20  69  90  59  79   5  59  39  89  70
   75  24   3  23  14  35  70  15  41  46  61  25
   34  80  78  94  16  95   2  86  91   2  36  42
   10  76  71  65  30   3  60  12   2  14   4  89
   57  54  52  75  22  46  14  42  28  78  83  99
   47   4  77  49  34  42  83  43  80   6  24  70
   88  35  28  38  44  41  22  82  18  67  24  78
   65  60  64  69  47  51   1   9  62  57  62  10
   87  88  94  13  36  65  26  63  23  59  38  98
   50  36  55  57  97  12  44  86  29  32  27  77
    8  46 100  97  34  12  81  51  82   2  50  40
   59  22  14  40  74  49  81  97  17  76  54  23
   51  72  18  16  22  52  62  85  74  61 100  92
   82  71  11   6  94  93  80  62  86  92  74  47
   35  27   5  83  90  93  19  37  79  85 100  29
    4  64  82  64  62  45  69  71  80  90  73  56
   52  23  67  69   2  44  46  77  42
   27  62  73  50  29  42  40   8  69  14 100  24
   58  32  33   8   4   2  23  77  72  17  53  81
   11  59  61  84  31  67  54  10  60  56  87  46
   51  13   9  18  52  40  60  19  47  77  45   8
   49  70  61  62  65  16  84   1  18  58  34  66
   27  55  79  70  63   4  24  97  57  29  48  81
   69  33  11  31  31  13  17  29  36  33  49  89
    6  67  56  75  12  95   8  82  61  72  14  84
   41  49   2  41  34  65  58  64  89  97  34  57
   59  76  12   1  92  59  34  20   4  70  92  96
   86   3  89  55   8  80  48   8  48  85  91  60
   19  47  91  83  30  91  65  44  30  57  45   2
    2  67  10  62  21  76  73   5  84  61  40  57
   90  93  21  43  90  59  16  91  96  52  50   5
   58  23  85  90  93  92  81  59  91  29  24  78
   69  85  25  92  97   4  65  11  84  73  23  44
   23  62  44  19   6   4  87  44  91  47  31  44
   48  70  34  54  43  61  72  75  11  49  23 100
   69  11  25  87  12  34  93  14  51
    927   917   905   984   871   970   881   854   953   895
