 20 200
  101  70  73  46  94  13  20  82  48  66  34  90
   15  37  30  27  56  92 104  79  74  79  31  53
   73 106  69  80  60 108 105  61  85  55  12  78
   12  58  97  49  19  30  30  89  50  83  67  85
   81  27  75  12  40  32  43  19  79  67  24   9
   21  73 104  29 103  96  47  67  58  58  59  34
   58  90 101  31  76  51  51  29  15 104  42  48
   17  34 103  78  80  80  23  16 103  58  63  45
  106  89  98  96  81  21  97  89  81  42 107  70
   55 101  87  26  72  40  63  95  51  49  83  82
   53 105  43  85  71  91  49  21  72  29  24 102
   63  89  35  64 100  43  64  54  72  44  63  28
   69  91  77  52  45  81 108 100  49  56  84  37
   27  78  72   8  52  70  62  69  65  11  25  12
   50 108  50  39  88  41  72  86  36  52  43  20
   22  62  29  66  79  69   6  71 112  65  38 115
   58  10  69  98  51 109  92  19
   97  48  28  80  48  43  97  63  58  29  13  82
   50  65   9  48  35  88  31  31  83  18  17  48
   26  26  21  85  98  18   8  24  45  89  59  97
   12  69  35  54  95  28 113  62  79  27  52  21
  101  11  27  70  85  15 101  34  15   7  18  55
   57 105  25  15  27  21  55 105  65  60  32  96
   78  43 105 110  22  88  32  33  46  91  26  80
   69  71  27  76  42  21  53   4  69  37 110 103
   31  63  10  65  86 104  33 100  91  89  59  70
   36  21  15  81  58  55  59 106  70  58  57  54
   14  67  38 116  88  65  30  66  64  38  75  23
  115  35  59  46  62  71  71  89 116  90  81  62
   61 101  59  74  66  24  94  76  38  69   5  80
   75  57 103  17  35  45  64  85  88  59  72  27
   61 108  73   9  63  71  34  68  45  29  41  48
   14  59 100  43  21  44 106  79  87 103  75  13
   50  22  29  36 101   9  56  37
   37  18  78  81  89  14  92  78  25 102  14  91
   92 107  96  75  21  83  80  30  73  11  92  81
   43 111  14  52  51  87 100  23  80  73  25  92
   17  76 100  21  57  92  52  99  94  61  96  18
   48  18  15  47  81  56  34  89  41  44  16  39
   66  37  22  16  36  95  60  42  13  59  91  83
  106  88  36  17  34  71  98  91  63  56  76  86
   40  84  82  24  82  90  32  85  32  23  19  50
   36  43 102  94  41  70  54  76 109  83  67  42
   56  12  92  83  42  56  65  47  94 103  64  14
   64  84  64  72  12  67 101  24  57  72 111  69
   27  55  95  50  39 117 100  42  44  41  27  70
   98  77  20  92  69  21  33  11  96 106  51 101
   68  96  37 106 110  60  89  31  35  81  47  58
   27  47  39  32  21  35 109  41  45  75  44  27
   67  81  75  48  59  14 110  38  49 101  79  28
   94  63  53  62 109  94  98  94
   25  57  37  86  52  91  95  91 109  94  88  97
   29  68  75 102  44 102  66  78  33  90  80  27
   16  66  67  98  45  38  69  19  38  94  62  45
   60  78  95  54  88  65  78  49  92  54  53  83
   94  31  40  60  12  61  67  89  12  97 109  55
   45  84  60  70  77  62  24  26  92  16  56 104
   76  30  37  11  18  86  33  18  24  59  77  66
   72  96  81  50  98  43 114  72  33  57  73  49
   28  39  92  31  25  31  94  61 118  86  52  83
   38  90  91  74  75  66  65  94 108  23  63  40
  102  16  72  50   4  47  84  29  31  64  37  58
   90  49  51  72  59  71  30  67  46  91  31  86
   14  27  92  47  17  67  12  11 104  75  85  90
   88  16  95  57  53  30  84 109  21  98  62 108
   62  79  44  63  78  97  88 107 102  18  30  25
   46  52  85  31  52  94  30  74  84  53  45  49
   57 114  86  71  74 103  68  84
   74  77  72 102  47 108  22  84  31  78  31  17
   91  68  87  73  70  76  80  13  92  92 102  41
   32  84  43  26  65 111  71  95  85  89  21  10
   56 100  97  44  58  50  65  99  95 107  15  60
   70  72  66  30  14 104  96  93  23  29  89  20
   54  23  72  94  23  73  72  22  99  36  80  73
  104  97  14  33  23  36  22  43  24  52  81  91
   37  97  31  35  65  93  43  90 103  30  72  41
   77  73  97  52  32  52 112  74  15  27  26  52
   30 110  30  44  95  25  95  27  75  88  61  29
   65  85  35  54  72  32  54  19 111  40  29  16
   68   4  53   8  15  27  71  86  13  52  22  89
   90  77  59  71  87  56  72  20  86  92  38  22
   74  89  37  71  33  81  54  24  82  52  25  39
   49  87  84  35  66  35  15  59  54  99  25  17
   47 100  83 107  54 101  82  28  65  41  25 100
  106 106 106  31  35  16  46  51
  101  14   9  44  70  62  73 105  91 102  37  97
   56  13 114  87  93  47 101  98  18  92  22  72
   69  40  97 105  48  33  66  18  71  92  81 105
   12  87  57  65  20  46  67  61  54  55  63  57
   86  15  48  65  97  83  14  42  69  31  56  33
   90  55  17  12  35  40  22  44  89  65  55 104
   84  80  80  61  43  86  37  79  80 101  16  73
   64 101  66  60  99  76 102  12  41  71 105  98
   26  59 105  49  86  28  76  63  52  88  70  90
   41  19  63  12  64  93  85  92  20  63  23  87
   29  96  96  31 102  96  58  13  32 113  44  31
   59  88  85  17  77  37  16  71  50  82 103  13
   89  51  50  51 101 115  30  78  72  55  69  96
  112  80  58  32  23  84  37 112  90  20 105  23
   29   5  27  13   9 114  67  19  25  76 103  36
   13  59  32  91  53  17  79  19  55  37 112  78
   50  36  74  84  39 114  84 101
   39  17  80  38  20  13  78  43  11  98  11  66
   29  29  28  33  72  35  83  30 100  41  76  25
   14  35  40  20 107  53  75  31  62  87  38  41
  106  52 106  35  79  89  95  44  63  89  44  92
   52  73  80 100  85  77  39  96  99  61  12  73
   15  13  42 106  80  74  52  93  37 111  63  40
   89  58  12  29  30  79  25  85  23  59  72  81
   52  55 112  43  71 109  59  60  59  50 106  47
  102  82  71  13  86  33  31  24  28  74  90  35
   23  33  72  73  10  23  46  81  76 111  97  69
   51  32  59  73  19  24  51  15  36  84 112  88
  111  50 106  28  41 106  84  57  97  57  33  22
   41  73  36  79  98  67  76  79  52  14  97  91
   31  34  95  74 107  48  26  22  72  68  60  20
   35  28   8   9 114 104  25  56  83  61  35  88
   92  41  47  38  77  29 109  46  53 101 102  53
   24  61  43  20  44  43 108  23
  104  83  91  47  19  32  37  92  31  95  84  95
  102  40  75  72  33  20  64  61  39 105  97  59
   18 106  62  24  25  79  35  30  64   7  95  82
   34  61  75  84  25  64  73  32  45  29  67 115
   20  80  77  46 111  58 106  76  44  34  44  12
   19  21 103 106 102  60  32  36  64  42  97  58
  113  50 104  78  34  70  63  46  27  51  82  60
   67 104  19  69  60  29  13  92  97  25  27  98
  105  42  37  30  85  43   8  47  88  71  47  98
   46  51  83  36 100  70  50  86  23  35 100  15
   92  28  97  10  17  82  44  37  19  92  60  49
   74  89 105  63 110  68  33  37  56  77  30  41
   11  95  13  68  14  20  71  45  69  90  72  44
   92  42  19  96  70  69  74  57 105  36  72 101
   72  78  96  77  22 103  83  94  41  47  20  51
   38  63  30  55  95 117  49  46  63  14  53  31
   65  90  87  18  39  68  30  96
   88  33  68  46  56 104  90  57  38 106  57  50
  110  97  17  27  57  75  50  37  43   8  77  30
   51  29  25  81  19  75  73  82  12 107  78  94
   29  39  87  87  63  36  31 100  19  89  64  11
   23  84  19  57  43  36  66  66  52  25  42  22
   87  60  76  71  67  82  98  84  48  39  21 108
   76  60  89  52 108  89  82 106  11  92  31  82
  105  37  67  81  78  69 105  76  46  29  40  28
   96  59  92  60  86  40  26  95  51  64  94  68
   52  48  69  91  58  21  49  37  60  64  77  50
   86  62  98 107  39  50  95  13  54  55  45  30
   67  90  32  25  28  86  90  38  72  37  73  77
  104  52  75  68  53 104  64  68  17 105  64  26
   18  58  77  19  99  57  18  21  44  81  35  72
   64 109  61  24  42  87  11   5  88  25  36 101
   54  72 107  92  25  99   5  54 106  23  98  39
   32  98  74  93  41  43  69  53
   73  54  91  77  97  91  22 104 106  19  83  44
   55  64  51   5  96 103  61  95 102  57  86 102
  102 117  21  53  75  26 107 108  17  70 107  61
   70  96  28  18  45  63 103  77  56  22  98  79
   85  24  62  29  90  91  55  43  95  72  53  29
   55 111 101  58  61  36  77  40  96  32  39  77
   62  93  75  79  99  96  78  39 100  26  55  83
   63  33  92  97  42  75  24  66  79  83  41  93
   74  97  58  67  75  92  99  17  73  54  55  56
   51  44 100  84  74  20  58  10  41  37 105  65
   39 110  72  35  73  34  34  16  74  81  88 110
   90  75  81  60 109  90  81  59  92  96  69  37
   58  67  68  97  66  99 102 106  20  64  54 107
   58  78  51  64  90  34  44  22  87  72  89  89
  104  47  30  22  85  92  94  94  84  93 104  97
   62  16  89 101  31  21  29  50  96  74  38  38
   18  77  64 106  85  79  52  60
   93  94  21  28  13  93  22 100  37  40  75  39
   72  96  32  28  45  25  27  28  25  36  65  50
   52  75  81  68  88 103  47  63  37  30  50  10
   30  33  52  42  80  91  26  99  77  88  30  39
   83  96  80  28  55  63  99  44  35  23  76  33
   81  74  98  62  42  38  92  58  88 109  53 102
   16  59  72 103  16  26  42  25  71  72  61 106
   23  84  79  34  28 105  13  83  54  36  72  25
   44 101  32  81  77  40  56  78  42  46  41  57
   60  61  27  64  89  54  72  37  95  53  83  38
   33  70  71  63  76  81  25  10  45  83  76  66
   65  90  40  25  99  14  77 104  98  24  35  33
   93   6  18  59  80  82  41  34  87  35  78  65
   19  80  88 111 104  24  25  59  41  78  98  82
   28 100  63  16 101  47  43  68  88  46  84 103
   30  40  31  99 113  82  99 112  69  66  60  68
  102  64  88  49  76  53  63  29
   73  89  81  42  27  89  96  89  49  18  60  63
   22  31  18  96  35  36  68  72  89 101  60 107
   71  90 101  56  56  51  51 104  72 108 108  97
   79  96 105  58  52  83  62 105  94  90  85  29
   38  24  58 106  37  54  78  51  55  43  68 111
   72  83  36  31  11 114  62  67  49  38  82  43
   56  98  58  34  24  81  64  58  91  47 101  39
   22  18  95  98  68  45  88  63  34  70  16  90
   94  89 112  99  73 105  72  22  14  63  45  93
   47  73  19  63  69  90  91  77  63  82  56  25
   78  97  55  59  20  83  71  64  76  52  18  20
   76  12  75  67  33  79  54 106  85  78  30  98
   38  73  80  65  19  80  62 109  74  84 101   7
   27  37  46   6  81 105 108  33  91  45  18  40
   81  12 101  86  93  67  45  42  24  78  62  12
   90  43  41  89  63 106  24  49  55 100 106  14
   63  12  81  69  60  20  63  15
   60  85  60  73 110 103  27  55  94  75  73  89
   34  27  93  92  56  70  58  47  97 104  91 102
   74  82  65  32  31  81  18  54  47 101  68  13
   75  42  96  90  27  58  71  55  90 112  76  46
   45   3  74  29  87  42  84  60  90  88  14  81
   75  54  47  68  60  65  60  98  59  37  41  94
   72  29  97  91  15  40  59  69  19  29  92  47
   99  66  96  80  44  77  97  38  21  69  90  79
   33 111  28  88  82  14  86  72  43  21  48  55
  107  89  54  34  65  22  44 101  51  24  89  89
   68  27 111  41 102  69  75 113  37  49  48 103
   29  92  74  95  48  48  18  83  52  25  22  47
   18  36  69  86  27  96  71  37  33  86  95  30
   87  38  47  22  60 116  78  20 117 100  18  90
   19  43  62 115  85 111  70 115  44  82  77  43
   44  47  88  32  88  70  80  42  10  59 113  31
  114 103  33  57  49  37  76  26
  103  26  88  42  69  81  15  54 100  98 101  48
   51  71  66 106  41  72 107  97  28  25 102   9
   94  14  98  93  24  87  81  97  50  10  82  15
   83   7  23  99  33  35 108 109  65  50  21 105
   68  13  22  47  90  77  35  25  82 100  52  46
   18  47  77  58  38  45  18  81  86  42  27 100
   97  40  87  39  73  50  32  62  26  98  79  80
   56  42  89  48  41  20  83  44  69  16 106  76
   43 105  34  59 105  88  79  17  34  22  92 106
  101  47  32  59  88  22 100  49  70  58  37  39
   27  78  55  17  21  32  19  35  42  14  31  96
  105  25  50  71  72  86 109  89  94  60  29  76
   52  87  23  67  76  98  28  81  52  66   7  99
   20  70  84  97  48  78 110  91 109  87  27 109
   91  43  57  55  95  66  54 117  10  24  65  84
   21 104  51  55  17  88  76 103  89  72  92  65
   19  87 114 110  65  53  42  13
   83  68  32  67  68  77  38 103  72  81 103  95
   50 101  98  53  71  27  43  38  75  33  27  13
   87  65  88  65  57  18  21  96  53  33  99  48
   36  14  13  84  85  21  73  59  61  10  90  13
   90  87  29  98  84  49 108  87  86  11  53  61
  112  49  31  51  92  76  20  71  17  79 101  33
  100  87  59  32 115  58  25  66  69  33  54  70
   37  45  21  23  82  42  52 100  55 104  48  60
   17  93  32  92  91  36  19  19  71  77  35  64
   58  74  31  20  76  58  39  74  33  46  73 109
   69  35  79 104  23  26 115  77  76  97  30 115
   60  12  68  50 106  65  59  62   9  41  31 105
   27  59  98  68  76 114  70  79 118  83  94  90
   81  43 104  89  23 100  51  60   8  88  94  58
   62  87  89  62  50  82  35  33  70  67  51  33
   28  78  21  58  43  22  35  78  31  18  60  67
   51  63  74  64  33  90  69  52
   84  55 100  28  57  12  60  63  10  71  39  71
   54  84  43  43  27  34  25  42  86   8  84  79
   92  60  25  26  44  52  69  24  34  45  81  71
   92  58   3 105  68  35 104  21  66 105  73  72
   69  21  16  56  92  84  49  27  99  42  49  31
   89  13  20  48  75 102  75  19  90 113  75  35
   38  36 105  88  89  18  16  94  33  57  55  86
   69  37  68 100  77  93  80  94  48  20  34  38
   63  73  56  94 107  54  67  47  36  38  84  39
  109  15 113  70  64  88 101   3  60 104  88  39
   58  77  73  91 104  70  98  67  29  22  80  51
   90  32 104  24  31  85  13  65  26  30  76  34
   19  60  49  30 104  93  18  98  29  41   7   4
   57  77  41  18  61 111  28  95  78  22  31  23
   73  45  87  72  41  59  29 108  47  73  56  23
   65   3  79  81 104  45  73  44   8  72  85  66
   53 105  69 116  50  39  56  65
   44  59  64  39  61  29  58  28  68  91 101 103
   45  56  20  91  72  85  45  67  60  39  19  74
  109  54 102  93 105 103  18 105  14  31  17  61
   78 103  66  84  38 116 115 100  41  98  24 105
   59  39  81  25  69  91 100  82  67  65  83 111
   63 109  80  59  20  76  85   6  26  69  34  79
   54  30  17  38  94  29  61  58  81  77  78  80
   71  91  34  50  20  47  65  95  18 108  95 100
   25  99  40  44  74  19  21  35  33  95  32  64
   22  58  89  30 103  46 106  84  43  93  36  59
   49  43  37  13   2  78  22  13 111  47 105  88
   18  27  66  33 104  20  50  69  36  45  46  41
   69  33  71 109  37  94  82  12 102  62  23  16
   48  92  97  33  42  64  35  28  90  74   6  92
   50  48  78  66  67  83  73  13  81 102  80  86
   47  71  75  46  79  65  96  73  70  66  58  46
   82  58  53  15 103  34  99  18
   86 112  95  68 107  99  90  89  43  26  18  96
   91  91  63 111  64  52  55  92  18  15  12  13
   96  50  22  79 117  41 103   8  48  52  30  43
   29  48  43  17  34 115  64  41  90  45 107  75
   48  30  85  79  28  48  68 101  92  90  66  37
   26  66  89  88  33 103  91  71  99  34  31  91
   18  85  47  64  23  33  27 101  42  78  26 109
   80 101 103  51  20  54  97  27  12  58  45 114
   94  39  26  31   7  58  24  40  73  22  67  58
   77  39  72  73  82  23  38  59  81  31  14  88
   36 111  98  28  81  35  85  12  93  27  31  98
   76  58  98 105  36  98  89  19  61  18  59  98
   49  78  22  42  23  19  49  57  79  33  33  34
   44  39  59  63  67  40  92 106  60  18  23  16
   64  62  76  24  98  53  57  23  76  51  27  34
  109  86  41 101  29  88 101  41  85  67  64  93
   90  27  73 110  22  77  12  18
   71  31  80  59  44  79  68  59  83  25  18  85
  100  20  71  35  13  39  63 101  44  94  26  42
  103  72  38 114  54  49 109  37  16  24  31  99
   37  26  89  24  17  32  31  98  33  44  71  30
   89  30  92  97  62  23  44  98  76  66  92  98
   30  40 100  36  83  19 106 106  96  67  74  56
  109   8  57 114  15  77  47  41  35 101  72 104
   34  99  76  59 103  26  35  25 110  41  86  50
   98  57  95  31  19  46  23  41  71  98  28  31
   40  60  18  64  49  45 108  53  74  80  41  19
   50  92  16  43  73  67  67  59  46  30  69  24
   97  37  56  78  83  73  52  95  23 104 103  83
   38  85  54  58  61  80  78  65  60  74  43  85
   51  56  83  66  53  45  94  98  47  78  29  33
   74  77  80  61  39  31  25 102  68  49  17  89
   25  20  87  78  80  81  70  86  38  65  36  52
   63  27  63   6  63  66  25 104
   17  88  12  67  86  26  41  82  56  21  44  85
  111  78  47  88  16  36  23  71  31  81  86  76
   27  95 109  95  29  26  24  88  71 104  94  50
   51  92  74  38  77  70  14  53  59  72  32  76
   19  40 105  58  10  49  25  95  36  20  83  48
   75  76 105  27  36  47  78  98  87  23  31  72
   15 106  16  71  34  47  65  41  89 101  58  73
   59  16  43  79 107  58  89   8  59  15  77  25
   26  58 101  97  57  72  60  38  21  39  70  55
   61  37  16  65  60  44 102  29  24  43  48 111
  116  90  68  28  30  37  94 100  71  47  66  65
   25  19  72  85  70  93  16  56   5  59  74  51
   25  60  75  94  49 101  29  72  77  89  57  59
   47  98  81  21  50  39  47  49  33  37  36  30
   77  94  92  44  46  12  28  97  79 110  16 103
   18  72  57 102  21  99  94  15  76  77  90 119
   92  61  65  21  66 103  39  75
   17  48  38  72  22  98  93  29  66  50  76  28
   90  74  78  81  58  26   8  36  46  37  85  58
   44  10  41  33  44  11   2  57  34  65  92  33
   94  49  22  59  90  85  83  30  63  36  43  24
   30  93  38  98  71  82  68  88  27  43  87  93
   91  32   3  74   6  15  64  47  54  56  60  77
   51  21  10  72  43  58  56  76  96   4  65  63
   96  68  13  30  36  34  81  91  10  48  54  74
   13  14  10   9  30  88  13  27  29  73  10  49
   59  10  23  84  39  72  43  22  55  62  25  23
   53   3  77  19  31  27  62  99  35  81  84  12
   52  13  85  50   5  61  41  51  42  58  49  88
   36  19  28  67  75  34  10  12  58  64  32  69
   84  37  32  94  53  36  43  48  53  97  84  90
   59   2  57  72  23  72  39  34  69  60  74  92
   89  49  73  40  32  39  99  35   1  46  69   1
   47  94  42  11  62  11  15  90
   22  59  91  38  55  62  14  53  44  78  90  24
   56  50  93  57  76  29  75  81  27  97  87  63
   89  88  92  29  20 100  94  82  68  21  46  23
   99  42  76  63   8  78   2  52  39  89  53  88
   12  95  87  45  27  98   9  79  96  96  89  62
   58   9  85  90  91  88  57   5  41  47  87  13
   33  66   1   6  94  25  81  75  71  11  90  35
   47  41  90  40  65  85  58 100  41  80   5   7
   87  46  96  43  27  11  70  11  18  28  58  42
   67  90  97  24  51  56  57  12  35  60  54  52
   90  40  70   1  16  48  73  40  51  75  34  96
    3  68  45  65  58  45  44  21   4  20  24  43
   48  16  59  32  36  88  21  26  69  42  97  23
   27  47  13  98  79  62  41  24  15  52  34  84
   49   3  30 100  51  46  80  43  58  75  65  55
   95  61  11  68  97  75  11  24  21  10  43  91
   69  89  89  82   9  95  56  77
   69  92  38  35  26  99  17  33  78  14  95  20
   15  12  13  33  82  29  37  88  32 100  11  28
   60   8  95  58  53  20  14  97  33  38  95  16
   95  40  20  83  63  24  57  12  19  50  17  97
   57  87  88  67  24  55  85  19  62  67  90  68
   54  77  98  91  68  20  59  69  97  56  23  29
    8  18  80  91  79  49  14  12  53  51  33  24
   72  29  22  85  24  29  85  22  86  88  89  66
   75  75   4   8  79  35  49  33  11  32  40  71
   46  93  28  37  71  57  44  71  26   9  45  91
   43  30  54  31  99  39   9  82  53  41   2  42
   91  62  24  57  71   3  11  63  67  73  84  34
   10  43  97  21  34  81  77  98  21   6  69   9
   42  18  82   2   2  54  28  85  83  27  70  62
   90  67  65  79  92  72   6  66  67  43  66  84
   46  34  44  67  55  93   8  64  62  10  34  86
   19  51  58  47   4  14  14  11
   78  60  78  25  56  11  18  23  10  11  14  14
   85  42  38  11  73  13  45  35  80  24  36  87
   99  45  35  19  74  73  50  94  71  13  47  69
   47  32  16  48  18  43  40  63  28  64  67  37
   17  88  74  53  92  57  38  24  94  23   6  61
   67  22  60  44  26  44  90  86  27  95  63   8
   35  73  83  99  93  34  74  96  92  57  37  45
   38  20  22  69  19  62   2  41  79  58  31  53
   82  81  26  79  85  77  25  52   2  29  59  24
   73  29  26  43  40  45  48  14   7  89  53  75
   12  90  36  61  98  57  28  73  80  51  67  50
   12  55  66  34  56  37  82  40  56  27  84  27
   98  79  23  62  88  44  96  95  15  35  26  23
   18  98  16  58  60  82  29   2  97   6  52   6
   41  25  67  49  32   6  17   1   9  88  75  91
   74  61  17  82  65  24  84  30  24  58  58  60
   61   2  26  35  31   8  47  20
   33  34  47   8  68   6  89  25  76  34  82  91
   23  35  25  38  39  28  28  91  14  25   7  72
   87  24  75  83  47   7  41   7  17  30  95  96
   57  19  14  73  53  61  42  17  10   3  93  60
   49  38  44  84  99   7  24   9  92  85  13  91
   52  81  32  16  95  31  39  88  20  84  23  32
    3   9  93  78  87  75  81  63  87  57  25  19
   69  20  71  70  54  20  64  25   8  89  39  69
   35  43  20  62  75  59   8  29  93  81  80  54
   75   8  81  75  21  89  16  77  40  21  43  86
   41  32  73  64  31  86  56  97   5  72  80  99
   40  98  63  97  93  84  46  27  89  56  87  28
   19  42  57  39  29  63  31  88  21  27  81  89
   40  26  75  32  72  25  64  81  34  58  81  66
   70  24  33  75  49  76  92  52  48  20  93  85
   56   3  28   7  63  12  33  81  54  64  88   3
    5   4  14  86  73  92  56  65
   13  97  94  58  38  54  42   6  28  12  75   5
   46  95   4  18  26  62  13   5  85  27  84  36
   51  72  16  15  70  75  37  95  35  24  31   2
   97  32  51  46  93  63  41  46  54  47  52  47
   30  96  63  37  10  30 100  69  34  89  52  75
   21  55  93  92  79  70  98  72  31  54  64   9
   27  27  27  51  68  22  81  23  24  10  99  44
   48  14  49  48   3  29  14  97  70  44  10   8
   81  56   5  65  22  91  39  40  64  24  41  14
   74  92  49  91  42  24  29  22  87  47  89  18
   90  13   9  75   4  14  45  89  72   4  59  75
   54  15  34  86  37  74  92  32  55  30  16  97
   16  60  60  65  10   3  80  26  31  61  45   7
    4  36  57  83  88  34  69   1  12  94  10  92
   79 100  91 100  94   4  38  89  81  40   2  70
   97  50  79  18  59  95  32  86  53  80   5  34
   61  68  45  36  77   3  23   7
   66  92  34  66  92  89  37  66  93  17  95  39
   77  87  92  73  41  76  23  89  11  64  35  89
   92  80  74  93  10  49  29  87  49  30  72  67
    7  64   7  81  29  18   8  73  55  25  67  28
   65  31  39  13  22  37  78  24  12  45  90  30
   93  98  72  12  37  31  55  12  72   3  51  73
   28  51  92  87  79  31  82  34  88  59  30  27
   51  59   2  60  39   3  60  45  43  55  11  62
   18  20  45  96  25  78  80  90  79  40  12  79
   87  81  48  40  97  88  58  33  37   7  16  46
   61  79  44  39  94  92  57  87  76  20   2  23
    3  66   9  83  68  11  27  50  18  49  76  96
   78  42  84  29  15  53  34  32  64  98   6  11
   85  84  21  37   2  56  88  88  40  40  45  99
   82  84  99  97   5   9  79  52  19  43  72  15
   22  73  67  67  36  84   6  60  53   6  17  60
   78  53  67  94  75  74   3  89
    1  29  20  56  89  74  70  10  85  23  26  14
    1  65  30  35  80  83  46  58  71  11  21  61
   90   9  58  80  92  32  83  80  41  96  15  23
   76  50  31  33  83  42  41  72  61  86  50   5
   91  39  34  67   8  58   1  35  63  80  66  93
   99  82  17   7  18  56  83  84  45  74   6  54
    1  57   4  24  73  46  47  58  79  69  21  42
   40  12  95  51  44  80  97  19  22  79  78  10
   10  74  76  82  22  60  95  62  15  34  67   9
   62  59  23  84  20  40  58  23  93  84   7  99
   11  74   7  97  85  38  69  80  93  14  47  56
   34  24   4  48   3  36  84  67  57  42  79  72
   91  16  98  49  97  91  37  70  39  27  44  70
   19  72  92   9  47  41  46  45  11  78  33   2
   41  30   6  38  85   7  20  13  70  61  95  60
   77  49  89  54   8   3  63  74  48  97  50  84
   47  21  29  88  77  41  84  13
   14  81  43  69  63   7  23  45  65   7  60  64
    8  11  99  77  61  39  60  73  72  99  36  76
   55  78  86  35  85  37  30  20  99   4  39  16
   79  68  33  15  54  73  72  13  89  15  52  99
   83  26  95  54  59  79  48  39  57  78  72  94
   33  47  39  31  47  29  22  22  62  78  93   1
   32  54  16  51   3  16  38   5  95  12  83  29
   14  80  52  27  26  38   7  29  62  74  71  84
   13  49  23  57  16  79  84  21  55  41  23  48
   50  56  37  11  54  89  55  66  44  44  27  58
   17  50  19   6  80  64   8  97  52  58  71  89
   48  16  87  92  78  27  23  71  40  79  30  36
   14  52  39  35  54  14  53  50  85   8  40  91
   92  57  28  88  21  48  98  85  63  29  82  34
   56   5  47  88  76  28  97  97  31  93  67   2
   50  32  11  21  86   5  99  56   5  97  13  76
   74  13  36  15  66  63  49  63
   35  66  28  36  13  19  85  12   8  85  24  72
   64  47  56 100  16  14  43  19   6  54  17  16
    9   3  97  55  44  85  10   5 100  38   8  46
   48  22  87 100  64  45   8  43  46  80  12  23
   35  82  41  82  30  12  57  77   9  47  61  89
   48   6  10  54  41  68  35  72  15  86  65  31
   51  14  39  25   3  15  30  71  16  88  59  30
   45  85  22  23  75  30  95  53  37  32  70  22
   30  14  57  48  35  22  15  88  40  51  63  53
   54  59   6  29  29  88  46  93  73  83   6  37
   79  10  46  79  32  72  86  90  35  34  19   8
   28  35  32  55   2  15  27  61  22  22  36  79
   45  43  45   8  37  15   6   3  91  46  59   2
   53  35  55  44  30  86  67  84  16  36  13  15
    8  63  75  81  28  12  17   8  36  10   4   6
   54  87  17   3  84  96  80  54  23  28  72  66
   84  32  47  13  19  33  54  51
   24  15  81  80  91  16  81  18  69  73  39  68
   37  12  76  83  70  95  80  77  81  74  49  70
   63  27  32  36  32   5  73  42  74  77  61  93
   86  74  63  78  22  28  79  13  34  21  76  79
   19  24  40  76  58  48  12  59  67  79  39  83
   33  30  12  51  63  74  12  51  26   4  57   5
   95  58  41  11  95  77  76  86  43  43  46  14
   92  24  37  80  79  14  91  28  61  83  48  89
   67  19  84  39  36  65  63  31  64  74  73  48
   46  44  75  41  19  65  47  74  10  62  23  72
   73  41  40  56  40  29  83  94  59  21  27  45
   41  22  79  95   3  89  25  13   9  83  72  79
   21 100  93  47  33  26  69  69  24  72  33  53
   93  27  17   2  13  92  89  55  64  33   5  35
   83  16  46  90   9  56  66  40  21  62  33  17
   86  76  74   9   5  21  20   8  46  40  46  49
    4  47  20  56  30  62  40  84
   32  22  29  63  93  13   9  29  68  99  44  45
   87  80  91  11  76  76  36  36  20   1  59   6
   38  28   9  50  48  61  64  13  38   4  12  22
   30  23   7  55  54  26  45  13  18  21  34  80
   68  90  56   5  67  61  42  58  57  68  40   6
   30  27  78  80  95   2  41  46  54  72  35  66
   60   6  53  77  91  25  53  54  22  72  18  77
   86  86  25   8  52  64  23  48  85  32  89  16
   22  17   8  12  34  11  32  87  98  42  58  16
   72  44  90  57  49  23  11  32  42  28  48  83
   39  17  47  53  82  30  37  45  31  53  99  97
   31  92  39  48  86  37  50   7  25  32  84  20
   67  45  25  44  98  37  50  11  32  29   3  97
   83  71  62  96  37  12   9  80  13  68  95  74
   38  92  17  25  16  40  75  67  90  41  50  91
   21  68  71  18  46   3  79  60  55   9   4  96
   55  95  24  37  43  92  42  94
   46  20  58  31   7   5  86  54  15  29  32  29
   73  89  10  23  57  45  53  57   7   7  12   7
   28  34  41  87  77  25 100  55  63  14  44  95
   36  64  16  22  79  59  42  64  12   2  27  65
   71  99  45  77  16  67  34  50  14  17  89  28
   38  48  62  43  60  49  46  10  47  83  72  17
   47  88  11  23  92  68  52  49  86  84  12  73
    3  53  17  23  73  38   6  70  86  42  16  24
   80   5  81  27  33  93  25  44  60  97  54  62
    9  22  51  79  46  81  70   1  61  95  30  31
   50  78   7  70  18  37  28   5  65  63  68   4
   86  25  41  10  62  65  91  37  53  91  93  62
   92  70  40  16  83  24  41  80  87  19  11  83
   24  64  67  89  58   3  26  94   1   8  87  19
   95  73  41   4  19   8  46   2  69  32  39  72
   63  69  17  75  28  39  35  66  98  52   2  84
    4   6  70  55  69  73  34  76
   13  87  26  77  40  39  99  55  14  13   6  72
   54  36  40   8  70  44   4   6  77  95  13  96
   23  96  18  15  95  15  30  16  52  97  29  96
   30  96  91  16  72  82   5  10  40  61  84  12
   35  98  98  72  18  35  79  77  26   5  50  65
   93  57  35  48  69  71  84  29  34  77  93  20
   23  77  15  65  40  58  84  52  81  15  37  37
   50  69  24  61  75  86  34  68  36  94  13  27
   72   5  76  44  10  28  38  89  74  93  20  10
   15  72  73  49  19  89   3  71  33  45  78  70
   80  37  55  96  82  72  96  73  70  93  88  15
   15  91  60  44  35  28   2  14  21  51  85  26
   55  18  80  45  26  10  76  25  50  53  95  21
   89  38  20   9  72  35   4  11  10  17  92   5
   14  75  46  50  19  39  54   2  99  95  54  32
   86   8  51  48  90  31  40  11  18  36  17  55
   86  25   5   5  52  49  69  93
   28  43  77  52  43  29  65   3  34  33  10  15
   57   5  10  58  40  93  60  69  29  85  92  97
   29  52  22  46  50  93  90  22  50  79   8  70
   78  95  97  27  21  86  44  57  41  99  27  99
   27  27  75  14  31  54   6  20  19  97  65  43
    8  53  80  58  16  36  93  35  99  29  14  79
    5  23  55  76   2  60  86  38  38  80  66  43
   74  64  95  83  36  74  55   5  48   3  55  54
   87  12  72  22  19  78  98  84  46  40  82  49
   50  37  74  97  35  53  68  31  72  65  47  11
   43  82  29   6  83  93   3  33  26   5  81   5
   48  92  40  66   9  39  60  48  98  78  77   3
   80  43  18  51  35   6  49  28   1  21  21  21
   23  72   9  20  94  17  57  56  97  21  24  49
   53  17  27  47  58  34  82  76  36  50  53  78
   74  35  87  57  71  88  70  24  80  91  60  38
   53  44  35  52  80  14  38  57
   20  56   6  79  47  99  55  45 100  34  81  44
   49  27  61  65  92  78  82  65  27  94  18  38
   19  51  92  85  67  65  49  82  77  62  22  48
   28  48 100  14  38  72   3  92  40   2  41  46
   45  88  90  56  11  34  62  92  15  66  66  77
   18  99  82  63  38  11  30  91  14   2  39  68
   79  74  11  31  26  93  95  17  75  59  56  30
   51  75  38  14  39  15  40  18  63  95  77  65
   53  40  58  24   9  52  47  73  75  80  32  75
    7  90   2  41  38  32   5  99  51   6  23  68
   45  38  42  20   7  41  14  53  75  90  34  60
   14  86   3  93  79  30  95  40  87  82  37  84
   83  45  63  81  12  18  93  21  85  73  98 100
   49  27  68  93  56   2  83  15  32  97  82  94
   43  62  28  40  68  60  79  12  64  39  61  88
   38  99  28  35  12  63  38  73  94  44  18  49
   50  14  36   4  65  72  64  39
   64  59  53  81  44  91  59  84  46  18   3   5
   67  58  88  17  47  35  62  41  58  67  99  42
    2  62   2  20   3  11  87   4  98  81  89  48
   41  11  48  23  81   3   3  13  69  18  87   4
   47  68  23  81  39  13  12  26  49  48  33   1
   54   6  34  52  96  42  25  97  76  37  71  24
   49  81  91  77  18  76  46  61  25  25  34  27
   49  24  84  66  95  62  55  11  93   9  19  19
   87  12  63  74  31  88  83  78  81  23  73  43
   92  53  21  84  12  73   2  21  68  21  74  58
   71  72  72  91 100  38  96  96   3  56  12  21
   85  84  40  79   8  93  53  51  75  65  66  66
   39  81  32   6  78  20  37  92   6  46  91  87
   54  13  23  79  73  45  76  80  20  41  97  22
   58  63  37  45  46  32  38  97  35  18  31  25
   58  39  28  64  31  53  17  41  37  49  54  58
   28  45  60  94  16  77  11  95
   19   6   9  50   4  10  20  27  68  85  98  22
   23  19  39   8  45  50  53  24  89  95  96  91
   17  62  85  35   3  69  13  98  64  68  72  68
   73  57  70  85  77   4  51  72  21  61  11  44
   58  88  20  33  78  68  38   4  19  28  37  71
   88  53  17  26  82  14  24  45   6  76  71  14
   84  25  59  46  93  82  88   2  68  25  85   5
   28   4  16  63  91  63   6  85  96  58  61   4
   21  75  83  89  96  49  93  69  34  83  44  52
   37  66  43  40  21  94  70  48  36  85  99  29
   80   3  12  85  24  68  17  90  24  86  74   9
   44  60   7  12  73  12  26  98  47  97  44  16
   61  30  96  71  96  97  61  61  32  78  75  80
   66  65  56  45  39  80  16  13  43  93  84  98
   48  44  27  93  21  58  63  88  37  65  83  83
    7  22  71  18  91  26  19  78  21  35  49  26
   12  90  29  10  89  32  95  88
   33  80  28  46  64  40  42  53  33  93  94  34
   11  83  41  75  98  75  39  11  70   9  85  67
   11  33  68   6  66  56   3  67  86  88  81  16
   66  83  15  81  90  84  72   6  79  66  33  83
   28  79  23   8  54  95  63  13  43  49  10  19
   85  80   3  75  27  84   3   6   9  48  41  47
   11  97  60   1  99  41  59  69  67  15  36   6
   78  21  32  51  12  79  75  85   7  65  25  67
    4  54  15  77  89  69  96  62  41  18  83  80
   71  44  95  45  67  66   3  66  41  22  67  94
   66  12  87  68  29  46  44  54  65  85  42  91
    8  83  54  37  32  34  65   7  93  13  17  22
   77  23  48  51  41  34  42  54  55  33  71  29
   51  61  35  48  61  63  10  12  64  28  89  84
   31  31  31  41  65  83  95  11  46  69  94  22
   78  94  32  42  28  28  50  28  72  46  70  61
   40  75  41  99  57  39  77  16
   92  24  97  39  20  76  75  28  58  87  72  27
    6  25  58  32  99  80  80  43  85  30  28  33
   88  11   3  19  80  85  86  27  47  12  13  63
   60  11  34  81  43  37  88  53  43  46  71  37
   95  65   3  44  96  58  95   9  70  98  27  60
   36  35   3  86  81  63  32   4  26  89  88  30
   92   7  87  48  77  56  46  76  16   2  60  38
   52  95  66  32  11  45  16  96  60  88  40  81
   85  55  19  16  57  41  54  78  96  74  33  63
   50  83  97  52  51  69  18  79  93  68  55   5
    1  29  34  79  90  71  11  14  49  66  39  49
   92  92  45  26  45  18  90  51  99  55  41  66
   90  43  41  19  60   6  77  30  30  26  46  61
   69  13  30  85  61  72  57  58  74  71  76  78
   29  13  24  64  67  98  91  22  24   1  95  10
   90  33  46   9  88  14  18  94  35  40  14   1
   14  51  38  93  40   5  63  35
    397   437   400   387   414   393   418   402   401   336   409   377
    378   394   394   430   398   417   407   415
