 15 200
   91  35 102  85  96  53  92  42  98  37  13  49
   13  53  69  18  75  34  35  86  60  97  72  43
   80  67  24  87  32  81  56  69 101  15  66  44
   67  46  24 112 104  19   6 104  91  90  93  67
   55  91 102  91 106  87 112  53  81  50  94  67
   41  79  74  73  43  19  18  66  80 104 106  58
   13  89  61  58  45  84  23  45  69  90  59 113
  102 112  28  50  82  79  60  45  97  40  11  15
   73  72  38  62  94  63  45  96  43  85  37  50
  114  53  15  39 103  40  75 104  64  32  11  92
   38  47 115  97 103  53  96  85  55  83  27  91
   43 102  94  31  57  37  69  98  51   6  38  47
   51  40 115  13  80  27  73  24  37  22  19  78
   80  55  17  99  24  44  40  25  45  10  55  61
   19  69  32  47  97  65  86  93  60  82   9  30
   26  42  44  23  98  81  38  25  98  47  74  47
   45  95  87  61  40  50 111  26
   42  74 105  51  56  14  26  41  98  54  69  25
   63  70  86  91 109  49  39  92 109  92 104  39
   52  43  98  38  35  67 101  99  59  70 107  57
   90  32  88  34  21  18  33  53  29 103  53  59
   67  53 100  63  14  84  11 108  43  78 101  74
  102  71  34  91  66  14  87  68  33  78  23  90
   14  56  83  31  43  24  32  35  94  68 116 101
   65  72  12  12 115  69  35 106  50  60  65  75
   74  68  19  24  18  99 102  38  63 105  42  87
   18  14  18  31  90  78  53  61  78  97  68  60
   77  24 100  55  69  19  40  38  11  76  19  43
   62  94  73  52  99  20  67  83  83  41 102 103
   74  86 109 102  20  78  66  70  74  68  50  61
   96  82  45  50  83  42  27  92  97 100  81  92
   43  57  92  98  35  68 112  60  64 117  39 105
   62  65  34  50  47  52 116  61  25  41  37  90
   20  53  29  46  45  96  59  11
   64  52  21  88  97  66  50  16  65  50  59  48
   66  67  87 101  26  22  52  71  40  38  53  79
   55  43  79  98  52  47 104  20  44  84  94  82
  106  66  29  47  36   5  89  24  65  29  68 101
   69  85  47  29  94  96  86  15  28  86 107  82
   35 102  57  14  74  70 112  27  56 105 116  41
   74  97  23 100  17  47  85  38  10  66  77  49
  104  64  66  86  51  25  16  70  28  27  95  20
   90  15 103  36 102  73  92  60  30  43  48  67
   51  89  73  32  31  54  89 113  20  20  86  76
   24  53  20  70  63 101  85  37  28  79  31  59
   76  73 104  70  39 108  96  52  59  31 104  74
   64  28  91  62  96  68 112  96  21  81  43 104
   46  18  95 102  68  71  65  62  27  53 115 103
   43  48  21  31  64  37 100 101  47  59  75  64
   94  22 101  73  71 100 108  31  42  95  81  65
   44  70  79  60  61  73  78  29
   11  57  62  76  37  91  13  62 100  82 104 107
   63  12  92  25  34  17  55  58 107  96  23  63
   99  48  13  94  20  28  14  88  76  48  25  56
   34  50  64  44  23  32   5  52  55  86  39  22
   31 107  47  92  79 103  88  67 109  44  69  81
   66  21  42  21  69  75  10  71  46  28  18  25
    5  33  31  94  10  53  61  20  78  66  54  44
   88  72  49  28  69  85  89  82  46  13  50  51
   50  47 113  86  89  77 100  93  90  38  80  78
   85  48  96  41  20 104  47  48  29  20  84  85
   64  26  87  92  97  37  45  65  34  87  41  96
   68  25 113  10  87 104  69  88  98  68  27  72
  110  82  74  74 100  45  97  79 103   9 104  25
   52  50 108  75  33  16  84  92  69  99  72  59
  109  99  16  90  91  44  14  93  81  54 106  57
   68  64  86  94  45  39  32  99  94  43  33  68
   45  90 105  32  63  40  12  28
   59  52  35  60  60  24  72  93  77 100  72  99
   43  51  37  49  33  29  68  49  55  73  67  74
   16  67 103  71 100  48  79  33 108  47  79  61
   91 107  83  49  29  42  55  18  88  51  73  55
   95 101  86  28  32  84  81  32  85  89  69  16
   30  88 111  89 102  50  29  87  23  42  47  86
   51  69  46 100 100  17  66  90  45  31  45  84
  102  54  22  83  71  92 113  86  76  65  49  77
   92  59  14  50 110  34 108  39  95  68 103  50
   21  52  23  25  96  48  28  88 105  21  66  68
   44  49  32  90  70  61  54  79  40  77  55  86
   47  70  77  49 113  15  42  47  22  20  46  90
   78  47  71 101  12  17  85  91  48  10 107 103
   55  36  66  87  39  34  21  90 109  10  14  26
   82  79  67  76  69  94  33  15  33  28  14 110
   43  68  33  67  18  11  30  52 105  22  24 101
   95  36  25  55  41  25  56  29
   50  99  17  81 100 109  35  74  42  81  66  93
   60  73   8 101  15  69  58 103  56  81  20  14
   93  86  64  27  68  66  93  40  67  48  86  76
   34  84  12  32  35  89  91  79  33  75  54  93
   86  56  36  59  48  81  67  42  76  28  36  85
   57 101  34 100 103  74  91  68  58  59  19  59
   67  24  69  93  67  80  75  71  89  73  72  85
   58  14  62  98  36  61  75  67  49  91  69 103
   65  65  65  76 102  68  46  19  89   9  71  13
   30  81  24  85  64  98  67  80  51  53  39  94
   88  68  72  89  72  17  30  93  63  82  81  35
   99  15  38  33  46  59  92  76  69  70 109  26
   74  17  71  88  63  42  70  60  61  38  63  77
   31  42  65  41  60  78 101  43  95  39  69  63
  105  67  91  91  52  98  78  19  94  47  54  24
   58  62  97  81 108  77 110  41  36  93  92  10
   83  19 108  84 100 103  54  23
   80  84  98  78  36  90 107  33 104  93  69  88
   89  68  62 116  86  51  50  52  72  48  96 107
   42  67  90  27  64  38  78  64  43  60  59  45
  105  31  20 104  11  19  95  14  36  42  63  85
   81  85  34  13  28  47  89  82  67  53  27  84
   11  87  32  92  97  67  47 114  76  62  91  35
  115 116 101  95 102  45  78  20  37  72  65  78
   93  50  99  87  44  67 100  75  85  91  44  63
   26  37  35  89  23  34  60  92  41 106  42  21
    6  10  16  75  73  98  62  21  93  56  86  53
   80  48 116  33  12  10  88  36  25  73  39  18
  109 107  74  35  26   9  24 109  27  68  97  74
    7 100 107  24  30  96  59  71  24  83  41  96
   52  48  42  25  89  27  53  32  67  71  16  81
   28  51  41 103  76  53  35  46  64  44  44  11
  103  88  19  19  39  47   7 108  41  64  67  57
  107 100  41  49  71  86 112  60
    9  57  11  22  36  99  45  75  89  30  72  35
   38  72  83  37  89  77  65  48  29  42  70 104
    9  98  61  97  11  84  55  66  79  67  45  27
   44 104  42  41  23  86  92  12  94  21  56  22
   13  46   7  93  90  86  33  22  89  48  82  67
   85  44 112  55   6  86  78  87 104  83  20  53
   60  36  96  71  42  40  62  96  75  51  85  28
   95  54  81 102 103  65  46  33  49  31  13  82
   99  64  73  53  53 103  77 116  82  38  63  15
   41  90  85  22  29  58  78  47  53   4  64 109
   24  99  54  76  19   7  13  53   9  23 102  99
   92  82  77  82  88 108  89  21  30  74  39  59
   76  31  78  56  20  65  95  18  16  32  32 107
   58  39  70  63  16  23  44  80  26  57  56  18
   32  99  73  14  90 105 102  31  38  45  95  30
   89  72  61  31  78  43  94  67  31 101  25  64
   55 100  76  37  86  78  58  35
   47  23 101  48  67  23  91 100  83  52  33  63
   37  94 101  37  34  69 111  61  72  95  81  57
   71  53  88  85  36  32  29  41  76  84  75  59
   96  61   9  78  28 115  20  89  40 108 106  10
   57  68 103  89  52  87 102  77  83  58  68  48
   45  80 104  45 102  70  56  84  52  60  30  56
   51 106  68  95  65  69  31 112  66 100  55  80
   37  71 106  27  33  95  99  41  41  77  31  56
   68  18  38  54  58   9  55  53  58  86  54  33
   66  92  89  53  93  87  61  20  97  50  64  91
   54 116  65  47 113  60 107  76  58  22  13  91
   36  76  29  25  24  52  72  27 105  83  50  51
   49  20  31  89  19  90  99  78  36  83   9 108
  101  55  42  91  57  76  83  28  14 106 106  44
   43  32 108  51  81  64  27  54  75  85 104  92
   18  62  16 110  37  35  41  47  57  89  15  82
   15  60  36  49  73  22  28  88
   68  68  31 116  19 100  42  91  25  72  93 104
   68  75  38  86  71   7 110  37  88 101  64  35
   28  30 101  49  59  13  91  20  48  82  78  61
   74  12  31  48  11  93  84 108  36  19  81  64
  100  25  67  73  20  69  70  34  27  19  30  46
   74  92  57  40  40  60  75  41  33  10 110  67
   65  70  81  51  48  36  80  82  20  64  65  37
   67  99  33  94  16  83  51  51  52  31  98  41
   33  78  66  32  18  79  46  76  19  97  83 101
   98  43  19  26  96  71  28   4 105  23  66  80
   55  22  96  46  52 100  37  85  96  74  97  53
   23  62  42  18  64  92  85  90  51  58  42  59
   40  96  18  68  24 100  33 102  46  64  27 103
   22  93  43  82  57  67  83  78  72   5  49  31
   72  91 111  98  19  24  38  98  19  29  46  45
  100  92  53  18  68  17  74 100  78  26 106  34
   67  58  40  97  94  47  85  32
   93  13  67  48  42  98  99 112  31  69  11   5
   34  69  14  65  55  24  11  47  70  36  30  47
   70  45 117  83  27  85  60  98  39 112 108  10
   90  89  96  87 100  75  86  88  95  70  69  76
   79  84  37 107  66  23  98  15  44  35  38  80
   18  71  45 100  20  75  67  32  95  99  47  84
   44 108  41  98  42  45  83  68  25  60  38  32
   40  69  78  11  61  18 101  49  97 103  62   6
   94  91  69  73  86 106  77  16  45  21  68  15
   42  65  48  65  54 107  34  33  79  88  42  40
   21  90  87  34  44 100  58  62  26  96 107  42
   45  14  80  45  54  35  74  45  20  16  42  97
   17  58  68  39  25  96 108  79  63  31  76  37
  109  68  90 102  50  46  36  65  71  52  87  74
   45  41  94  41  57  68  39  93  65   7  86  32
   92  62  17  41  98  71  32 106  85  47  47  56
  104  33  51 101  43  25  18  10
   41  90  12 100  32  18  68  21  91  22  84  64
   24 101  93  26  34 107  43  27 104  51  53 102
   84  85  22  32  99  68  82  14  88 116  36  69
   24  56  85  63  88  39  37  92  65  80  95  55
   44  44  37  79  89  42  83  96  84  31  73  36
   45  97  93  50  78  42  80  78  11 108  57  16
   80  28  24  51  50 113  69  57  98  60  14  47
  108  25  91  75  98  20  18  92  19  51  35  93
   74  47  65  90  34  67 111  85  17   9  68  20
  110  50 108  71  87  41  53  99  45  32  97  69
   46  26  86  66  66 101  67  78  84  19  48 115
   74  59  83 104  31  39  34 102  61  49  58  68
   20  56  50  19  32  69  11  59  94  39  89  58
   47  22  56 108 102  29  29  39  27  35  52 102
   75  64 100 106  65  51  32  12  70 102  70 100
   59  82 107  57  91  61  41  77  88  95  61  50
   46  58  67  52  94  33  55  18
   90  31  87  32  83  62  58  67  84  56  73  32
  111  16  56  60  37   7  66  25  73  80  31  65
   35  61  39  50  53  28  54   9 100  48  23  85
   64  67  15  55  28  18  24  86  87  56  64  14
   24  48  92  37   7  56  15  93 106  97 115  91
   97  34 106  10 104   8  81  37  79  25  76  63
  101 105  26  18  42  60  19  22  18  12  51 108
   87  38  32  91 106  21  85 106  94  26  22  59
   18  55  66  92  25  73  24 106  33  44  25  24
   82  20  34 117  83  85  65 103  44  91  98  73
   30  23  10  88  68  42 110  95  25  39  67  36
   80  92  52  50  17  15  16  42  57  63 113  68
   84  84 109  49  67  25  33  55  30  65  72  99
   68  77 100  68 116  23  16  71  69  47  76   8
   75  26  35  10  36  12  13  64  29  65 101  24
   68  92  46  83  83   6  46 106 106  82  93  34
   67  21  77  23  75  92  85 101
   19  48  83  68  76  49  26  92  62 116  27  62
   73  56  12  79  50  65  55  15  74  66  83  70
   83  93  53 105  46  27  80 108  85  56  64  86
   74  37  83  77  78  94 104  25  95  16  48  87
   70  16  98  84  72   6  63  96  34  75  62  69
   35  41  85 102  92  70  74  64  39 106  76  29
   56  60  85  26  41  57 101  69  42  72 102  97
   65  90  30 114  60  37  27  30  21  64  70  56
   86  33  88  87 101  88 102  18  99  36  66  58
   80  31  21  43  74 109  35  64  61  83  93  35
   58  86  33  21  82  28  96  75 106  97  97  25
   52  78  20  64  83  54  62  27  32  49 111  22
   75 101  54  34  54 111  90  92  77 102  50  79
   63  87  36  21  82   9  79  74  40  68  15  66
   94 100  56 105  81  66  95  59  59  66  63  30
  108 101  85  29  37  36  17  67  46  73  72  74
   74  80  62  78  72  98 107  42
   85  90  30  65  98  21  13  74 103 106  64 106
   23  27  95  56  67  83   3  35  58  93   4  76
   66  23  39  31  71  73  36  31  67  30  50  69
   35 110  84  21  55  33  25  12  45  23  82  33
  108  83  16  26  52  94  18  95  32  38  83  14
   27  18  93  98  62  56  35  16  70  36  71  92
   57  88  71  92  23  40  55  39  28  50  33  82
   93  55  91  74  43 104  69  67  32  79  71 100
   50 102  37  40  53 111  55  32  41  48  83  78
  106  12  48  68  40  98  41  21  15  72  45  98
  109  31  63  30  27  56  23   9  20  68  76  15
   51  93  67  26  58  78  74  59  70  42  36  61
   17  50  38  40 106  21  54  48  61  18  23  44
   86  88  86  75  28  43  29  45 106  98  18  89
   35  91  68  52  78 100  34  15  85 103  51  64
   94  34  81  36  19  16  41  99  62 110  59  45
   70  26  77  57  80  19  16  53
   15  73   8  32  23  52  19  68  17  79  97  53
   96  64  37  86  42  80  69  25  51   5  34  69
   40  50  83  17  77  24  55  50   6  89  54  70
   47  58  87   5  11  86  99  14  14  16  19  43
   54  25   9  21   9  24   2  58  25  69  17  51
   64  34  44  41  72  99  95  38  39   3   2  53
   98  21  54  50  67  18  85  66  50  27  56   6
    8   3  83  61  33  25  42  59  14  69  93  94
   38  33  73  42  15  46  72  17  72  30  80  68
    5  60  87  69  15  72  31   9  52  84  91  28
   71  71   5  18  15  50   7  18  51  37  81  29
   68  14  17  89  53  76  46  14  54  96  79  57
   65  67   3  96  27  79  45  96  74  80  97  41
   32  65  86  11  91  71  65  89  73  97  53  55
   88  38  74  73  19  48  20  23  42  31  93  79
   94  62  63  96   5  37  73  86   9  69  45  64
   67  16  27  51  80  56   4  88
   75  35   8  61  64  88  91  71   9  57  41  86
   52  37  18  13   3  59  71  21   5  15   2  76
   68  63  21  66  68  35  17  15  61  36  10  52
   27  87  30  79  83 100  84  56  82   4  58  56
   41  58   8  47  98  36  93   6  75  28  14  39
    9  49  84  26  46  93  24  49  82  28  87  21
   88  64  23  83  60  95  72  85  16  50   4  18
   48  39  98  99   5  48  69   6  70  57  46  36
   28  39  96  90  90  11  17  82  56   1  69  32
   95  95  91  75  20  33  64  47  35  16  51  44
   35  90   8  59  34  83  66  69  93  34  92  68
   55  18  38  53  10  91  53  21  37  67  14   4
   36  32  10   3  82  36  54  32  35  51  68  44
   20  29  74  56  23  69  90  28  20   7  34  25
   64  46  21  20  76  51   1  51  39   2  77   9
   53  46  74  56  64  52   3  57  89  74  66  28
   85  62  84  67  67  15  54  93
   47  62  90  29   9  38  57  94  42  55  56  62
   40  46  15  16  87  86  57  31  74  73  60  33
   62  67  31  20  64  70   6  85  59  30  12  29
    9  37  75  56  79 100  20  79  54  77  50  13
   36  35  55  75   9  21  23  98  81  23  12  37
   70   1  63  99  38  49   1  88  62   1   2  61
   40  16  87  11  92  61  19  73  98  37  39  60
   10  49  53  22  67  83  87  46  86  85  17  94
   27  96   1  72   7  46  25  53  83  66  72  38
   66  13  40  71  71  65  18   7  88  94  29  30
   78  55  85  35  53  10  24  74  77  40  84  60
   32  30  11  43  72   3  17  57  43  85  13  46
   56  83  26  54  15  35   5  15  81  36  62   8
   64  99  25  14  42  38  53  49  82  51   4   8
   74  69  90  83  42  76  14   3  58  43  29  56
    8  89  16  38  42  16   1  86  63  19  33  49
   76  40  34  51  54  47  28  88
   93  58  43  40  73  19  99  47  17  38   7   1
   48  91  13  88  76  86  52  58   2  11  85  53
    5  72  93  11  95  88  99  17  42  58  92  58
   76  53  48  60  80  75  99  59  52  26  63  85
   71   4  72  10  35  11  17  44   6  66  51  24
   42  98  69  82  40  40  93  36  65  77  93  94
  100  77  76  12  95  62  57  92  37  36  61  72
   18  36  64  82  49  27  16  28  63  96  61  63
   70  72   3  30  22  26   9  23  15  76  31  33
   27  64  14  65  87   6  71  63  91  99  20  33
   54  91  25  10  14  73  65  55  81  30  66  24
   44  89   6  98  27   9  45  25   9  44  92  39
    6  38  44  31  10  67  15  36   9  95   6  88
   66  68  12  32  87  86  25  28  44   9  37  52
    5  14  92  20  23  72  92  25  39  58  13  50
   43  56  23  11  61  80  78   8   9  77  70  45
   69  23   5  82  52  80  95  92
   52  55  72  42  47  80  39  18  41  17  37  12
   62  58  82  56  69  79  39  71  50  36  52  28
   86  37  17  39  19  67  27  73   7  71  40  56
   26   9  20  53  85  69  52  99  17  69  36  58
   15  12  29  82  75  32  36  74  27  20  50  93
   82  27   9  19  15  63  81  19  91  76  64  31
   57  36  73   9  13  97  36  30  66  87  63  25
   17  66  93  33  40  21   4  32  39  47  71  41
   28  55  89  66   9  85   7  76  17  45   6  61
   85  59  90  93  18  63  87  29   4  96  37  50
   74  54  86  20  37  52  53  33  78  40  60  27
   73  49  35  55   2  90  60  68  98  85  65  16
   39  63  48  19  95  95  29  13  58  96  10  16
   56  79  42  29  75  72  92  18   8  98  89  76
   30  34  50  33  44  23  74  99  77  77  97   6
   77  50  87  47  96  92  88  67   2  85  82   5
    7  75  90  47  61  79  63  86
   70   8  93  26  13  11  78  30  68  27  45  22
   57  30  96   2  95  51  51   8  58  24  87  97
   10  24  55  77  43  54  11  71  37  63  18  36
   81  32  93  81  82  23  12  24  82  35  63  25
   20  54  84  46  61  31  37  71  30  92  76  21
   61  13  71  20  10  45  12  36  44  47  84  59
   42  96  40  23  38  36  30  49  25  31  48  32
   55  92  42   6  67  53  35  39  61  24  33   5
   47  42  41  44  16  34  66  96  27  96  49  98
   75  29  79  34  38   9  45  35  51  49  77  11
   24  41  36  14  39  98  87  12  48  21  39  79
    5  96  72  79  59  45  27  36  36  38  10  91
   29  94  39  27  52  70  34  49  41  69  48  29
   83  75  40  78  50  28   6  65   9  69  49  46
    1  44  27  21  52  18  34  84   8  72  62  81
   49  54  16  36   2  30   9  73  72  20  14  96
   36  86   4  27  15  13  60  88
   33  34  21  26  70  30  10  69   9  25  35  32
   22  52  52   3  22  52  54  55  35  58   9   2
   63  48  30  76  40  81  35  46  65  49  59  74
   13  74  93   3  92  83  12  98  73  78  41  28
   38  33  70  98  87  61  22  35  44  50  91  28
   95  24  87  25  23  39  68   1  40  56  12  74
    4   2  12  13  15  65  36  88  76  41  46  29
   18  63  11  22  61  36   8  28  31  20  58  50
   86  67  70  15  91  70  52  18  73  14  69  90
  100  94  95  36  42   9  45  88  20  55  25  53
   24  62   2  71  99  94  21  79  88  37  70  90
   11   4  31  82  86  95  92  10  86  39   5  34
   95  10  11  85  86  18  46  35  90  24  71  21
   62  67  73  86  16  91  50  71  44  33  91  32
   79  65  72  16  34  59  77  65  51  58  61  94
   17  25  83  92  76  59  95   5  78  43  45  60
    9  16  67  62  40  27   7  49
   94  58  91  89  84   4  70  36  21  81  44  77
   75  45  21  74  31  39  38  57  76  72  34   9
   95  16  56  15  94  36  56  38  28  35  73  92
   69  15  71  69  94  21  15  96  10  90  53  80
   97  72  99  14  13  25  78  93  13  60  26  41
   31  61   4  59  96  21  34  27   7  30  98  58
   48  76  19  31  73  70  51  13  39  60  19  85
    9  61  27   6   9  54  56  81  66  71  98  24
   10  43  41  54  51  12  30   3  32  79  46  97
   71  12  26  87  74  57  35  72  49  98  50   8
   91   5  56  42  89  95  97  64  93  85   3  14
   18  27  29  29  14  12  27  93  75  44  78  52
   35  71  24  53  82  53  10  89  86  70  78  10
   53  64  46  41  87  81  68  23  90  46  55  91
   74   9  32  92  24   2   2  80  70  65   7  82
   26  48  58  72  32  64  15  48  79  13  82  42
   49  20  26  76  18  41  54  74
   73  87   4  56  52  94  14   6  32  51  82  54
   81  25  19  82  72  47   8  42  40  10  23  55
   45  52  17  33  66  73  77  78  35  27  30  61
   20  52  97  24  91   3  87  31  65   9  10  98
   60  41   7  22  60  22   4  39  31  44  41  56
   64  33  11  58   5  36  60  34  52  54  79  58
   60   6  38  25  49  42  79   8  47   5  56  25
   71  32   2  80  79  19  18  76  78  34  85  51
   48  93  73  48  45  96  47  63  49  27  61  81
   37  25  29  50  14  22  59  95   9  65  55  29
   61   2  51  58   4  57   4  44  59  90  98  15
   73  39  89  84  95  51  37  84  11  19  61  57
   68  93  72  16  86  16   5  26  81  36  97   8
   10  49  70  14  59  34  21  88  91   6   2  59
   65  77   2  60  30  55  82  49  45  35   7  10
   96  41  95   4  68  76  70  71  46  22  92  26
   97  50  75  62  31  88  77  14
   34  43  77   3  94  19  72  15  86  32  16  12
   41  29  73  29  47  95  10  79  20  16  49  76
   82  88   6  53  45  90  29  94  62  32  24  56
   43  99  84  67  93   9  27   7  69  84  22  46
   20  78  47  43  92  46  41  84  87  96  78  62
   35  26  61  80  68  56  29  73  84  95   3  39
   50  32  38  62  59  68  34  38  84  44  51  65
   41  11  85  17  99  33  68  64  68  75  19  65
   78  42  39  82  95  41  60  40  94  21  35   5
   10  72  99  78  12  33  75  98  12  82  51  34
   50  80  17  60  64  18  75  24   8  44  12  61
   93  45  60  84  50  25  19  13  60  62  74  44
   62  12  84  49  94  12  72   3  58  54  84   9
   84  11  68  35  61  44  24  41  36  98  70  88
   34  22   7  21  92  86  80  14  86  79  64  74
   16  25  49  91  38  93  44  17  28  90   3  79
   36  54  63   8  22  68  24  72
   23  92  36  59  61  13  10   1  79  36  95  97
   74  40  96  42  53  96  97  60  42  78  74  73
   50  59   2  27  78  22  48  19  76   6   5  92
   20  15  23  27  17  31  22  14  18  41  38  33
   35  18  70  11  42  82   6  98  75  73  67  31
   89  42  70   9  90  30  42  79  17  19  73  32
   70  12  61  11  77  57  32  41  87  53  64  80
   73  50  36  96  58  92   8  63  21  12  49  99
   11  20  36  30  26   7  29  95  72  91  47  88
   75  43  55  49  57   3  81  87  37  32  72  79
   82  28  21  85  74   7  49  56  86  21   3  71
   75  99  37  60  60  76  37  66  91  93  60   5
   94  56  51  68  85  22   3  23  39  79  30  71
    4  41  13   9  69  67  83  46  45  61  24  36
   75  61  21  77  55  44  81  23  54  96  31  70
   28  50  89  69  18  39  85  14  18  70  62  55
   14  86  52  12  68  95  90  99
   64  26  95   9  84  92  45  96  29  86  27  45
   91  14  17  88  69   2  77  81  10  53  63  15
   34  22  96  70  14  50  37  93  31   4  83  36
   90  60  23  57  23  66  71  19  53  29  12  64
   64  65  83  38  23  62  28  11  18  73  40  69
   64  16  27  61  24  77  36  24  96   3  48  96
   37  84  81  55  52   2  37  61  22  47  98  63
   11  87  28  38  12  91  84  24  85  69  83  22
   34  65  40  21  81  43   6  18  93  97  52  97
    9  55   2  42  18  66  52  19  59  79  19  42
   69  83  21  41  54  10  36  26  19  90  67   2
   39  56  23   5  76  66  68  18  56  64  54  46
   91  48  65  95  70  40  98  45  11  63  29  56
   62  89  55   4   2  78  86  72  77  71  67  18
   40  55   5  14  46  60  85  91  49  18  47  12
   61  25   4  47  19  45  79  33  20  16  50  59
   71  57  51  64  23  71  47  96
   18  84  27  85  36  51  61  40  34  49  46  80
    8  94  54  59  77  97  52  82  30  26  82  50
   85  43  70  60  49  78  65  96   9  69  89  29
   56  44  90  55  80  89  96  16  15  58  50  97
   96  68  23  80  95  55  96  17   5   9   1  11
   21  84   3  97  16  95  34  67  34  88  44  47
   16   8  83  94  68  45  83  90  98  90  59   6
   32  69  76  26  10  88  32   8  12  79  82  43
   95  47  53  12  79  29  93   7  79  67  86  93
   20  91  77   3  34  29  54  16  64  21  21  38
   79  79  96  18  39  60   2  16  85  75  42  68
   30  27  63  65  89  96  89  75  53  51   5  37
   27  18   5  61  42  78  79  54  74  40  30   4
   48  35  13  41   2  92  99  33  49  60  31  94
   45  90  80  95  76  92  94  38  82  54  13  83
   46  27  56  19  28  99  70  14  14  31  21  83
   36  82  28  89  33  19  25   8
   84  54  37  51  26  55  88  12  49   3  91  49
   45  48  92  33  65  42  59  91  44  48  21  43
   28  21  60  12  61  89  33   1  31  46  40  16
   30  77  37  30  28  19   4  90  20  92  55  31
   47  94  16  24  36  98  50   9  77  44  55  42
   79  66  18  13  11  42  42  49  77  13  41  86
   47  53  19  90  65  46   6  36  67  39   1  20
   44  30  76   4  60  76  84  83  84  56  42  59
   21  87  19  18  12  31  15  99   5  81  41  55
   37  74  99  67  46  10  74  46  57  29  22  72
   44  33  86  91  26  88  17  37   2   5  13  89
   68  31  84  43  35  59  42  91  76  68   6  98
   42  18  60  75  56   6  21  16  34   9  64  27
   42  19  69  97  31  94  32  37  71  39  94  42
   15  19  57   9  21  50  10  57  53  53  48  79
   11   2  26  84  77  74  86  49  64  33  44  42
   29  37  48  36  36  10   6  75
   23  28  76  37   6  94  94  46  15  14  44  10
   95  89   8  47  44  28  99  68  49  18  98  41
   36  89  78  81  39  38  84  77  49  77  59  43
   71   6  32  97  49  69  85  92  66  85  32  71
    3  28  87  79  53  24  87   7  75  65  34  99
   82  92  14   9  49  54  81  97  43  83  44  14
   47  16  43  19  95  76  61  80  74  62  69  38
   20  60  26  37  68   2  41  40  73  23  32   6
   66   9  72  68  59   2  63  75  77  55  30  36
   12  96  71  43  78   5  65  97  91  44  59  21
   11  71  50  81  92  57  79  99  94  35  41  89
   64  24  48  76  61  26  38  56  46  69  66  47
   87  68  72  73  10  85  60  61  48  84  92  69
   20  16  24  34  83  67  74  60   3   4  84  28
   72  12  36  59  33  10  78  95  26   7  67  49
   24  84  31  75  83  91  75  16  42   8  60  68
   34  79  38  45  24  86  89  58
    534   523   516   530   557   490   528   543   509   544   546   523
    562   495   570
