 10 300
  110  68  91  14  31 111  94  54  88  30  81  88
  104  59  73  20  93  36  93  70  24  42  84  50
   81  82  29  46  55  21  95  74  38  37  33   5
   18  45  78  81  92  37  71 103  32  89  93 111
   30  16  52  35  25  45  29  45  23  80  10  29
   54  24  36 100  67  61  92  99  71  46 106  62
   93  23  75  76  77  57  83  99  32  41  49  60
   79  36  59  30  17  72 102 102  95  28  99  21
   12 106  43  15  51  42  48  54  26 100  76  46
   96  58  19  48 101  32 116  71  67  79  18  75
   73  63  44  85  67  86 100  95  51  49  48  71
   76  55  59   6  23  75 104  83  70  39 106  30
   62  77  72  28  37 107  54  84  20  33  59  22
  105  81  73 112  96  74  78  84  91  74 107  30
  101  97  39  68 111  40  22  72  54 100  99  77
   89  70 111  28  27  89 103  27  61 104  33  32
   30  40 100  93  33  59  48  38  29  15  92  33
   26  25 104  48  76  53 103  95  38 100  84 107
   42  74  63  47  89  56  95  62  83  49  86  95
   62  99  32  43 106  97  48  35  62  72  13  99
   36  94  67  73  79  43  51 115  55  32  14 100
   40  72  91  45  96  61  98  30  97  18  32  74
   85  31  70  66  62  93  71  82  88  78  72  89
   46  52  27  34  74 103  60  66  67  74  59 106
   84  41  92  32  63  39  17  27  98  49  85  48
   53  62  51  53 109  77  86  94  54  42  57 105
   97  21  33 101  40  99  83  54  43 106  34  35
   53  35  33  34  22  80  91  97  60  19  42 105
   48 110  12  13  32  11  13  28  88  90  14  65
   24  50  58  91  91 116  66  85  81  29  23  68
   16  36  98  81  96  86  76 103  71  87 107 101
   79  74  38  38 108  40  24  20  74  76  57  43
  105  23  10 115  82   3  97  34  67  24  40  59
   71  51  97  41  59  68  70  74  23  56  61  22
   89  28  94  33  72  60  45  34  36  23  52  11
   60  89  95  53  24  78  25  17  60  71  84  37
   73  89  64  68  95  48  53  95 116  50  11  41
   70  32 111 101  25  67  96  80  23  24  88  21
  106  88  93  43  93  31  64 100  95  77 106  31
   27  76  61  31 105  68  43  69  73  36  42  88
   24  37  15  34  91  22  74  97  23  71 112  21
   28  69  33  34  68 105   5  28  68  36  19  45
   39  92  39  98  50  20 106  13  55  81  65  64
   73  51  84  60  32  14  83  61  91 109  37  49
  108  60  12  61  48  66  90  85  70  50  69  73
   70  46  27  98  88 100  20  74 111 111  19  49
   61  36  70   8  81  89  19  25   7  56  55  77
  117  25  92 109  46  87  98 108  99  46  38  21
   47  22  80  59  56  54  64  77  35  23  34 110
  105  96  58  13  15  75  30  79  87  74  88  67
   78  62  33  38  77  56  79   4  87  66  35  84
   61  92 100  61  83  67  98 101  67  35  29  77
   62  18  64  57   4  67 106  76   9  44  24  79
   89  70  27  82  14 103  69  80  40  37  80  99
   65  28  15  16  13  67  48  70  28  75  36  55
   22  73  61  67  76  36  55  72  70 103  41  45
   33 106  61  60  42  37  83  75  41 118  39  83
   56  79  43  72  24  78  58  49  16  51  93 114
  102  50  92  24  43  64  49  91  75  40  64  96
   95  49 106  56 102  51  90 102  71 112  18  20
   57  63  38  88  23  49  95  23  70  52  86  87
   76  11   9  91  71  12 100  52  58  79 116  79
  113  64  79  66  25  44  24  75  35  53 111  71
   42  48  86   5  21  74  85  34  95  70  65 104
  107 105  21  84  58  80 106  95  45  88  65  54
   33  52  45  76 114  31  86  67  74  61  57  41
  101 103  41  17 105  22  61  79  80  96  64  36
   37  61  45  57 101  22  36  98 102  74  52  28
   69  39  60  75  54 104  30  86 106  15  37  45
   74  54  25 118  54  81  87  97  20  58  64  55
   53  96  73  42  69 110  13 104  58  75  77  64
   85  74  14  23  45  51  71  34  27  65  49  32
   61  38  89  78  85 113  92  68  84  48  45  18
   60  98  95  29  71  30  36  34  98  68  28  63
   15  66  64  28  68  43  45  21  87  44  80  88
   27  74  27  58  58  25  77 112  88  65  41  71
   92  39  56  21  50  77  88  87 100  51  88  49
   82  93  63  72  98 107 105  25  64  21  19  98
  114  43  64  44  93 105  22 107  60 107  26  94
  103  57  55  89  43  26  47  90 116  99  50  68
   15   4  95  88  67  39  57  66  11 104  51  35
  105  23  59  24 111  24  40  81 106  47  61  97
   96  75 101  57  60  10   7  35 106  66  21 101
   59  25  29 101  64 110  48  57 107  72 100  40
   48  27 100  92  96  57  70  34  55  96  50  78
    8  51  16  87  46 110  99  11  73  18 109  21
   68  35  26  28  29 111  99  66  55  27  43  47
   43  63  56  65  67  98 107  85  84  41  46  74
   98  82  83  87  33  35  29  43  85  77 110  24
   86  93  80  24  31  60 106  73  98  57  38  45
   25  95  52  90   8  25  57  28  19  18  27  79
   68  77  80  21  83  92  21  45 113  39  39  84
   47  20  48  13  33  34  88 107  79  97  16 105
   39  99  58 111  65  79  60  38  24  60 113  22
   86  22  62  64  89  58  77   6 100  66  48 110
   66  82  88 108  24 100  97  42  35  10 107   7
   17  22  20  46  92 105  84  34  45  76  28  19
   64  33  92  78  60  68 100  70  83 102  52  92
    7  52  29  32 101  90  58 113  96  70  77  21
   53  28  81  41  20  79   5  64  37  92 105  43
   83  10  97  99  88  87  26  86  33  72  60  45
   18  87  82  68  52  61  49  76  37  41  94  98
   82  48  17  82  25 112  77  81 105  69  77  29
   38  70  83 100 103  30   8  92 106  58 104  77
   17  97  26  58  39  36  55  63  35  66  41  14
   22  83  48  71  27  46  50  64  27  17  50  65
   21  19  63  74  91  80  85  79  66  58  45  96
   79  99  43  44  12  82  97  73  47  51  90  62
  105  93  42  61  81 103 105  98  29  43 102  48
  107  97  55  78  48  86  89  85 104  45  50  93
   34  57  56  58  94 102  65  13  44  39  32  39
  104 103  44  27  22  56  13  83  41 108  69  88
   27  48  32  56  67  57  28  69  68 118  80  50
   45  26  29  33  99  97   8  32  63  94  63  46
   44  22  86  61  13  39  40 112  30  90  35  99
   31  52  49  27  16  26  17  85  92 105  43  98
   96  35   8  80  37  65  40  41  85  30  30  50
   46  88  86  84  22  16  92  14  33  13  82 102
   60   5  67  89  97  50  61 101  53  67  96  99
   77  74  90  87  72  49  98  93  40  81  94  86
   71  15  83  42  17  74 104  53  23  53  61  17
   73  25  48  19  94  37  15  30  84  32  28  35
   17  45  98  96  82  33  46  56  36  26  84  26
   37 100  80  16  70  60  97  32  81  38  60  59
   94  64  30  22  23  78  95  96  63  87  24 101
   89  79  33  13 107 102  54  22   7  27  87  71
    5  83  98  55  54  88  63  53  35 100  41  78
   55  70 100  84  25  20  42  77  16  24  35  22
   14  85  48  91  66  54  29  69  77  48  19   8
   53  95 102  66 111  55  55  15  23  82  51  12
   21  69  28  90  68 105  90  17  22  16  60  22
   69  14  40  40  37  35  48  91  29  82  61  40
  100  19  16  70  93  90  44  40  16  82  42 112
   90  66  49  20  27  71  88  50  52  87  86  40
   47  22  38 100  83  86  24 102  23  29  79  58
   19  67  83  82  51  74  71  93  70  20  28  94
   21  50  24  83  39  25  45  93 104  62  55  58
   16  75 102  80  93  90 108  59  20   3  39  37
   97  48  57  51  48  69  79  81  96  28  41  75
   92  70  62  76  56  72  77  57  22  68  84   3
   33  40  77  83  31  88  33  54  77  96  70  35
   33  49  99  85  12  22  89  15  55  89  17  73
   18  84  87  24 105  34 101  14  58  65  86  16
   91  92  36  15  62  30  51  81  67  99  78  87
  111  70  26  54   9  65  90  97  34  95  83  49
   45  71  56  27  52  85  87  83  37  89  52  85
   89  36  91  23  56  96  75  91  40 108  60  85
   95 109  45  18  21  94  47  79  42  84  46  81
   86 105  67  49  86 104  71  30  34  24  29  95
   23 102  79  37 103  94 108  60 114 101  24  44
   78  44  43  70  80  95  93  23  73  32 116  88
   55  73  70 104 103 107  75 100  52  75  51  85
   92  46  71  80  38 107  27  53  56  98  37   9
   45  21  58  84 107  99  89 103 107  89  15  35
   78  62  47  39 103  67  80  38  37  69 105  67
   53  49  11  56  85  54  45  43  34  33  43  42
   35  19 103  64  48  89  94  73  81  36  52  76
   21  32 100  85  80  20  65  96  42  94  26 104
   28 100  11 104  15  76  40  39  89  27  31  87
   53  42  68  35  54  37  67  39  84  90  97  25
   48  89  92  96  56  29  42  21  64  34 106  56
   68  62  64  69  35 112  73  43  33   8  37  61
   51  57 101  61  74 109  20  87  82  80 106  93
   18   9  18  26  42 105  98  27  27  33  24  19
  107 109  21  47  81  58  16  67  72  21  14  50
   75  28  93  73  90  99  33  81  41  77  43  86
   54  17  19  98  67 102  14  83  91  26  14  68
  110  70  72  30  28  41  32  62  82  30  50  50
   31  16 106 101  30  52  77  75  29  50  91  20
   46  13  65  83  99  17 105  26  76  75  38  45
   82 105  76  21  79  17  31  98  96  55  35  49
   36  95  73  44  65  90  28  54  18  58  53  96
   35  70  36  89  27  76  61  92  26  44 112  63
   45  93  67  87  42  79  35  47  62  64   8  49
    8  23 114  32  56  17  25  47 112  21  57  74
  109  30  43  94  45  71  53  11  87  73  24  19
   37  12   5  86  42  47  61  88  48  89  23  43
   74  54  31  88  30  38  98  80  17 112  33  70
   88  21  53  18  54  39  32  39  44   5  90  96
   27  82  37  74  37 105  87  41  41 116  52  28
   65  94 103 108  94  79  31  57  95  58  83  80
  104  34  40  18  34  52  35  57 113  49  10  89
   36  84  57   9  59  88 102  15  53  13  63  88
  107  65  89  35  81  67  70  83  94  12  62  89
   80  21  24   9  42  58  65  46   3  82  40  43
   43  34 108  96  41 103  39  35  41  33  54  21
   96 100  43  95  92  76  80  74  91  38 101  41
   72 109 105  81  17   9  34  52  33 114  85  49
   93  97  68  92  75  81  17  94  78  85  30 103
   54  41 103  26  21  87  35  55  59  17  77  68
   71  24  62 112  45  38  59  19  39  11  94  61
   79  75  22  58  94 112  72  22  67  46  15  65
   58  41  24  24  46  15 100 103  74  16  28  98
   74  99  48  65  78  69  55 103  35  47  24 107
   45  28  85  53  49  27  41  44  94  18  80  26
   90  78  43  38  73  63 114  23 100  29  75  54
   24  68  72  98 108  26  85  29  36  66  91  48
  107  84  49  85  98  92  24  73  35  64  23  32
   54  37  43  56  99  82  62  42  56  58  22  28
   83  45  81  53  65 110  23  93  76  70  49  22
   40  61  97  85  91  90  82  62  21  33  15  45
   25  98  83  68  39  47  43  73  74 111  49  18
   78  79   7  74  99  18  95  26  82  58  78  51
   53  22  52  33  93  26  24 109  80  47  65  23
   38  56  68 116  50  61  63  78  65  61  69  25
  107 110  84  23  57  39  51  97  48  36  45 100
   33  22  32  65  81  74  95  90  21  13 105  74
   60 108  80  14 108  19  29   8  74  24  72  89
   34  21  27  82 100 109  25  47  42  86  41  39
   60  29  49  56  93  28   7  44  21  49  18  83
   21  64  57  45 105  76  91  18 113  85  69  59
   85  35 108  33  87  91  96  74  96  44  68  90
   30  21  45  55 101 102  69  60  43  90 100  52
   74  61 117  24 107  29  89  30  28  68  23  78
   25  60  80  59 100  66  64  61  55  83 107  20
  101  67  16  81 106  11 114  95  31  97  60  95
   95  39  31  66  37  58 102  45   3  24  64  68
   37  53  44  34 106  74  93  67  69  82  87  20
   19  53 102   9  49  55  59  32  65  27  24  89
   24  44  55  13  78 104  25  96  53  11  38  99
    8  99  11  92  26  46 103  34  27  95  78  92
   36  60  99  20  61  58 110  71  76  53  55  97
  100  56  34 101  76 112  70  23  34  85 112  25
   18  77  37  78  56  65  47  44 108  99  82  77
   49  51  25  13  41  27  87  48 107  80  86  71
   47  64  81  24  81  76  53  71  69  19  40  61
   29  87  53  28  88  95  86  91  51  57 102 102
   57  40  32  90  99  45  96 103  64  17 109   9
  102  97  66  23 100  90  59  95 108  69  38  28
   35  44 102 107 114  49  76  48  24 101  19  58
   37  40  91  64  11  23  56  96  62  40  70  62
   29  25  80  89  69 112  75  35  23   8  89  27
   52  60  71  36  12  73  90 105  37  49  53  88
   12  66  43  44  88  53  79  17  97  71  42  53
   17  23 113  63  31  32  43  98  29  32  88  15
  112  15  97  54  23  32  68  46  53  92  60  73
   84  58  49  16  13  68  36  71  48  36 110  73
  103  35 109  40  42  59  23  24  52  40  25  42
  110 104   6  90  22  68  30  80  39  20  52  66
   36  98  75  52  72  77  13  53  20  78 105  82
   95  85  61  30  84  92  25  56  21  45  85  66
   26  93  24  69  93  38  45  77  93  85  33  39
   85  64  97  26  44  19  56  27  63  63  18  52
   92  63  62  14  86  65  26  93  30  80  80  34
   38  64  40  97 104 111 104  64  78  25  31  80
   73  43 115  59  32  41  76  39  11  17  71  23
   30  67  84  13  43  48  71  78  13  34  56  14
   81  98  98  90  47  89  53  41  35  61  92  21
   78  28  51  48  24  63  93  19  85  42  94  63
   86  26  37  99 105  79   4  75 100  33  56  29
    8  37  25  99  78   4  16  59  19  81  35  15
   10  61  47  97  15  81  26  45  96  74  31  59
   32  34  75  74  51  85  20  37  78  76  78  97
   99  72  27  24  23  72  38   9  72  31  16   9
   79  98  52  85  91  67  88  59  97  36  97  81
   57  82  70  12  50  52  22  12  34  59   3  54
   17  93  29  38  40  52  23  21  76  70  66  60
   37  74  60  73  92  43  12   1  12  83  16  91
   99  14  64  93  67  69  56  60  92  10  28  70
   12  44  94  56  13  71   1  49  43  27  85  36
   35  45  63  24  37  33   8  24  59  61  62  46
   36  59  51  99  92  31   5  19  35  75   7  85
   40  28  39  79  70   7  54  31  90  77  46  89
    7  25  47   6   7  44  25  23  25  36   2  83
    9  21  80  49   7  64  85  31  64  13  15  28
   30  44   4  92  77  28   7  89  44   3  84  82
   72  62   8  26  69  54  72  69  82  91  25  78
   77  79   8  63  40  52   8  24  81  20  23   5
   61  34  39  64  22  60  23  52  34  66  20   9
   56  21  75  67   7   5  57  70  44  40  99   6
   72  20  53  45  37  65  52   3  60  82  89   3
   64  40  13  60  24  54  19  75  21  90  76  36
   22  73  49  42  56  13  38  29  14  41  33  19
   57  61  78  70  41  12  52  47  44  37  55   5
   19  77  12  76  49  71  88  84  22  59  20  57
   65  54  52  61   8  32  17  23  66  69  48  12
   18  90  83   7  71  14  36  57  70   2  76  76
   54  82  76  82  87  26  20  15  46  86  69   1
   68   9  99  98  71  92  93  89  24  23  99  40
   87  61  47  27  18   1  38  22  23  83  80  36
   99  76   7  35  12  18  35  12  48  19   8  19
   32  30  82  69   3  72  91  94  46  28  60  71
    6  93  92   5  36  99  11  75  37  87  69  52
   38  52  18  63  52  46  39  33  87  47  43  81
   22  87  20  81  47  42  66  83  66  88  62  99
   55  22  21  57  93  29  91  99  51  40  32  70
   39  24  42  40  24  59  54   9   2  62  95  63
   41  80   7   5  81  45  21  31  93  88  15  85
   14  23  10  67  26  85  45   4  15  35  12  89
   80  29  44  78  12  43  77  50  29  69  71  29
   82  70  90  72  15  89  46  17  92  40   8  88
   88  39  73  79  37  14  97  78  45  71  91  71
   71  26  75   4  61  87   4  98  51  23  42  47
   33  65  18  55  74 100  21  52  15   3  82  66
   12  43  96  58  56  52  26  20  48  56  50  36
   37  61  93   7  21  11  99  31   9   6  83  57
   53  75  35  94  30  30  87  81  95  55  56  26
    2  86  25   2  63  31  12   9   9  67  81  95
   71  94  35  46  57  49  48  28  72  86  83   1
    9  22  57  92  96  36  73  32  19  37  19  49
   42  45  69  73  41  54  24  99  29  46  74  27
   44  19  11  55  35  46  21  15  53  85  77  25
   52  88  47  61  98  35   8  44  95  67  82  33
   25  45  76  38  88  13  38  37  79  73  26  13
   49  81  90  98  98  46  64  38  76  43  72  54
   94  46  46  36  44  66  57  35  44   2  62  72
   80   8  52  60  76  71  28  39  61   1  76  20
   59  32  68  45  93  39  58  62  88  67   9   3
    6  68  17  82  72  56  60  13  35  71  51  14
   22  58   6  57  14  56  27   8  37   1  92  83
   57  42  66  27  94  69  13  90  49  51  32  31
   36  91  97  20  35  91  19  64  53  29   2  41
    2  48  37  42  79  60  88  38  74  65   3  41
   73  71  23  99  92  40  24  84   8  40  54   5
    9   9  89  28  58  30   6  12  68  28  54  53
   87  68  61  44   1  71  29  47  38  43  55  77
    5  12  65  97  15  84  56  29  39   9  48  73
   73  54  57  45   7  97  75  19  12  32  62  87
   43  76  52  36  51   7  74  22   5  92  77  74
   30  57  81   2  57  34  27  17  86  48  47  63
   60   9  46  70  50  10  94   6  57  43  34  50
   24  30  95  81  61  59  32  69  79  41  59  85
   44  70  13  25  35   7  17  39  23  62  64  85
   53   8  12  82  48  84  81  81  20  34  85  54
   91  38  50  87  37  68  66  89  30  58  38  15
   83  30  87  52  53  80  28   3  27  54  75  44
   10  75  57  92  58  33  25  32  19  51  29  68
   35  24  51  39  10   9   6  90  40  83  99  20
    4  68  53  71  18   5  89   2  53   5  79   9
   13  53  50  17  76  83  65  29   4   4  53  43
  100  98  11  22  47  79  58  40  93  12  67  76
   11  89  43  87   7  88  75  23   9  65  46  22
    6  35   4  63  46  98 100  75  14  39  86  17
   51  78  75  12  50   2  60  52  12  31   9  64
   59  80   2  28  18  54  49  73  57  23  63  26
   95  55  90  25  66   8  14  94  46  90  11  86
   49  78  76  80  80   2  11  45  51  83  62  69
   60  53  46  46  35  13  10  26  36  70  72  29
   21  35  23  24  78  74  78  64  19  35   9  90
   25  24  23  94  72  53  14  42   8  49  73  67
   91  21  62  19  99  92  46  75  92  97  93  25
   45  41  38  96  36  12  99  67   4  70  69  24
   61  92  61  89  80  76  18  11  27  14  88  11
   70  18  59   4  47  26  56  66  91  50   2  82
   28  98  41  40  25  62  25  96   9  54  59   6
   49  20  17   3  94   7   6  60  81  95  13 100
   97  97  91  68  13  12  31  74  72  39  76  92
   47  74  12  27  54  43  14  35  35  15  54  19
   96  66  82  73  17  22  53   5  10  42  29  99
   56  85  37  71  95  23  98  56  78  27   7  77
   21  92  21   6  32  18  90  34  81  40  46  71
   97  28  29  52  64  44  57  30  65  72  20  15
   27  66  86  22  95   3  25  35   6  46  42  81
   76  38  24  17   8  81  98  28   5  53   7  40
   95  20  85  48  79  66  63  49  75  43  70  90
   88  22  63  39  87  60  52  47  93  85  52  46
   86  88  42  42  18  26  34  32  38  44  58  23
   38   5  59  72  99  31   7  41  64  63  15  47
    9  25  74  47  36   9   6  21  75  64  12  72
    3   7  51  40  63  34  24  21  15  61  65  11
   80  58  56  52  12   9  46  95  67  81  82  73
    5   4  64  91  82  61  93  24  71   3  51  26
   90  54  80  62  38  56  83  39  52   2  29  57
   68  94  74  72   7  19 100  71  51  17  57  57
   63  83  23  51  89  73  75   3  90  20  77  15
   83  61  70  80  95  89  86  35  25   4  67  15
   22  78  99  34  77  44  63  69  28  82  85  63
   69  29  16  33  82  95  11  97  78  98  29  12
   45 100  38  19  19  70  41  11  58  50   6   4
   34  34  13  26  33  61  17  14  75  28  15  29
   37  98  31  78  96  39  14  56  82  61  46  87
   40  79  63  96  12  75  89  75  22  81  84  76
   86  74   4  10  21  80  64  52  75  93  35  77
   67   6  31  89  41  51  21  74  27  64  50  60
   26  43  75  92  93  34  10  23  45  23  80   7
   30  29  75  99   9  12  63  84  95  76  21  34
  100  32   7  55  56  27  46  56  72   5  70  32
   56  32  13  22  92  82  78  26  91  84  67  85
   96  30  63  20  52  52  84  39  36  57  99 100
   56  22   2  48   7  57  47  96  88  29  57  90
   90  45  83  19  37   2  29  94  92  94  43  96
   33  94  68  73  77  76  56  13  85  26  43  67
   10  93  86  46  21  20  69  75  86  21  64   5
   19  37  54  97  79  43  29  65  52  19  29  72
   71  89  64   8  21  19  88  10  90  74  38  59
   93  46  30  34  52  33  34  25  41  95  88  17
   94  60  95  28  77  94  73  18  16  45  62  49
   93  32  10  22  11  12   3  61  99 100  72  74
   12  56  56  67  58  33  25  22  22  83  70  39
   24  39  58  44  57  42  37  53  80  44  24  99
   79  67  31  31  79  26  76  57  35  15  44  72
   73  53   9  33  96  98  28  97  59  20  89  34
   93  29  29  82  12  86   1  88  56  52  23  93
   23  16  75  87  46  81  60  30  39  12  34  23
    4  43  93  59  97  54  26  21  73   7  23  53
   64  38  60  84  51  28  31  27  73  13  50  27
   18  81  18  79  61  15  45  12  77   3  43  23
    7  11  72  88  92  23  59  29  68  31  71  33
   25   6  53  59  21   9  33  81  71  87  80  10
   92  18  36  69   3  15   2  42   3   8  87  70
   26  71  67  47  23   8  17  79  36  84   1  18
   64  31  49   8  11   6  36  16  50  39  62  24
   12  70  41  28  71  12  93  56  56  22  65  96
   67  83  47  34   4   5  18   8  13  27  88  72
   41  45  64  79   8  44  25  64  77  43   6  49
   61  53 100  62  21  55  71  60  84  75  77  71
   77  87   6  49  70  22  26  35  30  81  52  36
   88  83  14  18  29  98  46   7  69  16  89   3
   79  11  99   8  90  30  73  68  30  87  86  26
   66  74  43  82  60  80  36  79  36  29  22  88
   63  18  13  10  48  86  67  92  40  82  11  59
   50  46  55  50  83   8  38  68  77  96  70  55
   65  60   3  57  38   4  94  26  27  29   5  15
   99 100  89  94  61  12  18  85  79  73  90  93
    8   5  83  61  33  48  89  41  31  87  90  62
   36  81  24  32  17  13  71  29  77  43  63  24
   54  90  83   7  44   9  99  25  25  82  97  37
    9  41  31  79  90  79  86  41  20  85  53  58
   80  96  14  11  83  51  43  44  77  61  19  92
   58  99  49  21   8  94   6  77  35  36  76  59
   29   2  28  88  31  89  77   6  13  62  81  67
   73  10  36  68  39  16  87  62  88  46  58   8
   77  45  82  15  87  42  56  19  79  72   2  49
   58  16  39  25  62  39  74  57  47  54  98  61
   98  95   2  87  49  96  95  61   6  90  52  33
    7  76  67  14  66  43  58  93  19  40  82  86
   76  93  99  25  63  55  42  18  65  27  83  63
   40  52  88  19  88  65  12  32  93   5  69  33
   17  93  62  98  55  70  74  67  72  98  23  21
   75  25  76  33  69   8  33  75  63   3  64  86
   48  20  17   3  26  32  82  59  14  52  25  39
    1  72  71 100  74  68  68  55   2  56  98  14
   79  24  58  96  46  19   2  96  53  98  42  18
    1  45  23  70  37  37  43  23  17  97  50  28
   25  83  94 100  64  60  48  64  99  21  80  60
   72  77   3  15  72   9  71  74  69  82  54  96
   19  20  62  13  14  44  37  42  17  77  10  79
   38   3  15  37  86  93  70  52  81   2  20  59
   23   7  37  19  30  32  91  17  37  18  77  17
   55  65  10  83  93  31  72  64  47  94  38  36
   45  85  49   8  57  68  55  94  72  98  24  50
   32  32  98  58  24   2  37  94  50  60  95  42
   46  75  90  78  65  99   8  15  30  90  86  11
   38   4  61  38  40  42  63  15  73  70  90   2
   58  90  34  57  62  79  72  61  19  94  24  92
   18  31  63  78  46  54   6  97   9  82  40  55
   91  44  41  10   4  85  33  73  71  52  17  64
    2  24  66  31   5  19  78  31  76  52  94  79
   51  70  75  53   8  31  43  62  46  60  89  84
   22  65  39  54  43   8  79  26  31  45  54  92
   67  52  19  21  26  14  24  45  99  75  96  70
   82   4  27  41  73  58  70  39  44   1  69  95
   27  24  99  28   8  84  18  77  37  55  30  68
   53  85  68  76  12  76  82   8  36  71  40  95
   73  49  42   1  69  41  53  36  48  52  41  92
   13   3  27  85  51  73  52  10  61  70  58   5
   79  97  73  43  32  46  16  16  91  90  13  43
   51   7  23  89   4  89  80  97  43  95  47  31
   69  89  75  29  15   8  87  73  73  31  68  73
   48  75  63  56  13  88  96  73  81  61  98  20
   91  55  45  64   3  38  12  91   3  33  37  60
   32  82   3  70  17  21  21  43  15  61  41  18
   73  98  58  51   3  17  51  43  60  17  11  63
   46  54   3  93  12  86  27  87  80  34  97  37
   85  60  32  51  12  52  54  54  58  27  12  86
    7  35  99  26   9  94   4  17  78  20  53  16
    7  78  83  45  76  48  18  63 100  92  51  44
   68  49  62  69   4  29  20  38  36  29  15  82
   83  55   1  96  54  60  46  86  49  92  96  18
   86  63  58  90  35  12  82  18  64 100  72  16
   95  13  96  16  81  61  17  78  84  18  28  25
   77  48  13  83  49  59   4  39  28  65  63  10
   14  61  74  19  28   7  42  95  69  32   6  77
   85  43  75  29  59  52  62  73   3  10  37  34
   68  58  94  93  68  92  30  59   9  34  31  44
   66  43  31  95  34  40  60  36  40  96  80  42
   85  20  60  86  22  14  16  28  60  46   5   9
   48  80  82  17  12  67  24  11  52  97   7  97
   15  18  54  91  10  14  43  16   4  48  73  78
   69  65   2  12   3  63  36  63  94  14  93  62
   72  63  17  39 100  80  63  14  42  78  43  40
   88  88  30  22  46   6  32  79  88  94  22  89
   66  51  32  82  91  34  15   2  66  59  58  29
   91  51  71  66  28  60  29  88  20  41  76  49
   90  97   3  57  84  84  73  11  89  74  21  97
    7  87   7  49  92  84  39  73  58  18  54  31
   35  53  65  89  99  43  66  32  61  74   3  29
   17  67   6  74  60  47  82  87  60  69  79  65
    2  14  99  15  81  38  84  31  77  96  57  51
   69  16  36  58  34  38  98  63  90  28  14  30
   15  34  44  83  22  25  92  61  94  75  33  46
   94  22  83  41  18  81  58  27  26  29  70  65
   35  42   5  77  62  98  47  75  44  51  84  65
   10  51  56  99  23  46  79  10  77  26  25  84
   69  46  71  22  14   6   4  38  39  86  88  39
   40  62   3  60  83  61  34  63  94  94  31  90
   84  53  29  98  63  59  31  36  94  80  51  92
   25  14  22  13  72  26  65  66  79  54  28  84
   24  79  69  57  93  49  25  96  33  74  25  56
   34  80  74  19   8  24  99  44   6  76  58  77
   1157  1215  1189  1167  1210  1216  1225  1229  1207  1251
