 20 125
  103  99  48  61 100  37  43  76  56  66  81  60
  101  28  47  92  57  58  63  42  21  78  97  45
  102  41 106  90  58  96  96  52  73  33   9  69
   52  31  96  90  52  63  35  69  72  41  32  95
   10 105  50  38  27  61  44  31  95  56  85  40
   71  21  13  33  47  72 100  53  48  23  70  20
   51 106  71  25  96  63  67  79  67 100  25  25
   29  15  99 114 110  55 109  32  55  44  88  62
   94  64  20 102  73  73  81  94  56  53  91 101
   24  74  86  56  62  67  68  38  94  98  21  52
   98  62  57  43  94
   38  59  41  80 104  36  34  54  13  14  89 103
   50  58  31 105  40  45  43  32  51  80  27  49
   57  44  50  49  82  70  76  82  58  20  46 105
   30  23  60  44  41  43  77  31  73  67  87  15
  104  30   5  96  82  79  51  97 112 114  21  76
   97  96  44  35 104  58   9  27  76  38  99  40
   70  19  23  44  23  83  15  16  50  35  92  89
   54  97 104  34  21  93  94  44  23  21  78   9
   84  59  24  10  67  63  27  90  62  78  98 112
   83  90 102  21 100  60  39  80  93  52   6  92
   64  96  28  80  79
   56  23  66 109  59  22  13  19   9  98  92  87
   67  43  36  83 117  33  21  61  60  19  37  30
   25  45  94  59  20  75  59 110  93  70  74  71
   56  58  12  13  40  66  83  68  51  14  37  44
   92  85 102  73  36  25  48  90  68  84  73  57
  108  19  21  61  68  56 109  66  23  37 105  80
   27  56  59 101  14 105  65  93 109  95  71  14
   31  62  81 107  89  86 110  25  31  94  55  67
   87  21  11  19 100  39  53  71  73  32  90  20
   79  98  92  47  73  45  22  48  89  33  95  94
   92  14  85  11 108
   51  82  29  88  45  88 102  79  39  17  50  94
  103  28  24  58  51  59  68  42 101  87  62  86
   62  35  21  57  77  68  37 109  64  97  43 103
   35  34  73  62  43  50  97 117  66  62  65  80
   85  40  77  24 108  34  94   9  53  98  26  86
   12  37  21 100  44  31  59  24  39  24  88  52
   95  61  36  58  19  76  11  33  17 108  13  38
    9  46  97  35  58  74  58  60  48  88 102  97
   68  85  62  68  70  81  29  26  27  38  45  70
   89  59  80  55  94  36  74  85  50  92  78  83
   87  68 104  34 100
   91  98  80  13  53  84  42  39  26  56  33  36
  102  34  20  83  82  86  20  50  44  16  34  62
   68 117  22  60  34 112  67  67  50  56  36  64
   86 103  46  36   7  22  68  17 105  80  83  28
   74 104   9  21  75  85  60  46  97  57  54  46
   69  26  91 102  62  39  18  79  75  87  10 105
  102  90  90  98  82   8  18  19  89  57  71  22
   64  44  79  98  93 109  58  15  36  17  84  34
   70  66 101  46  44  19  82  97  54  82  30  47
   12  75  98  42  58  62  99  58  93  26  85  27
   19  95 107 116  40
  106  49  30  65  46  30  33  83  30  45  57  68
   36 110  11  12  95  36  96   8  59  84  52  91
   97  47  32  49  29  26  91  68  53  95  69  13
  104  36   8  75  44  17  37  68  90  95  38  21
   33  10  85 103  45  69  43  66 100  50  83  10
   97  82  27  58  35  45  48  54  30  24  94  24
   42  32  72  75  34  97  50  35  33  64  94  28
   38 102  42  98  97  38  75  49  94  85  63  75
   89  50  13  16  38  25  24  53  22   9  92  94
   64  73  97  34  96  69  57  43  72  56  99 115
   66  21  34  50  20
   63  41  92  56  36  86  38  12 104 105  47 100
   52  64  17  55  76  83  60  56  61  71  31  18
   28  91 105  46  88  39  69  45  72  15  17  40
   51  51  67  54  38 108  23 116  31  33  17 108
   76  41  59  31 106  68  27  63  71 102  55  78
   16  45  71  81  17 115  63  66  76  42  77  38
   76  19  70  75  86  45  55  95  39  71  45  51
   21  31  17 103  71  83  42  90  98  11  27 104
   35  80  82  41  72  95  14  51  60 109  57  17
   37  93  45  41  48  13  71  21  48  37  67  25
   44  57  33  71  97
   80   6  20  41  65 102  54  31  57  59  63  68
   20  52  25  38  55  74  84 113   7  41  90  94
   68  68  42  33 108  60  78 105  94  11  99  92
   63  43  90  46  60 112  43  41 107  76  43 111
   58  83  16 102 107  48  33  36  68  65  76  75
   98  78  12  27  78  97  98  59 118  67  12  31
   99  40  99  46  96  51  93  10  14  46  45 109
  102  80   7  42  88  27  83  37  23 106 104  86
   18  89  36  12  20  17  90  58  81 101  67  16
   91  75  33  62  29  24  89  30  77  79  48  27
   55 112  59 107 104
   71  16 101  67  34  24  25  19  78  54  46  60
   10  14  48  24  62  61  19  88  18  60  79  23
   96  18  80  19  68  57  98  66   6  36  99  67
   94  79 116  44  52  80  22  31  55  89  42  72
   11  95 102 112  71  44 111  28 111  37  22  78
   91  77  67  80  17  34  19  82  46  17  13  91
   88  91  63  15  91  43  96  61  95   8  43  41
   47  56  34  59  49  74  78  23  94  41  80  54
  105  24  47 109  28  27  20  65  27  16  36  34
   36  71  41  51  35 104  89  17  58  87  51  58
   65  84  83  54  16
   43  19  59  39  29  51  95 104  33  56  78  33
  104  71  81  99  38 102  54  43  13 107  31  88
   48 100  48  74  27  71  24  93   8  92 110  34
   57  77  86  83 106  46  28  90  21  83  40  88
   73 106  35  74  30  28  35  98  24  28  38 117
   51  68  76  47  85  96  99  57  95  51  39  52
   23 107  30 103  33  40  51  89  48  77  92  42
  100  98  54  37 103  60 103  88  69 115  35  36
   70  18  50 105  82  43  59  89  73 109  50  56
   36  49  60  81  75  80 114  27  54  69  29  22
   48  50  68   6  56
   36  75  62  84  90  46  68  54  38  32  88  20
   21  77  35  25  12  39  48 106  30  12 107  25
   23  89  19  59  56  22  68  58  47  66  71 112
   51  47  33  69  49 102  85  80  56  81 102  79
   41  16  31 115  56  64 114  35  87  39  45  50
   32   8  71  76  41  28  95  37  69   6  24  85
   65  19  58  67  46  73  35  23  30  80 101 109
   67  21  54  87  17  88 100  38  90  66  41  42
   36  94  79  57  79  54  88  84 105  28  15  60
   27  21  35  53  97  63  48  90  38  15  47  44
   67  27  92  40  68
   19  82  70  68  34 104 100   8  97  50   4  76
   44  67  51  91  23  47 103  69  63  80  82  40
   32  26  17  59  24  23 104  38  58 104 100 101
  100  93  30  57  30  49 114  84  21  61  99  55
   37  50  73  37  49  23  21  97  23  88  63  59
  109  24   8  55 106  30  75  77  42  69  99  87
   87  47  93 102 100  98  69  61  80  21  20  32
   99  93  63  88  78  79 110  73  50  25  34  68
  106  32  44 101  36  50  21 106  52 103 108  34
   24  94 106  77 116  60  57  57  56  65 105 101
   81  36  71  66  44
   52 104 100 106  21  92  10 105  36  43  21  77
   80  29 106  72 106  90  26  87  82  73  54  71
   95  19  85  86  83  81  51  89  93  47 103 112
  107  49  68  71  62  94  83  64  78  99  51  52
   63 106  17  85  85  62  26  65  46  33  93  43
   44  31  43  31  40 107  55  14  77  38  56 115
   43  32  79  69  99  45 107 109  54 104  76  55
   88  99  19  63  79  35  56  57  26  89  79  38
   65  36  35  63  59  28  38  54  52  22  70  91
   40  15  78  41 109  73  68  96  98  90  56  66
  106  55  36  85  24
   38  94  57  34 101  53  92  75  64  99  77 100
   93  58  45  20  35  34 103  16  59 104  19  41
   93  93  30  37  71  60  44  46  17  60  51 112
   42 106  39 108  92  13  99   9  26  17  61  19
   43  58  37  35  20  14  29  94  96 100 102 102
   62  36   4  30  44  30 100  46  12  33  67  28
   16  71  33  37 110  82  88  25  63  23  67  36
   45  98  11  10  83  29  28  97  57 105 102  38
   50  92 107 106  58  38  58 106 105  65  78  42
   95  64  26  95  65  69  92  31  81  84  83  98
  117  62  85  18  86
   19  78  44  29  98  65 104  67  36  46  92  88
    9  16  37  15  92  26  91  41  55  66  98  22
   68  58  11  76  79  57  50  58  47  72  18  51
  105  67  47  31  65  26  79  18 109  56  70  46
   88  47  45  70  52  37  93  97  71  33  39  99
   93  55 113  27  34  12  30 117  51  58  28  60
   33  38  41  14  21  46  51  26 108  37  77  22
   83  33  97  87  96  44  82  66  54  36  18 106
  109  43  62  81  85  44  29  33 107  87  76  32
   77  54  82  44  64  81  70  48  99  75  30  46
   92  93  22  14  90
   94  54  35  23  24  61 103  22  46  50  47 102
   87  41  85  85  22  84  48  25  72  19 104  91
   71  65  33 102  87  94   9  73  45  88  88  11
   31 111  35  23  48  37  21  56  87  63  27  26
   64  19  89  27  87  84  17   8  91 112  17 103
   29  80  38  67  29  98  55  85  58  61  19  27
   64  68  98  33   5  10  69  59  97  96 116  37
   51  83  46  35 103  32  76  49  78 103  53  47
   58  97  39  92  61  40 104  95  54  18  87  76
   79  26  18  86  55 110  76  99 116  88  98  79
   48  72  62 100  11
   69  98  20  19  17  91 112  94  20  39  24  81
   19  68  96  74  12  23  30  53  10  33 100  93
   64  49  88  43  54  91  52  17  91  88  97  17
   82  63  19  42 100 107  98  68  91  77  93 108
   91  46  97  14  19  87  75  61  24  39  42  15
   28  92  47  64  65  79  29  94  27  48  73  97
   25 105  36  65   9  68  26  71  58  58  27  80
   89  96  40  70  61  12  68  61  32  34  16  57
   40  49  13  43  97  72  94  88  42  56  54  63
   40  83  29  73  58 103  17  66  72  47  30  73
   25  46 102  53  33
  101  75  51  87  97  99  19  74  57  43  63   7
   76 102  55  76  59  79  64  79  44  20  38  68
   92  48  35  78  41  69  36 107  14  48  70  69
   79  56  25  59  35  87  95 107 108  46  97  61
   18  70 105  87 101  66  57  83  35  83  32  21
   70  65  58 108  30  79 112  30  96  73  47  70
  103  68  25  35  53 104 103  76  82  44  47  73
   83  35  37  40  87  65  20  74  66  97  71  74
   75  83  33  98 109  53  58  39  65  84 102  55
   35  59  47  11  17  83  61  34  95 103  35  68
   58  87  38 104  53
   15  76  71  21  97  99  82  11  98  41  41  72
   16  40  20  47  86  67  73  75  90  34  27  27
   77  22  87  36  84  76  99  54  78  25  12  99
  108  77  20  93  70  57  66 109  27  32  39  49
   97  63  31  31  32  87  60  63  78  62  10   6
   43  56  34  21  55  72  22  54  71  69  98  62
   86  55 104   3  74  91 105  49  95  69  65 106
   45  94  94 102  75  71  73  31  41  26  91  82
   71  21  52  95  26  70  35  68  14  32  96  18
   64  18  34  40  65  64  67  37  18  71  83  74
   57  32  35 108  81
   72  61  33  40  33  53  35   4  16  23  73  85
   27  56  23  87  32 116  42  85  94  36  75  54
   63  65  75  25  29  89  86  66  70  57  25  39
   97  37  85  24  72  67  99  64  49 107  81  49
  102  36  67 109  44  78  79  90  31  16  49  87
   63  70  81   8  30  62  67  18  24  74  85  63
   81  18  39 107 100  86   5  45  68  31  16  71
   21  10  53  54  48  59 108  92  55  32  62  94
   99  25   7  93  25  53  93  74  54  61  53  71
   74  18  73  75  21 104  68 108  38  34  41  20
   26  96  13  93  54
    8   5  68  58  17  75  59  33  47  53  39  42
   17  86  71  22  46  58  44  65  98  29   5  60
   17  74   1  28  59  19  13  55  40  76  94  42
   63  86  11  29  63  52  73  39  39  77  81  17
   95   5  54  64  79  53  73  74  15  54  18  77
   45  91 100  70  65  37   9  56  61  86  41  87
   52   2  42  93  20  45  42  27  52  17  93  95
   77  93  12   4   3  63   8  87  55  69  28  50
   11  40  92   7  41  30  32  14  46  59  24  10
   90  46  32  55  45  50  42  65  21   5  99  53
   10  57  51  61  18
   64  59  72  23   6  70  76  48  89  93  13   9
   60  46  80  11  67  70  76  81  55  25  86  56
   45  67  66  64  27  48  36  20  45  90  63   7
   88  85  51  67  72  74  28  88  32  37  31  91
    7  81  97  17  28  29  51  14   7   3  88  27
   23  15  67  83  10  55  93  81  44  77  12  76
   32  87  87  71  95  29  97  99  65  74  19  18
   60   8  14  86  81  18  17  66  97  81  26  98
   31  51  87  94  47  44  82  25  41  31  16   5
   25  21   5  83  17  47  65  31  27  61  96  22
   43  14  75  31  25
   46  84  37  10  52  88  98  90  94   6  26  23
   52  71  79  26   1  74  86  45  52 100  74  88
   85  62  13  60  92  44  46   6  10  33  37  41
   56  60  97  95  74  38  34  49  64  97  74  67
   23  24  17  41  78  95  60  21  36  23  43  60
    3  84  82  46  37  62   9  42  80  83   6  24
   92  56  48  14  94   6  37  25   4  13  40  91
   71  52  26  12  19  28   3  81  76  15  58  36
   21  90  93  83  15  76  63  42  39  77  12  84
   34  13  11  64  38  59  97  64  22  86  12  26
   27  94  31  92   5
   55  24  80  28  64  18   4  32  66  89  60  15
   16  77  85  45  53  52  52  73   2  15  53  18
   49  74  92  54  34  43  68   2  40  21  67  11
   76  81  46  52  68  62  20   2  45  50  52  29
   26  69  43  86  10  71  10  93  60  18  84  28
   94  72  92  11  71  85  45  94  76  83  26  50
   12  55  78  54  83  38  91  80  87  10  91  80
   98  71  23  77  57  37  44  50  58  22   6  19
   34  29  48  40  50  34  80  85  83  78  72  35
   17  52  39  60  23  83  34  18  54  25  28  31
   26  43   6  78   9
   20   9  31  95  49  31  63  74  88  57  79  81
    7  78  95  24  27  24 100  60  60  94  86  43
   42   3  91  52  73   6  38  35  54  49  66  43
   25   1  73  69 100  87  52  85  10  36  28  80
   33   7  93  96  38  33  51  68  20  60  49  60
   36  79  14   1  45  68  93  25  45  27  95   9
    8  17  19   6  21  95  96  88  23  56  31  82
   38  67  31   5  20   6  51 100  83  94  28  84
   46  45  18  71  63  89  34  22  64  23  83  73
   94  36   8  78  49  54  18  47  14  78  29  79
   96  18   4   3  71
    5  67  88  48  64  75  84  26  90  74  63  50
   79   6  91  96  12  74  16  94  48  31  55  14
   13  64  85  57  80  85  29  43  67  18  41  95
   14  82  95  31  76  86  77  44  13  12  65  98
   70 100  20  13  72  44  75  47   7  68  21  93
   13  25  92  58  71  75  60  54  85  80  12  86
   77  87  46  41  68  15  56  69  69  45  17  78
   67   9  75  19  15  71  35  69  17  23  48  28
   15  64  95  95  78  93  82  66  93  99  19  15
   45  39  13  82   7  33  54  64  33  51   3   1
   38  98  77  60  89
   41  63  16  51  76  30  72  92   1   9  57   9
   52  38  96  60  35  37  56  56  58  38  76  88
   76  27   8  69  22  79  51  72  48  97  93  66
   62  51  49  52  65  11  89   4  88  85  90   3
   32  64  60  79   2  52  85  45  45   2  62  33
   91  62  36  37  89   5  40  45  41  68  33  79
   43  94  33  34  22  64  59  12  72  35  67  61
   95  82  86  16  36  31  60  29  17  96  79  14
   82  25  23  78  30  23  92  67  51   3  53  92
   69  16  69  79  72  90  42  95  59  71  47  93
   66  54  70  49  16
   25  99  83  66  49   6  59  82  48  55  46  37
   94  63  77  79  58  37  34   2  97  72  24  22
   47  35  76  75   3  51  29   1  11  91   9  27
   55  66  29  62  47   4  68  78   7  42  62   4
   58  19  93   4  11  54  71  76  49  40  28  32
   22  30  99  85  27  22  18  43   1  51  95  87
    5  73  14  71  11  54  10  94  94  56  66   4
   17  27  96  70  15  84  33  81  87   9  14  31
   85  26  71  98  95  95  21  46  31   2  44 100
   17  35  80  40  78  85  15  87  28  27  61  89
   55   5  53  12  12
   32  93  12  44  70  95  87  98  39  51  63  49
   95  97  65  91  48  51  88  25  85  50  32  84
   24  89  34  83  38  57  14  47  98  75   8  52
   16  36   4  63  68  37  85  73  48  22  61  36
   94  16   9   7  32  64   9  80   6  70  83  26
   26  30  36  28  95  73  83  21  57  98  98  28
   23  14  45  97  17  69  17  43  12  97  73  77
   63  53  77  52  53  45  36  95  20  78  33  50
    3  90  69   7  74  89 100  47  81  87  72  77
   81  45  63  68  78   3  13  91  61  22  69  56
   44  19  21  48  99
   62  93  54  78  84  54  11   2  76  63  38  78
   10  32  21  19  81  16  64  71  98   4  75  14
   66   7  54  35  76  41  81  27  95  22   5  72
   49  43  27  28  14  73  92  18  99  37  77  14
   43   5  72  31  90  78  76   9  84  83  76   2
   59  51  44  66  17   8  15  47  24  65  81  67
   94   4  76  13  80  62  65  21  55  26  28  70
    4  10  51  65  10  54  14  24  43   4  74  66
   49 100  58   2  32  68  46  17  44   3  61  61
   75  56  57  39  40  27   3  89  61  47  74  82
   63  67  40  99  54
   73  42  52  30  27  69  41  65  78  76  24 100
   85  36  83  91  94  70  64  12  80  90   8  90
   85  30  87  52  49  83  48  49  56  48  45   3
   66  55  78  40  53  12  32  33  47  36  12  32
   64  95  81   5  50  46   3  78  15  67  68  70
   71  98  46  29  73  83   9  71  50  96  78  20
   48  91  58  41  65  32  75  80  89  32  14   4
   36  90  55  30  85  32  13  72  21  44  74  76
   67  13  34  54  23  60  32  22   6  84  94  42
   82  93  67  56  12  47  54  24  80  90  58  61
   39  93  14  76  40
   92  22  34  49  77  10   9 100  11  55  99  37
   69  44  52  17  88  73  13  44  49  31  21  64
   70  87  93  44  88  82  13  67  53  11  15  14
   11  14  76  54  89  60   3  32  91  43  15  56
   80  56  37  83  64  91  84   9  85  20  50  53
   10  83  94  49  12  78  29  30  65  46   7  18
   25  60  11   7  20  11  37  58  40  97  87  79
   18  12  54  19  26  26   6  47  54  84  78  48
    5  84  62  10  77  69  86   2  54  14   9  72
   90  10   5  34   1  58  50  45  47  52  15   5
   27  67  44  37  58
   58  16  20  13  90  14 100   4  81  74  95  37
   23  86  14  36   1  14  77  19  34  40  60  40
   10 100  25  28  25  24  58  20  18  67  14   2
   13  55  42  45  51  15  36  44  31  16  60  52
   48   6  97  22  29  52  78  41  67  72  23  70
   68  77  76  80  79   8  49  88  31  70  51   1
   73  75  31  43  12  75  13   2  50   2  37  63
   22   3  90  47  31  79  53  46  87  26  27  64
   48  66  80  54  51  88  80  51  53  86  35  15
   70  95  26  65  11  30  49  22  19  21  52  36
    4  52  70  34  85
   70  26  50  77  12  56  13  34  45   6  43  11
   13  59  66  82  69  81   8 100  59   5  83  75
   16  15  86  66  40  43  73  70  89  46  52   6
   69   3  72   4  18  93   6  93  93  92  43  90
   62  54  73  83  85  97  78  23   8   2  13   8
   44  82  98  72  68  88   8  74  99  86  52  85
   89  47  70  73   9  32  15  91  40  84  41  69
   57  16  92  94  20  89  89   7  57  14  18  78
   57  26  13   8  51  80  51   4   6  38  35  72
    8  49  81   9  51  47  10  80  25  30  26  14
    3  52  17  86  29
   92  27  59  91  22  52   2  36  71  60  23  30
   96  98  70  89  16  84  18  68  47  43   9  98
   43  48  92  27  33  54  61  53  56  39  88  67
    5  40  65  85  54  88  38  91   5  52  47  69
   22  66  63  43  66  79  25  16  38  83  76   5
   11  54   6  79  70  90  80   1  52  47  88  56
   78  79  70  96  95  72  62  78  11  83  30  96
   34  80   8  24   9  76  35  47  54  67  95   8
    2  71  51  36  32  65  85  87  12  24  35  87
   34  51  31  61  51  28  34  72  18  39  74  65
   22  20  86  97  30
   17  60  67  94  96  43  14  87  56  70  57  16
   24  66  26  27  98  25  60  80  36  90   2  29
   34  50  79  14  25  18  96  45  57  23  21  94
   85   1  68  80  61  75  94  55  16  49  79  92
   48  90  14  79  17  22  91  94  20   6  93   6
   91  33  74  51  81  12  52  27  48  51  96  78
   43  52  14  84  97  94  33  48  14  23   1  78
   51  37  60  84  12  75  44  57  28   6  58  63
   53  11  73  27  46  78   9  17  60  85  24  42
   29  89  99  28  56  10  33  13   3  24  19  32
   70  45  41   4  95
   39   4  94  96  97  14   8  15  89  71  92  28
   97  34  23  28  96  88  85  51  92  82  12  18
   54  64  21  66  56  24  52  92  16  24   8  88
   29  42  86  76   7   7  22  49  15  35  24   7
   13  68   7  95  85  15  39  41  88  80  69  90
   77  11  72  48  52  28  82  12  91  67  31  13
   90  15  84  53  96  46  84  39  52  59  80  25
   25  21  71  43  53  94  40  50  76  84  93  58
   77  70  98  72  16  44  21  32  69  50  58  46
   71  22  85  29  44  16  85  43  41  56  88  30
   79  64  13  51  84
   11  33  68  22   8  16  90  41  61  66  42 100
   40  10  65  35  59  37  42  39  63  91  75  50
   12  56  80  41  70  39  70   6  98  63  46  43
   33  53  79  49  81  24   7   5   2  66  10  57
   98  35   8  16   4  38  45  33  67  20  74  95
   44  54  48  10  82  29   7  89   8  33  61  45
   16  43  85  70  56  16   3  30  21  69  69  43
   30  75  69  78  25  43  94  36  47  12  37  37
   35  30  74   9   5  52  59  77  39  21   3  48
   76  55  67  99  98  37  50  68  16   3  71  34
   56  26  64  12  53
   97  32  44  99  23   7  35  98   9  62  74  36
   99  69  83  61  23  43  33  37  30  76  83  76
   26  83  25  76  18  33  12  60  42  86  99  14
    9  37  85  21  37  45  43   4  89  76  63  56
   16  41  86  87  85  29  45  54  27  48  97  99
   64  64  69  93  56  32  87  66  33  41  18  46
   33  47   7  99  41  11  11  69  25  38  45   8
   75  14  10  17  42  42  36  86  67  81  18  29
   33  85  52  22  87  37  76  39  89  86   6  92
   45  91  69  68  42  52  50  65  91  49  21  32
   62  81  81   2  21
   44  53  82  79  78  49  85  99  95  84  38  19
   88  48  89  27  83   4  61  32  20  77  34  51
   40  46  33  92  77  22  23  46  45  45  86  72
   21  68  19  87  36  42   9  51  62   7  33  54
    1  78  38   8  67  33  32  29  82  99  69  28
   55  43  36  96  75  54  46  96  96  37  17  45
   27  93  68   5  16  18 100  67  40  74  88  46
   92  92  65  57  68  52  11  15  56  71  42  13
   20  90  95  13  91  65  18  35  55  51  52  41
   36  91  29  27  87   4  47   6  79  68  66  97
   84  17  96  16  65
    242   258   250   245   251   281   267   234   274   245   270   225
    229   250   263   248   270   228   253   269
