 10 400
  101  84  88   9  81  38  14  99  36  13  84  45
   36  37  87  65  40  21  63  78  50  35  94  57
   23  67  63  37  96  76  70  36  53  59  17  51
   17  37  28  33  38   4  18  79 102  81  99  13
   37 103  23  76  32  63  73  40  97  35  71  47
    8  11  91  33  96  68  69  17  66  38  58  60
    8  89  81  69   8  85  48  33  68  98  15  77
   71  52  74 102  65  85 102  33  35  73  83  27
   60  81  98  43  77  35  59  67  38  58 107  85
   31  95  31  23 109  87  72  29  73  38  56  38
   43  30 100  88  31  47  70  57  85  42  27  75
   53  80  52  87  50  80 101  85 106  57  68  29
   43  28  81  39  88  21  40  57  34  60  49  91
   59  63  55  51  33  74  57  67  90  19  22  96
   84  15  29  88  27 100   9  78 110  69  87  56
   92  40  37  20  80  38  93  69  44  94  29  97
  108  70  61  94   7  35  39  15  51 100  61  86
   30 107  41  22  64  87  63 104  85  28  99  69
   75  66  68  90  82  86  61 110   8  85  93 115
  102  57  21  68 103  87  31  29  40  18  46 115
   96  80  86  67  91  57  25  16  95  33  36 107
   81  77  76  73 104  80  93  17  28 106  27  91
   98   5  45  93  26  38  62  27  88 108  62  66
   44  27  98  54  38  54  96 104  34  79  76  51
   62  59  29  91  95  42  23  77  64  71  86  81
   64 102 100  81 104 100  54 102  17  60  65  62
  113  30  62  81  37  30  74  31  49  35 106  32
   43  50  78  31  84  46 106 100  72  68  88 110
   75  51 116  31 108   6  61  82  32  63  82  90
   31  45 100 109  95  59  45  43  33  22  14  76
   73  79  24   4  15  56  67  75  94  56   9  54
   48  56  83   6 107  24  40  47  44  93  15  88
   43  77  20  49  53  33 103  87  31  99  96  67
   39  55 114  56
   89 109  23  15  92  65  27  22  45  62  26  40
   12   8  26  49  48 104  25   3  56  87  99  48
   47  55  21  55  78  90  22  79  75  82  50  67
   13  17  20  38  64 114  40  86  39  90 108  47
   39  73 109  16  86  77  24  28  25  39  37  93
   89  87  32  90  80 109  30  39 111 109  21  60
   13  90  39  55  28  29  70  58  77  19  72  25
   83  68  86  70  65  82  20  75  57  26  88  51
   20  27  66  73  23 105  66  24  16  49  25  76
  106 104  83  44  89  69  52  50  92  49  36  20
   71 116  47  43  82 103  57 116  48  70  54  17
   20  84  76  90  68  16  88  24 104  25  43  52
   64  75  33  87  40  33 105  74  65  83  59  63
   28  22  47  30  66 104  51  64  24  74  20  45
  106  63  63  75  59  24  37  94  74  97 106  23
   34  41  73  90  19  65  67  47  60  43  74  32
   42 100  81  93  76 106  84  81  95  83  30  38
  108  22  28  51  41  53  70  50  97  20   7  14
   69 106  97  94  95 102  97  16   9  91  33  47
   11  61  50  36  21 100  51  40  21  21  89  81
    5  69 101  24  29  55  69  88  32  84 110  66
   50  94 101  56  39  99  17  94  18  18  77  50
   75  58  58  38  48  91  80  36  56  79  29 103
   98  65  79  55  18  95  30  29  86  40  60  92
   16 103  72  69  20 104  91  28  18   9  64  49
   64  82  24   6  51  62  81  77  55  68  94  29
   93  20  37  75  56  64  44  70  28  96   6 107
   41  55  23  62  90  84  67  38  50  19  83   9
   28  54  55  74  18  11  38  34  16  50  68  41
   71  20  56  79  85  71  79  35  12  46  48  90
   82  85  16  57  14  98  97  86  10  28  89  30
   49  98  37  19  84  18  40  69  70 103  18  95
   84  68  12  81  44  58  11  73 105  42  54  76
  103  94  59  70
   43  47  46  57  59 110  74  54  95  91  52  22
   43 103  20  78  85 103  75  65  86  44  23  89
   20  24  63  64  93  12  58  70  97  49  42  55
  104  18 110  25  59  56  98  72  91  89  48  44
   50  86  65  73  99  47  57  55  34  57  91  18
   93  82  89  38 103  84  88  41  31  17  81  31
   26  44  48  38  78 108  86  92  73  93  83  30
   59  25  59  71  79  99  80  47 106  81  59  28
   39 116  71 100  87  71  82  28  22  29  63 104
   82  70  82  41  27  36  99   6  79  66  24  55
   63  63  67  22  75 118  73  96  21  82  45 102
   45  96  11  33  74  98 106  23  11   9  44  71
   71  28  30  50  95  25  88  53  93  42  43  18
   83  73  67  67  90  15  67  26  25  29  27  74
   77  17  66  48   9  22  48 107  31  48  73  62
   86  41  65  51  88  77  75  88   8 102  35  93
   14  18  38 103  65  71  24  81  10 101  58  62
   33  94  69  63  17  80  96  26  40  81  20  81
   28  36  64  63  99  74  59  85  86  57  30  27
   17  32  51  29  14  65  37  92  82  35  38  95
   85  35  49  63  83  36  50  61  79  46 107  26
  102  41  66  42 103  86 111  80  53 102  29  18
   21  60  53  67  62  96  21  65  32  48  65  52
   37  76  58  37  55  67  16  90  84  18  91  29
   47 102  23  23  91  80  42  74  21  81  11  63
   99  59  71  98  45  57  46  48  97 106   7  13
  107  77  57  58  56  47 109  76  28  45  66  73
   37  49 115  28  77  35  26  42  70  86  91  28
   35  67  37  33  50  13  49 102  80  42 109  72
   17  74 103  96  93  44  68  53  93  58  46  56
   49  29  55  12  55  27  45  69  94 106  29  91
  109  22  62 106  59  53  74  38  46  72  21  90
  105  89  23  36  97  75  90  75  68  36  28  40
   74  15 102  26
  107  26  89  28 109  69  64  81  39  53  42  84
   87  86  68 100  85  35  74  29  28  54  54  61
   57  55  32 104  96  36  91  83  56  93  48  24
   12  32  69 105  53  27  93  38  55  27  94  61
   34  22 103  41  76  93  27  61 100  66 103 100
   63  94  75  20  70  43  56  88 103  59 108  68
   18  97  61  96  31  42  56 107  93 112  58  82
  101  58  92  38  13  37  45  67  36 105  61  45
   47  95 105  18  44  44  67  82  33  45  80  47
   99  61  11  89  90  63  60  60  52  67 110  36
   82  56  71  66  73  47  72  44  62  98  97  10
   33 102  57  22  82  52  22  46  30  75 109  17
   16  93  40  23  81  35  44 103  31   5  97  84
   14 102  37  19  79 104  70  29  97  73  32  52
   19  49  67  92  92  62  79  10  42  26  15  71
   28  28  23  98  97  57 104  36 104  63  13 105
  108  13  95   6  10  44  54  40  55  69  57  94
    9  79 104  32  57  32  83  43  19  29  56  58
   71  28  60  39  95 101  95  57  43  42  63  71
   25  66  11  37  29 109 106  20  98  39  79  51
   21  47  49  89  79  38  25  26  24  40  73  76
  100  40  73  94  60  23  72 108  47 111  10  60
   89  35  19  25  50  31  18  63 106 110  25  76
  107  67  53  15  73  75  63 113  24  98  93  23
    6  26  83  78  21  65 107  92  25  76  46  28
   98  70  82  84  53  11  65  45  42 105  88  37
   43  74  11  66  28  69 111  55 105  31  27  31
   59  30  66  21  28 102  40  19 100  61  24  96
   18  52  50  75  45 113  42  75  57 101  79  71
   82  87 107  68  75  59 114  80  78  96  50  77
   22  57  19  83  20  51  51  32  28  53  64  55
  105  93  76 109  30  30  66  91  47  11  86  58
   54  58  43  25  42  82  92  98  69  41  89  61
  102  29  82  41
   30 101  47  99  47  42  19  64  47  75  95  43
   10  19  67  32 104  64 100  70 114 109  56  69
   46  97 107 111  33  51  31 110 104  45  62 106
   67  68  83  72  40  85  32   7  43  15   4  66
   24 103  55  60  76  73  62  71  37  13  47  63
   39  25  24 101  21  18   5  21  81  72  87  72
  101  86  70  77  46  88  31  41  75  56  92 102
   66  80  65  20  73  75  42  53  93  57 109  16
   78  53 100  83  35  38  87  26  12  23  62  52
   58 111  31  72  18  16  95  64  21  33  62  57
   41  75   7 100 100  41  83  27  39  72  61  87
   27  45  46  36  52  69  57  11  46  40  85  72
   78  67  42  58  70  20  80  33  85  65  52  91
  105  54  39  16  32  20  43 105  67  48  68  95
   98  97  72  40  18  95  62  69  86  53  71  79
   86 111  71  39  62  83  59  73  44  23  22 103
   31 104 109  18  92  41  70  79  82  30  53  52
   90  23  55  83 102 108  87  75  68  31  10  75
   83  13  35  58 110  73  91 103  75  21  85 110
   61  65  86  48  84  94   7  80  66  36  84  71
   83  71  77  89  52  94  11  63  37  62  30 105
   94 101  46  88  50  10  65  14  40  63  99  86
   31  78  27  49  67  50 112  87  77  81  38  54
   70  75  23  71  69  26  19  43  40  48  74  57
  102  33  42 101  55  88  78  25  69  59  49 102
   30  66  88  74  76  46  65  67 110  62  56  91
   50  99  21  33  80  92  45  15  67  44  77  33
   61  71  55  82  97  40  38  94  25  94  44  79
   76 100  27  53  54  75  43 103  78  10  24  52
   96  28  95 108  21  75  61  33  80  19  82  75
   75  82  81 116  54  20  79  53  17  20  50  97
   21  97  45  69  39   5  95  60  27  66  26  75
   31  66  24  94  17  71 109  51  84  39  71  74
   85  84  77  92
   25  76  67  63  80  43  62  75  42  57  17  32
   64 105  68  83  30  38 106  61  62  26  25  68
   11  80  57  52  66  71  87  41 102  45  85 105
   68  23  80 101  97  94  49  72  35  98  98  57
   11  24  42  28  73  28  85  93  10  60  47  87
   45   8  56  81  64 105  78  29  38  38  23  71
   25  16 104  88  97  93  51 106  46  78  34  17
   58  24  60  28  86  66  46  57  89  82   7  93
  104 100 100 106  94  24  48 103 113  90  94  97
   57  34  20  13  45  41  69  37  96  96  20  23
   27  38  42  89  52  71  65  36  50  97  97  60
   44 100  18 100 103  71 101  11  95  44  24  28
   43  24  66  66 109  21  77  56 101  83  50  89
   94  53  79  73  45   7  19  19  86  16  74  16
   18  79  69  79  87  94  44  66  98  98  25  97
   24  13  15  10  47  13  24 102  19  34 106  50
   61  65  96  49  19  17  96  98  83  34  66  60
   48  43  69  13  94  30  71  79  15  35  92  48
  101  62  28  34  34  97  67  62  96  78  49  47
   68  59  73  52  74 104  67  37  96  13  91  47
   63  74  37  20  60  98  82  86  13 109  67  62
   95  63  47  69  91  30  22  98  81  23  72  38
   50  48  55  36 102   8  49  23  37 110  95  48
   98  31  57  20  92  24  37  46  78  66  35  88
   93  34  98  47  57  75  77  87  12  59  91  91
   36  40 106  35  37  44  92  87  59  33  55  48
   55  37  92 109  89  92  86  73  56 103  57  62
   34  65  59  73 108 100  25  96  31   7  30  23
  104 103  89  39  76  29 100 100  40  81  17  45
   17 109 101  14  74  67  37  22  36  47  38  74
   92  83  34  99  91 107  69  94  13  46  18  93
   86 102  64   9  33  20  95  64  14  71  88  29
  109  27  97  29  33  82 110  97  23  20  17  61
   84  91  29  39
   54  42  62  38  27  27  21 115  85  29 112  99
   38  76  70  55  38  11  19  62  34  73  99  33
   50  95  46  38  80  77  63 105 104  59  64  69
   88  11  55  31  77  99  14  89  70  37  28  28
   90  80  81  26  58  42  54  30  83  21  77  40
   86  38  75  48  32  46  22  54  91  54  83  37
   19  67  96  94  31  81  39  21  75  32  90  69
   14  77  57 103  57  19  75  53  22 110 116  47
   76  89  32  62  46  36  27  86  61  64  38  89
   96 109  31  31  56  94  54  82  88  60  49  69
  104  84  53  16  69  20  60  60  45  83  25  12
   21  21 105  78  45  67  53  33  34  26  34  73
   21  26  81  85  98  81  55   6  29  74  94  46
   75  52  78  68 108  45  31  40  57  76 106  50
   51  93  68  67  48  82  89  31  22 109  82   4
   44  70 105  96  54  68 100  30 110  23  98  33
   43  20  49  97  72  96  84  14 107  69  12  18
   72  54  41  53  60  67 100  64  29  64  36  54
   90  37  86  95  50  85  40  12  51 114  57  55
   76  62  94  78  47  43  13  60  28  42  18  75
   40  33  77 100  82  82  62 108  31  12  84  22
   16  66  79  56  39  85   8  46  22  56  80  40
   27  91  52  49  35  69  32  90   9  61  46  72
   77  94  54   5  80  28  95 104  36  72  69   7
   18  88  26  75  64  29  69  84  50  52  53  49
   66  67  43  87  22  35  56  84  78  32  39  62
  101  69  68  91 113  96  72  30   5  65  13   9
    8  53  74  94  86  31  82  66  50  31  95 110
   18  96 109  46 104  50  92  54  65  23  49  93
   92  77  55  77  59  70  30  54  97  51 111  45
   24  77  34  56  67  25  16  95  40  40 110   9
   90  31  75  52  64  81  94  44 110  77  29  23
   71  33  42  73  27  82  26  11  85  68 104  31
   42  88  81  38
    9 110  98  72  88  74  53  40  80 104  44  10
   26  81  30  98  92  84  47  95  35  92  47  80
   27  41 103  23  96  59  40  83  96  19  24  56
   63  30  98 105  59  89  26  85  95  58  75 102
   40  37  80  32  48  37  75  71  51  66  73  67
   74 103  44  88  18  62  48  78  55  42  74  97
   17  60  59  60  40  85  33  61  14  43  86 108
   22  87  76  94 110  19  61  51  46  97  81  72
   85   7 103  96  72  14  56  61  70  37  66  69
   26 100  68  79  56  34  71 114  89 102  23  70
   14  31  64  21  38  54   9  52  32  39  92  17
   43  86  27  55  60  64  72  53  52  47  31  66
  116  72  32  29  75  59  71  85  35  41  39  11
   35 105  45  68  20  52  42  46  21  55  56  53
   21  91 111  78  99  50  56  94  31  99  62  74
   66  78  60  66  19  46  32  18  92  33  83  48
   19  84  41 100 106  14  78  99  76  50  60  34
   53  41  43  22  96  50  47  16  53  50  99 110
  104  19  49  27 109  60  71 102  36  18  84  61
   85  43  50  18 110  22  39  37  43  22  76  35
   76  97  74  26  74  68  77  79  87  26  89  83
   28  77  87  45 110 100  93  90  23  50  18  65
   65  50  54  29  87  89  27  61  60  43  58 100
   69  52  70  55  20  86  90  44  76  38  15  81
   83  84 112  38  58  66  27  36   7  24  59  91
   83  33  88  53  43  93 112  64  88  45  80  48
   82 101  34  65  67  44  79  75  59  70  96  98
   70  85  54  55  29  97  49  99  80  86 101  71
   22  34  66  62  61  52  52  54  61  59  90  89
   81  58  96  38  12  36  56  70  80  50  74  68
   47  28 106  87  27  64 110  19 101  84  62  84
   68  51  39  53 106 106  94   8  41  92  60  47
   96  55 110  20  22   7  56 109  85  24  59  75
   59  50  86 104
   16 103  90  51 105  40  42  64  31  65 101  60
   72  31  56  88  54  17  93  80 105  98  62  90
   73  26 100  25  56  31  65  97  83  57  36  83
  100  61  46  21  16  72  73 102  73  88  53  59
   92  45  32  68  69  73  41  94  29  23  30 112
   95  92  46  49  45  73  78  57  48  18  25 112
  102  26  42  66   8  84  10  98  45  89  78  20
   17  63  96  92  69  88  17  20  97  99  38  37
   84  71  59  52  30  80  82  44 101  37  75  96
   54  44  27  73  86  91  36 114  30  66  93   4
   34  51  90 110 107  79 104  94  60  53 105  43
   70  50  28  77  54  62 100  83  83  58  96  80
   73  36  95  54  76  80  24  56  77  92  25  61
   75  27  63  77  53  69  35  75 100  14  94 102
   57  81  51  41   9  63  17  23  68  37  36  81
   51  57  86  82  26  72  14  67  94  58  48  52
   27 111  60  57  60  37 100  15  19  97  70  51
  102  56  83  63  58  48  52  52  72  85  98  59
   29  40 101  93  47  95  63  28  72  42  85 103
   83  74  72  71  32  40  77  79  12  27  45  35
   19  91  57  38 102 104  31  87 100  89  13  84
   93  90  37  16  86 100  23  53  43  89  96  20
   91  66  45 113  41  82 109  33  25  92  76  27
   92  54  72  76  59  53  21  36  48  33  21  93
   87  57  25  70  86  21  67  28  40  55  28  32
  102  62  92  98 103  25  26  80  74  41  37  77
   10  57  44  26  42  24  15  27  62  48 104  43
   71 101  83  30 103  91  84  72  36  43  74  55
   58  43  29  50  46  18  31  46  60  69 100  54
   40 101  55   3  61  69  12 105  97 104  11  28
   95  26 100  80  21  32  99  58 103 106  70  95
   72  42  17  89  65  79 101  12 100  19  38  75
   80  83  29  79  70  89 115 104  69  92  84  28
   28  21  59  98
   15  37  62  46  23  58  39  25  90  19 100  54
   50  21  31  13  46  34  67  67  36  51  45 100
   50  92  26  65  29  56  69  51  41  11  89 108
   96  36  80  29  53  14  36  38  74  64  49  87
   73  76  82  89 114  67  32  16  21  84  18 103
   26 113  47  64  39  75  80  25  52  84  21  16
   81  82  31  98  55  45 102  38  63 108  42  37
   40  33  69  57  82  39  84  36  68  37  30  56
   95  11  71  45  30  24  99  73  40  45  76  96
   89  26  86  19 101  36  30  15 104  58  73  18
   50   6  50  56  14 104  10  76  60  92  40  89
   82  57  46  73  96  45 106  57  69 116 108  50
   11 109  99  96  35  35  20  87  65  44  25  99
   98  15  18  54  55  28  71  42  49  90  69  69
   26  37  60  89  22  92  73  71  79  88  87  35
   99  67 113 113  53  98  96  90  50  96  81  42
   57   8  11  89  64  58  47  87  85  95  44  50
  105  15  73  15  64  57  13  75  48 101  27  32
   83  97  65  95  54 102  61 104  58  64  93  68
   34  18  84  92  37  43   9  18  84  62  51  69
   83  57  42  83  99  24  32  58  75  33  33  88
   85   6  70 107  85  98  79  77  92  33  63  99
  111 103  27  61  99  86  45  37  81  26  30 108
  115  13  48  81  29  67   9  87  64  30  24  80
   63  75  71  59  51  51  58  22  44  51  41  46
   46  25  66  39  69  98  29  49  68 106  21  49
   86  80 101  33  33  63  59  60  85  65  78  23
   53  66  45  23  30  78  15 107  80  12  66  26
   80  99  23  47  66  15  99  96  45  63  92  93
   62  75  28  26  26  81  74  45  81  73  48  31
   53  69  58 110  83  34  45  87  96  52  16  26
   69  65  76  42  95  46  82  43  44  45  57  65
   14  45  97  40  28 118  32  95  81  87 106  58
   81  40  82  24
    7  24  20  93  35  68  91   3  72  89  32  65
   68  69  21  37  79  85  42  37  55  79  26  55
   86  44  56  67  23  28  48  76  60  55  95  67
   98  70  89  87  66  99  96  41  11  29  14  97
   65   3  95  32  76  39  36  71   5  70  32  66
   96  91  14  80  15  38  36  95  52  76  47  43
   99  13  23  42  95  27  69  70  34  16  90  41
   46  63  37   9  53  27   9  84  82  38  33  81
   52  30  14  66  34  76  48  39  73  53   7  25
   82  22  87  94   5  18  39  87  45  80  52  73
   71  77  16  14  77  64  44  56  30  61  79  39
   63  36  51  20  62  23  14  18   6  48  46  82
   71  79  28  70  26  92  76  50  70  58  58  22
   56  43  63  56  78  38  56  50  29  95  89   6
   19  94  87  26  75  16  97  25   5  43  18  62
   19  79  81  95  39  82  17  50  64  21  79   7
    7  42  44  10  98  71  72  93  66  19  45  29
   77   8  70  84  48  27  47  12  26  92  12  43
   41  38  48  16  25  18  58  10  95  29  17   4
   13  54  81  52   8  21  81  81  71  84  64   2
   21  25  25  41  27  60  90  99  15  86  80  12
   36  33  38  43   2  31  23  94  88   8  77  27
   18 100  62  12  92  80  58  88  19   6  40  51
   75  85  12  48  73  66  21   4  70  37  35  56
   57  52  86  16  17  74  91  39  46  32  31  26
   51   5   5  35  10  14  53  13  99  47  47  46
    5  88  48  35  74  76  37  77  69  75   8  80
   64  68  35  82  20  66   7   4  32  40  30   6
   38  66   1  75   5  96  43  27  71  41  20  22
   71  73  11   7  21  57  60  72  71  81  88  28
   39  28  81  98  94  48  37  38  25  59  94  62
   68  64  20  98  12  86  64  57  58  25  95  22
   66  27  92  53  55  78  13  20  80  17  22  40
   74  61   3  47
   30   6  90  97  21  51  78  80  57  49  94  72
   99  97  85  59  56  12  78 100  47  16  17  54
   64  63  97  54  29  13  90  27  35  38  65  53
   90  92  94  70  56   5  72  27  70  30   3  71
   71  35   6  91  18  36  94  89  93  72  66  12
   17  29  73  15  31   2  90  75   2   2  84  46
   98  15  65  57  75  90  37  54  41  84  48  89
   29  44  20  49  52  29  86  31  61  91  19  57
   89  81  39  38  95  13  39  79  97  60  87  29
    2   7  24  68  25  36  62  53  11  60  70  91
   40   2  58  65  36  13  49   4  56  40  53  88
   91  33  26  13  45  95  27  82  12  81  74  53
   55  37  81  19  68  80   2  46  37  32  57  43
   90  83  64  79  53  14  54  47  82  46  84  66
    5  50  48  35  43  90  72  20  43  11  13  95
   84  75  43  21  94  38  35  68  51  68  36  85
   77  14  36  12  37  10  34  33  17  31  89  76
    7  85  79  58  70  57  39  67  14  90  97  96
   41  12  18  18  16   6  13  96  98  26  69  56
   97  57  64  82  97  16  64  73  90  93  31  30
   97  50  16  94  86  47  46  31  79  22   7  46
   59  10  17  63  64  11  98  25  84  96  43  58
   37  60  60  66  56  16  37  72  58  38  77  12
    9  40  41  54  85   9  76  82  31  70  46  11
   96   7  44  42  88  11  12  80  99  94  42  70
   41  31  83  99  60  43  30  29  61  40  13  73
   14  92  80  29  55  52  74  39  89  22  99   5
   78  58  87  42  26  24  49  78  56  89  31  98
   87  66  56  29 100  92  64  69  91  63  43  64
   33  94  49  24  17  45  36  84  98  71  61  12
   30  29  92  54  88  19  14  32 100  79  14  74
   56  19  76  99  21  89  65  42  37  11  93  16
   24  37  97  28  67  59  99  35   4  62  63  41
    2  20  43  38
   75  73  62  59  47   6  33  48  12  29  60  89
   76  14  82  30  23   4  30  51  25  61  83  27
   90  85  49  52  26  90  54  33  12  67  61  49
    5  97   1  86  49  47  22  35  19  26  63  58
   68  16  41  32   5  64  57  48  84  54  25  90
   20  35  16  79   9  26  22  79  85  91  39  88
   85  74  67  79  33  12  32  25  43  10  23  78
   46  89  52  38  32   8  28  64   7  32  51  77
   73   3  33  19  33  49  20  82  97  81  52  13
   30  50  30  76  93  75   4  96  30  39  80  62
   48  54  53  98  36   2  41  14  90  24  57  13
   66   8  91  72  40  15  10  97  98  98  74  37
   43  77  82  69  12  84  28  62  23  78  70  93
   34  35  38  48  21  92  35  78  79  77  79  37
   39  94  49  72 100  85  57   4  87  56  38  53
   24  75  54  54  23  38  27  26  98   2  73  15
   97  85  80  13  41  46  79  29  99  18  51  50
   73  17  46  49  98  26  20  79  70  37  96  30
   87  67  40  45   7  43  51  25  29  54  81  83
   94  75  66  79  97  54  75  18  29  73  82  20
   23  76  56  56  35  67  65  55  33  73   8  78
    8  77  51  63   2  28   3  36  58   2  88  90
   87  50  53  41  55  10  84  40  82  72  47  64
   71  42  46  71  49  40  97  26  26  98  27  89
   73   7  83  88  26  36  68  41  97  28  92  56
   15  56  43   7  74  54  70  61  13   9 100  95
    3  27  57  62  61  73  10  39  77  69  36  37
   66  65   5  85  30  81  76  77  45  20  26  91
   69  36  76  78  64  91  63  18  33  66   5  39
   88  45   4  22  26  67  51  51  24  51  71  52
   62  83  63  91  57  79  74  43  16   7  91  24
    7  89  45   5  57  67  37  82  58  31  86  23
    1  28  92  73  16  31  16  45  49  79  83  63
   41  90   7  83
    8  77  14  90   3  43  55  32  70  52  70  24
   33  22  49  11  20  75  29  88  80  58  54  46
   45  52  80   2  24  83  25  29  55  22  60  83
   95  76  48  15  49  81  23  79  49  79  13  41
   78  98  10  72  30  20  78  44  20  39  14  10
   39  26  42  82  47  74  55  14  11  46   9  51
   92  11  43   7  72  72  62   3  21   2  49  26
   17  50  28  64  98  68  72  44  73   7  49  58
   58  20  14  88  72  61  47  21  70  69  38  58
   18  51  99  20  14  55  47  43  53  45   2  73
   38  58  48  45  30  64  37  67  41  19  21  92
   79   3  48  80  30  62  87  62  80  42   5  93
   93   9  80  97  24  72  70  15  72  98  12  28
   89  14  72  98  23   8  42  84   6  29  71  59
   90  68  50  22  26  46  30  96  77  85  97  36
   92  79  81   8   9  58   6  82   7  42  94  12
    5  95  14  97  99  70  51  64  48  41  55  13
   97  40   5  79  52  81  26  77  92  83  56  45
   31  76  49  74  12  14  22  45  64  69  48  42
   85  36  96  75  74  10  11  90  13  73  31  66
   84  72  64  20  38  81  94  94  96  72  38  43
   11  66  43  11  53  88  34   1  60   8  93  50
   13  79  98  79  64  74  88  56  12   4  88  35
   13  42  65 100  38  36  39   5  81  15  25  94
   98  88  34  33  99  43   2  17  85  29  74  85
   19  42  31  25  49  99  48  68  78  10  18  80
   65  35  96  48  80  47   9  60   2  80  85  72
   52  74  54  82  87  13  70  83  20  54  85  22
   86  58  69  41  72   6  74  27  60  10  32  40
   37  26  10  43  39  49   2  28  41   9  62  28
   89  59  92  28  83  60  55  70  87  52  53  50
    6  24  30  10  81  78  36  19  56  91  19  57
   63  54  70  84  64  28  11   9  38  73  22  45
    4  87  20  70
   84   8  71  10  73  78  89  54  58  33  10  67
   95  85  43  85   2  41   2  36   6   2  63  34
   70   5   2   2  82  69  87   7  15  73  53   9
   49  36  35  41  78  28  74  96  68  97  98  44
   93  16  58  52  38  40  42  40  69  98  60  46
   79  87  90  11  90  94  99  82  37  40  27  41
    9  26  46  38  68  23  83  61  36  57  18   9
   41  28  37  91  42  41  74  51  22  57   2  89
   42  64   8  30  74  65  24  85  95  88  40  57
   53   8  74  35  98  95  17  39  92  79  44  57
   75  31  96  19   7  62  35  79  75  48  50  21
   78  65  57  81  66  49  49  93  56  72  21  43
   24  35  65  53  46  83  31  79  32  41  58  28
    6  59  76  91  71  88  74   4  38  64  34  10
   17  21  39  63  87  12  49  33  29  56  46  35
   28   5  42  77  46  21  61  32  63  82  91  16
   84   3   4  99  18  66  35  26  24  89  50  57
   28  95  60  31   7  12  22  43  40  80  97  44
   32  92  84  57   3  39  17  13  45  83  35   5
   57  45  19  61  35  14  99  40  38  70  29  37
   27  33  27  13  60  26  92  49  74  54  82   9
   17  12  66  21  59  96  40  91  71  54  17  23
   74  32  78  54  51  55   6  25  30  25  70  54
   41  30  94  37  36  80  84  62  79  57  28  51
    6  85  68   7  50  19  35  90  42  53  53  13
   74  45  18  45  35  65  39  49   9  56  50  24
   53  19  92  73  36  10  65  92  42  66  41  72
   58  42  56  21  12  63  65   8  92  11  65  23
   34  10  90  59  66  44  76   6  38  92  86  68
    6  76  16   7  97  32  56  84  34  97  38  45
   32  25  30   4  64  98  23  58  96  87  62  17
   90   7  70  49  75  99  21  51  86  39  93  32
   77  48  86  16  94  40  11  69  28  72  40  42
   22  27  41  25
   83  44  37  56  24  75  57  34  66  55  85  75
   48   6  47  24  81  65   5  52  49  78  77  51
   99  35  56  67  38  46  19  78   5  74  29  12
   52  95  36  11  15  16  66  46  70  21   4  62
   99  79  77  77  33  86  24  23  99  44  62  26
   61  99  48  33  46  14  28  89  75  80  91  46
   79  88   6  21  14  27  56   1  65  33  71  87
   51  85  48  87  16  42  65  45  17  20  95  20
    9  16   9   7  16  79  67   2   5  21  23  10
   45  68  93  95  67  65  50  83  14  15  82  92
   80  64  70  23  59  38  39  80  67   9  19  51
   72  18  86  13  11  35  10  93   7  64  82  76
   70  94  49  42   6  86  36  62   2  20  57  29
   19  60  32  33  74  95  85  87  17  95  46  90
   92  27  36  32  15   9  61  48  13   9  82  17
   89  89  92  95  61  92  83   8  98  68   2  69
   55  55   7  55  97  88  15  22  20  70  45  58
   60  70  46  90   8  76  35  32  98  85  12  65
   17  42  78  81  77  20  50  57  11  40  57  69
   37  46  42  67  37  12  53  79  12  93  28  59
   43  37  70  90  44  12  27  21 100   5  49  46
   11  45  55  38  18  80  85  18  35  95  47  64
   63  72  55  78   9  97  70  83  83   7  25  70
   12  82  46  85  19  89  74  70  27  50  70  32
   27  77  19  65  62  35  28  23  95  51  19  15
   69  75  14  68  67  76  10  22  61  85  55  59
   56  79  13   2  30  19  22  29  63  12  54  52
   68  41  54  29   2  19  88  21  85  97  74  94
    8  13  14  72  29  82  11  14  68  37  92  59
   99   5  14  97  30  35  66  92  74  63  73  45
   27  24  80   4  23   7  42  17  94  56  97  23
   24  11  49  99  87  94  20  40  90  42  23  79
    2  76   6  74  80  27   7   7  92  86  89  49
   24  23  80  64
   53  72  46  77  81  75  91   3  23  91   6  13
   70  33  39  65  66  98  98  45  75  42   4  87
   69   8  61  77  39  41  54  15  16  58  53  47
   21  92  49  75  30   6  97  22  48  72  88  74
   23  22  28  92  53  67  49  86  35  83  30  67
   18  69  36  54  79  67  83  66  21  63  19  73
   84  44  13  16  80  30  81  95  43  73  22  38
   95  31  63  16  46  95  45  50  90   8   4  69
   39  27  86  53  61  75  83  25  53  51  67  31
   16  11  71  76  59  17  66  38  22  55  68  40
    7  27  64  99  44 100  48  46  65  37  88  99
   95  85   3  31  73  45  58  78  77  93  86  37
   81  88  24  24  22  37  61  98  90  33  17  66
   38  61  35  40   3  73  87  74  54  32  11  70
   60  22  51  45  63  31  30  74  90   2  33  98
   65  49  13   7  51  47  12  74  10  82   4  87
   72  87  59  21  42  23  18  94   2  49  91  93
   47  53  79  58  45  47   6  45  91  40  70  53
   14  74  27  22  68  31  71  94  69   4  54  55
   38  44   8  30  61  73  97  58  77  62  88  35
   76  85  29  17  20  31  56   4  81  98  22  83
  100  47  28  46  63  23  95  72  96  55  39  80
   79  12  62  53  77  39  83  26  94  55  64  45
   42  21  66  97  29  76  25   8  66  48  39 100
   99  22  85  38  48  90  46  22  69  60  55  63
   44  36  69  27  80  70  51  35  24  80  73  50
    8  39  43  20   4  24  44  90  99  51  97  96
   96  62  39   8  19  88  20  51  53  83  24   9
   91  19   1  66   9  59  24  50  45  92  58  18
   21  42  60  26  57  35  81  66  21  53   2  63
   94  40  74  53  51  82  99  18  62  64   1  95
   13  78  38  63  43  22  26  76   6  43  77  89
   42  75  63  38  77  25  92  93  33  35  13  81
   62  15  24  75
   97   1  19  37  25  30  56  79  29   9  64  96
   77  23  79  12  10  20  72  13  72  14  67  28
   75  79   9  95  15  48  67  25  17  88  95  55
   47  90  21   8  46  30  85  26  21  44  32  16
   70  83  27  79  63  69  36  35  54  43  35  45
   46   3  68  21  94  41  56  32  57  73  34  12
   85  60  44  45  64  25  72  57  88  59  21   1
   89  33  32  26   1  85  50  53  73  23  35  33
   25  97   7   6  45  90  47  52  34  82  39  34
   92  20  47  39  48  75  47   4  30   2  94  48
   92  77  43  88  67  51  98  53  76  73  25  88
   77  29  87  62  56  55  44  52  65  60  77  40
    4  34  72  89  39  50  38  25  78  64  72  96
   76   6  68  48  94  59  68  70  94  51  57  54
   87  13   8  30  17  52  57  15  87  14  40  34
   44  30  53  53  84  69  76  96  23  79  27  60
   96  21  64  15  13  93  33  12  43  63  54  76
   57  76  59  92   7  66  66  87  49  63   3   7
   11  87  65  84   3  42  33   5  78  96  20  59
   23  68  66  97   9  92  81  73  70  87  28  77
   42  20  46  76  31  51  26  33  32  90  25  29
   89  35  20  74   7   3  15  19  91  62  84  46
   48  57  64  76  17  18  83  49  51  76  44   3
   45  67  39  56  98  26  17  75  30  78  94  36
   28  30   3  80  58  38  88  68  99  91  50  21
   31  72  23  60  64  14   5  41  20  61  29  72
   37  13  77  44  45  64  40  31  60  41  15   9
   40  32  56  48  74   6  63  12  22  31  15  42
   88  85  45  43  57  58  62  56  47  49  19  28
   33  61  16  75  97  79  55  42  28  57  39  47
   62  83   4  32  75  51   7  97   6  18  56  36
   36  57  76  55   3   7  26  98  66  12  54  62
    9  57   6  93  86  98  63   1  25  82  43  40
   50  63  19   7
   88   2  18  68   3  62  66  48  83  46   4  45
   37  83  59  18  57  97  15  33   5  13  44  12
   42  91  12  93  56  74  47  19  34  52  82  27
    9  50  65  83  88  34  33  12  33  29  63  55
   17  66  86  49  50  41  70  23  74  94  73   7
   25  11  67  68  60  30  26  63  63  92  85   4
    7  86  71  50  97  24  96  17  75  29  27  99
   90  57  12  18  48  15  92  82  20  15  69  76
   24  39  46  57  77  27  33  74  13  77  34  11
   63  74  83  40  25  28  68   3  76  36  12  99
   71  61  21   9   9  32  15  17  52  57  12  68
   41  64  88  38  51  51  10  20  37  62  22  35
   33  78  21  54  33  29  87  49  32  19  85  51
   36  79  40  37  49  37  70  28  17  91   8  12
   47  30  64  79  99  43  85  86  39  70  66  25
   61  58  31  21  87  45  89  48  23  52  56  61
   93   7  43  45  42  73  20  87  96  12  36  66
    9  49  26  57  60  68  65  59  38  26  13  43
   74  75   9  13  63  18  50  86  40  69  26   3
   32  46  31  34  73  68  41  32  96  84  64  81
   88  15  49  78  12   6  73  23   2  19  97  35
   26  20  83  87  17   3  88  57  72  21  21  90
   23  45  69   2  70  33   2  71  89  24  27  76
   11  48  31  37  55  59  81  78  55  77  93  13
   27  60  77  41  28  87  45  76  70  64  84  78
   11  48  12  11   5  86  83  24  33  78  80  42
   95  57  62  81  71  83  90  83  50  69  15  64
   37   6  35  83  12  24  27  37  75  63  43  63
   50  68  75  67  56  95  86  67  56  45  19  59
   67   9  63 100  41  34  95   7  12  15  94  77
   20  93  11  31  96  83  21  62  17  10  37  25
   30  75  94  16  49  34   4  99  15  93  70  35
   26  31  90  28  41  27   5   2  43  22  27  84
   80  89  44  21
   96  74  44  65  89  46  71  82  26  85  20  50
   58  85  80  99  72  72  46  53  70  53  64  19
   54  15  94  37  88  60  46  64  78  98  20   5
   20  66  39  84  59  97  75  69  39  44  67  25
   37  30  33  25   6  53  78  96  95  35  97  14
   82   6  68  39  81  40  35  94  56  34  96  96
   25  27  80  13  54  62   9  82  55   3  64  67
   63  75  48  50  22  70  28  80  50  82  83  59
   12  91  44  68  77  91  21  46  71  61  32   6
   26  78  25  93  19  75  82  97  10  48  38  96
   69  96  70  49  98  14  98  35  51  25  75  30
   35  57  61  37  23  67   4  47  49   2  10  55
   96   6   4  12  85  79  85  27  50  66  83   9
   15 100  97  50  53  85  34  63  56  23  44  48
   80  83  44  15  96  20  35  40  32  28  20  78
    5  47   5   7  52   7   6  21  55  15  35  66
   51  94  99  24  45  56  72  33  17  23  74  56
   14  92  45  94  42  47  97  41  57   6  84  77
   37  18  45  24  54   6  46  16  48  47  25  43
   79  99  20  19  83  76  94  98  22  57  58  42
   22  50  78  19  10  87  88  55  41  79  87  30
   22  97  36  10  28  13  40  28  10  70  39  10
    4   8  76  41  19  26  70  78  39  91  79   6
    2  95  55  30  76  41  94  28  40  88  87  33
   43  39  49  59  66  60  55  84  76  56  67  60
   74  82  51  77  37   8  91  71  47  11  96  67
   31  30   2  80  70  52  59  44  27  46  32  94
   50  38  70  95  77  36  91   6  36  90  46  84
   33   4  82  58  38  87   4  10  65  48  18  25
   44  38  82  78  84  29  41  64  39  46  60  73
   55  37  46   2  25  84  73  24  21  65  93  87
   38  55  38  72  18  73  29  73  71  68  63  45
   95  58   8  76  85   2  74  19  35  24   5  50
   36  76  30  90
   1589  1679  1643  1609  1585  1610  1679  1580  1567  1668
