 30 100
  110  43  72 100 106 100  39  94  45  90  18  18
   11  13  30  26  91  36  15  68   8 105  90  16
   30  25   6  19  59  46  60  40  65  59  44  63
   77  95  97  26  81  61  43  74  86  53 104  15
   84  49  72  69  53  31  55 112  74  31  21  34
   57  96  44  54  87  87  85  17  35  84  69  37
   33  64 118  55  87  92  53  36  22  36  43  16
   54  43  26  68  40  73  84  50  63  83  23   6
   76  16  69  42
   38   9  24  46 110  14  26  62  50 104  25  81
   92  78  36  33  81  11  84  54  97  13  62  99
   63  58  10  27  17  74  70  30  85  37  16  32
   52  19  81  33  61  87  24  84 100  96  63  99
   78  66  97  51  87  93  93 108  99  12 104  87
   89  54  70  28  54  37  45  98  62  22  83  63
   89  32  83  32  30  58  28  77  92  14  86  84
   38  42  31  94  17  87  83  28  42 100  60  52
   75  69  24  56
   10  49  95  24  78  69  69  81  47 111  17  39
    5  25  97  22  87   6 107  56  50  91  73  86
   69  19  42  91  55  20  13  26  49  10  75  96
   45  41  91  19  64 103  31  43  96  82  14 110
  105  92  47  48  85  22  16  64  59  67  40 109
   16  66  36  70  59  19  66  28 102  73  42  45
  109  14  49  33  27  66  76  72  42  53 103  15
   59  30  27  39  28  72  77  27  27  13  14   6
   41  54  33  20
   57  58  26  46  39  49  96  57  70  45  37  89
   33  98  85 106  38  77  36  32  65 103  91  91
   46 108  74  52  29  83  83  30  54  55  91  91
   87  24  94  19 100  41  94  91  57  60  61  23
   20  46  42  76  80  10  20  45 100  60  88   3
   29  18  23  95  51  32  58  80 110  62  18  73
   77  44  47 109  44 109  51  59  63  37  50  84
   52  51  26  97 117  24  78  55  10  59  86  74
   26  27  10  69
   22  37 103 103  97  73  18  54 111 101  36  33
   74 108  64  77  55  65  34  87  20  51  55  52
   48  48  50  41  80  86  24  15  88 103  88  54
   86  59  68  73  40  23  24  95 106  43  68  95
   45  62  25  57  35  80  59  80  66  52  20  17
   30  83  74  43  94  99   7  72  53  24  95  19
   60  29   4  77  36  42  22  21  97  89 106  61
   56  12  35  14 111  83  49  24  35  68  42  36
   73  15  79  97
   80  66 109  27  98  66  37  84  85  74  51  82
   58  31  79  88  22  16  78  93 115  29  73 100
   83  15  75  82  67  63  43  73 100  49  30  67
   99  66  78  47  62  24  32  75  77  95  91  74
   13  44  44  26  80  54  16  69 100  31 106  15
   56  61  21  66  66  95   9  74 104  19  36  86
   80  48  27   9  68  18  74  24   6  40  89  72
   33  54  90  44  67  61  26  32  67  78  18  57
    7 109  25  60
   62  38  95  46  26  28  25  55  81  20  93  33
  116  68  59  35 107 102 108  27  58  12  47  47
   13  17  82  48  28  50 101  99  23  53  51  96
   82  35  24  87 101  14  51  10  27  73  41  14
   39  87 109  56  20  45  50  21  18  24  58  61
   87  63  81  75  46  89  43  35 117  28  35  79
   74  70  17  94 103  86  97  13  79  11  43  63
   19   7  79  82  86  22 115  28  73  60  56  55
   30  85  28  27
   84  59  97  77  93  37  97  49  27  17  23  89
   59  97  85  30   5  36  47  77  37  60  78  85
   44  63  75  43  34  60  20  32 112  52  59  28
   29  60  64  58  11  11  19  83  44  23  95  19
   74  98  95  14  36  83  47  17  44  36  78  38
   40  64  40  14  33 101  69  50  36  52  17  75
   56  53  70  39  17  68  76  82  93  99  77 108
   97 118 104  34  80  27  58  46  80  82  16  17
   96  27  70  51
   64 101  38  30  71  56  17  24  75  39   8  82
   34 110  27  55  88  71  75  80 104  84  30  12
   21  71  48  18   6 111  40  35  80  25  43  33
   79  74  34  43  94  79  13  27  36 105  11  24
   54 116  56  69  98  19  68  97  84  19  81  75
   92  55  78  65  52  69  83   8  93  67  31  19
   49  89  16  92  31  21  62  68 101  61  37  75
   42  19  59  46 103  75  94  22  30  88 112  39
   19  77  79  13
   45  58  42  23 111  13 101  97  36  54  32  80
   44  87 114  22   8  45  55  85  30  83  87  64
   20  78  26  75  67  77  13   9 113  26 105  39
   89  63 111  66  29  94  77  66  13  47  38  61
   31  34  21  67  24  69  81  28  23  45  57  45
   73  97  75  33  27  27  99  41  11   9  28  90
   39  99  16  26  27  35  32 102  71  77  78  63
   71  20  86  13 101  36  13  56  21  18  62  63
   80  58  26  62
   84  40  70 110  17  27  18  72  36  74  32  75
   84  75  59  14 107  65 111  60  77  96  74  95
   82  56  25  58  39  60 105 104  99  13  70  81
   41  66  28  95  60  14  90  39  24  63  32  87
   63  99  11  41  10  83  56  46  81  99  52  80
   14  37  69  95  59  92  20  45  38  59  79  19
   72  48 101  49  20  98  45  98  99 101 105  73
   34  97  98  63  48  70 105  20  24  51  74   2
   25  67  42  27
   30  33  92  76  60  31  25  52 101  59  55  66
   19  19  87  24  35  91  47  84  10  96  86  89
   53  40  26  63  99  18 101  31  41  58  98  83
   69  22  55  44  89  63  49  49  99  56  22  34
   49  22  73  91  80  47  59  55  30  49  97 107
   43  76  19 109  53  58  35  88  20  31  59 115
   19  85  87   7 111  43  46 104  74  65  13  24
  104  60  21  51  95  42  33 100  49  62  77  81
   23  43 106  80
   29 116  41  85  49  44 101  28  57  93  93  73
   63  69  40  66  64  26  66  54  60  43  34 116
   81  16 100  35  16  80  78 101 115  76  99  33
   23  60  33 117  27  64  55  63  61  82  43  47
   49  38 116  59  34  14  67  75  60  73  36  21
   74  14 105  58  29  26  12  66  15  79  16  99
   67  43  60  16  38  59  33  33  83 107  51  69
   20  20  78  60  88  68  59  53  97  84 106 115
   49  24  62  30
    6  20  80  52  64 100  49  96  65  52  23  36
   88  74  70  95  36  67  89  83  81  31  62  99
   76  34  76  46  82  52  14  58  66  40  93  93
   36  39  17  88 100  15  51  64  26  37  80  87
   53  23  30  82  41  30  56  24  90  36  17  37
  105  76  20  91  47 105  74  83  94  14  47  71
   91  85  64  72  37  28  19  50  72  95  14  54
   57  55  83  53   8  37   9  54  76  20  91 107
   10  20  14  50
   81  80  12  35  23  20  13  73  71  89 104  68
   16 102  94  36 100  57  80  29  43  19  18  40
   64 100  37  87  75  29  94  89  18  81 103  20
   29  22  46  25  46  15  22  97  29  99  22  26
   13  54  60  90  87  24  76  62  68  11  14  55
   55 100  50 100  53  79  51  68  40  37 100  71
   89  86  50  85  99  72  86  16  27  49  59  94
   89  47 101  96  88  78  46  39  87  50  50  23
   82  76  84 111
  104  93  99  95  59  22  26  56  87  83  99  52
    9  43 100  73  70  37  50  34  85  19  12  78
   76  73  73  81  14  99  84  77  34  60  20  99
   97  13  91  30  66 102  16  96  86  43  33 112
   47 111  55  34  99  35  91  95  53  95  63  50
  105  18  75  53  47  81  86  61  57 112  66  31
   92  43  23  64  63  93  88  75  49  50  60  51
   40  31  95  74  15  18  33  55  38  83  99  37
   43  11   9 115
   10 113  75  77  78  48  10  93  86  94  45  51
   53  94  28  70  39  90  62 104  71  27  32  51
   22  50  41  60  78  36  41  91  58  26  86   4
   16  94  70  88  34  70  78  46  62  92  89 105
   60 113  45  37  80  38  94 104 100  42  11  55
  103  16  89 109  23  10  33  42  34  72  46  10
   84  45  66  66  73  34  74  42 114   6  75  38
   82  29  87  62  95  89  94  89  63   8  34  44
   10  19  61  28
   59  73  62  32  82  12  99  81  35  21  53  64
   60  35 108  72  11  30  67  47  18   9  42  98
   98   9  36  79  32  71  90  34  15  36  63  25
   55  89  94  95  58  34  79  95  58  88  52 107
   85  55 101  29  63  35  85  60  70  64  47  52
   40  60  33  80  99  75  59  18  50  79  62  68
   30  66  96  36  58  31  39  33  96  59  96  95
   33  25  16  99  66  60  83  68 102 107  78  73
   25  33  61  52
  102  73  26  48  19  53  40  98  31  33  43  34
   98  74  25  47  21  93  84   8  33  98  59  93
   42  32 106  89  78  22  19  74  33  26  89  52
   95  78  48  36 105  35  57  79 103  41 111  66
   98  90 101  36  23  21  21  25  56 102  66  71
   23  18  42  67  85  67 100  20 108  85  21  78
   20  39  84  49 112  82  93 104  41  47 111  67
   37 114  70  87  96  19  29  92  23  71  47  81
   39  86  23  38
   80  58  67  88  49 100  55 102  67  61  18  68
   60 104   7  98  44  85  69  21 105  60 101  89
   90  59  86  37  22  72  32 104  91  98  53  89
  101 104  94  18  91  26  53  41 107  47  94  96
   28  74  51  25  38  44  82  30  16  26  30  21
   18  38  60  49  43  95  62  61  34  96  94 104
   99  63  56 110  41  69  64  48 112 108  22  29
   92 101  19  36 105 103   6  20  78  54  22  90
   90  66  64  36
   71  79  10  25  31  67  93  43  46 101  50 104
  107  55  82  66 101 100   7  39  59  43  26  50
   40  90  35  73  27 108  31  69  50  70  29  67
   21  29  80  27 105  31  76  50  12  15  15  19
   81   5  76  40  17 105  93 101  95  81  76  56
   24  36  39  42  80  12  33  25 104  21  23  41
   62 102  25  30  77  48  18 106  24  51  75  14
   41 116  18  56  72 111  80  76  12  96  51  65
   28  19  20  82
   38  31  18  95  66  66 103  69  51  69  71  59
   80 105  46  26 100 108  49  28  23  90  85  58
   61  16  83  66  62  59  47  52   4 114  43 110
   25  34  98  92  33  47  83  25  50 109  17  35
   73  36  20  72  26  43  57 116  31  86  21  23
   58  19  61  63  42 100  51  98  99  75 102  27
    7  91  45  86  79  76  38  10  68  10  27  55
   37 114  64  59  47  47  10  40  76  81  22  36
    8  91   6  89
   78  41  56  34  11  36 108  72  65  88  92  24
   50  73  14  18  16  97  58  38  45  83  94  90
   14  75  18  75  27  72   9  50  35  98 110 103
   22 106  47  67  58  37  29  44  76  88  70  84
   31   5  71  38  61  97  65  23  33  80  80  75
   26  30  81  51  14  48  45  26  99  90  15  78
   72  48  75  63  84  73  56 107  27  80  34  67
   98  74  77  43  56 101  46 103 101  20  40  98
  103  95  85  22
   82  67  61  65  36  43  36  55  32  78  85 106
   85  34  29  69  99  76  54  96  16  82  69 102
   26  82  93  58  55  33  83  30  68  25  91  66
   96  82  33  50  28 106  59 102  32  82  56  19
   71  96  58  29  95  74  96  37  48  30  89  53
   33  93  91  93  67  79  25  36  89  90  75  93
   54 101  83  62  97  90  77  91  76  45  52  64
   79  90  55  11  60  42 102  13  19  35  16  38
   74  49 107  79
   15  33 115  94  86  20  26  61  56 110  54  43
   67  32  90  59  64  59  71  88  10  22  76  43
   60 106  66 102  71  89  44  78  44 107  36  70
   99  41  81  43 109   3  31  75 100  63  77  72
   24  44  18 112  45  21  26  94  43  44  70  51
   63  71  18  83  52  28   9  43  20  68  57  23
   45  93  20  90  73  72  27  60 112 104  91  97
   58  12  58  24  71  57  55 106 113  22  48  65
  110  65  51  63
   93  41  15  83 114 100  60  94  61  64  14 101
   72  55  31  71  83  31  81  77  23 111  94  59
  103  36  19   9  57 102  26  52  74  39  79  98
   17  94  38  38  76  97  98  97  21  53  10 104
   59  33  34 111  12  76 102  95  91  27 102  37
   82  35  48  12  20  47  23  91  46  44  53  33
   37   5  79  81  23  14  64  22  83  89  57  57
   86  86  86 114  77  29  28 100  89  96  54  20
   38  50  87  80
   33  47  82  62  50  57  96  86  94  73 113  58
  103  76  48  44  32  15  18  81 105  53  66  36
   59  52  65  36  95  85  42  74  76  92  60  67
   76  11  28  35  23  44  88  23  56  90  63  47
   38  31  79  85  96  79  11  23  76  52  12  14
   36 105  13  22 110  84  90  58   8  12  91  99
   43  87   7  40  73  91  21  16  46  36  23  63
   85  73  86  81  40  47  31 105  40   9  49 101
   66  99  72  77
   80  92  38  35  88  25  87  53  93  55  43  76
   53 100  86 102  79 103  85  44 104  94 107  88
   13  65  20  48  78  73  81   9  58  19  33  75
   42  20  90 101  97  43  82  40  77  18  69  55
   67  20  65  66  27  80  29  34  73  44  64  80
   81  97  55  45  52 112  99  92  71 101  66  49
   61  29  75  68  29  60  74  57  63  50  79  20
   16  93  36  57 104  20  63  82  23  54  64  65
   64 107  22  73
   87  11  96   7  98  44  15  36  39  87  83  22
   62  40  61 108  87  39  47  56  96  30  85  40
   75  42 100  71 100 115  63  50  13  13  73  62
   39 110  15  30  34  24  70  81 104  33  65  27
   79  11  87  61  85  20  19  47   9  26  59  29
   97  75  80  90  79  30 111  13  50  56  91  55
   90 111  37  38 105  20  91  58  25  39  51  94
   40  14  42  76  28  34  65  67  44  58  26  61
   81  79  17  55
   40  19  40  45  97  26  34  22  94  86  91 109
   27  45  25  39  21  12  48  64  12  30  17  19
   94  85  66  43  23 107  29  55  66  14  69  49
   72  58  10  66  70  11  73  82  60  66  60 101
   59  19  12  69  30  77  75 109  64  49  91  90
   44  54  68  67  42  90 107  59  16  59  87  21
   88  57 105  26  46  27  29  20  24  41  94   8
   36  87  20  66  56  25  45  70  84  34  16  30
   94  73  91  86
    8  73  35   8   9   8  73  16  61  13  93  91
   92  96  85  83  12  69  94  48  95  15  17  87
   76  77  98  84  61  64  50  63  41  52  74  55
   34  14   6  77  23  54  63  28  20  58  11  87
   33  53  41  41  52  81  57   6  41  87  81  72
   49  19  64  63  32  31  17  96  81  20  44  69
   74  51   2  49  31  12  58  77  81  73  75  90
   55  61  89  45  71  45  24  65  50  35  94  96
   32  95  43  69
   70  97  92  74   4  96  88  58  69   2  87  26
   17  29  66  82  31  93  34  64  20  89  50   8
   55  47  99  81  92  42  38  82  32  72  93  88
   63  94  33  79  55  28  87  21  20  13  48   3
   34  37  18  54  24  27  26   4  10  94   7  17
   21  50  43  90  63  82  68   5  56  88  32  46
   30  83  27  87  84  53  84  34  12  90  25  28
   81  74  71  17  89  25  35  88  62  13  50  63
   36  39  79  49
   95  58   7  94  32  38  33  30  55   9  85  78
   98  77  22  98  18 100   9  47  61  17  40  25
   48  93  76  23  62  83  93  91  55  93  44  13
   65  75  28  93  48  11  85  68  20  30  90   9
    9  25  63  54  26  86  93  52  46  47  79   6
   94  44  74  43  60  83  48  91   9  29  62  68
   11  94  53  79  88  54  35  40  69  61  10  95
   52  83  87  63  90  46  29  87  80  92  89  96
   70  54  82  88
   54  62  86  63  81  59  12  61  37  64  83  20
   83  13  20  14  81  38  81  87  46   6  13  20
   66   8  38  52  88  28  27  83  56  59  19  17
   22  92  14  83  11  61  18  17  57  50  58  90
   97  71  61  32  24  95  86  74   6  51  30  99
   74  85  82  19  60  82  61  29   6  51  95  32
   30  72  72   8  64   8  57  61  44  71  63  22
   64  67  92   8   1  83  35  61  93  53  32  32
   85  78  99  37
   82  71   3   8  20  38  91  66   7  17  67  76
   36   4  48  29  64  46  69  26  92  60  63  53
   57  68  61  68  25  33  93  98  16  15  17  50
   25  43  44  37  63  92  90  12   9  76  34  20
   73  52  80  54  76  40  55  36  38  51  90  96
   75  30  40  77  25  12  95  42  63  87  21  98
   46  87  98  38  67  68  90  82  14  23   1  43
   52  97  68  99   8  20  56  82  77  42  62  74
   35  95  40  18
   22  45  10  90  13  38  79  32  28  30  62  36
   44  72  36  27  91  88  38  20   4  77  47  13
   36  87  32  31  42  47  63  44  18  56  81  42
    3  44  34  69  47  91  74  29  40   7  19  43
   98  75  69  78  25  63  99  35  20  86   1  99
   62  45  93  50  49  13  96  40   1  97  66  32
   25  61  88  97  47  96  44  83  99  75  25  32
   77  53  25  73  52  42  81  74  50  36  92  51
   97  11  79  46
   50  82  17  58  79  78  79  61  30  85  11  78
    2  34  49  71   1  13  12  82  46  98  71  73
   97  90  29  66  89  68   7   5  82  50  60  23
   20  75  86  27   6  88  62  97  91  45  79  89
   72  28   7  58  96  67  52  90  96  86  47  52
   19  50  34  44  74  31  77  72   2  87  75  36
   39  48  96  17  10  20  16  91  24  99  72  52
   88  98  40  37  30  88   3  77  31  47  48  58
   81  24  75  85
   29  51  23  30  25  74  14  64  76  95  97  22
   55  16  18  78  98  74  67  30  83  53  37  28
   65  39  40  72  78  55  91  75   1  51  54  81
   74  57  45  55  98 100  99  23  76  80  11  87
   32  14  20  98  79  37  71  89  67  71  33  69
   75  50  80  89  78  13  39  60  70  58  88  38
   54  58  36  74  91  36  44  23  17  13  29  10
    8   2  13  76  31  84  46  66  34  30  86  93
   16  93  47  60
   42   9  76  83  45  55  95  88  41  72 100  24
   86   4  93  50  14  47  28  40   8  23  83  97
   87  44  59  86 100   6  72  74  31  78  75  85
   24  28  79  71  12  29  97  88  68  12  94  91
   59   2  50  39  19  87  41  10  29  90  24  35
   17  55  41  39  63  43  35  94  23  49  75  90
   56  20  95  13  78  96  47  36  14  58  65  28
   69  86  44  70  17  36  25  84  88  25   2  76
   84  31  31  91
   61  61  63  80   4  93   3  19  80  51  88  38
   67  25   3  84  96  71  53  23  81  35  22  43
   97  37  87  30  36  27  95  94   6  92   8  65
   13  40   2  51  90  26  34  53  97  63  75  53
   81  81  96  53  94  49  24  83  83  69  54  71
   34  22  35  74  84  82   4  72  91  93  91  25
   70   6  90  91  92  76  82  11  39  32  27  48
   32  94  18  98  10  70  98  58  82  96  40  56
   38  59  81  47
   19  64  49   6  99  85  92  47  74  29  73  40
   21  37  53  90   4  46   8  45  31  16  38  21
   21  51  93  46  81  56   8   9   3  90  48  24
   65  38  78  10  51  89  28  74  80  43  86  24
   50   8  91  70  92  26  52  64  37   7  62  28
   96  71  42  14  57  11  87  64  81  57  29  91
   30  68   8  63  88  19  58  11  12  16  13  38
   77  12   6  48  56  41   7  89  89  69  46 100
   81  44  71  76
   90  76  21  30  54  78  93  64   3  58  54  44
   91  89  21  89  75  16  73  32  98  24  31  13
   56  73  86  53  10  97  10  82  70  62   8  28
   42  89  53  70  31  39  70  56  11  59  84  79
   57  94  37  22  39  57  61  56  79  66  16  13
   71  39  91   6  58  55  68  29  84  75  44   4
   93  32  24  98   4  68  65   6  37  54  94  85
   13  58  84  64   7  78  85   6  66  43  33  37
   96  68   6  39
   81   4  65  19  62  73   9  82  61  25  27  38
   45  44  80  49  52  82  45  49  54  63  79   3
   38  99  11  73  89  26  32  19   2  38   5  80
   82  48  85   3  86  56  55  53  52  25  66  58
   55  74   4  53  72  91  48  45  57  38  66  81
   32  90   7  44  87  76  99  40  98  32  89  20
   51  68  58  95  81  54  76  81  27   4  59  40
   91  87  38  46  25  46  45  56   8  21   5   2
   56  95  47  79
   96  84  36  64  38  20  69  12  41  55  93  76
   17  39  42  10  78  37  25  24  34  80  56  17
   42  75  35  61  26  67  97  52  51  73  20  24
   68  80  94  20  17  96  68  38  88  73  31  24
   60  86  82  38  78  81  54  79  19  78  88  75
    2  40  91  28  66   7  43  32  15  89  64  46
   18  24  56  34  74  92  95  61  47   7  95  61
   48  48  26  60  96  75 100  63  32  96  24   8
   93  99  98  70
   26  31  92  75  90  92  89  42  40  22   7  37
   99  10  17  70  18  58  39  85  67  97  93  75
   54  13  72  19  41  81  15  27  85  30   3  97
   91  90  65  90  61  87  96   6  81  19  86  85
   98  63  60  17  25  90  36  54  47  92  94  53
   50  19  54  16  54  32  65  50  62  71  19  38
   24  26  60  19   5  31  19  90  79  62  52   9
   24  59   4  15  30  41  65  66  30  58  59  83
   29  33  32   5
   10  20  10  10  44  89  93  53  24  34  10  51
   94  77   2  47  47  82  55  77  31  94  94  39
   30  43  43  30 100   9  34  40  71  50 100  15
    9  98  15  76  36   8  95   8  28  72  78   3
   57   3  47  71  11  72  26  16  61  16  39  64
    6  95  28  67  68  35  34  57  62   2  41  74
   15  68  84  44  53  25  17  34  58  57  44  53
   77  89  16  34  96  86  83  60  80  20  19  68
   73  97  98   3
   94   2  28  42  29  64  94  12  20  10  64  62
   67  22  82  37  63  17  45   3  49  85  72  59
   83  58  79  55  29  78  66  19  44  87  23  98
   96  26  41  23  78  43  42  61  43  20  17   9
   50   7  75  79  23  74  16   7  19  69  96  65
   14  95  28   1  97  93  74  69  82  43  68  94
   22  72  38  36  45  86  46  69   6  96  40  74
   32  75  22  49   8  14  17  17  47  97  71  63
   95  92  50  78
   56  40  58  82  34  99   4  33  76  98  56  38
   57  81  11  42  91  81  36  56  93  94  68   8
    4  95  66  39  71  33  23  81  97  74  48  86
   54  22   8  21  47  86  28  20  55  28  59   8
   29  52   8  82  47  74  26  56  40  50  62  61
   75  53  82  25   4  36  46  94  70  36  44  34
   86  53   9  84  61  88  73  74   6  43   7  12
   86  80  99  20  50  57  19  49   9   3  25  41
   84  74  52  67
   11  37  92  61  89  62  71  20  81  77  63  77
   16  28  95  61  83  18  28  98  82  20  54  27
   73  87  10  22  42  96  99  40  87  90  29  65
    8  32  59  79   7  80  63  32  14  71   2  39
   13  14  10  73  84  98  95  91  59  18  50  49
   89  99  74  49  26  51  11  90  12  21  98  30
   87  65  27  64   7  34  18  16  70  68   4  35
   66   2  33  17  23  87  78  25  81  32  60  34
   70  34  85  79
   33  56  50  24  60  10  61  14  36  48  94  38
   51   7  95  19  61  27  51  84   9  60   6  23
   26  44  34  74  85  35  79   3  21   7  58  25
   10   7  14  96  17  85  51  73   1  73  19  20
   83  33  63  91  81  67  38  75  98  91  83  93
   86  69  59  67  61   9  49  50  83  22  23  14
    5  48  59   5  73  39  39  58   7   3  89  80
   16  19  99  83   7   7  97  95  32  60  87  22
   13  48  47  76
   46  23  94  85  75  48  16  68  74  19  54   3
    3  65  32  38   3  11  97  63  59  64  83  54
   62  26  71  32  79   6  84  44  53  49  75  44
   94  85  38  91   4  80  28  66  94 100  96  90
   33  99  32  63  91   6  25  13  12  30  32  55
   82  81  64  69  28  99  79  84  12  94  92  74
   49   4  94  75  34  59  87   5  80  67  29  99
   73   1  90  64  33   7  29  34  91  20  68  46
   82  95  96  29
   72  80  86   8  46  44   6  51  69  41  43  60
   26   4  58  88  17   3  71  83  92  21  29  44
   42  98  20  51  48  46  67  51 100   5  68  10
   77  85  10  24  85  58  37  94  61  11  89  69
   41  66  99  39  85  68  50   2  74  21  98  88
   57  96  58  51  69   9  52  13  15  37  16  80
   98  27  73  19  41  44  72  93  35  93  78  64
   78   2  39  52  64  60  99  65  35  33  96  84
   99  24  97  15
   33  69  46  84 100  66  12  32  42  17  22  91
   56  34  90  96  97  11  53  68  63  21  12  30
   91  34  88  27  75  45  94  54  82  11   9  11
   93   1  70  51  52  67  85  59  26  16  42  29
   75  98  45  65  50  15  51  85  76  26  33  44
   78  82  37  65  94  61  72  88  18  23  97  28
   44  70  30  39  33  29  59   8  81  35  78  40
   11  37  30  76  63  14  56   7  19  96  69   7
   11  10  31  83
   33  38  42  47  75  68  71  53  82  37  26   5
   35  79  89  37   4  38  51   9  98  36  39  16
   83  25  13  57  47  82  23  76  48  82  27  52
   10  20  73  63  83   7  44  11  78  21  61  97
   42  23  59  82  18  37  12  82  55  90  29  54
   83  18  13  20  50  25  78  71  26  19  33  23
   59   1  19  42  10  16  27  26  31  71  56  56
   24  16  55 100  47  77   7  93  94  70  91  64
   31  60   6  39
   99  82   2  20  30  82  84  50  56   6  58  67
   36  80  22  48  41  47  47  23  97  93  29  68
   54   4  50   9  44  18  62  39  73   9  67  50
   13  67  28  75  11  99  75  41  11  41  40  40
   83  76  91   6  75  82  86   8  66  67  37  58
   39  43  86  26  62  88  99  70  88  45  60  79
   61  10  93  30  33  45  85  51   3  12  26   6
   59  93  60  84  40  55  55   8   2  98  71  46
    2  39  58  50
   11  79  95  36   3   2  50  23  51  56  95  13
   39  50  77  43  33  73  30  31  88   7  12  54
    5  84  87  98  47  12  89  61  36  63  31  21
   90  26  80  71  36  15  11  12  83  49  96   7
   57  86  81   6  97  28   9  20  16  79   9  71
   21  75  56  98  98  67  84  24  67  74  62  87
   79  99  39  38  96  97  44  93  28  22  55  57
   20  17  25   3  25  85  76  13  17  14  50  90
   76  58  26  28
   85  73  33  57  61  54   6  32  12  39   1  62
    8  37  60  66  71  87  91  24  10  58  52  83
   53  50  53  73  12  20  66  30  44  10  50  35
   36 100  83  72  92  61  19  85  47  26  41  61
   71  74  40  17  15  28  99  97  38  58  92  99
   76   7  99  88   1  19  22  46 100  92  29  15
   76  29  99  70  45  11  84  91  57  83  84  54
   26  45  31  30  70  65  89   6  73  95  68   4
   44  10  42  26
   40  16  71  74  15  82  28  67  18  64  68  43
   60  18  25  11  39   4  19  58   6  25   9  28
   96  43  99  60  25  47  25  96  44  89  79  43
   61  82  19   3  18  59  30  62  41  95  47  51
   41  93  45  50  88  31  89  78  40  67  47  27
   36  22  64  67  56   4   3  14  38  10  39  56
   58  85  32  47  80  48  43  55  57  70  27  85
   99  24  80  54  12  98  56  30  85  64  40  39
   51  11  84  31
   24  91  16  95   8  69  88  72  65  24  33  98
   48  76  43  10  21  75  62  61   8  82  25  63
   38  66  19  34  18   3  51  57  98  95  38  58
   76   6  95  87  82  93  48  25   9  77  51  83
   28  93  24  41  34  84  92  69  96  86  53  88
   22  36  39  27  33  88   3  90  57  46  15  58
   30   2  71  71   6  94  14  51  89  77  61  19
   73  94  61  35  86  76  39  47  67  46  76  50
   30  35  91  61
   77  89  78  62  18  77  84  87  11  18  21   1
   90  69  80  72  88  94  69  56  99  82  98  94
   10  35  46  74  89   3  79  58  45  98  41  68
   34  62  93  40  46  94  33  31  43  51  55   3
   60  98  97  51  77  33  30  11  41  62  20  20
   61  53  51  40  62  30   9  49  97  53  30  88
   30  46  10  79  73  86  73  94  94  70  13  97
   80  24  86  43  64  91  72  41  21  72  94  82
   17  37  11  21
    142   134   148   140   139   138   145   142   141   151   124   139
    134   149   137   131   141   135   138   128   151   145   132   121
    131   132   139   128   146   152
