 15 150
  109  93  26  79  55  60  86  72 100 102  36  18
   19  21  41  75  64  55  98  24  16 105  49  73
   93  87  37  98  94  17   8  40  16  37  33  15
   31  21  28  40  90  73  68  87  69  48  70  84
  104  74  57  94 100  89 101  87 104  46  74  52
   27  59  31  79  20  30  75  12  58 105  53  79
   77  92  91 111  95  20 102  81 106  17  42  92
   77  86  98  42   7  81 105  91  56  32  28  98
   23  84  22  48  10  90 102  60  18  83  33  89
   22  16  21  76  53  14  25  40  90  71  41  20
   83  35  35  56  41  81  93  71  89  96  61  25
   58  45  60  82  81  95  33  71  67  48 106  90
   42   8  95  15 105  73
   76  34  29  57  79  52  79  20  62  80  25  19
   82   3  18  27  41  80  41  60  46  97  58  93
   45  27  34 102  78  44  53  70 100  64  84  77
   99  36  21  23  53 107  69 108  63  94  55  14
   24 101  66  43   9 105  82  96  79  12  67  30
   25  89  25  39  45  49  28  12  64  53  45  41
  100  29  70 111  65  41 109  61  16  31  40  26
   89 118  78  34  82 100  58  77  50  42  87  86
   93  97  39   7  80  10  56 104  66  23  23  93
   54  25  99  54  46  60  80  39  56  18  12  91
   83  77  78  57 109  11  60  25  41  23  92  38
  109  16  73  21  38  58  11  36  96  16  17  48
   14  14  49  79  91  20
   86  64 101 107  62  60  99  46  78  96  61  74
   92  91  89  91  62  51  45 106  29  89  92  84
  114  75  45 100  49  60  44  73  54  98  57  78
   22  84 107  72  43  66  25  17  44  94  96  77
   53  29 112  26 105  91  53  30  31  67 109  65
   72  26  86  23  57  90  88  81  75  35 116  30
   95  87  87  19  89  52  75  61  99  97  33  71
   67  37  52  27  40  67  87  51  25 107 104  53
   87  23  19  12  47  26  67  68  70 109  84  10
   23  89  36  15  21  85 105  27 104  32  76 103
   76  81  97  47  74  60  47  62  51  53  87  15
   61  26 104  21  44  52  44  64 103  28  86  83
   33  74 104 109  98  69
   63  13  90  65  97  17 100  56  61  11  68  22
   89  76  50  24  50  60  60  47  89  52  62  99
   28 104  25  52  95  96   7  48 113  43  72  68
   34 100  87  21  24  17  96  35  93  52  36  40
   51  44  83  38  38  56 105  48  32  98  31  77
   47  63  20  22  93  33  91  50 112  46 115  89
   27  72  26  43 102  11  18  55  97  22  51  73
   75  29  91   9  54  87  75  44  61  49  62  54
  105  32  91 101  97  67  82  58  46  60  37  40
   84  73  74  45  21  89  13 100  39 106  92  84
   88  88  55  93  58  70  45  79  50  65  69 111
   91  59  23 103  40  59  19  13  46  56  86  81
   49  81  31  65  79  50
   46  56  63  93  51  26  21  85  77  20 108 111
   61  76  22  65  66 103 102 106  94  64  73  40
   22  86  90  58  66  84  71  77 101  40  84 105
   48  12  45  97  22  19  92  89  98  68  39  29
   58  36  63  54  50  25  13  65  65  15  90  36
   76  16 109  40  55  63  59  84  51  15  24 104
   79  32  84  67  46  53  65  44  18 110  92 101
   77 118  61  83  30  24  72  43  92  76  82  33
   62 105  68  37  83  60  30 105  79  88  36  75
   60  69  29 104 104  54  83  84  18  56  74  56
   39  18  83  84  14  78  41  77  24  27 111  98
  102  34  44  63  33  70  70  34 107  17  83  28
   95  89 103  78  60  27
   53  43  51  86  66  23  73  39  58  95  52  12
   30  87  39 105  32  97  19 102  39 104  38  22
   11 110  33  98  76  89  16  45  60  29  74  99
   84  49  30   6  29  30  25  94  62  17  96  18
   33  61  76  59 112  66 104 100  59  30  12  65
   83  77  85  64  51  66  71  49 104  71  88  34
   35  21  85  14   9  49  80  65  86  52  23  61
   36  75  38  86  30  67 104  81  72  94 110  66
   82  13  40  74  53  21  75  15  25  34  32  31
   50  98  38  37 101  70  45  39  43  81  69  79
   92  58  26  21  81  83  92  57  56  72  16  33
   44  62  24  69  46  33  33  34  58  29  65  87
   49  42  63  19 109  86
   52  97  37  86  56  94  39  66  40  98  67 108
   58  50 107  84  30  55  20  50  50  21  73  62
   45  71  66  65  25  34 107  98  49  50  74  40
   80  51  45  40  19  48  23  27  47  45  70  85
   49  54  33  51 106  60  32  26  93  58  25 104
  106  72 115  18  42  29  44  73 106  74  61  63
  103  97  84  38  25  54  53  60  50  86  33  51
   81  41  94  41  21  29  17 111  34  45  16  99
   18  66  92  25  96  33  71 102  28  58  70  42
   70  75  65  52  94  47 104  96  60  96  60  76
   85  36  65  66  92  23  62  43  52  21  41  64
   99  79  66  94  18  45  22  81  68  24  90 105
   92  66  57 104  42  62
   94  98  26  53  54  39  63  20  95  22  38  56
   56  99  37  89 114  48  69  76  28  92  26  90
   62  20  62 105  71  46  88  39  24  27  71  97
  104  28  95 100  18  38  73  19 102  81 100  76
   74  89 108  17  33  54  43  12  62  91  92  93
   16  37  67  66 100  96  61  56 102  46  63  63
   45  77  42  72  21  70  99  10  99  27  58  14
   23 110 104 101  18  95 104  68  10  31  81  89
  105  63  64  39  68 104  73  82  92  58  40  50
   25 111  39  21  68  93  94  38  18  44 102 106
   21  91  21  35  75  95  89  40  10  32  50  19
   12  12  22  39  72 101  28  84  39  18 108 108
   59  89  18  19  38  49
   66  67  87  45  32   9  68  92  93  55  18 114
   33 112  36  18  57  76  96  91  20  20  94  68
   89  34  13  38  55  35  50  11 117  79 102  60
   25  51  32  79  77  16  69  82  78  72 111  55
   21  94  49 100  37   7  46  22  83  55  39  97
   33  19  44  97  95  77  67 101 107 109  90  64
    9 118  83  56  68  94  12  36  41  91  50  92
   45 105  20  85  47 102  42  12  32  85  65  80
   96  16  34  53  51  77  14  33  27  81  57  78
    7  38  11  92  48  34  65  62 110  38 116  15
   78  57  86  81  67  56  11 103  62  16  74  20
   71  79  67  42  21  22  39  29  61  99  21  27
   81  73  19 104  53  77
   86  20  99  54  69  25 101  80  28 105  12  31
   12  56  75  23 106  47  70  52  50  12  92  86
   76  46  98  63  55 103  85  96  60  48  93  97
   68  94  64  33  68  83  70  64  11  10  74  65
   70  77  60  77  21  66  71  39  48  23  39 106
   72  65  43  19  23  79   8  75  71  66  90 100
   90  48  45  69  57  53  62  94 101 105  23  50
   57  71  82  31  89  78 100  76  52  27 112  52
   44  54  51  54  79  59  69  52  41 107 108  31
   78  85  11  36 103 102  99  26  26  81  27  16
   73  19  49  16  64  98  21  64 100  90  76  16
   29  29  88  46  76  82  47  71  84   9  80 109
   50  68  38 102  99  17
   43  68  77  24  46  48  74  94  39  34 114  77
  105  95  98  73  32  68  18  13  20  95  61  55
   22  88  82  65  99  94  35  15  93  36  94  54
   16  25  25  84  77 100  44  48  28  14  64  89
   72  16  34  41  85  86  37 100  96  18  64  36
   55  67  82 101  22  30  64  85  36  28  41  18
   75  84  29  43  57  42 111 113  46  43  16 115
   31  78  83  66  21  20  93  40  55  45  40  30
   95  24  71  39  78  91   9  63  77  52  83  42
   15  92  95  43 103  45  70  92 106  14  80  27
   23  42  25  76  23  20  58  28  45  83   8  63
   63  70 104  68  44  21  59  49  69  40  88  86
   52 102  60  25  61  39
  104  23  77 105  88  77  44  82 113  98  70  71
   29 100 101  45  63  53  30  78 117  70  56  57
   24  21  77  88  71  35  42   4  45  53  37  47
   60  49  61  90  93  94  43  95  83  41  11 106
  106  64  22  69  53  62  44  16 114  21  98  51
   18  17   3  94  36  24  79  15  50 101  40  92
   42  49  67  57  24  31 100  16  16  83  80  26
   33  38  10  15  84 102  62  37  43  82  25  78
   60  57  91  72  73 100  35  52  28 104  35  65
   33  56  92  60  51  88  94  54 102  52  15  81
   67  72  44  85  54  79  90  73  19  26  11  52
   46  54  30  37  89  96 102  80  19  45 100  50
   13  55  53  94  17 111
   79  32  99  88  49  27  58  78   5  97  65  21
   37  28  39  21  86  97  76  41  49  59  89  34
  101  76  74  32  83  55  52  35  77  71  37  40
   64 111  39  45  80  23  42  97  75  39  75  70
   72   4  24  70  87  38  89  62  94  47  80  23
   26  42  14  73  51  63  95  90  37  98  36  57
   66  57  43  97  48  98  49  54  40  57  96  63
   33  33 110  60  24  81  51  13  44  46  91  43
   91  44  94  38  23  51  68  99  67  84  83  12
   10  32  64 113  48  13  95 116 110  49  61  69
  115 108  77  15   7  37  54  13  91  20  40  10
   19  27 116  40  16   4  59 114  47  29  14  57
  103  52   3  72  60   7
   64  42  65  36  71  49  96  69  28 103 109  97
   42  72  44 106  47  66 104  35  44  67  94  10
   31  14   7  64 103  84  86  45  98 104  77  37
   81  25  46  11  56  38  84  68  23  62  77  68
   82  55   5  18  90  41  19  32  90  87  46  84
   45  83  57  52  27  48  98  71  17  84  75 103
   27  18  31  20  39  17 110  83  93  12  77  49
   58  76  82  78  40  38  64  44  76  78  44  49
   78  79  29  72  80  71  84  74  41 110  70  67
   81 103  36  42 108  34  82  36  50  19  36  50
   73  41  30  83  47  30  40  65  22  64  84  26
   94  94  99  40  78  37 100  38   8  16  64  93
   99  97  49  47  99  26
    9  54 107  34  83  14 106  24  94  39  65  58
   97  44  87  61  20  44  31  13  29  93 104  28
  101  25  34  52  50  21  40  77 104  91  32  46
   61  51  50  63  67  39  67  88  53  18  77  49
   36  19  41  36  29  89  91  98 102  46  37  17
    4  74  88  26 110  18  79  79  78  33 106  71
   94  41  58  45  92 114  13  73  47  70  12  23
   76  69 101  86  69  73  38  56  79  67  34  64
   92  84  71  64  71  37  31  17  90  42  75  48
   67  62 104  45  99  53  58  99 112  62  54  35
   55 113  98  81  58  70  82  85 101  87  64  60
   53  91  92  96  83  59  20  52  60  79  23  81
   30  61 105  88  46  75
   10  13  85  35  55  50  30  31  12  13  69  97
   83  87  63  31  51  62  15  90  93  15  60  37
   14  22  80  11  12  98  98  63  97  74  76  91
   80  89  84  64  30  41  47  21  40  61  42  23
    2  46  63  17   9  19  13  16   3  57  36  59
   84  60  73  26  85  80  33  96  54   6  60  26
   25  18  15   8  23  91  13  22   2  93  77  23
   40  21  20  63  96  39  13  19  60  80  86   8
   93  35  80  62  95  18  14  54  95  27  87  27
   93  86  83  38  60  93  84  66  22  45  64  86
   34  83  79  56  68  25  23  39  17  12  50  89
   51  58  52  27  23  21  83  40  45  70  13  21
   61  99  19  93  14  33
   35  69  79  51  29  55  23  92  50  33  92  88
   21  99  93  92  68  40  69  42  65  15  59   9
   62  92  68   9  42  66  52  37  20  47  26  41
   21  67  81  97  58   3  45  11  49  26  47  98
   85  12  38  77  99   9  23  16  37  91  43  72
   86  13  93  77  68  60  88  90  40  54  62  70
   12  74  34   6  42  63  11  50  95  87  63  84
   31   2  36  73  24  14  47  26  60  78  31  34
   25  15  64  99  25  94  49  14  53  84  86  10
   51  85  12  50  63  59  25  65  46  85  90  12
   35  34  40  60   9 100  49  86  74  91  17  72
    8  95  43  86  66  46  95  67  18  92  89  58
   94  98  69  25  21  82
   17  47   1   4  41  53  17  73  32  16  44  31
   19  23  29  21  50  60  66   2  73  16  10  21
    1  43  57   7  68  49  60  35  57   5  49  28
   86  28   7  42  60  50  86  87  59  11  22  37
   63  89   1  78  15  29  65  73  80  44   9  45
   38  80  30  89  50  19  14  29  36  79   3  81
   16  32  25  85  28  64  41  46  12   8  86  46
   35  78  56  81  68  36  21  63  91   8  15  58
   23  90  84  99  65  76  46  43  50   8  32  93
   88  14  72  91  97  35   3  76  10  81  38   6
   44  36   5  63  44  55  63  40  55  58  28  94
   49  79   5  91  68  65  58  47   6  81  28  34
   78  33   5  10  17  42
   44  99  14  42  22  96   2  58  55  96  48  97
   22  39  57  95  55  51  46  55  27  57  53  18
   87   4  86  63   8  17  95  55   7  61  39  52
   73  10  27  93  81  96  23  78   9  62  68  65
   56  63  26  77  73  55  11  68  87  22  83  31
   57  57  89  86  27  80  26  52   8  73   1  25
   77  45  82  70   9  97  93  59  14  88  52  42
   35  89  18  99  54  20  36  67  55  53  42  61
    6  81  29  17   7  35  22  53  65  44  76  80
   33  32  43  74  88  29  98  15  77  10  20  27
   15  27  65  17  44  41  57  41  62  43  42   2
   19  46  80   9  77  47  99  95  58  52  17  34
   54  38  81  38  32  68
   69  55  39  14  61  82  90  34  42  93  10   7
   54  27  89  47  50   6  15  13  21  47  38  63
   84  27  19  53  39  29  34  27   4  68  20   4
   56  99  64  21  93  99  27  26  12  46  80  77
   47  84  54  58  64  82  98  52  42  89  17  79
   34  86   7  66  50  46  49  21  59  95  85   1
   38  82  30  50  64  66  42  67  98  10  24  18
   37   1  54  25  82  82  31  60  23  26  30  73
   52   8  52  72  33  43  76   4  37  28  67  37
   55  40  85   8  12  60  24  18  89  58  28  55
   81 100  36  21  89  32  63  35  80  88   6   9
   16  84  58  48  81  39  42  82   6  86  20  77
   23  29   6  31  51  78
   64  70  51  22  47  92  42  63  55  16  67  99
   79  25  71  13  72   8  96   3  80  11  78  90
   94   3  78  21  44  25  98  65  58  82  46   5
   27  56  72  97  85  82  82   8  57  94  22  97
   74  46  35  60   8  42   9   2  45  81  96  41
   21  29  35  47  56  39  41  67   7  40  18  76
   77  95  34 100  99  61  27  40  30  53  90  53
   75  34  80  17  86  52  14  24  36  23   2  51
   31  94  74  34  51  92  45  95  88  77  75  74
   65   6  81  70  10  46  58  79  67  24  41  32
   23  52  90  95  22  26  28  60  48  30  97  76
   64  41  87  51  68  79  75  81  57  85  47  25
   71  69  48  89   7  25
   58  11  66  30  47  25  76  45  63   9  47   3
   45  66   7  28  86  55  82  53  52  90  37  40
   61  45  46  39  94  85  11   9  55  59  35  78
   29  67  74  71  87  61  80  84  65  60  44  32
   62  65  70  51   6  42  83  82  14  57  89  10
    2  48   2  89  67  86  62  43  11  46  51  42
    5  13  20  66  81  60  51  60  55  19  71  65
   38  70  17  64  81  90  89   2  83  69  97  18
   98  49  12  78  12  78  40  16  84  54  50  69
   41  30  45  50  21  68  13   8  45  15  58  29
   34  78  46  43  13  84  56  64  56  88  78  53
    7  24  53  17  95  64  82  28  42  78  19   6
   18  51  52   6  77  55
   14  17  81  63  65  72  51  95  18  82  64  61
   57   9  73  20   5  64  48  32  88  18  92  18
   44  98  49  11  49  70  21  70  96  84  41   6
    7  86   9   4  85  81  34  89  18  37   2  28
   31  20   8  90  87  58  61  90  50  18  19  13
   99  78  44  48  13  16  54  53  10  57  46  43
   66  25  65  41  96  37  14  97  18  79  52  88
   80   9   5  19  87  13  12  45  96  87  30  17
   10  41  54  80  44   4  38  32  12  51  79  63
   80   4  78  81  46  21   9  64  96  63  17  13
   89  27  91  67  37  18  20  67  99  88  66  90
   96  97  96  70  39   7  83  27  72  84   7  11
   61  27  97  86  80  71
   39  35  17  64  79  93  40  18  11  53  93   2
   77   8  75  94  47  32  15  23  87  91   9  34
   13  82  99  64  49  81  63  94   3  35  11  48
   79  60  82  41  39  89  35  29  33  39   7  65
   98  24  58   8  78  99  62  89  31  64  64   7
   82  92  63  16  13  26  46   8  11  11  27  50
   95   2  20  55  37  11  99  81  74  29  66  14
   66   8  95  28  70  11  67  97  77  31  52  40
   20  95  72  56  62  33  90  73  84  32  63  28
   95  75  95  19  62  71  42  49   3  64   2  95
   24  46  24  31  52  58  98  12  50 100  43  97
   47  32  44  77  90  89  81  86  42   4  91  91
   29  38  92  13  66  29
   17  91   8  58  38  84   4  26  83   3  95  87
   99  50  39  88   4  66  50  54  54  95  16  22
   44  63  12  39  62  11  30  11  43  67  21   5
   43  14  43  78  52  21  42  45  97  92  37  43
   38  33  48  35  97  46  32  78  58  80  68  10
   37  52  62  92  88  29  97  44  43  37  18  18
   21  56  66  46  52  64  50  12  15   5  79  69
   47  34  36  72  22  28  13  32  59  90   5  64
   62  61  68  48  31  49  35  58  73   3   4  78
   41  34  99  84  16   7  10  82  88  22  89  95
   38  84  62  92  51   8  88  43  14  26  33  96
   90  77  14  69  33  29  55  35  33  95  22   7
   59  40  67   5   3  97
   74  43  39  91  67  61  37  23  69  70   6  34
   15  25   4  30  88  35  95  98  86  13  55  64
   85  25  27  44  13  13  76  94  11  79  22  60
   86  91  86  24  27  12  65  65  90  98  45  21
   37  93  69  67  25  31  81   7  21  93  56  84
   56  51  29  13  87  88  49  32  73  83  70  92
   43  30  78  68  61  61   5   5  64  77  98   5
   80  35  19  50  89  89  18  76  63  57  72  78
   19  86  40  81  28  11  96  51  32  62  24  71
   89  18  11  71  11  71  45  19   2  94  39  76
   83  71  79  33  97  82  49  90  71  28  94  47
   49  36   4  37  59  85  57  67  39  67  20  25
   68   2  46  81  43  66
   13  90  41   6  17  35  62  25   2  13  42  46
   83  17  18  71  42  52  81  25   1  43  50  54
   79  90  37  16  33  71  73 100  69  56  79  62
   57  63  54  22  22   8  63   9  37  70  95   1
    5  39  86  43  52  51  64  88   6  93   9  53
  100  85  99  19  67  92  32  90  58  12  73  28
   70  71  47  56  96  71  13  94  93  33  36  88
   74  65  94  89  28  15  46  70  77  27  86  30
   54  61  19  46  34   4  70  62  84  16  84  52
   84  55  10  42  64  24  18  57  18  59  88  38
   43  43  60  23  65  32  18  36  95  77  98  64
   66  62  90  71  22   8   8  37  84  60  12  60
   90  50  63  22  95   9
   38  76   8  27  63  76  50  26  98   8  40  99
   80  80  68  81  29   8  26  71  55  54  15  83
    6  29  35  87  35  60  62  74  41  32  77  75
   56   3  67  73  37  95  66   8  43  75  39  33
   40 100  95  36  28  72  24  49  22  66  31  86
   85  60  98  34  60  57  11  14  67  12  84  59
   41  50  59  23  64   6  61  51  68  56  15  48
   69  81   4  58  89  21  68  98  59  67  28  71
   29  68  18  66  89  62  46  17  40  27  31  92
   94  81  43   4  63  98  20   1   9  71  52  38
    4   7  34  91  96  76  58  96  14  96  62  97
   92  75   1  67  93  99  44   4  61  82  95  47
    4  67 100  30  57 100
   39  70  50  75  33  69   8  41  78   9   8  14
   65  33  59  12  68  38  14  68  61  35  17  95
   88  88  95  55  16  20  26  62  10   6  30  74
   37  82  58  96  57  73  29  51  90  49  30  46
   35  51 100  89  12  70  85  79  17  24  60  32
   67  23  48  55  93  61  11  43  91  31  31   6
   84  91  83  93  81  94   3  36  18  91  40  64
   48  32  29  26  64  79  43  61  40  37  67  56
   42  32  76  40  27  42  25  38  72   5  46  49
   37   4  82  62  12  69  25  79  67  88  82  55
   38  61  76  28  57  87  70  48  97  44  26  76
   11  24   6  64  24  81   6  81  98  89  40  11
    6  23  61  72  12  84
   97  50   7  85  30  92   5  87   9  77  47  57
   11  66  33  51  95  67  80  94  83  25   2  91
   16  81  84  62  66  84  71  33  16  22  82  65
   57  62  69  48  45  70  38  18  54  95  42  63
   71  85  68  66  73  26  27  17  17  68  66  86
   98  40  26  78   5  89  39  34  24  78   5  35
   15  70  53  59  27   5  93  39  56  40 100  87
   37  35   8  20  48  47  70  61  32  36  73  51
   19  32  33  40  36  76  75  90  12  68  43  71
   36  50   9  73   7  58  47  15   7  57  48  75
   52   4  11  33  52  48  25  31  14  24  51  51
   54  28  24  24  29  46  89  63  44  28  86  29
   79  57  10  22  70  36
    392   435   355   395   379   426   396   399   413   385   429   405
    424   401   397
