 20 200
  100  66  41  25  71  64  78  58  23  45  56  41
  102  40  54  21  62  62  84  88  68 114  75  93
   46  99  91  81  62   4  71  88  34  78  39  17
   39 116  66 100  34  51  10 102  70  63  72 111
    9  68  65 105  95  85  78 112  64 115  71  82
   84  79  29  14  44  73  53  15  57  62  97  95
   35  78 110 106  85  18 108  98 100  60  31  90
   68  93  97  33  91  85  81  21  97  24  30  74
   68  54 102  44  16  88  19  98  82  27   3  62
   34  35  73  94  77  55  28  89  94 108  65  70
  102  64 101  25  70 107  67  81  66  20  14  68
    4  30   8  87  34  19 108  12  86  65 101  58
  114  35  55  27  45  81  59  81  20  18  79  54
  110  99  54  14  74  91  69  76  29  36  18  40
  109  35  33 102  71  81 104  83  14  23  39  31
    7  45  29  61  80  65  95  37   7  70  42  28
   33  69  51  30  97  95  59  67
   58  78  74   7 103  62  95  84  74  80  59  53
   47 112 100  49  26  28  14  46  33  47  19  25
   82   8  83  85  69  19  46  59  27  30 106  61
   67  63 104  53 117  83  81  90  42  50  79  55
   90 111  88  84  92  73  78 103  88  45  72  77
   84 104  55 102  55   9  47  38  21  89  89  91
   83  25  86  99  21  21  80  93  22  38 105  69
   74  46  56   3  94  69  92  37  84  10  83  80
   58  82  69  88 112  19  18   2  42  54   9  72
   50  80  35  84  33  87   6  91  25  76  60  61
   51  42  19 114  17  31  56 109  66  72  12 101
   23  26  35  39 107  96  10  19  11  63 109  48
   77  70  83  82  64  23  98  60  70 109 111  62
   81  43  65  12  34  27  31   9  53  25  13  69
   93  95  44  48 104  42  32  84  67  30  40  13
   36  17  41  20 104 115 108  85  61  60  15 107
   52  89  86  19  87 108  94  30
   36 104  45  90  33  32  98  53  57  34 111  26
  101  11  81  62  68  36  23  83  44  64  83  38
   74  59  61 115  86  22  19  61  61   6  99  14
   27  98  50  24  21  15  26 104 100  37  96  36
  105 103  40  75  67 109  93  31  90  29  36   9
   51  96  23  34  18  79  38  45  33  44  21  92
    8  73  48  45  46  27  99  87  43  55  92 107
   77  11 100  22  31  54   2  26 104  62  20  73
   45  69  28  32  20  22  47  77  56  51  23  56
  106  95 102  72  20  93   8  69  64  19  80 106
   34  19 100  95  19  32   8  34  62  79  29  60
   76  45 103  77  46  70  93  44  70  94  21  86
   55  83  68  68  14  28  65 106  99 106  79  86
   81  57 115  92  28 107  87  37  93  82 102  48
   39  93  26  55 110  75  30  51  71  42 118  66
  100  30  15  13  85 100  82  45  45  69 104  88
   24  19  31  92 118  49  42  28
    9 109  32  78 105  43  94  83  64 104  58  50
   14  14  49 109  38  81  11   7  13  35  42  63
    8  92 106  82  26  50  63  27 105  16  33  63
   86  99  40  80 102  68  97  12  91  28  75  95
   28 106  57  96   9  38  70  90  78  74  57  40
   64  95  80  60  59  70  64  56  81  71  81  48
  102 101  78  10  99  72  18  29 104  31  22  76
   56  31  83  75  54 106  84  67  83  98 115  41
  114  54  41 101  30  71  19  59  52  68  75  87
   41  62  42  30  22  35  20  53  59  10  86 110
   42  92 105  69  25  71  95  65 104  70  58  44
   89  69  78  11  57 106 104  54  89  66 112  93
  105  22  82  71  92  62  64  56  92  31  14  73
   23 103 102  70  36  37  46  55  62  79  62  77
   70  63  95  18  48  36  72  94   8  91   7  58
   56  22  58  88 113 106  23 105  20 108  98  52
   97  19 101  96 103  91  97 100
   33  78  20  13  88  18  20  80  25  82 103  22
   48  87  74  39  58  69  31 106  22  29  59  56
   58  75  87  24 112 113  65  11  17  75  22  59
   59  53 112  29  85 104  50  52  33  21  45  51
   67 101  53  89  40  44  86 100 104  23  94  27
   66  95  73  56  14  63 107  96  32  49  45  50
   84  20  70  54   8  76  23  97  82  52  98  50
   62  71  96  47  14  18  83 102  63  84 101  42
  110  95  56  61  29  90  58  67 108  59  75  49
   74  22  52  47  57  35  42  90  89  56  71  50
   74  96  26 108 102  41  95 114  42  83  39 114
   31  18  81  55  93  37  43 109  55  19  59  29
   59  98  59 105  42  96  97  51  20  86  99 102
  104  50  97  24  77  42  36  74  40  36  38  16
  107  67  30  60  48  47  71  93  40  21  48  96
  102  41  43 104  39  85  19 103  70  75 117 116
   67  85  60  16  94  87  58  41
   40  27 100  46  67  33  97  35 101  51  90   6
   67  30  21  85  74  20 105  68  32  21  16  61
   67  27  85  54  45  98  57  95  70  55  33  28
   70 103  74  45 113  92  43  98  72 102  76  94
    5  71 102  81  54  98  11  64  32  64  44 108
  115  47 109  67  39  11  89  28  41 101  74  92
   95  34  90  59  28  25  55 102  82  62  27  38
   76  59  54  74  43  84  50  70  61  13  79  56
   44  98  57  79  63 100  69  97  61  21  55 102
   58  56  29  12 100  79  80  51  40  41  38  73
   58  76  22  88  64  59  38  30  75  28  72  93
   24  60  27  22  69 105  55  59  90  35  65 104
   36  32  82  54 114 101 108 104  72  28  99  98
   51  20  17  48  32  84  36 104 104  17  99  30
   52  32 109  63  86  99  38  43  82  27  34  80
   84  99  22  90  98  67  83  11  65  75  25  33
   89  98  87  63  33  30  58   5
   37  79  40  48  54  42 100  66 113 115  48  66
    8  80  90  47  82   6  32  25  22  17  72  79
   82  82  38  21  49  44 103 103  89  54  25  38
  109 111  76 109  96  40  67  78  51  39  42  49
   57  11  63  51  68  81  68  91 102 109  26  20
   47 101  44  34  94  97  63  60  39  80  13  74
   24  25  44  29  39  31  56  75  91  91  18  98
   40  95  55  98  59  55  25  74  91  14  30  32
  103  25  91  55  61 112  72  66  46  83  34  91
   75  59  60  92  55  62  50  49  55  87  42  26
   69  31  76  41  66 104  70  65  51  50  87  22
   59  53  28  33  16 110  32  29  21  30  81  70
   63  99  19  61  77  17  55 106  99 114  56  22
   87  20  50  87  66  29   9  20  97  46  21  68
   63 103  77  20  98   6 106  82  64  17 100  54
   90  15  83  48  67 119 101  38 103  42  18  87
  102 113  30  68  95  57  42  20
   68   8 104  30 100  29 111 101  41  86  23   5
   97  66  34  34  77 109  34   9  79  88  84  35
   40  90  96  68  17  86  97  72 107  21  34  27
   69  36  45  98  24  44  48  26  33  93  83 110
   89  92 109  24  49  10  86  35 113  19  77  70
   58  38  53 104  41 107  87 100  80  19  62  36
   41  68  44  59  83  19  17  37 103  14  43 109
  112  33  53  95  79  65  17 112  34  43  83  55
   82  95  40 103  37  91  26  35   8  58 105  56
   31  76  37  91  69  35  97  20  70  17  94  18
   87  73  10  60 106  36  17 103 101  67  67  41
   38  31  29  34  30  42  89  23  95  59  90  92
   38  21  83  58  23 108  53  59  90  23  13  42
   80  13  95  48  50  67  27 104  84  88  93  53
  103  99  72  47  61  82  49  60  44  17  41  17
   55  88  39  58  57  80 102 107  71  83 110  50
   59  76  16  79  77  57  46  49
   29  79  69  12  58  29  94   7  50  79  38  11
   49  46 107  57  18  37  65  33  75  21  46  73
   46  95  85  39  67  93  74  34  96  68  87  21
   64  95  47  96  67  48  43  86  91  16  74  86
   99  97 118  59  53  55  26  77  90  40  71  96
   95  78  32  45 100  50  65  75  82  73 106   9
   71   6  58  63  78  35  95  79  81  66  77  85
   50 101  99  24  54  18  79  81  23 101  24  67
   67  37 111  86  44 100  25  65  45  79  91  92
   41  97  73  33   8  68  49  65  98  54  66  96
   37  73 101  44  84  54  30  22  97  69  95  48
   47  72  27  29  51  75  33  27 112  42  63  69
   99  14  21  68  92 108  20  95  67  35  61  56
   90  96  68  90  38  76  43  87  21 101  66  56
   54  58  87  35  87 101  25  89  82  63  83  27
   83  39  65  58  27  26 110  48  76  23  77 112
   69 101  43  96  98  30 103  12
   32  40   7  52  73  99  33  49  24  23  57  84
   32  17  99  83  79  44  32  95  39  46  66  46
   58  86  41  68  99 117  76  78  43  26  26  33
   22  72 104  80  94  41  65  11  96  64  42  31
   26  41  50  69  81  89  91  68  90  87  46  66
   60 100 108  50 104  31  17  67  90  31  51  56
   50  83  30  73   8  52  60  17  54  15  19 102
   60  37  96  27  25  59  21  54  47  92  75 105
   57 104  57  68  88  93 105 101 107  22  16  82
  108 101  86  84  80  53  38  90  59  90  37  70
  101  52  67  29  50  79 106 106  58  19 112 112
   40  62  98  61  46  25   3  16  71  93  54  43
   25  87  55 108 107  86  24  60  93  54  48  66
   78  97  36  97  64  24  66  95  16  92  48  62
  101  62  95  88  21  68  57  37  61  26  71  73
   93 110  90  24  25 115  65  98  38  29  94  88
   33  90 100  92  24  69 101  49
   19  52  97 109  35  89  63  45  88  78 100 118
    6  67  69  62  32  29  98  16  87 114  30  70
   89 100   7  62  47  34  37  20  65 116  81  18
   63  71  83  57  39 110  23 101  32  85  84  94
   87  79  57  28  16 111  62  68  17  72  66 107
   71  51  38  44  46 101 100  13  51  94  55 101
   84  73  92 111  38  72  26  97  60  33  15  50
  108  57  97  66  70  86  66  55  13  75  65  24
   25  52  25  44 110  72  63  76  88  12  75  81
   39  49  73  18  74  60  23 118  43  28  57  28
   34  70  75  38  26  27  18  21  29  40  63  27
   19  44  63  86  14  33  81  81  29  11  67  76
   35  23  69  44  53  61  59  57  14  32  82  86
   65  81  57  55  22 105  65 110  88  86  78  74
  106  25  44  21  41  14  47  52  26  91  25 115
   12  51  25  33  91  77  59  73  65  19  62  89
   47  42 101  28  16  55   6  79
   24  34 113  38  54  52  30  31  84  46  57  30
   85  45  85  83  77  98  95  36  23  11  17 114
   15  80  33  54  47  84  19  26  90 106  69  27
   63  59  67  27  75  68  24 116  46  51  36  80
   76  22  11  67  96  12  49  27  76  82  40   8
   98   4  52 104  75  73 102  81  48  41  46  79
   88  68  39  58  62  30  31  56  69  35  52  91
   27  27  97  62  67  10  78 109  19 119  36  44
   30  23  32  51  72  91  55  90  16  55  23 106
   76  74  39  94  88  62  60  37  61  30  69  88
   80   5  23  76  87  53  78  45  67  19  77  87
  100  33  63  42  74  56  95  13  91  24  33  93
   29  32  72  73  80  80  54  23  13  95  57  94
   52  97  69  28  63  51  96   5  76  75  79  52
   76 114  95  28  14  74  97  57  84  67 108  36
   29  69  21  70  93  68  57  77  93  32  77  56
   33  46 109  89  64  98  89  25
   84  75  94  87  43  20  79 104  36  16  22 107
   80  75  16  30  52  59  94  28  59  66  68  62
   87  11  88  32  64  58  53  51  84  42  49  47
   24 101  62  69  49  57  25  80  67  24  60  50
   50  69 107  57  78  94  89  64  29 101  41  30
   99  58  27  28 102  70 102  22  80  32  66  30
   60  97  70  84  77  40  52  65  55  60  34  63
   87  34  89  88 105  80  56  71  39  22  74  93
   15  37  40  35  23 100  62  35  49  14  60  85
   34  13  42 107  44 106  12  11  94  56  57  45
   98  84  96  61  51  37  45  25  97  41  58  88
   95  33  63  82  90  26 115  44  47  50 100  90
   91  32  41  78  64  87  42  69  80  91  22  23
   21  90  28  74  45  60  80  29  25  99  77  20
   77 108  19  28  77  22  77  48  90  73 106  33
  103  76  96  72  66 101 113  58  70  13  38  52
   36  36 107  55  36  88  35  45
   66  31  13  97  20  87  98  46  93  76  73  84
   37  72  93  53  60  17  77  29  38  72  23  22
   29  40  79 109  79  39  44  65  25  34  60  39
   50  85  62  14  28  61  13  86  27  33  73  66
   83  76  54  64  34  78 118  25  25  30  75  57
   88  95  60  39  81  46  71  22  13 105  11  15
   43  78  16  92  61  33  88 107  73  21  36  75
   95  69  70  58  83  60  85  46  86  21  49  86
   55  16  53  47  17  91  40  59  38  60  46  40
  111  36  96  67  50  61  92  52  53  24  10   8
   40  81  18 114   7  21  89 113  67  77  88  28
   11  43   8  34  34  40  30  86  28  44  13  51
  115  69  46  16  96  29  13  19 100   9  18  85
   58  38  93  92  37  26  86  63  65  26  46  27
   50  70  95 109  62  20  30  49  90  40  43  63
   77  64  73  63  99  91  48  49  51  72 119  66
   85  12  88  34  33  38  50  86
   10  46  54  89  77  63  73  93  27  62  80  70
   30  53  83  14  92  43  93  29  73  85  58  25
   97  56  25  34  34  89  85  46  31  40 109  47
   13  92  84  29  75  45  21  80  88  13  21  62
   58  20  28   4  40  22 105  60 101  77  32  52
   83  43  40  37  59  51   9 102  88  35  96  92
   12  44  50  98  49  64  67  49  34  53  23  57
   73  97  59  32 116  83  61 110  46  43  61   5
   54  23  67 103  14  58  39 100  30  99  69  88
   37  56  36  50  33  45  63  20  37  17  89  53
   65  97 112  55  30  80 101  62  89  71  53  91
   12  53  85  26  85  31  60  95  58  60  97  99
   89  36  28  51  19  33  28  99  20  55  66  47
   60  24  90  86   6  20  64  32  93  69  46  21
   38  75  88  65  21  46  86  53  68  44 100  98
   45  16 108  83  78  60  28  53  28  44  80  89
   96   3  83  70  64  15  74  43
  111  25  88  73  96  64  14  67  27  81  30  76
  103  98  53  20  85  23  71  14  92  81  30  16
  116  59 106  64 103  52  64  46  54  20  53 100
   19  41  57  87 107  32  87  96  85  35  72  24
   57  16  89  55 104  62  55  26  73 110  60  27
   49  82 111 109  81  29  42  43  24  34  72  22
   95 105  97  66  23  92  84  71  20  68  13  68
  112  27  20  33  95  78  35  62  75  49 110 111
   70  22  54  47  57  80  54  79  85  73  79  77
   41  25  42  69  14  67  99 101  63  96  35  44
   39  35  14  65  65  33  31  16 115 105 110  94
   45 102 110  78  35  41  32  83  31  73  96  18
   51  83  93  33  61  30  92  60  97  68  16  51
   88  13  24 102  55  51  76  33 114  36  35  28
   39  80  41  58  35  57  79  65  71 104 113  93
   53  25  82  27  13  84  41  94  90  65  39  99
   66  64  68  19  53  22 100   9
   43 102  83  51  78  57 105  31  53  19 105  39
   27  90  47   8  91  96  90  29   4  98  68  61
   14  53  22  34  59  64  48  93  53  83  94  14
   59  23  79  52  30  56  91  89  29  48  35 106
   76  36  93  93  92  45  16  56  14 101  62  61
  103  75  91  63  75  50 113  50  63  20  23  34
   62  30  73  68  83  70  83  42  67  68  24 104
    9 111  33  87  15  25  23  15  49  52   7  69
   98  35  36  21  52  68 101  82  20  52 102  29
  107  74  35  38  55  24  50  74  45  62  48  36
   88  29  39   9  53  93  94 100  12  87  13  39
   62  89  96  44 113 111  74  50  42  47  72  60
   27  12  70  58  22  35  80  91  58   8  22  20
   55 100  81 101  43  79  38  79  50  65  54  45
   30  61  21  26  62  84  60 115 110  44  15  55
   96  32  56  19  95  70  87 103  74  15  69  98
   42  60  45  21  38  34  75  30
   34  23  86  25 112  22  92  90  65 107   8  42
   39  49  39  45  41  64  59  41  40  38  79  70
   47  70  75  75  55  48  43  80   4  89 108  72
   17  87  40  21 106  33  79  44 110  89  71  42
   23  38  33  69  80  42 113  27  17  22  55  43
   18  99  73  64  66  17  40  65  74 105  61  35
   99  77  83 102  53  50   9  68  46 113  62  74
   50  62 109  99  40  59  43  48  97  84  29  39
  100  63  90 100  80 101  52  60  90 115  22  17
   56  41  26  30  72  45  72  91  23  41  25  21
   63  99  79  49  44  50  85  56  52  43  48  20
   84  22  30   9 100  25  87  28 115  62  82  40
   68  49  52  43  53  10  35  78  66 116  55  45
   54  39  99  66  41  33  58 103  21 110  71  89
   92  99  87  36  44 101  97   7  33  18  28  30
   89  27  79  43  34  87  77  40  58  78  28  76
   14  26  70  92  82 113  18  52
   70  56  96  17  59  30  91  29  41  54 106  58
   66  47  42  53  66  48  48  39  85  19  75   2
   81  26  98  33  48  56  11  80  91  59  14  88
   32  86  82  12  19 109  96  97  58  74  58  43
   28 103  48 101  30  40  38  92  31  98  57  52
   54   9  16  58  98  58  50  45  96  72  35  38
   86  95  23 105  69  29  95 103  69  50  24  87
   47  93  47  88 113  29  59  90  48  58  76  23
   97 107 101  44  51  27  95  52 109  49  60 102
   38 113  99  43  61  23  36  53  75  97 106  97
   60  50  62  24  31  86  35  77  22  55  45  79
   35  95  91  22  64  16  25  83  64 108  36  85
  108  51  15  74  32  17 101  45  98  92  97  12
   59  58  38  31  78  17  92  71  70  80  82  94
   17  32  91 105  87  17  47  22  64  69  54 109
   58  51  56  40  79  91  41  29  36  92  29  91
   37  44  60  33  73 100  36  76
   96  84  29  35  39  56 102  44 113  83  14  44
   17  54  42  79  66  78  41  70 107  60  93  27
   81  11  82  39  73  33  47 110  25  80  82  70
   73   6  26 111 102  70  29  88 100  38  53  78
   91  26  96  58  91  90  63  54  85  10  64  30
   16  45  55  70  80  32  81 109  54  61  76  90
   64  80  62  11  72  88  55  92  41 104  46  40
   48  89  16  25  14  77  43  18  57  92  63  84
   81  92 105  92  51   7  86 103  38  65  54  86
   39  22  47  45  77  50  36  54  84  94  48  42
   24  27  65  97  70  55  84  22  67  94 101  16
   73  40  31  99  44  93  71  54  88  26  76  63
   16  49  29  93  69  91  91  37  36  45  93 105
   41  57  33  87  94   7  33  33  88  65  26 101
  100  79  77   9  72  97 103  54  97  96  89  18
   92  60  60  50  86  66  74  58  60  60 103  89
   65  80  63  42  66  62  83  99
   13  45  68  81  42  45  38  59  91  67  47  79
    8  77  57  93  43  58  34  16  47   6  39  20
   68  20  27  30  40  98  35  19  77  33  79  94
   71   2  49   2  82  61  98   9  32  43  42   8
   99  45  46   4  16  27  27   8  52   5  40  37
   22  41  75 100  66  42  51  98  54  49   9  15
   73  36   6   9  22  97   8  11   9  48  85  16
   39  11   5  76  14  17  25  97  22  94  87  29
   34  63  15  61  95  31  98  18  20  84 100  47
   84  85  37  20  25  60  80  21  24   1  52  42
   10  50  11  79  48   2  52  23  37  90  99  51
   99  89  99  28  77  99  12  91  25  48   8  53
    4  76  63  86  74  39  50  25  93  95  30  52
    4   5  50  99  31  17  38  35  73  67  89  62
    3  74  70  10  48  29   3  28 100  86  64  80
   97  68  78  41  23  48  12  83  95  48  62  77
   70  35  59  82  22   9  52  40
   48  38  33  96  12  58   8  27  33  32  56  63
   64   6  13  66  77  86  89  65  77  57  90  77
   24  95  35  24  50  96  72  50  77  86   5  44
   40  46   2  57   2  24  22  19  69  62  31  58
   21   9  21  25  17  39  27   1  23  75  48  27
   26   4  64  16  54  96  58  73  97  24  30  20
   23  80  19   3  96  98  22  18  98  70   9  33
   46  64  47  99  11  46  16  74  34  95  27  40
   50  25  41  20   4  99  90 100  69  57  94  48
   65  23  79  28  80  31  98  25  85  43  47  57
   57  69  85   2  94  79  55   7  36  32  98  15
   81  83  78  81  11  15  93  89  98  43   2  72
   38  48  36  33  56  83  22  57  36   1   1  40
   30  65  45  99  82  75  77  93  51  82  89  46
   18  11  63  59  16  70  84  34  42  81  67  90
   79  94  69  83  16   1  10  26  59  60  93   2
   62  14  23  89  33   7  21  79
   73  15  62  16  84  75  15  55  62  75   2  76
   10  91  30  45  49  66  97  19  64  54  36  82
   46  61  54   1  34  93  83  57  59  99  20  98
   93  10  66  79  86  88  82   6  12  68  20  75
   15   2  73  30  50   2  20  88  29  82  66  99
   60  10  87  80  99  39  76  60  87  61  83  27
   95  47  61  71  68  89  12  25  72  49  23  12
   34  96  18  86  83  56 100  79   3  51  91  40
   68  46  80  84  91  90  63  34  63  63  88  60
    4  17   4  31  95  19  94  51  38 100  30  12
   84  93   8  25  85  79  96  75  40  32  82  60
   29  59   6  37  66  49  13  59  41  12  96  29
   59  24  38  35  89  75  53   1   6   6  36  24
   33  56   2  21  87   9  30  74  24  30  10  72
   76  16  83  54   5  36  87  56  36  75   2  50
   10  81  87  91  23   5  35  62  69  44   5  14
   86  88  73  12   2  63  75  76
   96   8  84  28   7  71  11  24  40  10  56  56
   91  92  54   8  74  36  92  96  91  74  78  41
   99  27  11  29  80  68  48  88  12  97  76  55
   31   4  79  40   9  37   5  99  13  77  36   7
   83   6  59  13  95  65  32  24  32  39  51  65
   47  14  26  51  43  47  41  54  32  42  28  71
    9  11  36  97  16  45  95  90  16  85  93  39
   60  89  36  36  53   1  20  44  27  17   2  63
    5  59  67   2  75  40  96  46  55  35  39  26
   63  48  73  86  86  79  84  53  48  99  30   6
   78  14   5  42  83  32  15  50  12  35  45  76
   25  50  26  91  63  13   4  63  22  37   8  22
   10  88  23  32  25  48  53  58  24  80  96  37
   84  10   6  41  79  78  65  54  45  24  55  35
   48  44  20  85  55  66  39  25  99  16  96  53
   56  85  47  23   3   4  84   6  91   3  14  63
   22  90  17  14   3  14  23   3
   78  39  94  98  31  96  97  32  84  26  13  81
   55  18  30  69  55  51  81   1  88  80  44  55
   47  34  24  81   3   4  54  92 100  45  90  54
   52  63   3  87  33  13  66  53  71  87  61  52
   45  18  61  17  73  60  32   4  13  96  19  89
   50  22  46  63  94  41   9  20  74  64  65  56
   27  96  32  61  97  36  79  13  29  63  21  70
   54  40  11  69  95  96  35  12  53  33   9  64
    4   7  64  51  87  29  53  44  10  58  29  60
   28  93  53  56  49  69  78  17  24  48  49  55
   38  15  91   3   7  70  10   1  71  24  78   2
   86  89  34  55  23  78  75   7  53  91  50  87
   49  17  52  12  75  18  16  69  83  32   7  18
    3  62  19  78  39  71  66  29  64  75  77  96
   11  37  87  55  67  60  37  12  71  85  59  10
    2  77  77  15  74  28  96  13  34  40   3   2
   51  31  47  87  13  17  49  74
   76  82  15  69  40  69  14  75  12  60  24  98
   53  81  97  29  40  91  15  49  83  99  95  48
   45  83  23  48  59  10  61  16  47  51  71  84
   42   8  35  73   2  22  68   6  32   2  44  26
  100  35   9  22  61  11 100  39  70  38  71   4
    3  64   2  39  74  92  23  83  61   4  32  12
   13  69  16  53  79  78  62   7  21  49  87  65
   35  52  48  32  70  27  62  36  44  99  31  57
   66   5  50  39  55   3  38  13  54  97  47  12
   54  57  85  91  11  32  35  51  64  70  71  46
   53  44  81  15  42  59  81  89  32  81  39  22
   82  51  87  96  33   3  48  53  15  85  48   3
   78  77  35  49   6  12   5   5  30  86  11  11
   55  91  88  59  79  21  71   3   3  95  14  84
   58  81   3  48  21   8  82  60  33  83  71  31
   19  21  81  27   7  50  35  96  43  41  84  85
   17  17  33  53  74  81  50  97
   66  41  80  71  53  74  11  45   2   1  58  45
   96  32  13  63  20  97  84  82  95  97  46  26
   33  37  78  94  70  75  15  15  19  66  81  81
    7   7  42   3  24  75  47  39  60  79  68  54
   59  96  50  52  52  21  49  27   6   4  80 100
   69   2  59  71  11  14  46  54  68  33  89  28
   88  84  71  75  72  71  49  31  19  17  98  21
   70  13  62   8  52  55  87  36  21  95  72  75
    5  82  13  62  48   2  40  45  57  27  69  29
   42  55  42  19  61  58  67  62  63  21  71  92
   34  88  35  76  37   7  41  53  60  70  18  80
   57  63  79  78  91   2  76  74  83  81  33  42
   47  19  92  50  43  96  63   6  13   4  61  94
   31  84  52  27  42  78  96  82   9  65  95  52
   54   8  30  84   6  98  10  24  39  98  11  60
   20  87  25  71  50   1   2  65  12  78  91  22
    9   5  87  43  14  57  74  91
   47  95   2  81  13  84   3  18  64  26  85  99
   18  41  84  77  41   8  71  99  29  32  27  74
   66  17   9  41  98  33  20  41   3  81  74  81
   51  69  72   9  85  75  64  76  83  17  22   9
   25  22   2  78  66  96  24  68   4  93  31  43
   46  79  62  15  78   9  21  19  39  86  41  73
   78  38  62  56  37  83  89  67   7  97  71   3
    5  87  59  19  40  53  85   5  81  63  26  49
   29  19  68   8  78  24  87  76  95  55   6  54
   81  31  66  18  39  75   5  85  47  93  10  90
   27  37  99  43  10  72  85   8   6  49  45  64
   73  72  86  81  90  66  22  85  18  49  30  25
   73  94  31  44  95   7  53  47  17  85  99  71
   31  96  21  55  60  41  78   2  25  21  18  55
   14  12  38  65  50  28  55  54  62  94  77  90
   51  15  66  54  62  37  15   6  49  28   7  56
   46  35  94  36  37  60  58  62
   89  36  50  99  59  82  25  99  61  37  64  91
   59  70   7  62  87  79  52  69  39  85  59  40
   57  19  34  63  37  23  28  80  11  39  32  84
   48   8  66   8  45  55  76  23  22  93  29  29
   12  10   2  49  61  64  78  27  17  78  44  14
   24  34  78  67  20  63  49  45  25  45   2  95
   37  97  62  53  30  71  23  34  38  44  38  27
   61  15  20  88  48  95  32  35  97   8  79  41
   46  74   6  26  69  13  88  54  66  32  28  27
   63  22  43  73  97  50  67  46  20  55  40  18
   83  40   1  71  36  64  83  92  21  42  10  68
   62  30  81  78  64  27  77  85   3  63  46  37
   20  95  95  49  18   3  94   9  51  77  58  64
   22  20  48  17  73  33  64  17  84  14  36  59
   60  50  18  73  29  13  86  19  36  49  28  78
   35  76  37  54  82  78   8  57  35  93  29   5
   36  16  76  14  17  81   7  91
   74  78  98  55  39  12  80  66  80  80  61  20
   83  99  20  32  23  64  81  10  78  71  37  66
   59  34  64  45  15   1  42  31  60  77  76  78
   92  43   9  22   9  69  46 100  24  41  69  72
   94  71  61  37  32  23  18  51  22  29  72  50
   48   5  10  64   6  74  88  38  20  85  60  50
   68  28  82  33  99  53  46  87  48  92  86   6
   55  78   7  88  90  59  93  62  64  21  39   1
   54   4  57  43  15  24   4  10   7  88  93  26
    6  19  22  36  29  62  79  25  47  21  74  36
   10  59  49  88  60  32   3   1  52  98   4   3
   76  41  13  59  68  86 100  88  39  22  66  76
   82  15  59   3   2  34  90  52  27  62  61  38
   30  23  71  22  47  91  48  25  98  21  56  57
    2  54  23  28  94  46  52  67  55  83  48  47
   16   1  29  95  86   3  49  20  70  76  17  22
   84  18  12  19  78  47   7  62
   83  67   6  11  83  19  54  60  19  40  15   2
   97  41  44  51  79  77  17  95  21   5  82  41
   20  14  97  52  57  79  76  97  40   1  33  95
   50  49  25  54  80   9  95  19  86  19  19  12
   24  23  45  80  95   8  41  38  94  48  37   9
   48  53  67  69  60   5  17  95  58   9  65   7
   31  31  25   5  79  47  93  21  57  82  91  62
   12  57   6  49  33  31  38  64  93  45  45  94
   93  66  82  73   7  33  48  29  19  95  30  21
   76  62  43  90  28  42  80   2  68  90  51  85
   82  48  27  81  90  91  84  85  89  71  52  90
   95  59  49  32  93  87  33  29  75 100  41  31
   84  89  37  61  64  43  51  58  94  87  26  22
   41  31  59  54  95   8  51   9  24  23  41  28
    5  95  58  91  75  98  61  56  78  11  84   3
   99  53  79  80  17  35  59  46  42  97  44  13
   63  61   4  89  90  62  99  29
   84  80   5  68  59  67  84  76  33  61  56  80
   30  63  30  23  40  22  16  74  85  97  93   5
   92  36  78  49  61  33  92  80  29   3  35  76
   44  51  46  85  33  40  78   2  67  60  67  27
   38  94  96  44  15  91  69  83  26  32  77  94
   18  99  65  11  28  45   7  21  54  61  66  36
   22  47  70  60  53  78  79  59  36  76  50  26
   91  75  12  54  44  93  29   5  92   1  71  70
   72  85  84  54  31  26  60  28  91  58  97   9
   27  45  81  22  24  44  43  73  52  77  36  19
   38  98  97  30  25  64  24  62  51 100  34  29
   12  71  42  65  31  51  24  98  29  87  87  18
   91  75  39  39  39  24  55  80  95  24  48  23
   56  18  38  88  55  68  18  97  39  27  27  50
   30   3  15  83  98  33  14  49  29  48   4  74
   91  44  85  39   9  47  46  38  24  87  29  50
   73  65   4  13  51  18  31  84
   23  39  21  31  67  94  31   4  72  94  89  11
   34  35  96  82  58  58  12  92  53  41  39  49
   20  94  28  87  50  53  60  66  21  71  53  59
   82  17  44  50  59  63  87  25  37  84  51  70
   61  48   7  59  29  11  25  53  81  10  68  88
    3  56  86  78   7  34   9  96  35  85  38  81
   51  14  44  20  31  68  59  51  60  46  70  51
   25  79  13  32   8  33  63  36  80  97  38  24
   97  80  78  75  92   6  55  78  65  99  51  26
   84  92  64   6  73   7  95  98  10  52  45  68
   15  21   7  58  51  80  57  83  13  68  57  25
   22  81  39  23  20  77   3  73  64  62  10  16
   19  84  75  33  51  33  66  41  22  28  89  87
   82  13  88  37  69  51  37  75  91  20  33  94
   33   3  90  91  40  82  37  59  16  36   3  83
   17  30  19  32  46  10   6  53  44  97  73  66
   84  84  11  58  70  26  79  74
   41  72  99  17  85  23   5  70  15  36  38  32
   77  45  23  61  53  90  30  80  82  32  93  94
   75  71  34   8  38  72  71  43  86  75  47  66
   67  19  42  93  76  57  98  22  78  81  33  41
   24  36  57  53  68  36   2  92  91  89  27  45
   17  14  46  65  28  56  45  97  90  12  97  89
   68  38  87  19  43  83  25   5  33  95  66  30
   13  47  32  60  29  51  27  62  25  81  58  20
   50  88  53  57  88  22  79  54  73  50  64  68
    3  71   9  48  64  42  14  59  49  88  92  95
   73  30  93   6  95  94  16   3  36  41  30  91
   96  72  96  84  76  62  85  17  92  66  91  69
    2  44  59  86  11  78  92  94   6  94  84  20
   62  75  27  10  70  85  33  48  46  83  57  75
   60  47  11  10  46  89  83  62  28  73  60  57
   32  40  41  52  12  18  59  53  60  46   1  37
   35  93  23  70  72  76  70  23
   96  65  61  25  25  51  30  14  77  48  36  43
   74  66  19  94  16  72  26  79  29  30  50  77
   10  48  78  86  68  23  30  61  73  80   7  60
   92  22  30  87  41  65  90  38  19  91  88  40
   61  88  78  99  78  92  13  45   1  32  86  67
   23  74  77  69  45  67  94   5  21  81  21  24
   95  58  54  17  55  49  53  60  69  62  81  54
   30   6  48  73   3  29  59   7  64  70  50 100
   49  97  39   6  93  55  66  20  78   3  39  29
   72  64  74  53  77  68  44  90  71  94  19  62
   51  14   8  52  78  35  10  54  22  47  49  15
   99  65  26  76  27  71  56  22  56  60  14  18
   24  80  80  59  88  83  84  11  84  60  46  55
   54  92  19  30  99  89  39  79  25  38  64  91
   77  40  17  46  93  61  33  54  43  72   2   8
   69  95   9  19  37  43  83  63  75  67  39  28
   20  99  20  50  56  96  40  66
    8  79  15  32  13  44  99  53  83  25  72  35
   11   9  62  95  34  88  39  93  15  32  73  97
    4  50  12  55   9  67  41  58  64  87  60  16
   99  65  47  21   9  75  28  20  18  77  45  79
   54  88  30  60  16  51  64  77  40   1  57  77
   71  35   7   4  31  83  72  62  84  74  46  97
   14   6  14  53  79  12  31  46  98  35  89  35
    4  91  84  86  20  40  84  44  27  53   1   2
   35  83  55  64  45  36  49  24  25  31  32  26
   74  78  71  35  93  43  20  10  55  16  84  65
   69  80  95  45  54  83  76  91   4   3  10   9
   58  15   9  40  70  66  86  27  77  40  20  86
   68  27  24  73  49  90  18  53  18  39  92  69
   29  93  84  13  65  55  38  87   1  76  78  84
   77  26  78  47  68  63  28  38  48   2   4  15
   61  79  36  90  90  30  79   8  30  46  79   6
   45  56  44  90  51  84   9  99
   73  17  30  55  24  48  14  82  61  92   2  78
   82  13  68  98  14   8  12  82  98   6  44  46
   92  59  87  75  58  38  70  22  58  22  15  95
   51  96  34  57  81  49  29  13  74  54  76   8
   32  75  24  23  27  57  89  63  90  16  47  55
   13  36  26  40  36  63   1  66  44  97  88  84
   57  90  41  43  32  32  37  75  46  51  78   2
   96   6  84  18  96  78  81  90  62  67  99  49
   12  83  68  83  56  43   6  34  95  60  17  87
   12  41  81  69  59  78  55  37  65  46  57  78
   18  90  69  98  61  26  23  19  90  28  98  66
   44  26  18  72   1   1  37  64  68  72  40  56
   79  99  34  47  87  70  40  13  58  95  92  98
   64   5  25  16  77  37  71  32  64  40  54  68
   78  55  82  91  57  21  43   5  10  58  95  49
   19  71  63  87  25  36  31   8  28  95  37   9
   78  55  66  98  70  76  45  89
   73  92  18  83   5  84  19  15  49   4  95  62
   66  54  63  61  75  38  52  62  77  81  34  45
   67  47  35  39  58  58  59  39  98  16   3  30
   88  16  77  98   4  69  25  60  10  20  38  69
   81  65  80  44  23  71   3  80  86  97  63  76
   91   9  44  46  39  98  73  41  38   6  43  68
   18  33  25   8  49  70  93  34  63   5  42  32
   69  49   2  17  76  52  60  54   6  23  82  75
   18  48  26   2  25  10  61  55  13   5  94  87
   57  63  77  87  44  67  34  11  89  71  77  88
   56  18  25  55  73  59  22  61  55  75  56  93
   21  89  80  95   9  92  28  82   3  57  34  64
   43  60  52  63  52  96  75  30  48   4  52  65
   65  76   7  37  72  86  60   3  94   2  44  21
   27   5  22  76  58  12  10  97  83  92  92  73
   31  84  41  73  73  19  37  65  52  33  85  37
   90  91  35  11  20   5  98  65
   41  55  21  89  56  76  28  82  74  55  12  61
   54  55  70  60  43  72  60  75  18  83  42 100
   33  89  22  76  57  56  95  31  24  60  92  27
   71  32  21  99  87   2  10   7  53  40  53  68
   86   2  54  13  87  73  69  18  78  13  49  57
   51  94  86  45  10  55  58  73  14  33  68  64
   21  17  89   8  36  85  15   9  46  53  92  27
   71  14  73  26   7  84  57  13  66  50  31  83
   23   3  18  65  58  90  18  63   2  61  51   2
   76   3   5  67  44  86  73  56  44  17   6  13
   44  67  46  79  76  32  77  34  87  63  70  40
   78  17  19  84  51  97  91  24  49   4  70  32
    6  64  96  35  81  93  14  64  13  23  14  92
   56  54  75  83  27  99  15  33  49  23  22  13
   94  87  12  13  29  99  62  88  55  49  61   2
   55  56  49  66  38  12  61  89  79  28  74  19
   66  72  50  82  45  20  75  36
    8  32  84  74  69  63  17  64   6  23  90  67
   98  50  70  36  41  29  70  50  10  52  20  84
   28  94  32  78  41  76  73   4  80  36  31  32
   31  99  85   9   8  45  73  14  15  75  60  39
   20  85  10  49  25  30  50  57  26  94  44  88
   93  61  56  50  32  82  24   4  53  44  26  28
   43  35  49  92  32  22  59  24  62  10  66  74
   57  16  99  93  91  38  69  93  55  19  42  19
   30  23   4  16  51  97  30   2  78  45  59  31
   66  91  55  69  32  54  78  54  23  14  56  72
   87  76  49  22  41  51  21  85  38  10   9  94
   38  64  87   5  76  27  43  57  32  85  39  52
   94  71  86  16  36  24  11  70  79  64  22   2
   65  59  82  28  21  95  79  69  31  45  86  16
    5  33  40  96  44   9   1  49  14  14  30  85
   12  51  52  64  34  51  28  59  43  46  17  24
   44  32  56  66  44  43  19  13
    385   401   405   370   389   378   406   397   385   384   420   411
    401   435   430   395   428   409   403   382
