 25  90
   98  49  26  86  82  79  84  28  19  75  28  26
   19  51 114  43  93  86  29  43  71  97  58  23
   83  34  84  57  80  37  97  44  49  71  78  89
  103  20  69  30  16  93  92  52  50  40  98  20
   63  48  85  49  24  53  43  30  53  78  70  61
   69  56  63  65  41  66 100  28  89  97  34 102
   79  61  70  38 111  43  40  48  98  45  66  21
   93  79  95  45  30  69
   50  70  69  44  87  61  26  98  62  35  37  36
   20  85  51  87  64 106  93  81  12  35  53  63
   17  72  82 118  63  69  21 107  77  92  93  58
   52 104  47  73  52  30  83  31  53  15  27  56
   99  70  53  34  47  87  38  45  93  86 101  69
   25  42  67 109 109 101  89  26  40  41 100  69
   41  15  16  72  21  43  73  74 111  72  78  90
   31  46  86  45  40  99
   36   7  29  68  19  21  79  36  51  65 101  24
   57  52  70  75  13  70  82  48  75  41  11  99
   78  69  58  23  69  31  81  44  56  95  15  31
   38  91  84  25  27  42  39  18  34  30  93  37
   45  34  97  47  46  89  79 108  42  24  39  87
   91  37  18   7  95  73  83  35  20  99  15  19
   14  37  48 112  68  69  26  53  80  59  27  60
   68  21  28  83 103   9
  103 114  54 101  30  83  33 101  54  50  73  83
   36  42  80  53  45 117  15  14  43  24  58  40
   58  38 111  27  26  45  30 107  38  30  54  92
  102  39  40  26  83  21 109  80  81  13  89  81
  112  23  13  86  38  57  89  85 101  73  17  51
   41  20  41  59  64 103  68 101  82  50  99  90
   26  68  27  17  46  25  46  83  40  44  19  17
   45  95  33  79  18  24
   88 100 107  22 105  86  66  18  32  74  37  60
   70  21  57 117  29  76  11  43 107 103  42  34
   31  20  43  82  11  92  92 108   9  97 101  76
   83  79   9 104  63  86  15 112  72  53 100  11
   64  46  98  94  90  95  37  69  72  71  58   5
   98  44 101  29  20 104  24  70 102  10  99  63
   38  14  70  56 104  16  48  71  66  50 110 105
   28 116  91  58  37  58
   48 104  81  86  33  26  44  62  79  64  43  56
   69  78  41  95  69  63  46  52  27  54 108 101
   23  69  24  42  74  93  51  45  65 113 106  52
  108  42  63  30 104  12 110  69  43  41  81  98
   55  48  98  42  91   6  85  84  93  73 111  52
   48  70  48  51  82  75 108  63  13  97  52  89
   71  53  28 104  13  21  67  74  48  58  78  15
   21  12  33 112  15  31
   41  57  33  39  88  85  67  22 113  75  31  66
   22  19  27  59  65  71  22  69  13  60  44 103
   59  67 112  13  89  51 104 100  49  74  56  12
   84  29  89  44  25  42  36  61 110  73  37  30
   81  70  79  30  68  83  99  87  97  64  92  88
   74  65  51  88  76 113 103  21  59  29  81 107
   13  56  39  55  25  26  46  75  14   5 102 101
    7  16 105 102  24  64
   67  24  26  28  16  52  87  13  73  69  54 117
   81  61  48  72  92  37  46  87  77  24  25  88
   88  83  31  45  44  98  23  42  18  76  62  95
  106  74  39  83  49  48  19  91  57 115  97  90
   69  81  44  98  37  92  97  13  82  18  61  61
   74  77  11  43 104  81 104  77  83  15  93  43
   36  83 105  30  92  58  61  44 106  70  77  98
   39  82  51  52  43  63
   26  50  28  42  27 104  70  95  18  26  81  69
   29  37  95  54  46  75 116  73  30  99  17  77
   99  59  13  63  87  50  19  20  78  32  77  76
   75  65  22  46   9  49  62  32  25  20  36  23
   57  70  66  67  92  47  43 107  50  17  46 100
   35  63 110  26 110  79  80  58  34  64  49  57
   29  39  55  52  70  31  29 118  52 116  50  83
   38  38  33  37  11  94
   88  54  92  52  73  28  61  71  65  46 100 110
   13  27  68  75  56  22  34  24  55  99  84  28
   38  11  50  77  46  31  56  58  75  31  35  85
  101  54  89  44  73  57  75  24  60  80  16  37
   59  71  31  45 100 105  81  83  87  77  24 104
   73  92  19 104  71  25  50 103  84  49  20  74
  111  94  39  84  22  95 104  29  56  98  21  35
   62  68  97  84  62  85
  110  56  58  75  33  77  50  46  79  76  27 110
   93  36  90   7  90  22  55  23  29  39 100  40
   38  48 113  70  33  71  65  56 100  66  91  88
   51  35  63  63  75  87  71  87  42  26  53  52
   49  31  41  53  34  75  40  52  99  37  91 106
   25  62  88 108  45  12  27  15  19  56  45  22
  105  98 110  47  30  16  16  72  97  57 106  29
   41  65  66  69 101  51
   82 103  59  39  76  36  56  62  80  99  75  22
   62  34  22  94  74   6  39  44  44  36  35  37
   43  28  82  82  31  30  52  41  64  28  91  91
   52   6  47  39  87 110  55  90 100  53  68  73
   31  92  94  40  32  33  79  68  43 101  24  21
   13  17  51  83  50  61  54  74  52  25  36  98
   39  92  42  90  18  32  89  23  48 100  14  84
   38  28  48  25  28  81
   40  21  59  60  20  72  93  79  15  49  52  31
   36  43  97 110  88  92  57  45  34  26  73  72
   37  61  94  98  25  40  35  97  42  91  10  63
   80  67 102  20  69  12  72  23  78  87  94  38
   92  66  17  64  98  57  61 106  36 100  61  19
   95  37  77  16  15  39  69  37  94  61  75  71
   88  85  80  83  97  71  51  34  18  61  93  64
   38  28  30  23  28  49
   39  95  91  75  66 110  37  36  94 106  29  55
   74  99  23  23  52  47  93  73  58  10  63  93
   83 107  55  97  48  24  59  73  25 111  98  36
   56  34  81  91  66  50  50  23  24  48  81   8
   41  30  76  64  73  84  70  20 103 105  63  82
   18  58  60  94  72  66  37 108  94  78  79  46
   31  67  95  73  97  23  82  18  46  14  30  88
   63 108  81  66  48  24
   37  59  99  66 109  50  85  81  87  17 109  55
   15  90  45  28  56  82  53  64 101  72  22  85
   59  16  74  19  61  15  14  45  77  95  97  91
   16 104  18  64  82  70  11  75  96  84  57 103
   83  73  20  30  50  75 105   8  57  25  83  46
  114   8  49  51  60  51  99 104  93  64  77  47
  112  79  80  52  31  11 106 103  84  46 111 108
   58  88  12 100  62  14
   77 109  45  43  59 110  97  79  35  53  85  15
   98  81  69 106  73 113  86  30  79  61  13  87
   23  10 100  36  63  56  56 103  80 100  51  11
   24  82  91  94 107  95  96  96  36  52  32  53
   98  65  11  21  96 102  77  54  21 100  98  39
   93 104  47  18  71  98  51  10 100  58  52 110
   91  79  22  81  55  36  91  37  88  25  72  36
   95  62  73  43  90  63
    4 112  28  76 102  56  59  66  78  59  38  99
  109  23  81  95  58  95  43  70  35  27  38  72
   87  63 100   6  21  59  68  60  27  95 104   4
   32  73  16  18  87  84  35  50  20  24 100  19
   37  66  91  80  80 101  76  24  72  72  85  73
   76  77  85  91  27  49  47  19  54  12  29  73
  108  91 102 104  75  91  68  96  20  75 104  31
   30  87  46  30  50  73
   98 102  35  35  56 107  53 104  82  14  29  39
   96 112  23  96 101  87  32 104 110  20 109  13
   59  60  90  33  75  70  56  67  21  95  47  67
   77  63  73 103  21  73  15  51  70  58 100  61
    9  42 110  94  59  18  37 109  37  47  55  96
   97 114  88  41  46   9  24  80  80  22  59  76
   17  30  76  37  62  37  55  27  64  79  75  99
   98  26  61  63  20 114
   28  90  75  43  17  19  30 102  55  24  72  68
   60  49  47  15  94  41  64  54  39  55  33  47
   48  68  55 103  79  77  54  42  81  19  74  59
   54  39 105  62  41  49  39  30  47  44  41  23
   69  59  26  42 108  81  51  54  60  94  34  96
   53  42  82  89  74 102  24  41 105   7  45  25
   80  80  78  45  96  85  94  37  36 117 100  20
   15  86  59   6  72  67
   98  66  23 111  96  61  39  78  64 106  86  72
   21  17  23 114  91  23  30  73  77  76  72  82
   44  53  19  77  21  80  93  48  10  42  21  29
   27  25  84  70  13  65  30  96  75  46  35  23
   16  40  73 103  61  44  15  56 117  97  83  93
   36  22  89  78  66  70  81  56  58  72  87  85
   24 101 107  99  79  91  92   5  83  81  81  22
   59  64  79 104  74  58
   46  75  38  53 101  45  42  96  76  38  48  26
   38  95  97 112  76  22  64  81  82  72  88  70
   23  73  29  83  30  30  25  45  68 107  90  35
   63  94  64 103  33  90 100  98  65  66  86  26
   19  25  49  29 105  24  77  25  66  51  36  27
   59  35  20  20  40  44  45 109  89  50  95  14
   55  41  87  73 104 113  51  58  69  95  16  25
   49  44  53  93  17  59
   23  54  87  82  26  54  33 101  48  88  26  81
   30  14  66   5  65  81  79  38  40 106  55  16
   63  82  99  84 101  95  56  12  31  30 106  67
   35  30  52  86  88  60  57  24  31  33  78  75
   20  47  91  34  36  37  40 103  59  87  64 106
   55  97 113  29  37  96  47  77  52  27  65  26
   63  18  47  21  12  76  59  34  84  88  89  60
   51  75  48  12  69  78
   93  42  82  82 113  76  22  24  62  34  67  36
   99  76  13  94  29  77  63  50  29  89  40  44
   47  66  46  29  76  40  72  62  19  44  41  47
   76  38  37  98  33  55  90  62  39  96  64  78
  101  16  17  62 105  78  75 100  37  31  79 112
  101  84  38  88  29  99 101  33  63  46  28 107
   33  37  57  39  85  86  11  57  71  42 109  54
  108  42 103  34  91  38
   32  71  27 101  61  34  41  64   4  35  76  96
   22  71  85  75  14  18  44  98  15  53  37  73
   79  19  39  22  82  77  64  63  56 104  19  69
   26 103 100  50  56  31  37  54  45  35  69  28
   47  99  48 111 110  33 109  48  22  33 111  29
   90  95  68  57  63  67  27  24  63  28  45  77
   75 118  35  41  79  98 102  75  31  82 102  28
   60  51  66  42  55  19
   67  26  93   6  67  31  21 104  53  17  31  55
  111  90  25   4  52  97   7  67  53  72  24  61
   44  29  69  37  68  16  66  77  52  42  41  87
   92  65  22  84  68  26  71  92 102   7  86 106
   27  48  91  28  34  29 114  22  93  94 113  66
   58  84  21  47  99  25  42  94  14  46  79  70
   67  33  49  73 101  30  41  62  92 106 103  54
   69  99   4  25  75  89
    8  65  94  21  21  37  18  79  90  35  84  81
   97  65   1  64  21  30  81  69  44  12  48  95
   32  81  29  62  22  73  16  62  57  37  41  28
    7  96  37  75  88  23  25  59  55  69   9  89
   47  56  18  68  79  65  75  72  64  29  32  47
   35  62  40  50  76  50  19  88  24  11  76   9
   35  54  40  69   6  74  62  60  22  66  53  98
   26  28  16  67  86  33
   59  38  49  67  32  42  89  21  51  73  70  78
   99  24  67  27  39   6  26  36  94  72  58  43
   86  35  28   2  48  35  90   5  33  22  18  47
   54  13  66  31  56  72  23  78  66  97  92  56
   11  37  58  75  65  33  69  75  14  22   3  44
   78  73  42   1   7   9  28  78  70  70  16  34
   69  95  99  36  89  59  37  44   5  39  35  30
   83  67  30  67  79  21
   75  97  76  35  98  91  31  66  66  38  12  82
   46  67  37  30  93  37  38  70  36  67  93  18
   41  35  60  91  42  89  37  65  53  17  97  75
   72  23  23  78  86  63  73  98  78  81  24  78
   68  82  15  60  66  16  33   8  73  87  69  17
   28  70  86  95   7  42  27  85  86  15  96  93
   98  77  62   5  43  34  92  62  22  52  83  56
   52  82  84  34  12  97
   13   6  64   3  75  28  74  14  57  60  43  37
   67  70  27  49  74   3  92  99  68  81  47  70
   47  82   8  84  92  57  87   8  70  85  56  19
   15  65  67  83  23  82   2  28  32  98  23  29
    1  88  89  17  70  50  26  25  16  47  96  60
   70  88  70  46  49  11  46   6  21  60   8  27
   80  50  78  95  66  91  58  28  65  61  92  89
   66  12  77  27  84  93
   14  15  11  90   6  26  37  87  82  32  66  51
   34  83  60   2  81  42  96  72   5  12  60  76
   75  96  74  37  95  20  19   5  96  17  13  30
   22  31  95  13  49  30  95   7  47  57  16  96
   46  67  22  17  21  25  69  40  42  32  53  99
   20  70  16  80  82  15  87  32   9  96  15  45
   73  89  35  47   9  89  56  47  53  57   9   8
   80   2  12  46  83  62
   54   3  26  19  71  90  59  45  27  51  74  63
   39  29  69   8  46  43  57  66  90  54   4  10
   84  49  93  77  31  23  55  67  46   3   8  54
    3  75  55  81  12  91   7  43  61  79  28  22
   53  62  20  72  22  96  17  34   9  37   5  63
   62  48  62  52  22  45   6  48  93  10  53  21
   36  58  87   1  89  99  35  37  60  54  26  87
   81  96  78   3  91  74
   68  52  85  74  27  31  49  92   4  27  77  49
   97  83  78  49  48  45  93  33  89  54  63  12
   53  44   1  89  25  51   8   5  66  31  61  99
   21  84  22  65  87  72  75  47   6  44  66  72
   32  45  37  81  36  30  21  30  14  53  10  32
   36  51  56  19  36   5   3  88  46  82  25   8
   94  53  69  48  78  85  65  27  96  98  13  18
   95  97   7   9  86  55
   36  86  83  86  98  63  21  94  47  51  64   2
   25  58  65  41  27  68  62  15  34  87  89  24
   25  34  73  62  68  17  89  61  88  36  48   8
    9  41  78  35  59  65  98  11  56   5  17  13
   42  32  65  16  83  23  14  94  33  97  50  49
   39  25  91  66   9  24   8  29  22  99   9  66
   79  28   2  88  12  62  47  64   3  50  26  12
   71  33  60  52  64  40
   85  69  92  72  78  12  38   7  92  81  23  46
   85  74  16  63  71  36   3  32  82  15  95  40
   18  43  95  46  23  70  90  89  35  71  36  37
   32  52  91  63 100  68  55  81  89  94  66  87
   49  39  36  48  17  65  59   6  67  91  69  13
   75  44   7  80   4  40  30  48  84  56  71  59
   85  77  58  63  44  74  82   2  52   2  63  22
   75  76  85  70 100  13
   20  58  18  66  34  75  58  38  52  66  17   2
   92  79  39  35  63  89  84  81  54  19  23  87
   74 100  58  35  73  80  51  59  32  88  67  25
    1  62  24  74  39  60  41  83  47  38  96  66
   50  49  78  63   6  15  28  34  24  38  82   6
   39  15  97   7  46  95  62  12  31  70  85  36
    8  22  81  32  95  24   7  82  46  15  90  71
   54  47  20  26  57  34
   10  55  55  42  79  39  56  59  40  40  87   2
   21  84  17  98  24  98  49  79  83  77   2  63
   78  54   4  38  71  38  44  48   4  41  13  22
   51  74  43  47  44  24  40  32  69  87  64  58
   60  85  67  62  78  33  63  53  14  70  14   2
   83  51  17   9  70  92  80  92  89  58  69  97
    4  12   1  59  77  94  88  45  22  63   2  91
   76  46  37  50   5  56
   22  17  52  72  40  70  49  52  26  13  40  85
   57  75  83  17  45 100  77  58  66  83  78  79
   61  92  38  21  74  72  61  61  50  82  25  26
   66  96  63  70  16   8  57  26  19  54  36  34
   82  28  22  65  77  69  35  46  59  13  84  85
   99  88  61  30  58  42  63  40  56  83  66  10
   80  19  68  26  93  79  23  95  60   2  97  24
   68  78  54  83  74  32
   66  85  50  45  83  31  23  34  96  55  68  86
   67  60  23   7  18  13  48  71  81  89  32  46
   71  55  18  13  84  77  72  21  73  24  96  50
   36  48   2  82  40  95  39  80  26  32  17  75
   26  52  89  47  20  49  56  10  78   2  45  90
   17  72  27  94  99  66  39  66  21  43  43  33
   19  32  30  24  19  49  68  83  86  58  10  43
   80  74  78  80  75  58
   73  24  16  27  37   4  71  83  25  14  81  50
   43  19  92  92  58  56  15  33  52  95  44  11
   24  10  64  14  59  94  47  33  88   7  20  67
   58  77  28  18  41  61  55  97  87  71  38  99
   74  83  27  49  32  35  36  91  16  12  41  22
   94  52  42  21  31  54  83   8  25  24  36  62
   84  40   9  34  14  81  37  90  65  88  89  21
   51   8  36  44  70  87
   74  59  14  47  11  58  31  33  33 100   3  56
   99  13  71  88  63  36  49  52  14  41  96  34
   46  95  30  91  51  92  91  64  35  23  10  20
   92   3  93  47  23  35  91  29  20  28  50  11
   22  34  96  78  54  42   2  94  54  86  36  72
    3  96  65  60  58  63  14   5  20  38  39  66
    5  41  32  63  79  96  13   6  24  69   9   3
   62  28  97   5  51  96
   40   6  72  73  51   9  13  31  84  55  28  92
   22  24  33  14  46   5  22  88  36  53  99  26
   86  94   2  66  56  55  52  10  25  12  62  96
   79  32  12  20   4  11  11   9  82  55  86  64
   13  45  99  84  24   4  27  57  85  14  18  68
   26  16  58  89  43  18  51  96   2  55  59   2
   20  31  94  23  51  80  19  83  32  79  38  75
   25  43  45  70  23  42
   98   4  89  37   9  48  47  52  33  57  70  15
   10  91  27  24  47  10  66  41  81  87  68  47
   28  47  10  96  97  47  39  48  84  22   4  98
   80  37  97  84  30  28  74  66  88  96   8  92
   78  45  29  35  22   5  44  87  48  46  29  44
   33  25  30  27  87  63  73  84  52  99  76  41
    1  22   3   5  27  15  35  21  98  31   5  83
   74  24  65  74  53  42
   21   3  78  73  47   7  54  13  31  94  91  72
   15   2  94  13  15  29  70  10   6  87   6  91
   60  55  22  77  43  47  62  41  97  11  62  35
   42  56  45   9  90  32  87  60  35  49   6  50
   93  76   9  14  60  96  70   6  70  58  48  15
    9   1  26  76  74  98  96  29  39  96  57  26
   94  82  38  71  49  69  47  79  54  34  31  20
   17  84  47  53  88   2
   81  30  30  64  89  96  89  10  55  85  34  48
   53  58  56  87   8  68  52  65  80  48  79  61
   56  40  61   4  31  43  56  73  35  98  37  43
   64  70   1  55  67  69  67  87  67  71  63  93
   50  52  77  72   4  32  62  66  53  23  71  22
   60  72  28  31  30  13  80  73  15  97  65  83
   37  39  28  66  22  18  17  76  75   1   4  91
   95  19  49  97  36  40
   16  41  95   2  24  59  81  33  50  12  31  47
   86  99  89   2  20  88  89  37  27  28  32  25
   72  60  87  25  94  33   9  57  92  64  96  86
   89  93  28  49  95  50  84  12  40  64  80  88
   91  78  36   8  47  65  92  62   2  15  23  18
   80  92  22  32  45  46  39  49  51  40  33  19
   84  10   7  16  33  25  24  98  35  26  33  91
   56  43  23  16  36  56
   67  33  71  60  10  67  69  14  39  68  56  78
   81  16  15   7  44  95  47  33  30  48  31  32
   81  40  75  27  82  81  84  71  48   3  28  76
   46  21  50   6  77  19   2   4  49  47  22  91
   88  87  71  89   2  78  32  95  53  54  68  88
   61  83  88  85  71  63  72   8  22  65  25  96
   57  70  16  42   2   5  58  45  44  12  99  85
   56  63  62  20  93  50
   79  49  18  30  93  50  85   3  58  23  79  30
   80  99  36  98  41  34  26  67  80  12  59  87
   51  34   5  21   2  17  55  97  73  80   5  45
   78  80  59  21  25  46  60  81  77  75  27  31
   97  57  14  74  69  69  77  10  52  26  47   7
   55  18   7  84  83  14  68  43  60  80  55  76
   46  89  65  88  92  42  43  72  36  15  23  58
   60  45  69  92  48  36
   25  70  24  32   5  41  95  82  40  69  40  66
   16  33  89  19  91  31  56  56  90  24  73  67
   60  53  71  83  35  73  34  58  91  67  76  59
   32  68  65  21  70  50  22  47  73  24  49  28
   15  99  99  40  10  40  42   9  79  79  38   3
   11  24  79  25  73  18  12  83  39  74  85   6
   87  75  58  75  32  27  99  50  40  71  11  53
    5  62  17  85  26  75
   81  46  93  11  54  75  62  38 100  72  32   6
   84  42  35  39  92  98  76  15  89  52  74  36
   28  83  79  97  36  43  40  45  60   3  89  42
   76  14  11  55  50  74  83  61  59  72  44  87
   58  12  64   5   2  81   3  57  98  75   9  78
   23  23  42  54  50  44  92  86  41  77  58  36
   41   1  67  74  30   7   2  34  79  22   8  90
   44  61  53  62  65  89
   43  92  22  99  42  76  87   8  51  88  73  59
    5  27  83  99  54   9  97  41  55  39  91  50
   67  82  46  79  35  88  42  26  58  66  62  18
   17  55  89  30  41  88  44  26  12  97  25   5
   81  54  14  87  80  91   5  93  22  13   7  46
   58  24  97  71   8  89  68  13  95  62  36  36
   38  79  64  40  10  74  79  57  19   2   3  51
   44  17  99  94  35  20
    148   136   164   154   135   140   146   139   158   146   145   162
    152   141   136   131   142   138   155   148   150   152   146   145
    149
