 10 300
   97  53  98  62  50  51  58  37  52  24  27  18
   41  71  33  17  43  42  44  59 101  53  77  46
   64  52  69  55  70  92  33  44  74  51   9  57
  111  88  80  91  51  86  15  78 111  44  76  33
   24  99  97 103  69   6  52  78  42  93  57  52
   65  53  89  87  58  63  90 110  19  93  88  35
   64  75  95   6  40  10  73  24  41  54  26  27
   19  97  28  20  36  98  10  57  42  76  83  46
    9  49  88  85 102  24  13  66  12  47  85  37
   32  65  90 107  33  41  66  70  76  41  72  30
   98  63  35  84  63  35  57  15  76  61  31 115
   61  70  35 100  40  49  34  28  85  35  83  58
   82  23  24  24  95  19  78  55  92   8  80  23
   23  48 102  60  84  56  81  48 106  91 103  60
   50  19  61  76  88  38 103  14  11 113  51  26
   82  49  33  16  56  85  80 105  61  87  83  77
   64  26  87  33  20  14  97  62  90  84  14  37
   40  97 103  64  24  42  21 105  92  31  49  56
   48  97  15  25  72  53 109  13  59  71 110  17
   48  59  47  84  60  63  30 111   9  93  32  92
   36  62   4  63  31  80  92  20 107  59  41  74
   97  39   7  80  96  20  64  34  55  54  91  84
  108  22  19  72  29  89  29   9  75  16  88   9
   53  79  57  50  76  11 118 100  34  25 103  10
   41  74 108  49  70  56   4  23  35  59  20  20
  102  59  96  24  83  79  15  61  79  35 109  65
   51  96  50  26 110  26  85  84  19  33 106  77
   13  51  67  36  19  31 104  44  87 107  59  47
   80 100  76  31  84  58  57  30  68 103  90  21
   72  95  86  81  43  24  84 103  83  53  68  92
   91  39  27  48  43  38  93  80  80  26  18  14
   83 102  99  97  24  51  91 109  47  38  37  93
   87  45  99  35  15  80 102  33  82  75  13  50
   22  99  42  24  59  18  43  82  13  26 102  20
   83  54  27  30  60  56 107  95  78  54  31  24
   55   8  93  21  87 117  26  47  46   7  48  88
   83  87  41  63  20  95  43  13  36  48  72  16
   30  80  45  58  38  18  42  66 109  51  29  11
   34  86 101  45 103  32  73  75  84  76  76  31
   26 103  24  83  48  26 100  46  61  97  20  71
   53  73  91  13  71 106  31  83  82 104  85  82
   78  69  24 111  29  95  37  26  58  19 103 111
  107   6  67  94  72  39  16  22  66  89  26  81
   28  70  69  32  56  62 110  61  61 108  77  81
  112 109  29 105  74  95  45  83  80  37  65  61
    7  29  66  86  66  82   3  22  48  36 103  79
   35  51  41 102  71  11  25 111  99 110  20  11
   64  21  66  35  37  98  51  59  60  39  73  49
   72  75 106  30  57 102  67  39  64  61  30  92
   80  82  60  84 104  59  95  17 105  68  91 116
   68  20  52  64  16  81  58  15  14  31  73  41
   54  32  70   8  66  47  79  52  59  68   8  57
   61  37  30  26  17  58 110  76  15 116  11  54
   81  58  54  69  48  20   7  81  48  78  67 104
   34  67  60  92  86  73  65 106  75  85  83  62
   41  45  83  93  64  15  39  84  66  69  21  41
  118  82  91  83 113  13 106  62  25  42 102  75
   42  41  85  99  61  71  97  31  46  79  64  65
   75 116  80  12 104  70  37  37  58 106  69   5
   88 107  84  87  73  94 106 109  77  63  21  52
   67  96 107  78  40  46  69  91  94  27  83 102
   24  69  71  31  48  65  64  85  72 106  30  30
   37  36  32  57  50  22  55  58 115 107  96  86
  100  25 100  77  37  45  91  95  58  99  85  10
    6  82  55 101  98  63  54  75  48  29  78  50
   52  48  66  35 111  69  98  24  38  65  66  21
   48  74  72  92  51  49  49  45  51  95  32  58
  108  60  48  53  49  65 107   9 101  20  55  78
   98  49  95  68  46   4  15  72  67  20  48  96
   21  73  38  27  63  67  53  29  96  52 108 105
   71  87 100 105  90  33  39  82  20 105  60  89
   52  89  51  88  96  79  10  29  30  78  26  28
   61  31  63  57 102  61  81  10  75   9  20  43
   57  83  61  99  96  10  57  68  97  40  59  96
   95  58  76  27  92  80  70  33  59  94  85  16
   78  37   6  30  91  91  49  49  59 103  32 107
   74  38  28  55  22  94  74 102  40  80  13  69
  111  25  27  64  31  50  97  45 104  84 103  74
   91  61 101  71 100  96  44  89  55  70  73  18
  112  88  67  67  41  42  71  45  31 107  62  99
   58  82  69  12  40  29  71  46  89  78  32  49
   84 105 102  28  75  80  91  22  66  31  84  60
   69  21  32  66  77 103  39 115  68  67  67  92
  114  60  90  95 112  33  93  33  47  10  40  20
  106  85  41  63  24 106  64  82  43 106  43  97
   25  81  38  63  47  82  71  21  11  56  88  15
   53  68 112  85  74  53  56  66  92  77 115  49
   62  29  94 104  95  58 102  19  50  45  94  57
   50 108  69  79 112  88 110  70  53  42  25  90
   67  34  16  81  40  59  40  58  65  81  48  30
   76   2   7  30  69  47  34  69  83  26  96  41
   66  17  89  21 105  51  54  89  29  59  41  69
   71  39  25  19   9  79  55  66 100  16  72  46
    4   7  67  75 101  18 103   8  54  26  63  12
   16  51  56  56  78  25  40  61  58  17  93  24
   34  88 107  97 105 107  27  95  84  95  81  47
   71  59   9  30  22  61  64  58 115 104  37  46
  102  59  31  25  19 104  78  66  98  39  57  94
   57  38  35 110  74  96  89  80  68  98 114  74
   56  28  74 104  89  65  50  33  37  58  65  71
   65  70  45  82  47  76  90  27  28  60  56   7
   44  16  15  62  61  79  22  18  70  57  24  68
   99  14  55  29  39  85  42  98  22  22  31  87
   57  61  34  77  71  26  65 108  85  96 105  75
  108  90  95  44  93  94  30  89  93  86  68  58
   46 114  48  83  70  89  22  39  17  40  70  87
   71  52  22  69   9 112  87  50  55  77 114  24
   88  40  36  49  58 116  41  54   5  57  38 104
   82  12  38 107  73  43  34  52  73  37  88  79
  110  78  47  93  50  90 100  42  37  48  31  93
   59  60  28  38  89  59  98  65  84  55  13  16
   35  19  83  10  42  81  91  96   5  14  65  84
   13  36  37  55  62  56  47  74  72 109  52  23
   26  62  43  17  49  94  69  31  44  62  31  47
   85  61  35  49  28  36  91  46 108  62  42 109
   65  36  75  21 102  19  33  76  48  72  75  59
   37  40 100  79  96  19  38  89  87  81  45  75
   71  45  24  41  20  93  64 101  12  29  30  47
   68  48  94  49  83  71  69  30   6 105  68 107
   70 104  17  24  59  72  84  85  36  57 111  13
   51  80  42  77  57 102  38  17  73   2 109 105
  103  61  69  30  17  18  28  40  41  45  10  90
   97  64 104  18  86  92  54  22  64  25  24 113
   90  62  96  44  75  24  49  80  14  23  11  29
   43  38  41  46  87  76  65  62  77  89  83  99
   71 101  38  73  90  68  28 112  55  53  28 110
  101  38  26  15  31  98  19  26 116  83  63  56
   31  18  52  99  64   8  31  53  78 102 102  97
   55  66  45  28  75  30  77  25  94  94  75 100
   99  71  65  79  23  87  59  37   8  78 106  44
   36  62  97  99 104  58  50  17  92  57  37  50
   60  56  21   6  30  84  76  54 108  88  78  58
   88  39  47  89  38  30  85  59  81  56 113  73
   70  50  38  59  46  77  63  98  99  24   6  66
   75  68  57  18  41  65 113  61  53  89  42  88
   48  99   8  32  27  49   9  71  43  35 113  95
   70  93  57  19  89  53  62  29  18  83  76   9
   76  71  51 100 108  42 108  76  50  41 102  78
   87 110  69  26  67  90  17  35 111  63  57  31
   39  54  40  27  44  92  24  52  74  43  65  93
   94  66  85  64  66  59  52 105  90  40  27  79
  110  74  11  31  83  71  18 102  24  27  34 119
   41  49  75  66  40  48  55  70  37 102  57  40
   90  13  84  93  95  86  48  80 114  65  37  25
   86  56  76  15  37  99  44  81  94  77 102  75
   46  84  38  31  57  64  21  32  85  22  39  67
   47  85 100  91  49  39  59  74  21 102 104  71
   51  55  50  75  91  71 103  96  60  60  52 105
   63  15 101  50 102  26  86  41  43  31 116  42
   35  55  19 102  66  67  87  73  79  22  35  30
   76  44  56  64  82  66  19  23  23  42  98  59
  119  89  86  77   6  78  22  23  51  70  80  22
   22  52 104  86  10  74  36  58 104  63  18 100
  106  66  54  95  36  67  42  17  21  79  37 101
   95  18  81  15 102  77  24  93 103  25  78  35
   50  95  95  91  22  73  18  89  90   4  53  87
   37  16  29   5  72  47  90  70  23  53  86  75
   62  74  45  76  58  78  59 116  26 110 107  28
   79  57  66  82 107  35  62 100  97  73  22  47
   85  63  30  56  32  43  78  29  78  67  26  64
   33  72  86  56   4  49  96  97  62  79  39  77
   21  27  58  39  75  60  40  43  76  34  87  48
   64   9  90  32  27 104  78  97  22  38  49  18
   15  93  84  17 103 106  47  42  22  61 105  21
   23  60  24  16  76  97  46  36  29  30  25  62
   17  76  81 108  92  17  89  49 108  90  94  99
   24  19 101  94  92  25  83  12  79  29  13 102
  104  75  24  29  20  40  14  77  61 107  30  40
   20  40  57  78  15 103  73  46  20  85  95  83
   23  52  17  70 117  37  47   9  70  27  22  60
   11 104  61  19  89 109  21  64  88  69  29  66
  100  62  41 101  11 103 103  26  96  93  21  44
   38  39  46  90  93  33  52  92  93  40  39  62
   77   7  29  81  57  78  60  44  98  46 107  49
   15  25  56  54  67  67  42  69  49  98  53 112
   43  63  36  40  16  70  21  74  95  69  33  30
  114  45  92  56  93 100  27 108  43   3  82  67
  101  47 106  10  57  38  94  81  27  80  54 101
   33  27  80  78  73  75  40  79  97  58  97  58
   49  87  36  94 118  26  19  98 101  84  46  93
   26  85  29  23  17  60  61  81  30 104  12  95
   97  28  27  59  52 109  84  12  66  48  63  62
   97  12  94  68  60 101  89 115  64  22  66  87
   74  12  64  72  43  75  34  48  16  22  11  75
   83 104 100  45 106  82  51  80  71  88  81  77
  102  90 105  20  91  58  84  94  53  13  38  42
   20  42  97  46  54  86  28  61  67  33 102  73
   57 108  49  69  84  34  87  24  44  54  91  68
  101  82  60 116  98  69  31  84 115  19  61  26
   61  16  58  96  89  50  56  86 115 107  19  40
   66  76 102 104  71  79 116 100  94  71  91  18
   65 104  35  83  61  46  95  18  98  75  23  39
   21  29  20  17 114  15 108  93 102  90  16  23
   43  71  80  26 115  87  35 105  95  44  38  98
   13  75  80  24  40  42  35  68  54 109  21  55
   70  13  62  19  45  86  19  74  43  98  66  22
   12  84  69  65  64  66  74 110  18  72  44  68
  103  61  37  37  78  81  35  15  33  34 110  40
   98  60  17  25  89  85  76 113  66  89 105  50
   94  43  53  19 113  26   7 113  64  50  64  29
   10  27 100  51  39  89  77  96  80  35  47  69
   75 106  68  95  55  42 105  36  48  55  74  28
   67  34  86  54 108  14  55  67  98  61  18 102
   87  41  81  25  74 100  36  23  30  30  47  91
   78 100  87  72  97  99  38 104  29  64  82  79
   42  33  86 102 115  33  70  14  97 103  23  18
   34  84  54  95  17  32  71  84  62  78  32   4
   99  89  58  80  74  77  84  79 107  46  13 107
   80 108 113  30  73  65  59  81  37  73  91  38
   18  54  98  57  73  97  51  70  19 102  17  56
   71 105  59  76  25 103  89 104  35  19  54 110
  108  93  67  13  23  71  92  43  43  30  43 106
   55  83  25  49  59  30  17 104  24  40  43  59
   60  52  23  19  17  47  45  47  91  55  71  57
  103  83  49  57  74  53 101  97  58  59  23  81
   65  64  23  28  31  14  86  31  86  89  31  72
   31  29  50  13  51  21  63  75  85  60  42 114
   86  78  70  80  62  70 104  77  21  35  37  76
   77  56  44  82  74  78  20  53  33  28  87  39
   55  72  67  91  98  24  65  23  76  25  26 102
   78  54  40  26 109  81  23  54  30  40 102  32
   59  33  60  40  47  77  96  62  15  64  95  24
   85  47  60  16  37  22 101  80  23 103  88  77
   96  68  85  32  42  33  42  71  29 102   6 104
    9  61  35  92  37  96  53  77   2  47  39  22
  110  70  91  17  44  81  14  45 100  23  91  51
   43  95  17  67  87  16  54  37  44  56  27 103
   75  76  97   8  63  82  26  38  81  36  91  61
   88  46 104  83  28  26  35  80  90  78  75 106
   19 103  70  33  60  94  99  62  47  29  67  58
   67  50  70  26  69  74  24  70  67  82 115  29
   41  83  22  71  25  63  57  27  86  34  39  50
   57  32 113  71  85  41  26  83  47  39  47  33
   99  53 114  63  81  34  22  55  70  71  67  55
   97  80 104  47 104  90  81  80  93  24  78  80
   92  57  84  45  34 113  29  69  77 109  59  88
   28  68  39  24  71  30  39 105  47  64  26  97
   38  62  47  50  79  77 107  44  83  43  97  91
   21  11  78 105  25  10  87  46  26  48  61  30
   90  78  49 109  26  85  99  21 101  15  40  33
   90  46  47  30  96  83  38  28  72 108  30  13
   32  10  74  84  74  64  27  93 105  77  81  85
   56  24  49  85  42  55  31  52  97  97  32  39
   66  41  65  25  68  63 104 117  38  77  86 103
   91  35  86  48  26  85  70  56   9  65  19  71
   73  29   4  81  80  28  87  37  94  63  87  20
   33  37  19  37  15  32  79  52  74  55  82  36
   46 102  60  24 103  10  50 107  78  48  65  47
   27 101  32  79  35  51  25  30 100 102  71  15
   39  76  84  46   8   3 104  13  75  26  85 107
   12  66  12  48  56  57  58  80  53  96  79  87
   64  47  74  93  73  60  72  54  11  56  38  68
   47  64  38  53  38  26  78  76  44  67  97  56
    2  21  24  22  65  25  93  36   8  69  36  81
   82  21  18   8  51  96  50  41  72   9  58  62
   52  67  13  33  58  47  29   6  96  18  18  72
   47  37  11  97  68  99  42  95  61  61  91  86
   92  11  89  98  84  20  95  49  68  39  22  73
   93  69  32  27   9  92  99  45  96  60  23  65
   78  46  16  12  73  70  45  46  30  70  41  77
   10  49  68  33  43  75  53  95  37  50  88   2
   58  42  79   2  66  71  71  81  20  68  30  52
   33  88  84  92   9  96  40  63  24  99  40  80
   82  59   5  48  27  54  25  58  14  12  17  52
   56  97  46  40  23  72   5  91 100   6  63  80
   22  58  70  93  52  22  28  11  45  24  23  31
   51  94  21  78  94  97  23  58  17  18  88  83
   71  19  15  54  90  62  83  15  14  79  66  55
   70  20  98  89  37  54   6  92  48  38   5  91
   71  45  57  33  49  56  90   4  95  16  82  15
   67  45 100  51  79  28  16  83   4  44  67  37
   16  81 100  32   7  97  55  77  62  50  29  36
    3  92  93  44  79  21  79  95  41  96  17  94
   62  27  51  65  28  98   2  19  86  90   5  97
   63  38   2  68  37  60  98  80  78  52  88  97
   12  61   8  84  28  37  99  42  25  69   7  46
   58  22  65  84   8  81  33  32  91  85   4  28
   92  61  38  80  91  75   7  67  21   8  48  64
   23  18  37  74  28  45  61  78  40   7  20  90
   36  14  27  29  76  95  30   6  34  49  40  17
   26  80  76  54  69  78  23  27  37  87  93  96
   37   2  16  20  96  63  25  11  63  82  65  12
   18  61  15  77  95  36   9  69  28  28  91  67
   89  12  64  90  58  91  59  31  94  88  17  97
   26  48  82  82  46  53   7  23  28  52  72  91
   47  97  17  92  23   2  79  68  61  98  58  22
   23  24  75  50  94   8  61  93  79  68  45  90
   89  40  61  53  68  89  69  47   7  62  84  91
   84  34  18  67  16  75  37  36  19  32  32  78
   81  10  95  35  55  83  16  70  51   6  86  44
   53  42  21  91  44   4  83  21  37   7  35  25
   35  33  86   3  82  10  70  87  47  97  16   2
    5  98  49   9  36  64  93  89  44  30  92  23
   75  50  37  83  57  54   9  53  49  10  41  37
    3   2  79   3  37  22  69  24  27  72  46  41
   99  80  40  30  52  24  99  89  70  77  15  35
   69  57  67  11  40  93  82   7  16   3 100  96
   43  83  52  81  71  13  60  52  50  67  36  58
   42  45   7  90  49  12  40  80  47  49  88  10
   38  24  48  29   9  60  24  91  10  35  13   3
   38  91  57  50  89  24  59  97  88  79  39  73
   57  86  33  97  36  70  34  53  54  44  95  55
   56  66  83  91  95  60   7  26  87   2  97  57
   27  53  65  51  67  84 100  26  62  33  51   3
   70  37  58  21  21  36  54  13  44  23  23  44
   65  68  21  14  51  96  67  19  38  39  85  79
    2  34  22  27   3  99  11  57  91  68  16  43
   74  78  24   9  43  34  10  74  64  24  55  48
   39   2  37  98  13  35  74  75  62  10  39  99
   30   4  30  18  34  13   5   8  30  52  83  65
   47  10   5  34  71  68  51  11   8  85  33   9
   91  43  38  83  71  49  40  22  48  12  75  90
   80  68  75  54  53  85  63  50   3  10  20  24
   13  93   2  34  66  74  28  14  62  20  30  99
   98  37  60  17   8  39  66  33  65  82  26  70
   57  55  45  83   7  43  17  93  65  40  50  98
   72  38  46  26  66  67  57  66  65   7  86  62
   11  52  70  52  71  51   7  94   8  92  57  33
    4  70   7  45  57  99  87  37  36  99  63   8
   91  39  74  79  42  44  56  82  11  68   4   6
   32  24  15  14  19  75  80  20  90   3  51  28
   65  13  59  30  15  31 100  73  79  39  86  82
   50  84  54  53   9  52  36  98  30  96 100  66
   55  32  45  13  13  97  62  43  16  72  56  12
   17  56  34  85  19  22  49  70  60  13  18 100
   32  78  98  88  14  15  57  62  60   2  77  12
   38  64  92  47  83  21  43  13  74  36  95  44
    7  92  75  44  79  68  16  73   6  34  16  44
   20  55  12  36  12  13  62  20  63  32  42  93
    2  29  52  36  65  63  45  62  81   9  52   4
   56  32  36  93  76  88  44  67  29  27  85  71
   21   6  13  91  28  27  16  88  40  80  34  47
   33  93  78  42  42   8  63   5  52  53  51  18
    4  45  19  13   4  87  21  80  57  96  76  94
    7  23  68  54  81   4  49  29  68  13  62  21
   83  31  79  40  70  28  42  95  92  55  26  87
   58  48   8  25  41  50  51  49  26  40   5  68
   58  76   8  11   8  53  14  85  52  68  25  55
   61   5  38  27   3  23   2  47  56  65  89  19
   43  81  86  23  64  50  78  54  53  27  70  74
   43 100  99  73  42  61  73  42  27  79  17  61
   40  99  30  97  12  51  58  24  82  57  78  34
   45  74  95  86  98  32  49  51  11  88  36  73
   98  98  47  45  18  97  10  97  64  91  48  95
   89  62  55  52  30  92  77  52  47  86  10  90
   77  22   4  22   1   2  91  20  18  22  21  57
   37  57  95  87  81  48  42  46   2  10  73  65
    6  52  81  94  95   6  25  41  22  72  45  17
   52  72  82   3  43  22  16  23  34   5   4  30
   49  74  46   7  14  52  54  76  79  51  37  31
   54  38  66  25  71  28  20  75  80  45  54  95
   69  96  92  57  51  35  87  97  42  45  87  43
    8  92  58  80  72  31  78   8  84  81  83  29
   52  59  85  30  41  79  45   3  24  15  11  36
    7  18  24  73  11   8  77  28  15  18  43  62
   63   6  62  29  39  28  96  77  90  72  41  18
   32  61  97  51  97   6  18  64  64  33   5  78
   29  73  70  70  59   1  68  52  98  53  79   8
   34  97  64   4  32  69  74  51  32  71  31  37
    3  30  64  19  64  23  10  71  69  63  78  11
   47  45  78  71  13  58   5  45  36  56  91  90
   75  97  24  94  69  39  17   7  97  99  50  27
   98  80  72  60  53  54  66  38  30   8  68  90
   90  58  63  93  62  23  35  72  68  56  77  65
   24  46  71  56  91  76  26  66   8  49  74   5
   53  68  45  91  12  92  81  31  67  40  32  55
   77  65   4  31   8  94  73  25  23  22  66  31
   47  72  92  63  82  20  48  13  93  80  80  62
   47  54  13  63  28  39  35  82  98   1  52   2
   41  12  99  90  45  48  21  26  71  47   1  95
   65  37  73  42  45  15  82  87  40 100   7   8
    7  43  48  76  91  97  87  67  65  57  94  25
   21  52   3  88  27  14  51  89  47  92  84   2
   30  45  17  59  43  84  56  37  89  88  97  90
   72  72  68  61  29  28  46  43  28  17  32  14
   45  15  80  31  23  47  79   3  49  51  90   4
   13  75  90  99  84   5  93  93   3  25  49  49
   86  88  55  12  50  99  81  50  34  13   8  12
   49  41  70  86  34  74  31  82  19  20  43  20
   11  41  46  29  87  23  61  71  96  39   3  63
   82  40   6  16  12  44  61  90  18  52  67  63
   58  64  87  99  81  18  30  49   8  31  33  46
   22  63  63  24  82  84  28  44  36  64   5  35
   50  63  68  49  57  42  51  20   8  88  97  49
   42  43  45  90  69  54   3  53  60  31  61  21
   54  16  95  74  76  71  95  36  72  73   2  20
   45  22  53  97  16  62  50  78  91  19  31  94
   44  40  57   9   5  62  12  26  69  74  17  25
   19   9  50  93  48  30  87  85   9  52  54  83
   66  54  80  80  69  17  81  62  28  68  43  18
    8  43  22  53  39  54  53  15  30  74  83  34
    1  37 100  78  27  43  85  18  94  80  76   1
   66  62  41  45  66  68  63  41  73  10  46  66
   21  94  19  15  23  17  66  34   1  49  65  82
   28  55  29  88  82   9  76  35  23  27   3  44
   58  20  66  83  53  47  90  79  25  89  74  44
   65  35  17  21  71  71  56  29  88   1  15  35
   67  55  66  28  29  35   9  12  49  51  51   5
   51  90  12  55  10  79  33  74  70  75   4  69
   82  58  97   1  37  39  23  45  30  87  84  75
   26  69  48  41  36  46  90  85  86  73   8  58
    1  22  26  39  97  29  83  89  65  45  33  87
   98  54  15  21  93  45  81  45  13  51  88   4
    2  52  54  11  83  38  69  94  97  35  82   7
   16  93  39  90  15  40  85  15   9  89  38  68
   52  24   8  17  96  30  97  22  14  98  54  27
   82  90  81  97  39  60  28  34  81  50  21  36
   49  34  72  37  53  37  51   4  77   8   4  83
   40  58  52  36  13  68  48   5   8  43  86  71
   30  44  84  56  81  75  30  91  36  37  77  52
   78  36  19  54  98  64  14   7  54  36  80  37
   91  92  46  68  34  59  71  69  27  78  24  58
   51  93  20  73  93   4  33   8  85  73  57 100
   96  13  36  96   1  14  57  67  94  53   6  89
   83  52  78  95  34   9  65  75  77  80  91  49
   89  41  24   1  22  87  29  70   2  24  15  13
   91  92  13  17  13  81  35  91  32  85  94   4
    7  30  80  91  97  63  98  34  41   7  81  78
   87  67  50  42  93  16  46  64  87  22  21  28
   90  60  92  45   3  71  62  96  50  84  89  43
   96  15  42  94  18   7  90  39  32  50  85  45
    3  58  76  12 100   4  12  91  20  22  87  74
   69  72  68  29  20  69  64  15  14  63  73  46
   35  98  85  30  52  24  49  58  10  70   2  65
   91  86  60  48  43  46  77  51  57   4  54   5
   69  48  74  64  91  33  91  32  14  34  71  78
    3  67  14  50  13   3  79   4  75  99  32  47
   14  56  13  92  61  75  13  32  93  38  62  12
   81  85  40  27  42  27  80  32  18  44   8  52
   55  22  70  20   2  81  99  13  17  30  71  18
   93  27  84  89  91  54  50  38  82   3  97  22
    9  78  85  49  60   6  32  99  52  58  55  57
   22  95  24  49  44  10  26   4  44  87  42  18
   37  90  39  43  74  34  72  68  99  93  98  37
   23  13   9  58   2  31  60  39  43  18  38  32
    7  25  15  83  28  45  30   9  54  90  79  70
   87  78  21  69  49  28  85  55  45  78   7  42
   53   8  61  37  19  72  24  89  65  56  27  43
   13  36  43   3  14  48  73  19   2  85  52  79
   44  89  58  15  21  65  46  17   4   8  85  72
   53  33  14   2  31  36   1  16  15  47  27  88
   42   7  72  34  45  56  23  99  20  33  81  72
   92  86  97  99   2  98   9  17   2  26  91  93
   63  45  26  85   3  17  76   9  10  60  76  13
   98  40  40  83  62  65  68  38  50   2  81  54
   46  99  58  92  67  25  89  45  74  14  42  87
   91  32  36  52  42  52  39   3  90  36  63  34
    8  41  83  71  37  26  67  96  83  79   9  70
    5  56  89  82  24  24  36   6  50  30   3  59
   11  74  60  99   1  94  98   4  40  67  41  81
   95  92  12  64  80  29  26  19  40  71  68  42
   30  14  52  12  65  70  15  79  64  62  36  87
   48  82  23  57   3  99  55  38   7  50  89  16
   21  70  31  85  36   6  69  88  89  74  65  13
   42   2  16  47  12   5  72  10  82  54  20  31
   60  85  25   4   5  80  42  89  14   8  84  98
   80  31  55  20  97  70  43  18  45  34  79  99
   19  13  59  32  37  28  21  31   4  56  93   6
   31   2   7  73  35  42  52  29  78  30  26  82
   91  64  17  57  44  13  65  48  84  12  86  48
   44  12  47  32  94   3  16   2  81  87  66   3
    9  26  50  91  88  38  27  76  59  72  63  11
   57  35  83  54  60  79  96   1  83  63  73  57
   47  64  94  95 100  57  57  64  11  60  44  56
   17  36  57  51  38  59  12   9  55  45  93  30
   46  44  79  81  89  92  20  81  25  30  83  43
   81  82  64  94  68  98  51  40  20  59  64   6
   17  39  41  33  56  40   6  37  93  82  77  35
   43  55  60  28  40  40  85  50  70  83  21  79
   55  43  38  11   6  90  44  88  34  77  80  12
   30  65  79  85   2  21  80  52  74  62  16  71
   56  84  56  71  59  32  15  57  97  45  19  85
   30  62  44  98  77  87   8  26  96  17  26  38
   23  37  31  76  68  71  61  36  85   2  97  12
   94  48  78  13  71   8  61  33 100  59  64  85
    6  41  21  96  66  21 100  74   3  82  29  67
   75  15  98  49  30  90  56  69  71  56  90   1
   45  31  18  97  48  28  91  67  30  75  24  52
   24  62   9  31  80  88  73  23  21  30  28  12
   94  17  39  78  59  26   4  49  61  78  52  53
   41  58  44  93  44  43  95  34  41  36   2  91
   71  28  86  49  88  55  55  75  24  81  66  56
   60  85   6  48  21  68  87  28  66  63  55  72
    9  64   1  39  37  70  98  60  49  34  45  56
    9  29  14  55   4  27  29  26  18  87  42  25
   24  61  26  57  78   5  82  46  38   9  57  16
   79  40  74  91  39  89  77   6  64  41  87  20
   72  51  68  60  25  32  11  61  20  62  22  28
   84  96  36   6  93  97  28  63  87  71  48  89
   17  26  62   7  85  30  11  85  17  96  75  81
   26  70  58  85  10  30  77  75  41   4  75  93
   86  99  30  28  30  42  91  10   6  27  27  22
   53  84  68  19  74  60  88  65  15   5  79  77
   42  71  46  84  52  40   9   2  81  36  27  10
   25  77  29  56  81  24  49  60  97  43  92  37
   33  87  99  33  33  85  24  66  17  46  29  92
   76  68  95  72  88  76  37  56  41  54  29  82
   68   2  57  82   2  94  70   8  30  71  49  58
   76  15  85  32  84  59  81  83  18   4  46  96
   71  41  23  66  96  99  15  94  42  90  29   2
   1288  1195  1184  1161  1246  1170  1252  1150  1212  1222
