 20 200
  102  64  15  44  18  40  42  14  51  54  93  88
   65  79  85  17  51  97  85  18  38  76  99  94
   31  78  42  17  89  91  11  96  21  29  49  94
   57  60 116  93  35  71  72  17  27  22 116  79
   96 100  49  12 102  13  60  45  51  57  93  42
   82  57  35  82  28  96  56 100 106  66 102  46
   49  25  19  35  55  67  80  28 110  53  63  69
   79  73  18 101  84  48  85  98  98 107  27  22
   63  87  55  46   8  50  69  21   4  71 115  24
   76 102  82  96  50  57 110  40  33  81  22  79
   70 112  57  66  78  36  36 107  39  93  65 111
   90  98  87  34  78  66  63  66  17  18  37  78
   28  69 112 102  90  89  42  92  22  86  72 111
   50  65  69  93  15  20  72  43  96  20 106  80
   47  34  83 108  22  20  95   8 102  48  68  24
   56  25  50  71  96  10  68  95  59  66  42  73
  103  39  74  22  37 101  60  10
   35  58  10  15  43  90  21  35  97   6  55  30
    7  18  21   6  48 110  58  51  26  43  16  15
   95  62  81  94 103  18  58  10  92 105  86  28
   56  10  17  61  47  22  79  19  89  78  98  86
   69  39  39  37  74  40  70  42 103  25  70  42
   70  60  96  15  43  42  91  71  16  25  61  48
   86  61  61  33  24  50  51  17  63  38 100  71
   88  27  87  16  93  10 103  63 105  56  52  24
   25  15  31  24  25 102  46 103  17  62  92  51
   62  16  70 105  49  61  68  74 102  64   5  60
   84  88  29  98  99  88  43  24  60  58  67  58
   20  24  49  16  55  35  56  91  93  59  54  39
   29  83  26  19 104  57  74  85 111  57  87  85
  100  57  28  61  49 105  28  78 106  70  82  10
   25  32  57  14  67  79  76  45  40  76  79  66
   64  47  37  94  62  47  45  98  81 105  96  87
   28  50  75  97 116  25   6  94
   57  22  13  33  38  28  49  86  32  57  38  50
   30   7 100 106  35  10  83  42  17  70 101  43
   23  71  83  33  25  86  26 109  67 102  24  19
   24  76  94  16  57 105 113  49  95  88  41  18
  103 102  72  43  83  96  41  30  30  63 105  38
   46  89  20  79  41  19  90  77  83  88  32  83
   21  98  67  45  90  31  58  14  45  40  27  52
   79 100  87  14  71  62  46  41  20  59  95  21
  116   8  74  34  26  76  30  26  95  58 100  62
   60  43  22  29  35  61  90  68  47  34 110   8
  103  87 108 107  53  80  67  89  52 109  96  54
   94  47 103  94  59  22  76  65  13  93  48  19
   31 104  82  19  60 102 107  27  85  77  73  84
   90  26  65 118  40  25  39  79  79  90  84  67
   51  91  16  97  52  51 105 116  90  90  85  49
   59  44  47  27 109  32  24  31 102  65  61  65
   20  92  67  76 105  57   6  37
   70  67 103  31  64  73  89  91  21  36  47  74
   80  61  31  21  33  96  57  27  67  71  39  43
   78 113  51  38 108  95  72 101  53  30 106  93
   28  95  60  85  69  21   5  20  16  55 102  70
   69  41 103  51  76 107  10 101  46  42  11  68
   62  90  11  67  66  28  28  58  19  32  73  60
   85  45  42  77  47  20  73 106  34  53  79  23
   53  37  61  15   9  29 109  45  81  84  33  60
  104  48  87  37 100  59  85  43  44  95  40  97
   97  54  97  93 100  22 101  57 106  98   7  45
   62  31  13  64  74  78  73  43   7  78  84  44
   60  78  26 114  23  63 100  39  95  35   4  92
   30  39  36  84  78  48  34  21  63  32  36  21
   68 108  64  64  86  90  85 110  45  46  65  21
   95  17  25  51  46  65  64  71 115 108 101  20
   61  89  76  39  70  24  66  44  88  17  75  84
   83  90  25  95  79  83  54  45
   22  52  16  16  14  87  18  96  92  74  84  99
   82  60  92  27  22  93  59  28 101  70  91  72
   47  38  36  20  83  66  83  21  60 110  15   8
   26  76  85  32 103  32  35  23  22 103  33  25
  104  54  78  46  32  62  20  26  48  49 104  40
   69  45  81  89  46  38  93  37 113  20 114  69
   97 104  69  11 100  87  16  33  99  82  27  80
   48  67  81  23  70  61  73  53  92  93  46  37
   47  87  68  41  96  33  30  34  50  63  37  57
  112  71  87  74  53  85  37 107  87  86  59  50
  101  24  55  54  73  15  21  75  90   9  52  54
   33 101  51  50  64  40  34 102  63  17  31  78
  114  94  22  22 109  20  76  53  50  89 100 101
  105  25 107  28  47  90  96  34  60  64  25  84
   49  22  91  59 106  64 107  50  92  63  94  99
   51  85  57  76 105  46  87   8  92  27  51  59
   24  46  76  74  37  81  14  43
   31  97  63  21  32  25  20  94  67  48  53  47
   32  35 104  63  40  37  62  72  18  89  96  23
   92  51  77  77  87   8  86  74  66  73 109  90
   90  11  96  66  90  70  97  76  33  75  87 117
   91  42   5  98  49 101  72 103  32  35  90  81
   34  25  78  74  63  48  87  87  73  21 104  61
   34  42 108  77  27  66  46 116  29  94  70  34
   90  93  58  90 100  48  92  51  90  54  73  73
    5 116  24  55  91  44  80  50  82  79  91  56
   29  91 100  32  70  69  47  96  33 107 107  39
   66  23  33   9  70 103  75  23  92  74  26 108
   97  83  99  83  14  76  52  30  87  59 108  47
   81  98  24  87 109  53  61  36  87  37  74  70
   24  34  95  71  72  96  80  52  24  44 103  70
   15  89  82 100  20  50  42  99  26  42  11  27
   55  32  78  50  87  83  70  59  67  93  35  28
   25  97 116 103  65  53  65  23
   15  51  13  42  60  39  50  46  44  75  14  67
   81  64  28  94  22  79  77 110  63  57  28  50
   56  14  20  74  14  19  86  85  84  38  48  10
  101  36  30  48  66  34  21  32   7  20  63  46
   80  94  13 112  63  35  38  24  31  43  30  23
   72  92  22  27  47  47  69  27  20  85 117  35
   97   5 105  69  87  83 116  26  34  77 101  73
   67  38  65  37  32 100  34  40 110  52  62  81
   11  73  53  48  71  71  59  34 109  43  84  73
  107  94  78  41  74  63  98  69  78  66  99  14
   29  42  11  67  68  80  50  55  46  87  16 115
   59  74  15  70  54  97  51  65  25  96  49  80
   70  23  21  56  54  23  40  83  13  16  88  16
   81  60  69  77  21  39  47 102 102  96  52  14
   37  65  98  57  39  90  54  69  91  48  62  92
   14  71  34  32  68  37  48 106  70  92  66  69
   24  23  64  87  40  19  94  30
  114  29  65  87  59  61  72  96  81   7  60 101
  106  50 103 100  39  63  71  29  50  54  95  82
  111  60  46  56  87  28  95  12  99  22  38  26
   28 109  73 105  15  95  26  84  78  82  68  60
   29  62  39  59  27  67  65  38  50  14  49 103
   92 106 115  95  22  78  55 102  53  47  78  77
   48 107  65  95  63  96  99  80  85  92  71 108
   94  62  88  79  66  28  35   8  92  92  81  14
   24  31  41  98  44  78  85  55 102  96  41 109
   67  76  12  89  30 103  16  56  81  58  95  13
   63  34  31  44  97  23  44  92  40  49  79  69
   49  84 105  49  97  12  17  66  42  43  97  31
  100  26  33  56  18  21  45 102  97 101  98  69
   78  79  97  38 113  64  31  91  78  84  71  82
  107 106  58  60  13  76  92  91  55  34 108   4
   31  69 107  18  70  45  24  79  40  46  57  76
   60  31  45  41  99  60  61  84
  110  23  91  68  68  16  82  95  64  45  80  42
   43  44  89  93  77  13  59  55  61  33  19 109
   45  28  88  79  31  44  93   6  76  93  80  49
   94  66  78  86  93  94 108  55  27  91  46  91
   37  89  52  60  82  41  92  13  82 105  16  89
   87  90 103 106  19  84  29  24  45  23  62 106
   35  71  29  15  14  51  65  91  86 108  57  63
   45  41  31  72  92 101  57  19  30  46  41  31
   44  58  63  63  71  54  87  96  26  58  50  29
   88  38  42  92  25  32  40  17  18  43  46  31
  113  63  22  38  29  27  47  74  87  96  28  56
   24  36  88 111  54  81  35  24  87  44  53  71
   76  62   8  45  35  63  79  44  91  86  53  71
   34  62  32  53  34  64  68  28  54  21 104  93
   16  41  91  30  59  24  54  48  38  64   5  20
   63  50  42  32 101  21  79  90 117  51  76 110
   83  44  92  51  34  19  30  59
   34  99  99  36  48  46  49  62  77 106  71 110
   47  65  39 115  64  66  84 106  64  90  41  35
   69 104  53  34  76  37  30  99  90  55  28  15
  108  98  56  45 101  51  38  27  19  42  94  22
   39  72  57  63  65  71  49  35  94  23  33  90
   47  18  31  19  43  68  76  46  41  57  29  69
   32 104  89  26  83 107 110  71  15  64  84  17
   69  11  99  40  80  27  82 101  71  74  64  97
   36  97  33  35  23  28 104  47  90  24  94  69
   17  30  69  12  72  99  36  68  86  96  95  67
   85  57  53  30  79 110  88  85  36  78  32  25
   66 100  85  29  27  49 106  22 114  36  11  59
   20  16  83  60 113  56  56  26  40  90  14  75
   49  95  86  76  28  71  61  16  67  80  90  11
  101  36  94  83  52  97  54  65 102  91  95  76
    9  77  21  88  87  47  56  24  57  77  94  42
   96  31  90  72  83  77  41  44
   97  17 116  61  66 102  84  56 100  66  28 100
  108  68  87  42  87 107  25  85  51  26  62  33
   54  17  59  21  45  26 108  92  44  43 109  96
   73  47  88  43  44  88  88  60  81  61  76  72
   72 106  67  13 107  59  27  74  74  88  12 104
   17  37  35  61  23  51  69  78  77 105  27  68
   39  71  46  78  92  32 111  15  51  91  78  70
   88  74  37  62  55  14  33 100  60  22  65  18
   38  68 102  61  71  57  56  50  66  80  43  45
  111  57  12  26 105  27  69 111  63  30  49  19
   42  19  30  79   9  78  59  86  68  38  36  30
   44 113  16   9 109  62  52  10  33  67  72 105
   98  37  62  25  64  37  55  61  73  85  29  91
   14  97  91  84  80  44  75  57  91  72  82  85
   72  76  16  80  28  21  33  94  34  25  67  82
   24 112  98  30  93  40  20  44  89  94  21  50
   93  31  30  29  62  44  33  95
   77  32  47  59  50  65  62 116  94  22 101  70
   56  21  23  54  71  54  44  50  36  68 101  51
  103  60  48  71  89  85  88  68  89  74  25 101
   23  94  20  13 109  58  16  88  60  69  32  80
  104  81 112  13  86 107 106  69 116  42  42  52
   74  30  57  28  31  40  96  82  69  28  93  27
   50 104  46  56  87 101  92  92  26  92 109  41
   98  72  42 103  66  81  57  61  19  30  25  77
   20 105  50  38  61  92  94 110  39  36  81  91
   69  81  97  16  18  37  79  74  38 108  64  59
   73  54 100  96  51  69  48  24  38 103  10  10
   49  87  63  52  93  86  50  34  77  91  24 101
   19 110  12  32  21  99  33  27  36  12  96  20
  106  92  39  18  88  28  43  52  45  60  74  40
   77  49  94  41  24  77 111  39  74  10  70  71
   17  88  61  95  22  49  57  48  55 100  40  67
   72  74  36  68  57  52  24  62
   91  33  93  77  13  85 116  94  62 103  63  62
   27  83  50 105  19  55  57  39  17  21  18 101
   56  37  66  38  53  42  98  27  52  74  21  83
   48  33  76  60  98  89 115  43  71  66  93  94
   76  51  40  89  31  59  52 105  57 116  91  99
   44  54  13  73  20  67  75 101  38  82  42 101
  101  27  52  34  28  15  80  88  19  29  30  42
   23  70  95 102  89   9  47 115  39  36  26  91
   89  68  95  27  29  40  22  57  21  74  31  19
   62  75  22  39  98  62  45  14  57  64  55  47
   84  27  38  66  65  33  45  52  75  72  38  65
   19  89  21  74  71  28 109 118  19  53 102  35
   92  27  42 107  33 103 102  88  77  48  56  89
   22  88  40  24  29  56  24  35  57  19 109  24
   46  81  88  12  96 113  14 109  68  18  79  24
   77  76  62  98  61  48  23  87  74  12  19  59
   43 113  89  37  23  75  96  75
   44  67  59  80  75  60  94  60  84 111  61  50
   16  87  61  83  90 104  59  69  97  70 100  65
   14  50  82 107  57  53  66  85  37  78  62  81
   50  87  68  57 103 114 115  77  96  39  48 100
  100  89  41  87  21  54  64  46  20  63  26  60
   16  73  29  68  20 107  56  26 110  29  87 100
   81  18 107 108  45  35  40  33  64  82  50  54
   40  22  17  39  21  39  92  69  40 104  88  46
   61  74  95  61  96  89  36  64  25  59  88  67
   42   9  18  39 109  43  82  33  33 107  39 100
   24  94  77  81  71  18 106  15  70  97  90  10
   65  20  78  63 106  44  72  20  22  87  65  34
    8  51 106  50  36  98 113  27  54  51  50  57
   66 100  85  67  51  80  77  40  74  74 112  74
   50  87  73  71  45  84  46 109 100  29  37  49
   90  67  86 112  81  29   6 106  63  86  88  80
  113  42  66  75  81  38  87  73
   19  57  54 117  70  90  72  22  93  18  58  69
  100  58  83  39 104  38  81  55  36  59 117  75
   39  64  36  33  68  57  38  47  39  79  97  86
   56 107  83  98  98  87  26  70  80  68  79  99
   83  25  78  24  23  72  35  52  92  54  23  74
   68  49 116 102  99  86  84  39  11  52  41  26
   49  76  92 100  94 104  83  23  99  56  78  33
   98  33  99  45  21  72  81  74  59 102  54  54
  115  34  54  93  96  50  33  34  21  24  39  64
   89  54 100  58  68  25  22  48  30  34  66  88
   36  97  66  79 101  60  43  15  61  79  43  74
   58  87  11  77  30   7  26  58  90  45 102  56
   82  72  45  70  60  98  41  30  54  86  81  27
   61 113  51  56  69 100  54  22  62  95  81  85
   86  99  68  51  81   3  58  32  58  90  68  99
   34  34  75 103  30  95  64  63  45  68  49 109
   17  54  26  20  12  77  94  92
   31  73  67  59  85  99  50  45  45  85  72  69
   58  85  43  60  20  21  93  38  89  96  58  56
   19  35  10  21  21  72  14 114  49  36  96  58
   77  63  13 102  85  27  45  68 114  33  51  66
  110  59 110  34  31  91  41  70  15  79 112  38
   33  85  92  66 107  81  17 106 111  51  30  84
   72  12   3  86  30  95  56  74  97 109 102  24
   31  99  89  54  96  28  54  67  87  35  46  54
   52  84  99 110  99  23  39  56  68  97  91 104
   54  99  96  17  61  29  44  26  81  48  40  96
   31  74  61 106  79  29  77  94  64  86  35  46
   37  90  61  36  56  61  59  25  82  70 109  65
   66  31  59  21 115  45  15  29  59  79 101  38
   24  96  60  73  71  99   9  20  55  77  36  91
   82  79 114  49 109  18  98  49  57  35  78  94
  110  15  86  23  67 114  48  84  51  58  97   6
   55  62  30  48  69  91  18  72
   43  45  48  87  50  63  20  28  94  40  68  74
   30  82  42  87  75  24  95  95  72  84  34  24
   62  67  96  75  72  94  47  38  31  19  17  35
   85  67  28  66  69  32  90  98  54  28  56  10
   28  91  13  51  86 111  65  65  83  32  50  18
   39  25  50  73  73  82  11  82  69  82  55  75
  107  95  27  68  79  32  43 110  18 101  59   5
   79  49   9  39  21  35  35  52  87  41  66  43
   57  24  98  42  59 106 103  22  78  84  11  76
   81  33 102  56  93  45  49 104  27  35 102  70
   63 103  21 112  27  65  96  66  50  69  16  29
   70  38 111  84  64  41  13  57  56  87  37 108
   79  27  69  29  22   8  46  42  74 106  40  91
  100  70  80  88  74  70  48  73  58  35  62  30
   71  18 100  43  78  33  64  51  20  18  54 109
   59  43  24  38  81  33  79  23  19  97  97  72
   58  53  29  72  18  37  55  21
    4  71 104  34  31  45  64  32  61  66  27 103
   32  56  53  28  23  64  68  29  68   5  42  45
   20  47  58  37  84  10  20  60  31  60  72  86
   87  44  16  99  84  97  80  92  54  93  34  45
   77  46  74  48  14 101  42 110  98  51  25  88
   63  62  83  12  41  86  81 115  45 101  41  83
   49  87  51  58  34  66  79 111  21  56  83  45
   74  73  40  84  34  53  40 107  38  35 100 108
   43  51  91  88  28  52 104   4  27  78  99  47
   51  28  71  85  39  76   7 107  48  36  96  59
   36  78  97  65  12  60  18  72  86  17 113  52
   33  26  33  54  66  54  74  44  63  10  34  23
   85   9  42  46  57  37  40  57  35  50  92 105
   39  54  60  78  61  66  26  91  84  58  68  57
   58  96  96  59  53  43  95  63  29  15  63  47
   39  12  16  53 101  30  20  79 104  66 111  86
   99 101  39  97  18  59  78  86
   41  68  88  16  61  52  15  83  73  85  58  51
  101 102  24  57  86  40  16  21  72  88  77  51
  109  22  16   9 102  91 113  50  83  63  95  87
   83  83  64  90  31  76  81  22  14  75  23  97
   70  83  70 113  42  61 112  17  77  21  44  37
   45  41  87  78  89  35  89  76  25  68  25  69
   96  49  30  69  15  51  50 110  89  38  29  25
   11  31  21  95  36  86  79  50 102  40  99  68
   84  14 102  99  42  27  16  66  37  56  53  85
   77  66  27  40  54  73  22  66  34  34 100  14
   94  68  36 100  52  72  52  66  78  30  68  33
   95  98  21  61  98  83  62  66  62  64  16  67
   68  60  83  35  90  91  18  36  78  57  67  61
   51  93 107  16  75  31  19 108  59  84  22  65
   89 102  31 106  24  60 117 100  61  50  62  42
   35  59  89  26  93  23  22  31  56  26  67  81
  104  89  84 103  71   3  20  58
   41  34  28  15  67  96  91  98  59  36 103  31
   23  98  24  56  94  48  63  29  38  59  32 108
   51 107  11  55  68  86   9  81  52  29  46  16
  104 110  73  96 106  84  57  50  31  33  30  94
   18  17  68  74  79  14  39   8  58  73  90  25
   33  48  85  51  73 110  31  66  49  90  92  90
   82  85  81  92  56  32  90  14  91  31  55  43
   74  36  43  18  63  21 106  78  92  27  26  69
   49  15  14  34  93  24  87  73 110  58  89   7
   74  64  42  29   6  30  75 119  98  98  46  97
   58  68  93  27  62  55  52  30 105  62  64  43
   97  82  21  60 100  61  71  92  82  20  33  33
   22  51  79  11  48  88  67 116  85  75  20  68
   61  62  26  26  51 110  15 113  54  72 114  64
   76  32  58  76  34  68 100  22  31  14 100  35
   42  95  87  30  71  40  35  31   5  14  48  75
   29  61  17  53 102  63  49  80
   10  46  97  67  89  69  72  88  58  50  26  21
   39  37  34  96  65  22  33  91  69  36   3  14
   80  40  69 100  18  21  93  13  83  84  66  25
   55  50   3  23  82  42  34  95  78  87   4  29
   16   4  61  97  18  99  53  66  53  63  18  72
   30  60  83  29  90  23  53  14   3  47   9  64
   56  86  95  71  54  42  23  74   9  62  54  51
   32  32 100  15  34  66  17  10  12   8  92  98
   48  16  50  63 100  65  34  91  98  36   4  78
   35   8  35  14  61  54   4  79  80  38  88  41
   41   3  57  44  32  67  66   4  74  20  51   4
   16  11  21  86  26  48  51  47  87  88  81  28
   90  34   4  15  30  24  60  24  93  29  34   4
   59  46  47  23  87  89  48  66  18  88  13  28
   57  77  31   7  80  90   7  97  17  57  47  86
   50  94  58  45   9 100  40  22  60  48  77  38
    6  81  35  81  73   4  52  97
   67  44  97  89  61  19  99  73   9  99  57  83
  100  91  87  97  63   4  59  59  82  67 100  92
   14  54  26  23   8  97  53  94  27  10  17  90
   63  97  95  52  57  87  24  92  19  40  16  23
   43  69  78  66  32  62  36  77  12  95  45  61
   48  59  15  94  72  68  26  40  94  88  48  67
   25  50  59  72  88  68  64  96  50  64  17  43
   30  78  32  96  20  95  11  44   7  59  53  90
   87  90  83  80  91  11  65  15  94  56  20  69
   44  96  44  15  69  58  34  35   9  38  98  47
   23  26  81  16  17  20  76  79  55  49  49  61
   85  87  58  91  52  77  64  29  18  45  62  73
   82  23  87  89   2  61  44  24   5  56  16  24
   13  62  91  57  60  13  81  26  11  38  33  93
   78  85  53  96  44  37  28  68  74  29  37  51
   43  70  75  25  48  59  72  15  28   9  10  19
   85  54  38  22   2  84  98  17
   54  85 100  81  66  91  70  30  72  54  78  58
   81  96   6  13  82  99  36  67  91  42   3  68
   94  46  31  75  91  23  79   9  38  11  88  89
   91  26  21  86  56   1   4  59  22  31  77  98
   13  17  36  77  28   9  69  84  86  51  13  77
   72  24  82  23  74  88  28  38  35  32  70  37
   89   7  45  75  14  80  52  91  64  74  92  52
   24  10  17  94  46  52  67  71  97  52  20  93
    1  94  31  77  81  34  81  81  10  46  16  58
   44  69  91  90  74  46  19  43  68  68   8  97
   11  24   6   5  54  33  51  21  53   2   9  56
   19  56  16  19  53  93  27  55  98  22  57  94
   79   7  26  98  45  11   2  93  17  40  41  27
   28  89  41   2  69  84  73  25  33  23  35  48
   56  23  89  16  65  63  10   4  16  30  26  67
   43  58  61  81   2  75  84  88   8  46  48  37
   85  17  35  31  12  58 100  69
   45  53  12  74  42  38  19  20  90  78  64  44
   38  46  86  98  82  16  63  76  43  37  72  77
   29   5  68  82   5  25  46  16  63  85  12  21
   91  25  51  22  41  98  99  97  95  50   6  50
   41  78  10  68  33  11 100   6  66  62  94  38
   43  17  98  41  43  83  80  57  90  76  38  59
   22  74  66  27  59  95  30  10  74  65  26  96
   60  80  58  89  98  85   4  64  27  34  81  45
   13  62  20  74  16  57  30  73  61  22  68  22
    7  50  10  18  11  89  15  50   4  13  97  69
   52  86  98  50  33  41  47  68  98  36  34  61
   46  31  80   4  86  56   7  72  16  77  98  15
   78  66  78  19  40  71  72  84  56  82  81  86
   39   4  47  49  28  20  23  10  57  65  42  90
   25  91  84  68  63  42  49  39   3  11  19  93
   46  21  34  76  36  86  54  64  22  86  35  28
   29  29  91   7  28  22  66  72
   94  62  95  87  91  29  85  15  19  44  36  21
   25  46  23  87  87  11  46  81   2  41  19  44
   73  68  67  90  19  37  19  96  52   5  96  98
   81  35  19  83   4  87  84  86  96  17  72  78
   14  63  35  65  77  46  87  79  71  58   9  74
   40  62  27  17  72  79  20  83   7  86   6  51
   16  11  37  93   5  21  96  71   5  20  85  32
   65  44  25  96  49  50  43  59  25  17  73  75
   61  28  44  62  23  78  76  85  59  57  74  60
    6  49  24  37  67  23  78   1  23  28  61  65
   11  87  53  62  29  92  89  39  23  95  51  51
   84   4  61  55  41  70  77   5  53  96  85  41
    6  16  94  89   3  91  28  52  63  13  19   2
    9  84   5  75  64  24  21  68  48  53  90  27
   65  92  26  44   4  55  13  52  26  40  14  15
   63  27  54  26  11  68  20  95  19  84  51  53
   89  57  34  32  68  23  95  69
   71  22  42  90  86  87  88  11  44  70  65  69
   75  67   4  48  69  76  58  43  96  18  19  79
   23  52  32  30  32  96  22  37  42  47   7  30
   25  95  17  43  24  47  15  33  77  43  15   3
   29  74  98  13  54   4  39   7  74  84  13  28
   80  77  24  35  44  70  22  25  43  99  16  49
   77  62   1  35  88  43  70   2  78  25  37  77
   26  15  53  25  11  59  28  55  24  60  45  44
   97   1  82  56  13  58  32  63  25  24  19  58
   82  24  17  78  41  37  69  22  85  11   9  68
   50  84  73  94  35   5  30  97  24  46  84  10
    5  30  13  19  88  40  66  86  29  46   1  68
   36  19  91  30   3  49  50  69  17  69  46  32
   84  69  25  31  43  16  26  68  89  74   2  49
   88  21  38   4  97  67  69   4  85  78  99  85
   49  88  24  62  31  22  41  49  42  12  76  77
   78  19   1  16  39  49  47  87
   94  62  99  73  51  69  58  63  72  28  99  38
   31  39  87  25  89  41  42   6  39  48  86  65
   46  99  91  32  94 100  18  25  33  67  59  93
   13  69  86  63  36  75  93  81  97  95  39  56
   30  24  89   5  46  85  64  94  83  77  80  89
   48  14  94  90  58  69  45  80  85  23   2  69
    5  99   3  38  31  20   3  77  69  36  14  39
   52  81  54  73  88  13  83  79   6  51  56  39
   92  32  58  71  43  40  52  68   2  61  25  44
    6  24  26  74  30  39  15  44  30  48   3  88
   83  66  99  37  41  25  53  57  60  15  95   2
   59  33  87  46  51  23  59  37  95  19  58  35
   37  93  90  59  53  96  62  26  93  99  29  99
   28  45  35  32  87  81  59   9   9  14  57  89
   77  44   7  54  74  18  50  46  15  62  40  19
   97  38  79  72  43  75  69   5  42  25  49  51
   96  93  46  30  65  94  10  85
    5  90  45  26  44  54  33  17  22  95  54  11
    3  63   8  20  63  47  40  82  61  50  13  29
    5  52  71  58  20  83  16  98  21  90  67  81
   78   5  37   8  87  14  94  18  36  29  40  58
   74  50  69  54  86  43  42  75  54  99  54   4
   27  10   5   7  94  34  62   3  50  65  40  27
   63   2  55   9  47  16   8  31  26  23  41   5
    8  46  16  37  47  90  77  96  21  10  23  88
   89  73  70  15  73  37  32  51  15  11  75  11
   51  29  98  15  81  17  95  60  37  62  25  91
   48  79  80  64  15  85  60  19  72  60  31  46
   63  22   4  56   7  92  96  51  63  68   5  86
    7  85  72  49  91  92  57  17  23  19   4  35
   24  39   7  77   6  48  84  24  35  24  45  22
    4   1  56  57  98  37  15  26  65  79  11  98
   84  41   4  90  34  59  86  34  63  73  52  41
   56  87  69  75   4  44  45  23
    2  95  23  52  48  91  26  15  56  63  36  69
   66  74  31  18  41  90  52  63  50  77 100   6
   71  87  26  28  79  63  27  99  41  21  39  61
   12  51  33  25  25   9   5  65  88  12  71  12
   76  28  65  46  27  73  26  93  29   6  93  17
   25  17   7  11  96  27  91  93  62  79  56   6
   70  31  89  97  94  51  46  28  25  11  49  55
   61  79  76  31  10  15  61  95  77  63  79  71
   60  45  47  55  41  58  15  13  85  60  57  73
   29  73  71  22  77  71  70  94  95  75  71  71
    7  46  96  69  78  81  62  37  25   6  75  50
   92  67  25   2  61  27  76  96  33  59  66  49
   27  40  97  71  74  42  27  71  12  31  67  44
   72  54  74  64  83  40  44  85  60  86   6  27
   93  61  15  73  51  88  49  64  68  46  98  90
   40  60  62  86  18  98  41  24   1  60  32   7
   30  76  20  64  84  98  74  45
   77   6   6  80  58  74  53  43  41   6  40   3
   69  54  73   1  44  51  29  13  42  23  66  68
   40   7  53  70  26  74  81  12  21  47  83  96
    2  15  55  58  14  57  73  75  91  60  11  94
   79  35  62  48  50  38  56  70  19  87  78  20
   68  86  86  95  64  35  32  56  74  54  80  40
   87   5  23  82  32   2   5  35  94  38  35  86
   40 100  12  75  28  87  37  15  34  32  39  12
   66  15  86  78  85  89  11  60  23  93  25  46
  100  76  38  94  48   8  79  48  23   7  15  53
   28  53  64  77  32   8  23  32  84  35  79  86
   42  16  32  89  76  71  11  87   5  78  93  44
   97  89  29  56   6  53  49  76  76  29  92  29
   69  11  22  28  79  40  44  99  53  31  26  99
    9  82  15  28  53   5  56  54   2  29  18  31
   97  35  98  16  31  62  55  88  55  35  20  69
    8  76  15  40  28  29  76  60
   14  88   3  59  45  12  33  54   3  42  88  13
    2  51  24  70  23   3  83  26  60  91  45  83
   60  89  60  95  66  93   3  11  65  62   7  12
   30  64  17  63  60  21  27  55  30  51  27  43
   30  11  44  96  12  43  89  42  30  17  97   4
   88  72  76  49  81  67  45  33  39  14  80  41
   71  32  59  34  11  84   7  89  57  25  33  48
   19  41  81  57  60  98  73  11  43  85  46  98
   71  52   6  46  34  60  61  61  48  24  73  74
    6  51 100  84  15  93  37   5  42  84  59 100
   61  86  72  40  93  31  48  33  49  67  74  76
   76   2  95  97   3  44  55  99  76  51  45   3
   15  67  43  89  44  74  60  48  46  29  83  17
   99  10  20  27  25  62  39  46  28  38  21  24
   45  44  91  34  83  82  76  17  69  94  37  27
   86   8  19  73  26  74  91  65  24  20  95  55
   11  84  85  82  51  68  72  16
   33  88  56  49  59  48  45   1  10  92  10  40
   60  89  91  64  36  57  66  58  77  37  10  60
   14  60  67  38  27  19  26  49  22  32  78  16
   97  16  93  89  11  50  86  23  51  51  85  38
    6  39   3  92  26   2   1  51   2  72  62  54
   29  90  60  83  72  74  24  35  44  89  10  86
   62  15  68  63  27  18  16  12  87  14   2  63
    9  44  72   8  41  39  51  59  90  86  94  25
   86   6  69  73  51  10  20   7  64  79  33  25
   39  28  11  99  84  72  39  35  78   3  53  46
   32  48  11  20  65  46  56  87  67  15  93  94
   71  17  52  65  21  31  57  74  39  22  96  17
   98   5  93  72  87  18  69  79  79  90  19  98
    5  10  73  87  16  92  72  64  57  50  34  76
   34  62  18  75  81  40   1  78  32 100  41  40
   87  30  48  23  84  56  52  62  62  18  72  39
   35  28  84  46  61  50  91  56
   24  86  18  28  93  29   2  22  49   4  56  52
   86  25  54   9  84  54  53  72  97  93  84  11
   57  75  48  72  58  61   8  79  55  31  83  22
   56  81  44  47  17  16   5  64  32  40  17  24
   35  55  64  26  84  51  55   1  60   3  18  13
   62  59  93  47  96  42  28   9  73  36  69  14
    1  86  59  80  77  87  27  29  86  80  82  70
   90  46  13   4  22  96  72   5  81  73  79  25
   28  37   9  84  75  62  84  63  83  34  76  95
   52  36  89  65  19  49  63  99  46  45  61  61
   21  75  65  41  45  71  70  56  31  34  79  41
   93  27  93  39  44  74  10   2  87  52  11  77
   12  79  63   6  82  17   8  17  39  58  53  15
   84  23  73  83  84  51  96  70  56  98   4  85
   64  28  16  92  15   5  96   7  47  88  37  82
   31  30  56  13  56  61  91  21  31  93  92  50
   70   7  16  66  96  44  19  43
   74  45  50  23  36  48   9  58  27   7  57  68
   92  20  56  26  12  12  56  35  15  48  20  54
   98  58  37  12  51  50  45  26  65  32  48  23
   61  29  36  58   2   3   2  31  15  72  61   6
    9  29  70  31  93  56  47  58  98  52  87  58
   90  41  83  42  93   1  46  79   7  73  19  18
   26  90   1   1  58  85  63  85  42  21  69  62
   68  96  90  76  95  78  28  42  73  10  30  62
   55  36  13  50  21  17  77  47  95  52  25  38
   67  93  84  73   7  70  24  87  82   2  69  18
   86  21  29  21  46  90   6  94  46  21  22  94
   48  92  32  53   6  71  46  99  89  29  46  77
   98  61   5  64  84   6   6  90  66  63  62  55
   54  15  32  48  63  39  43  69  35  34   6  44
   54  33  35  45  70  26  67   8  15  77  83  53
   18  42  21   3  32  89  98   2  44  18  30  32
    3  74  47  35  28  74  18  30
   96  61  57   3  45  29  39  88  27  98  58  38
   18  49  20  71  15  80  23  54  78  54   1  32
   78  41  72  83  39  61  75  59  78  32  21  26
   56   6  29  12  16  21  76  47  28  40  39  14
   36  95  37  82  96  33  75  59  26  56  93  32
   43  70   1   8  14  25  29  63  93  57  69  84
   71  38  20  13  15  14  27  84  12  50  33  81
   16  78  13  69  89  34  27  41  48   6  58  65
    4  76  56  27   7  68  84  70  93  85  63  44
   26  57   9  45  40  83  84  63  85  77  37  21
   69  11  48  23   4  54  70  94  46  25  75  29
   45  28  98  29  80 100  79  54  13  57   8  57
   22  30  65  38  54  17  72  77  63  23  30  88
   58   2  62  55  41   5  62  80  56  20  36  24
   32  20  45  54  23  99  49  83  55  28  51  19
   71  84  43   1  72   8  47  50  61  36  58  11
   87  54  90  92  91  34  22  16
   81  46  39  61  26   3  66  74  63  30  31  43
   46  18  68  45  85  98  10  81  20  11  44  46
   86  67  96  91  87  31  89   2  57  73  13  58
   36  52  96  11  34  76  75  43   3  72  59  45
    3  60   1  79  72  13  67  50  96  33   5  74
   78  17  11  45   1  26 100   8   3  52  77  21
   44  92  99  33  76  11  52  45   8  11  14  79
   76   6  22  55  18  82  50  47  32  75  68  64
   52  32  17  10  18  81  72  58  36   7  19  16
   57   9  15  96  41  78  62  85  24  65  74  12
   89  43  47  14  38  82  27  11  52  18  76  69
   69  16  48  73  48  45  48  92  36  44  11  51
   42  89  61  98   4  68  88  73  52  41  12  76
   86  15  51  38  40  12  94  86  49  33  67  19
   20  35   3  65   2  93   5  63  51  72  27  21
    5  93  30  91  44   6  58  36  67  52   7  97
   56  40  85  65  45  11  96  48
   62  63  57  28  52  40  90  85  23  65  40  37
   73  29  69  18  29  82  14  21  33  35  77  93
   45  47  23  31  35  20  71  67  71  95  89  73
   19  47  89  48  33  70  18  12  51  84  51  99
   86  17  89  60  27   6  52  41  19  86  67  90
   72  89  70  45  46  34  93  27  44  20  63  39
   13  21  90  51  28  81  66   5  94  10  58  97
   38  69  97  81  96  73  78  56  19  79  51  60
   54  83  13  69  46  13   4  86  30  20 100  38
   23  76  10  63  19  66  62  15  83  81   6  45
   46  12  98   8  92  43   6  44  62  49  88  80
   41  82   4  24  52  74  91  51  54  24  74   5
   29  92  46  90  82  97  71  63  34   9  71  27
   11  38  27  26  40  36  65  41  48  84  57  79
   49  89   7  70  39  79  52  61  91  92  52   6
   53  73  85  64  30  69  40  92  91  19  10  38
   55  50  86  32  85  73  56  84
   98  38   5  83  80  67  41  73  52  54  87   7
   76  47  54  76  94  40  43  84  45  97  63  58
   89  65  52  69  20  94  92  53  88  58  31  26
   19  71  99   5  30  10  32  27  49  25  82  67
   36  69  44  57  99  11  70   7  16  51  91  15
   48  47  32  98  65  27  34   5  59  12  70  31
   65  31  68  46  80  45  24   4  81  58  26  66
   46  46  68  23  68  64  75   7  78  76  15  12
   63  66  21  17  83  59  11 100  92  41   3  59
   54  77  38  30  65  28  96   7  69  73  16  55
   78  27  14  41  92  54  99  39  16  96   2  58
   76  85  79  57  45  60  46  64  55  92  83  94
   20  99  64  73  52  65  71  49  81  58  14  15
   75  51  45  28  56  40  84  26  20  60  37  49
   56  10   6  55  65  63  18  43  79  94  39  64
   78  91  93  50  10  80  84  23  10  38   9  22
   19  16  78  15  99  56  39  21
   62  39  24  89  47  63  91  19  31  28  60  63
   10   3  86  48  31  77  95  94  37  14  31  61
    8  85  98  95   9  18   6  68  28  41   9  24
   24  26  55  22  71  29  30  80  98  39  93  19
   37  21  34   5  64  56   2  94  43  86  60  80
   71  62  27  30  22  82  17  34  86  40  84  47
   23  62  74  33  94  59  57  10  16  66  76  88
   95  86  93  24  84  33  30  52  10  76  11  38
   31  88  10  18  72  80  91  42  74  52  58  23
   35  37  88  71  52  38  85  46  69  80  19  97
   18  49  68   9  61  35  67  40  41  81  50  74
   17  21  87  58  12  25  42  47  57  45  99  52
   34  59  22  76  20  11  88  66  30  58  37  51
   62  13  10  86  41  86  98   3  58  36  84  42
   22   2  86   7  96  59   2   2  47  54  49  78
   85  54  16  78   9  85  98  76  50  82  50  27
   15  28  18   3  32  99  94  44
   65  85  74  98  41  23  13  10  60  68   2  89
   82  16  89  60  14  58  55  77  72  57  75   2
   62  12  95  64  35  28  94  35  64  84  58  95
   15   6  42   6   5  28  49  70  82  69  88  12
   89  95  51  33  32  93  75  95  48  37  19  77
   79  54  21  51  36   1  79  45  66  24  14  19
   28  34  35  27  55  73  17  89  26  83  61  61
   33  73  68 100  53  90   7  36  12  90  78  38
   56  99  91  86  24  92  29  38   8  52  13  97
   28  44  78  83  99  85  39   1   4  10  57   7
   51  38  12  78  57  50  68  86   4  47  47  60
   14  26  90  54  20  46  34  23  28  96  74  84
   89  67  36  92  71  19  43   4  22  44  86  46
   43  48  94  87  54   6  97   5  65  39   2  56
   43  80  51  42  82  44   7  81  71  94   4  76
   62  15  29  82  42  74  84  77  97  99  59  28
   86  42  96  62   4  47  63  34
    395   438   406   413   401   378   437   367   427   386   403   398
    403   374   383   385   432   423   391   416
