 20 400
   90  40  85 102 110  82  47  83  29  67 107   8
   78  67  46  53  43  89  90  79  93  88  97  50
  100  67 105  62  28 102  39  56  80 101  13  71
  104  72 116   5 100 100  70  50   6  71  79  82
   37 102  50  33  64  41  44 103  52  75  41  45
   89  39 108  34  13  40 102  82  11  44 100 108
   76  83  21  53 107  38  71  53  55  88  99 108
   56 118  96 103  42  80  78  98  67  66  40  88
   19  86 112  57  68  43  46  42  24  12  69  56
   84  67  29  52  16  21  18   7  90  45  63  58
   40  98  95  79  80 110  76  47  67  57  19  54
   60  70  95  16  76  18  57  15  36 106  13  90
   22  90  60  23  67  40  89  37  58  42  66  47
   27  55  46  57  30  99  17  27  85  71  76  34
   21  15 116  51  66  17  54  56  88  13  62  59
   89  51  18  65 104  43  69 101 111  79  75  67
   19  93 100  18  83   9 115  87  91  36  86  40
   92  99  56  35  86  20  58  90  76  38  58  31
   92  14  77  37  35  32 106  26  43  89   9  64
   20  83  37  84  41  74  79 102  36 101  86  18
   84  26  46  56  30  68  73 105 112  88 108  56
   17  93  50  44  34  97  73 103  49  42  68  74
   54  65  51  76  60 102  48  31  35  62  20  95
   48  41  70 115  93  62 118  34  57  47  67  25
   61  17  54  95  38  65  74 102  65  21 102  38
   22  68  87  42  88  25  37  45  36 102  76  30
   10  66  81 109  76  35  68  61  58  97  26  78
   24 117  60  40  27  91  23 108  86  62  33  43
   96  46 110  64  11  32  53  56  28  15  94  22
   59  62  93  38  94  52  63  89  87  63  70  92
   27  55  52  42  90  65  28  39  47  38  98  90
   94  96  91  84  81  59  53 108  22  54  74  64
   40  76  82  85  50  65  35  30  94  42  24  62
   37  42  79  39
    6  73  41  76  85  62 102  41 107  81  10  37
   65  71  53  94  77  96  70 102  13  58 109  50
   63  75  61  69 112  94 108  86  14  19 101  19
   68  19  29  48  14  87  65  38  18 109  45  41
   68  73  54  80 104  57  39  64  24  87  99  35
   83  25  20  65  60  25  59  24  54 110 105  72
   45  67  42  86  36  89  25  24  56  97  47  35
  102 101  35  54  56  63  40  33  29  95  84  51
  103 100  16  23  51  39  82  35  77  81  80  17
  102  85  61  44  77  91  68 101  53  13  68 105
   18  91  99  61  58  41  28  46  56  52  11  30
   24  79  32  61  87  84  98  78  23  56  42  62
  105  66  35  12 101  83  27  80  43  78  80  86
   51  22  63  50 113  66  63  96  17  90  23  71
   88  99 116  67  62  38  20  45 116   9  33  78
   74  15  60  61  69  33   3  25  97 111  81  91
   53  73  74  55  72  11  25  29  57  53  18  52
   65  90  44  93 106  46  37  34  34  21  23  31
   30  62 106  87  80  32  32 108  67  59  63 100
  102  16  89  15 105  98  58  30  39  52 105  70
   70  66 111  31  88  23 101  72  98  53  90  29
   25  57 102  26  72  31  71 103  86  44 105  95
   94  98  22  33  66  98  54  59  20  58  93  62
   18  77  47  67  72  34  57  78  77  48  65  46
   24  79  60  57  51  53  23  72  53 102  64 108
   54  87  61  41  16  48  87  81  35  23  30  78
   45  74  44  31  80  39  52  68  36  28 105  15
   22 101  13  25  40  39  70  56  67  56 112  98
   69  42  47  99  98  53  20  90 113  19  72  40
   63 109  49  40 103  86  91 106  47  45  46 100
   69  34  58  44  30  63  44 113  56  32  39  71
   55  89  87  84  33  55  24  36  87  79  30  42
  103  42  36  30  85  24  90  17  96  56  48  67
  107  67  41  33
   18  74  23  28  24  80  21  23  46  53  97   6
   61  31  21  25  35 103  46  73 100 112  74  84
   70 113  65  48  35  20  17  43  21  28  75  84
   20  34  75  88  99  43  65  28  41  33  24  82
   32  26  90  99  31  69  82  19  69  82 102 105
   48  84  99  50  13 103  47  77  45  56 114  49
   88  99  30  43  57  13  68  38  34  70  37  40
   48  36  79  96  70  85  65  86  90 100  40 107
    9  97  78  61 101  14  46  38  28  20  31 109
   13  35  46  80  77  65  38 114  37  78  88  25
  106  81  32  28  60  31 103  67  80  41  65  40
   51  49  93  45  68  17  63  45  89  25  79  60
   89  70  72  44  80 103  21  36  10 100  20  32
   61   2  77  18  20  91  62  33  15   9  85  57
   42  67  84  74  68  47  77  66 108 100  79  65
   59  93  81  37  31  38  44  54  57  95  52  30
   99  82  12  97  73  56 110  25  82  82  32  32
   51  46  66  85  81  66  53 116  76  93  79  99
   85  90  43  17  50  39  89  92  49 106 105  34
   94  35  75  38  58  78 101  20  21  85  52  72
   42  63  13  82 113  49  58 109  22  70  74  38
   99  96  77  55 103  42  82  63  93 111  25  86
   82  32  52  95  60  11  27  13  23  88  73  39
   52 101 104 102  74  53 113  39  48  90  26  26
   93  21   2  23  36 108  48  19  90  54  21  61
   52  85  32  96  56  36  53  67  95  21  31 101
  112  55  99  39  21  27  40  56  72  37  57  53
    5  92  71  44  31  43 101  35 114  15  77  56
  111  37  49  27   5  46  59  61  31  88  46  95
   56  91  48  16  70  68 106  36  20 106  83  94
   54 107  35  76  92 103  68  19 103  50  98  35
  101  45  99  49  82  45  74 110  36  86  73 112
   39  47  89  47  43  16  29  77  58  48  96 104
  107  56  32  34
   32  59  68  54 107  89  49  98  40  94 102  67
  106  58  19  25  20  32 102  20 112  42   9  80
   16  85  29  61  73  57  66  25 113  82  39 103
   28  28  64  90  67  70  76  57  85  77  49  47
   24  48  40  65  29  46  42  44  18  75  18  47
   89  51  31  26  42  65  50  22  16  62  16  34
   53  51  91  25  59  53  93  43   8  96  46  65
   35  25  64  88  64  12   7  10  73  85  50  42
   65  50  40  82  74  69 112  68  50  37 106 103
   74  35  16 112  43  40  77  29  71  13  87  36
   69  74  91  74  27  54  51  11  55 103  23  88
   66 100  61  14 108  73  78  19  68  98  24  93
   41  23  30 105  81 103  34  20  23 110  50  73
   32  53  43  70  64  86  17 112  28  34 107  27
   63 104 100  21  23  60  25  47  73  28  42  85
    5  11  32  83  54  82  20  33 107  33  49  62
   23  65  36  24  28  99  61  31  62  96  49  20
   39  48  82  70  73  81  89  73  43  67  88  63
   98  37  95  22  36  70  96 101  64  82  39  49
   63  92  61  58  78  27  84 101  21  42  67  42
  107  65  86  42  59  31  67  98  25  74  54  31
   22  97  14  49  59 103 101  39  54  28 100  72
   43  27  81  38  47  92  41  62 112  44  54  80
   72  71  57 109  84 100  52  46  61  11  24 106
   56 110  80  99  85  37  23  71  86  95  15 116
   22  75 112  69  37  81 104  74  66  64  83  36
   90  19  85  40  58  21  35  28  90  30  71  84
   57  97  55  93  81  58  61   9  62  22  90  20
   14  20  92  93  61   5  73  94  33  73  11 100
   14  43  91  55  12  42  49  18  69  21  23  97
   59  80  80  40  35  28  36  37  32  26  81  49
   38  45  52  66  24  27 104  34 109  90  84  25
   90 112  54  71  25  40  15 104  71  44  63  60
   75 106  21  38
   59  29 102 116  37  74  83  55  54  87  55  75
   78  48  16  19  17  82  53  97  76  64  92  29
   14   8  40 104  80 109  25  52  88  40  82  60
   61  21  17  90  90  81  88 100  12  78  80  44
   44  63 106  90  22 107  39  62  96  74  44  61
   84  20  82  77  75  97  50  32  53  90  99  70
   27  15  12  80  37  62  79  22  19  94  80  57
   71  40  12  48  22  71  42 109  30  99  84  94
  100  88  91  80  64  16  67  91  25  67  34  69
   69  93  34  36  25 100  82 105  20  39  49 104
   50   5   6  82  46 107  88 109  48  78  96  77
   10  36  80  95  50  31  44  36  20  50  99 105
    7  91 102  50  36  98  91  16  27  58  78  48
   49  37 113  20  61  74  91  55  21  65  75  44
  102  66  29 112   5 106  33  13  63  28  46  78
  114  94  95 101  73  20 111  78  52  45  18  48
   24 100  27  83  92  77  93  78  29  82  96  70
   74  41  55 115  61 100 102  42  71 103  98  62
   32  52 113 104  67  28  39  93  17  25  29  31
   57  33  88  96  89  25  18  59  21  66  25  58
   62  91  61  90  17   3  41  99  50  65  71  97
   47  79  35  75  87  50  87  49  29  43 100 100
   69  20  99  31  62  19  78  98  12 108 110  79
   87 104  79  51  28 100 112  10  67  78  45  79
  115  24  89  91  39  84  69 110  51 108  49  74
   47  16  75  19  30  75  58  74 113  66  52  83
   49 106  89 107  97  97  26 101  66  72  24 107
   83  15  52  12  78   4  37  21  53  31  52  39
   43  22  91  28  88  83  98  31  38  70  24  27
  113  14  80 105 103  20  99  48  15  48  67  20
   34  66  88  22  31  23  49  42  33 107  99  91
   47  14  57  98  97  73  91  54  50  23 100  32
    8  14 103 102  25  42  93  56  82   4  74  48
   93   6  22  65
  107  46  85  29  43  38  54 103  45   8  62  66
   13  13  70  63  44  74  74  47  83  51  96  24
  118  67  85  53  80  84  71 107  27  74  96  11
  103  32  68  28  70  56  22  58  48 100  31  81
  116  20  13  57  83  46 102  47  76  41  90  51
  110  38  79  76 105  85  92  54  30  10 109 103
   41  29  91  29  48  64  56  63 106  93  29  91
   53  36  37  26  89  73  47  74  22  48  22  81
  101 109  39  18  12  90  94  40  97  33  72  54
   82   5  78  71  95  85 104  59  81  20  47   6
   19  72  37   3  41  95  25 104  36  35  56 115
   72  76  56  80  96 119  26  51  95  63  33  33
   17  82 104  58  93  19  68  30  18  88  62  47
   72  99  46  35 101  53  86  22  21  86  42 107
   76  38  57  92  58  38  49 112  32  18  29  65
   78  71 113   9  26  72  66 102  27  99  76  55
   39  94  16  33  28  43  70 110 112  80 108  75
   95  49  42  34  77  81  59  72  61  77 115  23
  101  95  51  29 108  96  48  89  83  27  41  61
   18  61  69  53  26  96  63  91 114  18  62  25
   48  23  41  77 114  59  87  97  21  46  99  36
   89  90 114  85  16  24  30  65 118  65  75  79
  109  72  23  59  87  63  24  68  64 112  78  54
   61  16  99  60 101  92  75  23  15  23  70  67
   72  74  43  59  80  74 116  34  87  63  68  13
   57  87  59  69  83  20  49  37  92  68  27  76
   24  68  58  81  71  92  84 100  10  26  83  35
   47  89  91  45  51  17  45 106  94   9 100  93
   63 114  38  63  14  55  41  86  41  44  54  89
   50  21  52   9 105  33  33  72  28  28  69  74
  103  25  74  78  24  67  62  66  60  50 109  67
   53  77  73 102  75  27 103  41  75  46  24  57
   79  63  55  46  93 112  61  30  38  37 101  59
   37  45  94  34
   65  91  62  62  99  92  65  23  31  64  76 114
   77  28  57  22  96  72 103  35  29  90  81  21
   94  14  16 107 100  66  24  71  28  86  29  44
   85  93  75 112  38  60  78 100  54 108  33  55
   15 107  84  68  89  28  92  92  40  20  91  21
  107  84  90  12  52  62  25  40  73  32  52  80
   19  20  54  97  29  55  62  43  64  76  48  12
   69 101  28 102 102  91  45   9  57 116  41  97
   99  26  39  82  75  83  75   9  38  32 112  36
   95  41  85  47  92  87  47  18  60  66  71  14
   24  20  48 103  29 117  76 110  78 103  24 103
   70  26 102  16  41   3  85  47  50  45  22  70
   61  83  50  18  41  82  60  44  53  49  69  41
   73  44  33  35  89   3  66  16  71  97  37  68
   72  79  82  65 105   5  90  95  17  37  65  64
   44  24  53  60  33  50  98  50  48  75  52  51
   60  49  36 110  90  74  16  44  95  67  52  24
   57  14  29  43  22 110  43  69  63  67  51  62
   45  65  85  82  65  84  34  62  35  34 104  81
   24  32  76  47  73  56  84  90  98 113  43  56
  104  74  71  88  76  34  72  13  98  24  39  73
   40  12  18  47  94  79  78  79  47  89  23  78
   16  73  67  81  45  59  85  37  27  54 103  67
  112  18  38  52  73  92  30  71  67  35  40 109
   48  14  89  54 113  62  91 101 102  41  71  26
   91  27  59  84  33  78  47  22  52  93   7   5
   18  20 106  89  23 107 103  16  59  26  46  22
   58  89 104  98  99  53  48  77  32  94 103  84
   88  50  69 104 105  84  96  11  74 110  77  80
   38  89  48  80 109  43  99  52  36  45  98  90
   12  50   4  66  81  99  37  19  19  61  23  45
   69 101  90  33 107  73  75  77   9  57 110  71
   10  69  57  57  19  69  75  39  24 104 108  46
   33  19  98  85
   73  91 116  95  95  63  41  36  92  95  66  27
  104 100  74  82  51  77  32  24  23 109  57  24
   31  28  24  69  77  32  36  42  95  52  92  56
   65   6  10   5  37  46  59  32  61  77  18  72
   75  36  90  50  17  23  34  55  17  45  80  80
  103  32 111  62  29  38   9  80   5  31  20  64
   94 101 102  26 101  85  41  92  58  47  31  35
   53  46  38  20  32  40  98  66  54  45  87 103
   71  98 106  80  77 112  63  61  82  87  53  61
   90  68  19  45  16  52  13  52 113  57  78  81
   90  99  35  78  76  28  69  70  52  75 106  28
   27  91 107  32  28  92  14 106 107  35  56  13
   60  59  94  30  24 112 104  59  89  52  28  66
   49  95  45  78  67  59  46  71  19  43  62  79
   11  63  40  78  81  45  22 114 104  95  56  22
   50  87  44  54  59  41  96  45  20  65 104  93
   30  74  63  45  17  81  76  67  81  23  71  41
   94  58 108  33  45  86  73  60  71  59  48  49
   94  75  62  84  70  52  99  36  55  68  78  98
   64  44  78  16  17  81  29  32  90  65  82  52
   14  40  69  33  34  85   6  46  91  78  99  53
   25 113  55  88  57  27  50 103  63 108  37  26
   28  63  68  19  34  44  52 108 104  20  81  35
    3  78  23  45 101  60 109  47  51 106  41  50
   47  16 114  73  22  33  40  78  48  15 110  17
  106  53 107  65  15  94  28  55  41  58  70  47
  117  64  54  74  47  27  48  43 102  23  76  77
   40  29  57  76  75  24  73  93  53  48 117  44
   93  11  86  26 109  41  36  55  18 116  29  29
   22  49  43  30  74  93 109  48  63  54  81  19
  100  54  18 101  19  44  51  28  17 112  39  98
   57  79  91  48  52 107  12  99  74  14  37  30
   58  35  15  38  36  48 113  28  59  76  62  92
   86  80  35  17
   91  11  79  72  72 104  91  81  54  17  45  99
   33  74  60  26  65  64  33  38 100  94  28  41
   26  45  94  57  49 111  81  23  48  77  34  70
   52  30  75  15  99  15  73  94  12  78  63  51
   23  94  48  61  71  56  98  35 101  51 107  69
   48  76 100  67  63  83  43  12  32  40  89  65
   84  84  54  23  89  21  61  12  82  95  56  99
   47  38  86  46  64  88  85  20  16  65  66 110
   59  27   8  76  38 104  67  27  43  63   7  50
   93  90 102  38  57  42  81  35  70  45  41  65
   28 113  44 109  65 104  93  68  49   8  47  13
   15  30  78 113  93  91  53  59  67  96  57  45
   85  54  40  51  69  50  76  44  33  49 106 103
   56  45  69  54  28 100  63  19  90   7  76  59
   69 106  91  75  18   9  94  45 100  90  17 108
  107  60 101  97 111  67  34  65  97  94  44  18
   35  27  55  41  89  59  27  75  29  65   7  18
  110  33  49  55  60 106  30  75  72  79  47  20
   99  91  85  56  34  79  70  38 100  45  46  61
   58  39  84  76  46  27  37  13  52  76  70 102
   40   5  83  11 110  81  83  43  95  76  24  61
   91  49  97  64  66  91  34  44  22  72  99 114
   18 109  81  62  87  11  47   5  16  79  93 101
   66  71  63  99  90  63  88  43  97  15  98  12
   44   7 102  51  86  30  41  65  19  54  27  32
   24  42  14  92  99  52  45 107  65  57  17  86
   64 106  61  83  95  99  21  90  91  66  91  86
   37  19  60  78  45  34   8  80  44  78  37  63
   52  60  76 113  35 108  51  51  73  29  62  30
   12  55  20  17 104  71 100  74  60  28 109  51
   71  72  26  76  17  89  70  64  49  61  69  62
   99  35  81  72  30 104 110  60  90  88  62  23
   75  97  33  96  21  63  40  34  56  23  67  99
   26  83  64  75
   78  94  76  63  20  85  83  33  32  25  66  22
   49  63  88  97  51  84  42  58  36  51  58  45
   12  82  39  52  53  42  89  44  20  83  90 110
   66  39  44  64  70  69  31  20  89  48  56  79
  105 107  29  54  26  80  25  92  60  29  61  87
  106  63  65  85  75  91 112  79  36  22  70  65
   59 110  77  57 101  54  58  42  54  95  97  68
   43  28  37  33  70  88  86  26  48 108  41  98
   22  27  69  44  98  96  42  42  19  61  49   9
   36  63 106  31  16 116  71  40  38  78  88  17
   78  73  24  87  49  98  13  56  22  63  22  45
   25  63  67  86  87  54  74  31  44  20  80  16
   30  66  98  24  62  91  94  88  69  17  73  50
   78  77  56  79  34  94  99  20  83 105  27 104
   67  41  96  64  16  26  91  23  95  77  39  81
   85  54  31  20  98  51  25  53  86  46  65  62
   59  70  47  63  27  68  94 102  58  16  62  65
  101  62  97  40  16 100 102  48  96  65  73  52
   67 108  40  51  42  86  35  27  99 107 107  77
   24  71 103  70  18  31  15  90  72  94  13  94
   47  68  70 100  66  71  54  61  78   5  66  84
   18  66  44  64  90  36  27  75  44  59  13  35
   29  98 100  99 113   5  31  57  55  74  33  79
   25  72  30  67  52  87  29  48  83  63 102  63
   55  70  30  57  59  34  31 100 111  71  45  48
   62  93  29  53  94  71  90  40  44  50  99  61
   24  91  89  62   7  61  88  65  75  80  63 101
   20  76  40  41  85  61  91  75  85 106  21  88
   68  74  31  42  31  50  71  33  97 110  77  82
   58  43  15  26 107  61  72  64  14  53  32  99
   71 102 106  40  90  44  62  71  95  32  36  22
   98  93   7  27  74  96  17  69  89  90  41 107
   35  43  19  85 109  24 102  45  87  26  94  96
   91  88  70  73
   85  78   8  80  11  28 113  35  35  37  74 116
   52  51 103  66  42  89  47 102  27  60  65  18
   98  16  94  82  32  82  65 105  66  15  53  74
   69  25  59  40  29  91  85 107  95 100  31  44
   89  14  84  92  24  39  47  73  23  31  86  20
  109  99  30  73  68  37  23  81  39 100  23 109
   98  64  22  99  64  42  40  30 105  53  74  88
   48  32  44 107 118  45  64  58  95  92  43  17
   87  82  53  68 107  61  74  73  17  15  67  13
   66  46  66  38  48  27  98 117  63  44  47  33
   23  76  90  62  17  53  38  48  62  56  91  59
  100  76 109  27  59  42  40  34 104  39  37  82
   92  38  22  23  37  46  66  48  51  65  86  76
   82  49  46  44  67  93  39  99   9  99  78  65
   68  86 103  87  72  33  89  38  97  42  81  87
   96 108  36  44  23  13  14  65  99  88 100  18
   43  34  95  73  92  35  33 101  18  68  43  38
   13  36  54  19 101  59   5  39  69 100 107  18
   15  72  76  72  90 102  53  82  64  98  43  22
   23  35 105  15  83 105  74  48  34  38 101  40
   99  90  31  21  61 112  96 101  99  51  55  43
   67  80  52 115  28  87  66  75  28  90  10  34
  103  21  46  26  42  70  44  94  30  77  21  15
   80  93  68  70  21  84  33  24  53 112  96  13
   32  58  45  95  13  69  34  18  38  69  75  53
   64  59  16  59  68  54  79  50  53  51  58  21
   51  93 109  75  20  47  72 103  93  31  84  46
  104  58  74  18  80  51  45  75  89  38  84  65
   92  43  67  68  84  57  99  85  68  96  68  63
   30  95  74  66  67   8  62  70 111  12  80 108
   87  89  39  56  42  12  48  91  37  64 106  35
   67  79  22  20  30  34  94  15  73  24  74  14
   94  44  81 118  40  18 103  88  98  40  58  23
   51  53  73  50
   91  31  50  25  19  15  50  50 102 108  44  93
   55  98  49   4  34  65  54  33 109  81 102  29
   80  39  39  88  99 104  38 104  66   8  42  40
   64  69  85  36  48 101  50 109  87  31  16  36
   49  91  49  67  51  99  58  20  33  21  26  87
   16  26  11 111  69  55  11  52  94  16  45 103
   18  30  14  74  89  30  21  14  73  42  48  66
   95  87  73  82  40 104  31  71  58  25 105 102
   95  43  73  78 113  91  78 113  68  45  56  23
   72  18  95  17  98  69  16  25  35  65  77  61
   74  96  75  16  33  40  37  45 101  61  33   9
   48  16  57  14  95  73  77  66  61  49 109  92
  100  61  69  56  93  52  44  21  15  68  39  53
  103 108  73  81  47  96  72  80  25  47  93  83
   37  65  80  82  97  28  97 102  20  44 113  73
   15   5 102 104  17   8   7  98  59  53  50 112
   24  40  91 101  70 105  57  70  88  28  47  21
   74  28  89  14  70  49  29  91 108  63 105  94
   75   3  97  65  27  12  35  48 109  59  73  73
   91  10  82  36  26  51  77  77  53  50  56  86
  106  85  17 104 101  65 103  57  31  42  14  47
   32  40  60  86  44  64  56  85  32  36  37  45
   26  84  55  48   5  37  48  67  89  59  96  44
  117  14  30  35  95  16  36  39  19  41  78  74
   40  21 103  93 100  88  54  62  26  37  18  63
  110  42  98  39 111  22  33 106  66  81  53  91
  107  92  66  92  76  70  20  56  54  41  19  70
   24  20  67  31  40  96  30  39  42  85  58  45
   32  62  63 106  91  73  25  92  64  61   7 102
   51  68  57  14  63  72  99  48   9  54  63  16
   27  53  93  48  42 107  80  51  25  88  35  54
   81  44  80  81 101  13  56  65  48  54  21 112
   24  26  68  25  18   8  58  98  42  73   7  27
   56  47 113  99
   80 110  48  84 114  75  46  52  43  46  50  93
   63  82  86  93  85  24 100  15 106  51  46  47
   51  14  66  68  22  52  46  40  19  93 111  20
   98  10  86  86  99 102  48  22  92  99  55  86
   88  50  79  72  75  59  69  23  57 104 114  91
   86  77  96  67  24  88 103  26  14  76  37  92
   19  77  55  89  96  80  74  39  61 105  34  19
   87  40  74  95 101  79  52  39 104 110  40  88
  100  65  38  98 100  78  96  18  11  20  82  28
   34  81  29  23 110  77  16  90  81  97  81  10
   33  88  27  48 116  39  22  31  38  75  47  31
   18  16  92  86  42 100  29  95  25  66  61  18
   23  98  20  22  33  70  17  90  76  21  54  53
   59  62  42  21  45  51  45  82  84 108  46  47
   41  52  44  68  26  56  56  51  89  40  60  67
   61  21  81  65 104  28  30 109  91  99  66  22
   89  80  46  47  75  39 101  22  59  44  39  39
   95  70  95  31  98  32  87  25  26  87  38  59
   22  41 103  93  52  70  56  41  99  97  79 101
  111  29   3  40  22  65  14  86  51  10  23  82
   76  66  78  68  65  53  33  18  21  49  88 102
   78  57  77   5  42  89  62  41  33  95  70  25
   16  10  15  84  71  75  23  88  72  90 101  58
   35  57  66  66 106  86  80  91  29  81  91  76
   29  70 107  22  94  23  31  24  34  86  59  49
   76  87  57  18  15  58  35  23  37  81 102  51
   49   2  31  74  42  44 100  63  63  48  46  58
   55  30  86  62  62  46  41 118 103  30   9  54
   92 100  30 103  66  27  85  79  73  85  35  28
   57  64  50  92  99  36  93 107  53  38  78  84
    9  22 108  86   9  39  42 105  92  26  78  95
   44  33 118 112  52  69  43  28  29  23 103   9
   80 104  63  65 107  28 110  97  79  81  60  48
   53  97  20  98
   78  50  57  39  49  39  21  44  62  63  52 109
   79  73  21  81  15  52 107  74  49  63  65  31
   78  71  34  65  93  39  77  42  17  75  26  43
  104  49  88  36  76  19  75  16  84  45  91  84
   85  37  46  45  71  13  64  82  63  79 101  39
   60  38  91  80  26  59 112  35  94  48  75  15
   60  65  73  58  34  27  29  70  50  68  56  63
   75  21  43 102  90  36  47  79  86  89  20  38
   52  16  89  35  48  77 100  45  78  77  33  75
   61  65  10  89 111 100 109  12  30  53  39  62
   61  76  60  85  25  20 101  44 113  24  63  24
   83 103  59  81 113  69  83  49  16  24  92  93
  111  12  34  48  31  35  47 110  39  75  47  77
   70  73  95  88  57  57  78  43  47  52  72 110
   46  97  92  39  93 108  94  54  34  35 114  72
  108  92  88  21  27  26  15  76  73  94  59  23
   65  49  86  10  57  49  96  85  78  76  87  27
   46  84  96  57  80  44  61  87  97  88  38  78
   66   8  53  99  48  12  46  18  36  74  13  45
   42  58   7  74  56 101  55  31 103  96  51  35
   13  16  80  30  30  71  15  16  61  50  88  33
   45  85  18  42  36  92  86  32  37  24  44  49
   80  48  26  90  82  69  19  78  16  47  79 102
   35  62  16  24  74  92   9  32  79  63 111  47
   46  34  73  27  54  53  64  58  12  31  64 108
  114  68  37  57  70  49  48   7  50  29  60  72
   88  51  23  97 100  51  84  23  50  95  84  32
   45  29  24  92  38   7  19 102  32 100  64  21
   60 100  13  97  84  76  24  91 103  37  35  50
  104  12 112  18 111  34  43  65  42  79  65 102
   56 106  76  75  47  29  55  41  47  74  59  79
   74  70  64 109  85   8  55  91  24 112  17  23
   12  43  39  29  41  28  42  58 111  90  27  83
   12  98  71 104
   87  44  98  53  49   8  14  20  55  74   4 105
   76  35  19  37  92  23  56  54  28  82  42 102
   14  67  76  91 114  83 103  21  17  79  53  19
   91  34 112  96  23  96  50  71  74  43  17   7
   55  48  80 105  66  45  49  28  61  43  76  47
   86  40  45  60  70 102  17 112  62  21  81  73
   52  59  56  63 102  25  98  60  45  10  42  12
   41  56  81  10   7  75  54 108  66 110  13 106
   55  30  85  70  80  29  64  79  17 115  19  60
   61  80  27 106  16  60  54  48  91  83  17  72
   41  37 103  36  38  79  48  30 103  93  51 106
   85  44   6  20 102  77  70  80  10  94  67  34
   71  31  33  54  41  44 103  43  12  21   2  84
   58  65  99  38 106  80  31  23  98  83  89 103
   61  16  67  40  66  48  44  87  64  55  53  87
    6  82  85  91  29  96  80  49  65  51  29  95
   50  68  17  32  55  31  41  38 101  64  42  56
   52  24 103  56  65  83  46  43  28  41   9  64
   44  79  36  50  42  99  82  71   5  46 105  72
   60  69 104  50  91  52  89  25 104  42  27  65
   82  49  89  59  24  79  35  65  25  39  60  83
   47  13 104  91  58 107  92 102  69  60  46  45
   85  95 105  85   6  65  41  24  83  84  96 111
  114  64 109 105  81  86  32 102  79  93  57  64
   65  24 109  98  82  26   7  32  86  81  85  13
   35  77 110  38  20  39  43  41  22  31  79 109
   63  75 100  51  97 100  69  15 110  25  13  18
   22  48  54  36  50 106  40  84  88  96  60  53
   83  47  61  40  82  28 105  67  57  20  26  42
  105  41  22  52  66  47  55  37  43  28  30  66
   42  22  86  38  11  70  91  38  59  40  48  65
   35  74  34  21  19  88  37  73  35  13  40  80
  101  19  73 110  49 109  63  46  73  77  80  31
   17  16 112  38
   36  28  67 105  28  62  92  28  20  28  24   9
   39  99  43  83  84  40  89  72  22 104  48  97
   88 115  28  30  28  65  88  25  23  62  48  29
   84  61 107  51 119  45  46  22  52  42  43  73
   45   2  23  98  53  49  51  58 100  58  85  38
   24  75  82  48  46  95  31  91  54  90 106  55
   40  66  60 101  56  85  66  81  71  48  81  61
   95  35 105 102  12  41 107  58  32  29  99  64
   46  62  60  68  87  71 103  85  56  60  10  22
   56  92  89  74 101 113  26  17  72  78 103  93
   78  11  74  68 102 105  30  17  77  15  99  19
   92 101  13  47  70  58  95  41  25  85  43  39
   56  29  24  26  38  84  79  23  22  21  31 106
   26   9  90  95  44 102  31  17  40  83  45  87
   38  13  63  36  49  63  43 101  93  46  97  79
   18 114  27  33  79  21  62  49   9  58  92  64
   22  77  80  41  18 101  16 112  99  75  59  83
   98  27  81 107  12  18  69  37  45  90  61  49
   91  47  92 108  22  32  53 109 110  71  14  65
   13  54  21  31  75  96  45  77 100  60  75  47
   91 110  45  92  42  92  94  63  76  47 104   7
   70  19  82  61  49  54  30  47  16  45  90  85
  103   9 103  56 105  62  55  80  48  42 109  85
  102  41  40  38  92  72  62  57 107  35  58  59
   77  59  38  83  97  55 102 104 102  81  61 115
  102  37  97  98 105  79   6  11  74  20  94  78
   79  75 108  14  21  81  32  18  51  37  36  12
   61  22 107  94  50  48 100 112  78  84  16  45
   99  56  17  43  66  28  71  94  35  89 109  39
   19  24  96  38  73  19  54  46  82 111  82  62
   48  59  85  23  26 103  44  30  88  40 105  42
   49  69 103  30  20  80  30  44  90  98  69  86
  100  96  72  43  47  25  58  73  35  65  60  24
   10  80  93  76
  102  89 104  36  20 109  88  15  24  97  94  60
   15  65  59  87  29  77  88  78  79  73  39  38
   29  78  67  90  36  35  82  32  52  31  79  76
  100 102  56  25  76  83  17  99  32  12  70  46
   63  49  93  43  38  77  39  68 102  57  54  64
   45  36  21 102 102  18  46  32  31  85  63 103
   26  65  23 102  52  59  56 102 110  89  82  24
   80  37  95 113  11  21  47  36  61  35  82  50
   74  16  30 106  78  71 103  47  68  23  21  55
   44  22  91  95  69  80  42 109  76  66  43  15
   93  35  37  13  97  84  41  94  52 105  96  91
   13  92  53  56  28  24  37  47  61  12  72  66
   42 105  38  90  74  60  97  29  34  63  85  63
   43  76  92 114  70  51  33  55  69  26  68 104
  101  28  35  66  52  62  56  70  49   9  95  93
   29  68  17  93  48 104 100  14  67  28  95   9
  114  18 103  24  14  39  83  15  94 100  22  23
   88 105  57  47 108  73  58  65 108  87  14  47
   23 108  46  36  83  69  43  53  83  67  34  87
   99  30  18  44  24  26  43 102  22  37  51  15
  106  81  18  37  44  50  46  31  94  34  28  17
   80  33 112  87  20 101  70  33  98  13  22  28
   91  83  24 114 101  87 112  70  42  59  55  76
   27  68 109  99  64  65  75  82  30  96  79  69
  101  46 100  51  39  16  16  29 100  20  90  27
   99  74 101  14  52  26  57  89  88  56  77  12
   15  67  49 103  44  28  58  98  51 102 106  47
   93  57  14  82  50  96  90  48  66   8  49  23
   21   9 110  86  79  48  29  86  68  21  40  86
   11  24 104  71  69  37  77  12  33  66  92  28
   59  19  28  67  51  39  94 115  49   9  81  35
   88  74  57  81  41  70  30 102  82  97  96  88
   57  88  78  32 104  58  26 104  51  27  67  91
   26  46  32  31
   83  28  78  53  79  75  18  77  74  31  30  84
   93  15  65  13 105  19  96  29  80  22  39  42
   89  44  35  95  92  91  28  90  72  51  53  30
   97  63  89  53  35  79  49 106  48   3  48  58
   63  47  84  60  33  31  61  69 104  38  57  35
   58 101 108  86  16  61  49  70  51 107  66  61
   81   7  13  41  98  69  54  96  80  69  49  77
   84  51  47  93  94  73  29  76  16  94  20  10
   40  96  74  18  31  95  67  69  76  90  91  51
   38  86  83  96 100  48  39  62  92  67  36  67
   87  23  82  85  78  39  65  93  92  16  40  57
   34  52  31  56  30  31  35  20  78  96  92  55
   70  56  43  78  90 107  92 103  29  46  84  44
  103  63 100  69  17  93  55 106  56  69  22  90
   21  23  15  29  81  52  66  22  34  17  13  29
   34  61  92  34  64  82 108  16 106  54 109  70
   57  52  71  92  71  51 116  86  40  25  99  62
   57  16  41  12  19 101  18  74  38  16  18  92
  116  85  23  19  81  39 111  89  40  46  58  36
   94 107  78  74  89  55  61  81  84  39  99  74
   87  71  10  82  79  16  88 110  34  17  78  82
   83 106  27 100  11  53  66  80 101  25  63  70
   55 110  66  86  56  67 100  25  46  64  77  68
   50  31  25 101  61  32  83  26  48  63  92  15
   33  31  86  28  86  32  56  25  22 109  50  46
   67  88  45  76  79  37  90  82  49  71  46 118
   59  87  51  30  50 118  93  64  14  98  67  60
   65  17 111  50  94  11  39  38  33  93  32  97
   13  49  80  21  68  60  73  54  38  25  90  40
   83  58  49  82  17  33  78  42  74  84  94  82
   40  88  45  28  90   6 101  85  73  55  56  49
  103  69 105  79  59  99  31  39  26 109 114  63
   69  91  91  56  66  63  82  51  81  82  56  35
   92  33  74  70
   30 106  56  86  49  22  33  35  41  78  27  46
   66  94 107  22  81 100  37  37  25  30  36  61
   40  54  75  51  66  60  52  23  28  88   8  36
  107  88   5  10  50  90 100  88   9  68  25  33
  112  37  38  44  17  94  60  87  77  36  79  43
   68  64  34  88  87  55 102  27  91  91 108  74
   35  46  85  62  54  85  87  48  65  79  84  77
   38  46  44  93  63  96  67  81  52  24  59  36
   47  50  28  48  90  47  62  10  23  51 110  37
   77  36  88  24  40  54  83  44 103  76  27  16
   60  18  31  93  68  16 102  85  52 101  10  69
   97  14  44  93  52  88  82  81  68  35  69  62
   41  27  26  96  80 102  63  79  72  42  92  92
   48  56 103  58 104  91  57  60  84  21  27  25
   85 102  87 103  39  97 104 100  10  60  55 102
   65 100  32 102  98  18  81 102  43  56  19 107
  104  64  93 109  63  66  70  26  26  40  92  55
   43  98  34  40  67  99  58  52  46 100  90  22
    4  87  85  96  87  91  44  21  36  45 110  68
   85  61  32  34  35  64  66   7  91  52  69  58
   97  88  82  17  19  80  94  57 108  16  31  25
   93  78  36  52  60  18  33  63  85  83  87  69
   35  17  35  62  55  54  14  19  99  71  97  81
   54  35  40  31  73  48  42  75  31  28  34  42
  117  28  86   7  93  45  93  71  87  46  24  59
   50  16  78  97  39  33  48  99  61  95  47  81
  102  27 111  36  33  17  14  72  53 100  60  26
   60  44 108  40  94  97  24 100  24  16 104  93
   16  79  23  77  15  39  91   9  59  19  61  60
   32  59  51  82  67 116  81  72  39  73  89  33
   57  33  76  58  30  84  50  48  14  75  66  68
    8  79  68  69  61  67 100  36  59  51  85  27
   42 104  55  34  42  64  15  33  21 116  73 102
   81  99 107  79
   85  46 103 101  23  19  77  64  24  84  59  30
   24  55  37  19  23  93  44 105 101  28  91  75
   46  97 105  15  26  49  18  18 115  27  75  63
   21  59  57  20  75  59  42  69  81  65  30  60
   74  78 117  32  76  77 104  24  36  76  18  64
   82  75  78  21  71  50  81  76  30  43  67  94
   12 102  59  94  21  96  31  83  49   5  77  24
   48 109  45  45  57  91  49  79  75 111  77  91
   73  30  84  83  22  53  84  93  70  28  99  46
   31  90  16  77  91 102  87  18  66  92  53 106
   74  37  27 101  18  86  87 117  41  61  72 103
   27  53  84  70  35  69 109  81  25  17  60 111
   43  68  56  51  85  85  41  97 107  64  95  46
   97  63 105  69  20  76  72  74  96  68  26  28
   87  23  95 100  57  34  24  75  82  95 106  48
   35  38  49   7  37  50  44  54  30  23  71  70
   67  69 108  54 101 100  83  41  67  79 101  81
   92 106  98  57  15  38  51  63  85  28  71  24
   49 106  35  82  85  31  95  77  29  54 109  43
   57  95  36 112  18  94  37 103  49  82  62  44
   20  51  12  17  69 103  84  36  79  49  41  33
  111  13  20  72  42  46 101 100  29 114  56  97
   79  41   7  45 112  41  53  28  18  84  35  65
   39  45  45 113  91 108  23  62  46  50  36  51
   71  56  90  45  72 105  21 102  33  35  76  46
   98  29  66  93  92  36 108 111  45  79  11  46
    8  63  88   9  18 107  85 114  37  81  22  34
   98  30  89  16  79 107  35 103  75   8  78 114
   63  19  81  95  19  89  96  22   7  42  65 112
   16  30  80  18  38  36 103  68  97  52  37   6
   23  53   8  79  76  43  45  76  91  45  74  89
   50  39  39  29 112  44  78  74  53  99  77  49
   59  49  42  24 100  54  57  81  43  68  39  91
   53  98  45  70
   16  62  34   4   4  29  63  28  88  45   1  95
   33  44  72  58  71  21  23  25   9  22  13  54
    8  42   9  50  89  17  80  53  22  16  93  37
   14  37   3  97  15   2  45  52  99  47  36  32
   70  18  59  71  44  65  66   8  51  35  62  71
   25  64  10  80  98  76  11  36  98  72  12  11
   35  25  88  51   2  72  48  63  62  14  13  11
   50   1  23   8  60  33  26  12  41  50  71  19
   90  27   4  55  49  66  58  74  93  93  51  47
   30  51  76  59  89  87 100  99  20  59  51  61
   78  18  16  28  31   4  35  72  40  45  91  51
   60  48  11  92  33  89  49  96  80  13  91  24
   96  21  42  92  45  72  19  71  50  69  51  73
   88  56  67  49  90  14  90  79  24  49  36  72
   96  91   1  53  44  88  58  62  26  94  53  44
   21  68  94  45  16  67  49   6   7  38  36  52
   84  12  20  94  34  98   4  18  27  81  25  74
   14   9  47  81  20  87  54  12  38  80  46  88
   21  94  29  78  77  79  11  88  64  20  96  52
   82  29  80  34  66  40  38  14  83   4  24  85
   23  81  62  49  90  36  40   6   7  29   7  49
   94  11  58  62  74  20  40   9  63  69  35  28
   59  46  60  29  46   5  58  80  76  56  94  13
   72  68  46   3  18  52   1  71  50  63  46  80
   57  90  66  19  68  50  34   5  48  81   7  73
   93  41  18  72  24  93  69  58  74   6  32  84
   94  45  30   2  38  67  43  47  55  13  94  38
   90   3  47  69  75  27  97   3  20  44  69  66
    8  71   6  40  91  80  64  58  82  87  13  95
   51  52  18  68  12  67  43  22  25  56  42  27
   84  61  51  74  18  44  82  67  72  73  21  15
   15  22  13  27  24  60  65   8  81  49  36  50
   69  35  29  26  62  42  85  83  19  67  83  42
   79  71  24  80
  100  38  63  40  32  54  11  70   9  23  95  67
   42  40  60  26  34   7  45  10  92  50   8  65
   56  42  43  42   7  17   3  16  91  91  10  99
   43  83  83  68  93  30  51  75  97   6  73  73
   49  42  57  29   2  47  80  44  84  24   6  75
   24  86 100  52  59  82  58  94  65  10  15  33
   68  35  66  26  66  16  89  80  46  12  62  69
    2  14  78  50  58  52  68  85  83  24  19  59
   11   6  91  97  58  77  38  85  43  36  23  88
    8  17  44  67  31  14  43   2  52  94  35   5
   86  23  16  43  45  75  92  57  56  59  91  78
   79  34  86  47  26  27   8  34  79  55  69  57
   14  42  84  98  10  37  83  29  76  33  32  21
   67  87  54  68   4  38  44   9  87  24  93  39
   25   5   2  35  41  77  99  69   3  94  69  31
   34  87  58  44  37  78 100  87   9   6  37  13
   61  38  32  60  43  94  93  82  49  66  89  62
   51  29  69  26   7  66  81  68  83  90  91  71
   76  54   4  17  27  76  75  11  39  55  39   3
    2  92  20  98   8   7  54  85  67  55  11  47
   34  54   4  83  17  93  19  31   5  58  26  77
   81  46   3  85  43  87  48   8  25  62   6   8
    8  22  80  76  49   4  57  54  93  53  21  47
   93  42  72  44  30  84  51  42  30  60  52  56
   84  28  43  47  68  51  85  31  59   9  51   8
   55  20  43  69  93  61  15  30  70  82  85  33
   60  31  63  81  32  65  58  46  70  75   8  90
   93   5  91  90  70  63  49  48  43  50   3  13
   42  72  71   3   7  60  93  19   4  92  44  66
   46   7  54  73  10  25  26  11  56  69  58   7
   49  80  59  69  72  40  67   6  49  83  72  37
   62  23  28  21  70  65  79  68  30  31  72  62
   12  72  81  77  18  90  20 100   6  58  64  44
    2  36  73  69
   99  40  84  92  93  24  91  94  58  65  12  98
   46  88  90  95  84  14  71  46  17   5  36  24
   48   3  46  55  85  82  91  69  86  87  32  36
   98  77  41  14   5  68  46  91  69  82  81  33
   75  86  21  19  77  37  30  93  38  25   6   6
   72  20  20  54  97  10  66  31  68  52   2  66
   28  10  89  68  48  98  44  72  71  33  74  80
   60  66  30   9  35  34  41  26  21   2  63   3
   93   6  24  52  16  97  62  75  89  86  76   2
   94  84  64  37  33  53  69   6  75  40  23  92
    1  28  88  90  44  79   8  40  36  74  40  74
   52  62   9  65  51  97  45  66  21  90  30  51
   23  46  42  67  36   8  94  70  97   8  86  73
   52 100  42  88  88  16  53  70  89  96  28  61
   74  44  31  36  38  65  28  40   3  10  29  41
   53  20  33  66  87  71  70  49  57  16  50  73
   11  28  98  15  40  48   7  87  21  25  72  85
   59  58  44  28  33  45  67   1  39  25  23   4
   31  18  77  91  70  73  21  19  65  11  14  82
   14  68  31  68  52  38   5  89  94  18  66  38
   76  51  93  21   5  71  53   8  90  47  44  75
    6  22  40  49  14  64  36  48  24   4  88  26
   31  82  64  22  56  93  79  94  95  26  44  74
   62  10  10   2  29  58   7  74  72  13  94  88
   18  86 100  84  82   6  65  87  18  59  89  56
   55  35  71  23  50  69  57  37  23  87  79  11
    6  50   4  63  82  93  71  61  39  76  45  66
   99  23  49  75  74  66  16  67   5  92  29  46
    4  81  67  81  99  56  48  58  83  22  69  16
   49  14  56  91  39  34   6  67  87   5  25  14
   64   4  80  29  17  13  39  88  17  60  13  83
    3  63   3  69  24  74  42   6  83  22  38   3
   80  58  20  63  59  99  80  28  47  70  20  16
    1  47  87  74
   71  52  47  58  10  28  65   6  71  20  10  53
    5  52  85  93  90  79  14  88   4  62  95  39
   90  31  83  47  29  57  52  95   6  22  65   8
   77  83  41  19  44  49  29  47  17  39  68  59
   86  58  67  41  91  65  63  67  88  42  97  65
   19  58  80  91  77  43  61  92  86  56  96  78
   56  52  21  92  59  51  12  75  97   8  63  37
   73  80  50  25  52  97  98  92  39  30  58  69
   41  57  63  27  40  36   8  50  59  70  13   5
   33  80  92   7  75  70  28  89  49  96  30  75
   33  38  14  43  92  64  62  94  47   3  97  27
   39  12  52  97   6  43  32  97  42  17  88  18
   72  84  89  15  23   5  83  85  83   3  69  33
   81  49  69  33  48  21  93   6  88  73   8  86
   48  10   6  87  87  48  77  73  42  90  75  27
   97  93  85  19  57  32  93  75   9  75  59  47
   97  50  76  80  87  12  50  80  40  11  62  87
   72  66  36  39  34  29  13  42  73  53  14  41
    5  65  14  86  77  33   7   5  47  31  74  63
   41  16  59  46  32  86  28  13  98  60  42  78
    4  38  29  73  54  73  47  16  78  42  57  80
   87  11  89  68  48   4  15  71  51  75  11  46
   76  75  30  79  69  20  72  57   1  58  50  36
   43  44  61   9  32   3  50  73  43  98  86   4
   55   7  26  19  18  80  82  47  27  18  96   2
   85  35   5  41  79  30   6  46  40  56  34  84
   18  87  22  78  47  87  73  76  19  81  33  20
   46  21  51  14  35  54  54  93  51  94  16  93
   91  92  23  18  49  98  43   8  86  35  97  11
   99  67  29  50  91  67  65  90  37  86  94  11
   53  24  31  70  67  90  84  79  88  86  27  65
   72  60  65  43  91  86   7  86   6  27  29  89
   27   4  49  44  93  68  90   2  34  66  54  47
   38  12  86  64
   46  91   9   1  66  32  28  52  51  15  58  40
   35  71  91  96  92  36  58   5  32  38  19  89
   91  95  62  12  30  11  92  61  24  62  29  54
   58  98  97  22  22  34  23   8  99  39  25  61
   69  39  11  28  92   3  69  49   9  37  65  49
   29  84  32  34  33  14  65  83  57  15  17  44
   92  88  91  26  78  49  35  89  92   8  31  49
   49  75  97  58  90  48  76   7  81  10  27  17
    3  17  23  32  42  98  44  14  94  48  70  35
   50  18  77  75  91  11  27  11  82  74  61  10
   69  98  99  29  69   3  32   3  63  36   7  42
   94  68  32  22  58  80  65  80  97  65   9  11
   96  15   1  55  73  19  14  97  75  54  42  57
   71  82   3  86  46  42  23  57  93  41  38  62
   14  53  81   4  99   8  83  89  39  89  61  27
    2  26  11  14  38  84   9  36  68  67  95  58
   80   3  77  20  21  37  16  27  90  34  24  48
   37  64  58   4  49   2  11  67  49  14  10  51
   88  58   4   7  42  75  65  13  98  83  75  74
   57  71  23  11  22  90  98  56  91  52  86  47
   57  20  57  21  94  99  63   4  57  41  35  14
   71  24  67  43  29  55  21  62  82  63  14   6
   36  91  12  71  42  90  26  13  93  11   5  29
   19   3  30  64  74   3   6  98  37  30  57  41
    4  84  22  27  76  32  43   5  63   6  67  37
   69  95  30  92  88  45  59  35   3  40  62  25
   70  10  22   6  21  14  90   2  52  39  81  11
   21  93  68  99  35  98  71  95  54  86  56  80
   73  87  27  83  27  30  18  79  75  32  89  76
    3  91  22  15   6  87   7  58  94  66  43  85
   82  41  29  90  76  81  58  68  78   9  12  16
   72  90  51  20  21  36  14  55  61  82   9  76
   94  97   3  11  80  69  23  55  34  98  46  64
   18  96  92  51
    4  59  17  84  71  64  49   6  75  99  54  36
   95  93  40  42  73  28  37  55  34  61  20  88
    2  43  20  58  23  36  48   1  79  32  14  94
   12  71  43  74  34  64  95  53  57   7  85  39
    4  98  99  55  30  67  17  59  40  79  23  60
   10  65  37  37   3  35  23  62  88  97  11  12
   63  80  17  91  67  47  60  54   5  18  84  16
   61  84  71  76  22  34  66  38  92  63  89  23
   18   2  63  94  97  26  22  74   9  81  37  61
   22  99  35  49  21  17  12  47  23  95  57  99
   92  40  70  99  67  15  78  16  71  67  57   1
   36  41  48  22  17   1  79  68  17  46  79  79
   99  31   3  57  12  85  43  86  99  32  55  55
   32   3  72  74  11  63  26  90  99  27  62  13
   35  73  63  24  48  71  66   6  85  93  78  53
   24  37   2  95  89  43  44  13  79  11  44  57
   80  25  89  71  83  65  33   5   7  31  11  35
   13  58  66  86  26  38  61  46  55  34   3  85
    7   7  56  80   9  23  64  25  28  85  70  52
   85  42  33  58  80   9  43  12   6  91  49  79
   66  97  71  42   1  60  19  16  97  56  13  67
   15  23   5  33  98  78  89  42   1  39  32  30
    2  40  80  60  24  53  88  43  53   6  29  52
   59  99  20  45  10  27  36  81  93  93  35  42
   38  36  67  48  25  40   3  79  16  57  45  91
   62  28  53  37  32  97  56  82  24  34  77  30
   87  50  47  31  41  19  27  10  92  94  25  81
   55  29  15  65  69  95  57  13  18  99  15  19
   50   6  74  44  93  49  62  31  78  60  65  26
   54  82  51  95   9  84  83  48  87  90  40  46
    8  87  38  33  87  51  45  48  52  62   4  43
   61  27  46   6  27  91  14  74  28  67  80  58
   33  42  64  57  17   7  50  80  78  66   9  61
   65  66  15  82
   51  12  52  58   6  19  54  87  81  45  28   4
   26  80  54  89  13  42  12  79  87  15  24  97
   11  97 100   4   2  47  80  38  83  22  80  61
   24  24  32   4  81  45  30   4  49   8  77  55
   96  13  23  49  16  78  10  20  63  87  20  84
    4  31  15  92  57  49  79  63  37  79  68  36
   97  96  48   6  79  56  41  77  47  43  67  99
   38  10  92  15   6  22  67  99  62   4  76  11
   21  80  75  28  44  22  39  96  80  85   6  73
   16  63  19  69  12  21  69  92  54  46  45  94
   89  87  66  10  76   3  39   4  25   2  90  15
   43  86  18  97  76  99  28  66  57  65  85  42
   42  33  54  89  62  24  42  70  61  71  42  76
   45  66  78  83  19 100  51  87  35  12  77  50
   37  25  37  48   3  97  15   7  85  65  46  52
   62  79  58  53  72  59  17  62  67  28  67  61
   50  63  80   6  18  33  93  67  11  48  59  78
   52  99  82  75  92   5  68  43  53  51  68  56
   71  39  17  29  44  28  80  49  68  75   3  33
   91  87  41  60  47  56  18  21   5   6  60  60
   11  38  46  22  34  73  45  90   7  96  65  37
   72 100  92  59  25  26  41  30  55  13  91  39
   94  35  37  35  59  53  25  72  90  52   4  52
    5  84  64  68  29  20  85  49  52  82  77   3
   66 100  22  59   7  44  22  18   3  73  41  85
   15  80  48  25  81  33  63  95  63  21  98 100
   85  93   4  27  83  13   9  90  43  85  68  81
   48  19   5   7  21  55  54  31  71  22   6  27
   32  68  51  13  10  19  24  99  28   7  43  32
   64  25  61  36   5  68   4  59  75  74  15  18
   98  70 100  36  27  15  72  92  91  45  91  66
   44  15  13  76   4  44  28  26  95  58  10  49
   98  35  54  54  90  46  27  63  84   3   5  60
   81  96  21  33
   33  12   1  14  13  54  64  76  20  19  51  90
    7   4  39  32  64  29  77  79  94   2  60  87
   76  88  93  50  36  81  67  75  14  67  17  47
   37  98  99  99  83  58  58  85  55  31  93  41
   42  75  29  58  94  83  84  52  91  59  40  29
    9  81   7  57  85  73  97  34  97  73  91  55
   24   4   9  85  13  35  71  21  55  59  78  67
   51  60  73  99  77  74  11  37  60  70  26  10
   37   6   7  27  34   8  56  45  28  33  66  41
   18  40  86  73  93  59  89  57   3  58  41  32
   24  13  71  28  30  75  41  36  59  43  10  77
   87  28   7  72  88  24  96   6  13  76  54  99
   47  52  26  82  91   6   3  53  21  50  87  54
   58  24  66  39  42  61  71  40  95  60  58  38
   94  52  65  31  35  70  90   4   7  16  54  94
   55  31  73  64  57  65  24  67  84  44  16  20
   75  38  57  64  99  34  26  45  35  97  36  70
   26  48   8  87  60  27  39  45  35  60  67  68
   24  34  45  21  49  62   6  81  48  52  32   5
   40  75  25  95  99  35  73  76  24  39  24  52
   98  62  44  87  70  20  99  66  11  35  16  66
   92   7  50  26  50  79  59  13  55  12  69  92
   80  44  43  99  70  69  51   2  13 100  35  74
  100  39  85  62   7  45   2  56  52   5  64  56
   72  97   6  41  85  70  74  38  65  99  10  93
    5  66   5  38  90  18  77  56  65  45  39  58
    3  42  65  43  70  82  62  73   4  84  34  41
   71  78  56  34  44  81  39  11  66  57   1  63
   23  92  34  87   6  63  76  55  87   3  74  78
   85  68  59  81  35  17  11  66  51  65  27  83
    8  65  93   4  95  69  53  79  99   2  72  20
   61  24  11  57  52   4  92  16  39  89  70  81
   54  71 100  68  66  55   4  88  45  29  40  24
   32  31  77  88
   27 100  39  39  40   5  18  31  61  93  62  16
   73  43  48  90  42  48  81  70  10  17  89  79
   89  63  20  46  59   3  29  95  54  42  80  42
   63  79  34  87  19  91  43  11  93  33  50  62
   92  26  71  59  49  54   4  78  15  60   7  49
   59  37   2  50  57  19  68  98  85  80  30  48
   18  27  57  79  17  88  54  95  27  16  55  17
   70  70  19  70  42  22  22  91  97  39  50   8
   52  85  95  40  74  13  50  93  76  53  97  52
   11  15   6  71  62  73  25  73  43  71  79  38
   87   3  59   3  40  15  16  47  58  98  56  94
   98  82  37   4  13  27  55  59  44  17  46  69
   18  56  74  59  35  62  28  61  69  58  11  14
   56  69  42  49  92  14  42  94  25  95  32  59
   45   4  25  31  85 100  20  71  11  17  95   6
   13  48   7  20   5  45  71  54  14   9  72  95
   73  85  47  70  22  57  80  41  89  39  98  98
    1  71  68  56  59  13  82  42  46  36  59  94
   14  18  33  56  80  38  50  65  19  69  63  51
   57  72  23  30  66  88  70  92  59  35  36   6
   80  99  27 100   1  30  28  66  13  33  87  49
   24  63  18  39  46  22  84  68  98  47   4   5
   92   7  33  43  30  97  64  99  93  32  23  10
   47  36  56  16  21  44  30  64  12  88  18  97
   74  97   4  53  16  86  66  47  86  50  77  79
   78  63  97  19  17  65  63   2  51  59  87  22
   55   8  51  31  13  21  94  22  21  52  13  34
   74  95  52  38  65  74  99  34  74  38  77  43
   66  54  40   5  81   7  65  67  33  80  46  79
   95  64  89  92   4  41   7  43  44  80   6  57
   47  33  90  35  85  27  48  54  61  56  47  52
    7  81  31  30  73  16   7  42  27  26  46  88
   41  20  75  11  92  47  69  84  51  83  43  16
   79  36  52  31
   27  10  40  53  87  27  19  81  73  78  48  84
   65  54  25  13  59  23  71  57  79  53  45  67
  100  26  66  64  64  60  29  66 100  29  25   6
   41  75  61  43  46  36  76  93  15  56  63  39
   12  11  84  52  78  22  92  10  57  79  49  15
    8  55  42  18  28  27   6  29  68  96  41  40
   56   3  28  48  10  48  53  64  60  14  23  41
   67  75  81  86  42  28  34  84  63   2  62  15
   93  77  42  69   4  12  66  70  88  51  62  93
   83  53   5  82  88   3  46  69  81  33  22  93
   41  44  80  19  63  20  97  54  80  49  91  73
   79  43  48  29  25  53  36  77  69  91  27  91
   79  50  11  85  53  18  21  27  36  98  47  63
   42  33  56  32  72  15  13  86  31  11  92  12
   49  77  10  44 100  84  26  86  18  27  77  33
   17  49  88  83  12  62  91  63  34  60  48  43
   52  45  64  56  90  36  10  16  46  97  40  40
   11  52  13  64  86   3   4  60   6  49  32  59
   51   6  73  67  72  25  81  85   5  10   5  27
   91  40   8  37  98  82  87  13  34  17  94  20
   69  50  49  12  53  38  61  49  38 100  51  20
   89  45  64  53  14  82  93  45  69  44  94  70
   90   5  10   7   5  99  80  50  49  40  70  34
   93  37  84  50  55  18  82  67  20  44   6  44
   61  32  88  58  55  69  80  14   5  35  65  68
   54  21  79  50  11  43  28  73  59  68   9  59
   87  29  27  55  97  43  14  54  32  31  48  11
   84  36  72  61  26  45  13  45  18   2  98  18
   36  30  79  75  84  52  45  70  18   5  43  31
   56  61  97  78   9  49  31  49  89  66  79  11
   36   5  11  80  29  63  49  48  11  72  84  86
    4   9 100  81  30  16  88  39  29  22  65  13
   76  59  96  20   6  81  10  57  21  85  19  23
   21  28  37  37
   33  24  96  33 100  84   4  73  69  76  30   3
   67  59  14  40  76  26  70  11  81  43  39  84
   12  93  24  21  84  26  42  14  50  91  62  36
   35  92  54  80  84  24  27   5   8  19  75  75
   22  90  24  14  95  74  70  36  90  78  28  96
    9  19  72  38  34  69  80  26  75   5  81   1
   12  39  91  17  38  76  65  87   3  52  35  28
   59  72  58   1   2  66  56  58  17  22  62  87
   21  33  63  51   8  45  46  35  89  94  36  90
   44  56  45  75  55  85  17   2  57  61  64  79
   81  33  20  55  94  58  73  63  48  55  22  61
   20  38  10  82  55  65  71  73  15  81  78  38
   17  65  80  85  78  65  51  70  65  51  30  37
   29  54  68  63  52  11  68   6  96   8  35  42
   43  25  11  15  35  78  25  75  23  65  38  28
   10   8  80  73  91  95 100  51   6  32   8  87
   69  74  15  33  27  79  82  13  91  48  64  64
   91  69  48  86  11  60 100  78  36  14  13  86
   96  42  41  48  14  17  53  35  38  19  71  93
   96  76  15  93  37  10  45  71  71  79   8  69
   18  24  79  85  45   7  10  10  18  62  64  77
   38  33  68   5  92  20  51  35  91  22  93  84
   17  82  63  84  62  32  67  25  79  30  88  98
   23  12  35  43  89  32  81  87  66   4  13  95
   71  51  66   7  99  42  80  84  66  42  32  54
   49  52  86  52  34  54  37  67  57  53  49  84
   51  25   5  28  84  55  48   8  11  86  27  59
    8  60  36  92  23  62  63  28  20  64  30  49
   17  69  38  41  35  54  13  33  38  15  46  48
   79   9  38  40  47  99  46  42   1 100  24   8
   24  17  67  56  61  92  56  17  66  50   3  68
   41  40  89  89  86  77  16  96  38  91  43  91
   17  66  35   2  67  87   5  29   5  80  56  87
   59  60  30  52
   20  71  58  87  98  90  62  62   6  12  67  18
   51  11  62 100  72  46  48  71   3  25   8  78
   38  74  69  19   9   9  80  14  45  96  72  75
   48  35  32  75  57  11  70  10  21  76  90  76
   64  13  54  36  55   4  55  83  78  98  83  17
   98  85  99   7  35  59  94  64  24  89  70   8
   92  88  96  37  26  81  88  95  34  75  70  45
   24  26  47  29  65   8  71  45  61  84  14  13
   16  74  30  41   4  20  30   1  39  59  47  88
   41  90   8  97   9  46  98  88  85  55  37  54
   28  18  35  92  74  70  76  70  17  55  78  98
   66  90  62  93  23  37  25  54  45  69   2  22
   17  41  43  56  18  58  76  99  91  43  77  49
   15   8  40  21  64  18  43  24  88  66  21  27
   74  38  31  24  16  81  22   9  85  75   5  38
   98  98  18   5  85  98  99   5  60  61  55   4
   85  77  27  10  47  13  58  39  18  77  69  88
   30  92  21  97  41  63  85  24   5  42  13  10
   37  99   5  49  87  96  76  58   8  48  31  43
   19  93  26  71  82  68  42  36  65  68  51  28
   12  20  88   4  13  52  16  54  71  60  94  72
   74  77  54  25  58  44  58  17  83  75  76  63
   94  27  50  57  98  71  65  41  25  60  16  67
    2  94  77  77  18  95  72  64  97  70  42  43
   65  82  12  18  16  21  62  53  82  68  97  43
    7  68  15  74   8  98  70   5  47  35  50  21
    4  21  40  16  36  38  91  53  55  75  92  38
   94  95  36  83  72   6  86  81  68  24  53  70
   87  51  54   5  28  37  87  22  55  50  99  15
   65  47  55  94  56  40   4  66  96  65  49  91
   92  55  18  63  60   3  31  67  91  31  68  58
   21  65  40  23   1  98  54  51  64  61  86   7
   95  89  48  92  99  94  54  19  70  32  95  78
   60  68   3   6
   22   8  63  20   2  42  66  59  77  59  63  14
   51  20  21  24  28  95   3  89   5  62  63  63
   68  95  43  42  84  63  60  62  95  19   5  93
   13  96  32  32  12   5  58  96  22  17  52  17
   25  70  31  33  45  56  51  86  46  16   5  15
   22  29  12  44  91  18  16  84  95  28  74  21
   83  34  55  13  15  25  31  79  47   3  69 100
   33  73  31   9  13  41  58  79   9   4  75  30
   17  45  77   9   4  28  24  93  97  91  36  80
   85  38  86  79   1  36  98  12  25   6  32  97
   75  16  84  54   1  79  81  87  75  45  69  86
   93  90  11  18  60  19  78  17  88  49  50  86
   91  14  98  84  76  46  86  23  39  82  65  58
   54  49  60  85  74  60  71  34  20   8  65  60
   75  60  65  41  80  51  52  67  25  77  49  37
   43  88  24  51   8  83  78   8  24   6  42  90
   18  33  65  70  40  73  18  91  50  58  76  71
   16  37  22  89   6  71  32  86  79  25  75  51
   89  63   7  22  64  43  57  72  12   8  32  13
    8  79  99  77  88  55  91  24  51  99  90  22
   39  37  26  51  42  49  70  90  87  64  29  18
   33  54  37  97  62  27  50  78  78  20  41  86
   97  95  92  18  41  32  88  32  32  20  14  48
   85  54  40  37   8  29  28  14  83  31  12  35
   73  33   2  87   9  87  72  87  81  21  58  71
   41  26  47  88  88  60  74  97  66  32  15  59
   56 100  81  29  72  67  11  52  52  69  66  56
   53  74  23  48  46  74  69   2   8  76  95  58
   15   3  87  16  39  76  26  24  39  22  71  79
   54  55  66  17   3  78  25   4  67  74  25  35
   96  98   8  27  95  75  65  10  16  89  36  21
   59  80   2   1  59  36  77  84  86  88   8  96
   31   4  57  46   8  80   9  18  40  38  53  66
   59  16  85  11
   28  52  54  75  57  64  94  72  45  57  64   2
   32  33  93  38  93  68   8  43  60  39  46  83
   34  33  78  50   9  73  26  78  86  35  80  61
    3  63  21  76  35  93  32  96  31  70  26  18
   22  65  59  66  43  94  51  29  51  40   2  64
   47  69  13  23  88  47   7  69  15  64  42  96
   60  49  35  49  77  88  78  36  53  45  59  55
   28  81  75   9  15  71  59  25  19  23  92  72
   54  97  28  83  65  27   6  69  42  32  71  40
   42  43  97  26   8  18   2  91  86  58  64  56
   45  33  46  18  94  93  12  61   5  93  41  87
   25   8  57  26   1  50  35  55  96  94  28  22
    9  90  84  59  89  83  64   6  63  35  60  25
   45  40  16  23  61  45  42  65  65  67  42   1
   59  14  23  76  12   1  17  56  76  72   3  42
   10  16  22  89  90  86  96  31  42  21  50  89
   44  59  27  99  56  62   8  27  37  30  31  87
   58  21  10  63  31  71  53  24  16  14  82  42
   49  94  51  20  57  94  63  95  75  46  92  74
   71  53 100  39  55   8  56  73   9  13  53  77
   94  97  31  87  80  36  92  97  59  69  20  73
   60  20  98  75  76  14  33  73  79  96  64  70
   36  56  92  17  33  36  92  31  87  58  34  18
   75  42  97  87  41  19  99  76  23  55   4  61
   67  70  46  80  52  53  47  54 100  83  39   1
    2  48  75  57  32  63  56  96  69  88  45  48
   17  51  85  13  16  59  25  87  70  25  27  78
   61  80  95  24  68  97  89  10  86   8  46  91
   48  19  94  10  36  35  79  11   8  74  75  65
   11  90   8  87   5  85  72  51  77  36  53  13
   61   9  41  27  59  74  52  66  57  37  46  39
   44  41  48  11  34  99  63  19  78   7  97  94
   93  61  78  83  71  80  68  56   2  24  89  37
   90   7  38  15
   23  67  15  65  59  99  96  91  52  40  98  15
   36  70  85  79  11  83  51  63  79  27  69  18
   94  43  35  16   6  21   8  94  93  30  55  95
   25  72   1  14  87  22  60  39  40  68  93  98
   50  63  40   4  44  62  71  89  46  68  26  62
   24  76  62  42  33  17  92   6  58  98  36  31
   60  55  56  41  18  85   7  47  70  97  75  92
   64  58  28  98  96  27  51   4  54   8  96  12
   65  89  26  33  34  91  52  29  94   3  85  56
   44  33  75  10  94  49  57  67  15  25  90  32
   69  79  10  77  70  26  62  90  14  10  55  14
   27  60  98  94  13  26  48  23  92  24  49  75
   48  79  83  64  68  74   8  77  90  88 100  20
   45  42   7  64   3  40  78  85  10  19  23  16
   41  86  42  75  38  68  76  29  54  49  54  21
   99  20  28  20  82  16  23  68  54  68  79  20
   56  41  96  84  58  78  76  77   3  46  67  53
   54  79   7  58  38  22  68  71  82  70 100  47
   69  23  75  59  72  17  29  44  99  74   7  48
   45  49   7  66  23  66  23  90  16  68  89  50
   22  57  25  55  91  40  75  46  77  71  58  28
   71  98   6  24  57   3  10  12  45  45  63  70
   24   9   8  26  97  46  73  89  32  18  24   9
    2  39   2   3  29  24  70  14  28  26  59  46
   51  86   4  13  34  76  96  76  32  36  22  95
   71  26   8  65  92  66  63  66  86  80  28   4
   48  41  12  51  15  11  37  96   8  89  89  87
   83  55  54  70  69   9  64  35  15  19  42  63
   26  63  44  67  20  75   5  36  61  84  79  77
    6  64  89  63  50  71  64  73  69  92  86  38
   62  88  33  82  98  36  25  70  58  70  63  48
   77  34  79  87  90  17  75  30  77  97  66  33
    4  94  29   8  65   2  42  68  34  38  29  74
   99  89   7  73
   75  83  50   8  89  43  18  80  89  75  87  93
   72   6  75  23  24  77  24  44  82  16  65   5
   14   5  90  88  78  49  18  88  95  47  64  75
   19  57  10  64   1  67  71  82  62  63  67  41
   62 100  87   5  64  67  63  56   9  57  35  66
   78  38  21  66  69  19  85  11  57  21  11  53
   69  43  60   7  52  34  52  22  37  59  27  47
   12  68  14   2  92  69   3  45  85  90  11  44
   60  52  53  41  19  36  10  24  60  55  92  95
   56  19  21  41  12   4  83  96  41  24   8  18
   32  94  35  51  15   9  80  99  36  97   8  92
   19   6  96  55  38  56  10  76  89  21  63  77
   53  88  95  81  65  34  36  82  89  84  71  12
   81  95  18  10  59   9  88  93  71  32  62  23
   68  98  50  75  67  43  68   8  24  65   5  30
  100   2  86  73  32  92  51  55  99  52  14  53
   94  38  36  70  91  17  95   6  15  35  54  20
    5  86  27   9  91  85  50  68  60  29  50  67
   24  69  15   9  83  83  57   7   9  38  88  52
   95  63  86  79  42  16  62  38  15  54  28  58
   18   3  71  25  61  19  17  41  29  68   2  98
   50  88  38  47  65  60  87  65  96  72  26  23
   16  95  13  56  15  49  62  34  70  68   8  26
   17  73  76  72  13  42  51  52  12  72  47  53
   29  57  72  37  10  47   3  13   2  26  47   3
   18  72  19  13  12  34 100  99  42  94  18  40
   40  42   5  98  85  36  73  99  65  81  83  94
   51  91   7  26  63  59   5   5  40  27  87  73
    9  54  88  73  52  86  32  19  76  21   2  63
   84  82   8  66  38  85  58  65  34   5  29  41
   65  47  25  89  94  16  58  90  25  80  12  73
   61  49   8  88  85  32  80  74  24  14  38  30
   14  21  40  76  73  91  57  34  72  43  47  84
   98  40  21  43
    4  25   9  80  88   2  26  95  89  15  21  58
   96  41  54  28  89  40  25  33  38  39  69  76
   90  34  47  19  66  78  38  82  57  82  40  37
   12   2  56  95  37  30  90  10  85  99  46  64
   54  71  13  67  77  25  63  47  16  57  49  44
   57  77  91   4   6  95  74  76  76  18  44   2
   88  45  92   9  63  59  63   9  10  22  36  88
   28  68  24   3  93  96  68  68  58  67  28  61
   42  92  80   5  24  33   8  69  40  90  95  60
   73  98  24  17  50  23  65   2  33  50  70  96
   16  80  71  98  13  27  67   9  58   6  24  28
   98  27  65  54  81  95  66  70  57  99  46  43
   67   5  66  12  37  50  20  86  75  40  26  40
   63  39  27   2  49  64  75  51  42  79  36  12
    9  92  73  45  60  42  47  43  54  97   9  24
   82  50  90  26  66   7   2  98  53  82  24  97
    6  98   1  80  98  72  36  97  12  11  84  88
   24   7  45  72   5  32  60  46  11  30  99  72
   81   9  65  78  26  38  77  50  23  40  69  21
   12  84  84  67  86  80  67   8  90  74  58  87
   11  39  87  80  67  69  66  79  13  78  85  86
   24  87   5  16  91  19  48  77  22  96  98  76
   24  33  90   6   5  25   5  42  65  47  59  35
   93  50   8   3  54  46  30  28  89   9  24  49
    6  65   6  55  74  90  97  79  17  97  23  90
    8  38   2  93  62  89  45  14  32  52  43  98
   98  42  66   8  66  84  53   7  59  11  10  61
   11  45  97  32  60   7  30  67  44  95  68  95
   94  94  10  23  27  55  88  23  38  95  62  32
   97  94  11  43  43  83  29  99  74  42  18  90
   45  88  82  40  56  78  21   5  54  93  24  67
   21  40  63  30  66  39  86   5  26  19  14  14
   52  17  30  77   9  61  76  10  64  75  46  15
   86  65  79  76
   30  79  39  53  28  37  90  37  36  81  81  33
   27  90  37  90   7  94  24  73  32  89  70  69
   31  64  84  18  22  13  74  23  33  52  65  73
   18  49  20  62  75  28  55   6  72  99  63  60
   55  72  29  43  75  76  47  50   4  78  47  74
   53   2   2  25  91  48  56  48  67  10  40  41
   23  95  89  76  16  44  63  14  38  46  64  29
   33  60  57  21  15  35  86  39  87  25  95  98
   65  11  45  99  85  16  35  46  37  29  18  65
   68  20  21  24  16  59  65  50  14  37  83  52
   22  81  37  32  35  78  38  12  11  86  66  47
   81  63  88  47  75  75  74  93  38  24  21  60
   45  60  65  30  26   4  10  16  82  64  33  76
    4  57  15  39  88  23  54  14  62  47  83  16
   98  80  92  83  32  51  45  94  85  92  97  87
   78  55  19  82  56  28   7  91   2  57   9  48
   55  64  40  19  38  65   4  23  63  89   6  54
   61  98  78  97  94   5  96  46  79  88  95  23
    2  21  92  99  37  76   3  13  71  58  59  84
   16  13  32  40  29  51  47  29  32  63   4  40
   32  42  94  24  37  99  23   9  77  86  24  21
   21   9  80   3  95  50  45  31   6  86  54  38
   54   9  52  28  54  39   6  94  56  50  26  45
   61  84  84  12  41  72  35  76  59  52  27  88
   84  85  30  80  16  81  51  87  96  10  52  71
   36  23  66  31  26  75  24  28  59  39  64   2
   53  25  58  88  61   1  24  43  98  12  49  53
   55  93   9  61  17  99  81  81  86  11  70  21
   98  63  23  95  41  59  45  50  70  89  27  77
   37  53  55  36  95  73  36  70  31  21  10  28
   71  25  74  79  14  99   2  35  34  61  55  68
   14  41  12  29  53  12  76  64  93   3   6  39
   34  18  23  53  52  57  37  60  21  32  64  85
   26  85  43  45
   74   8  61  17  60  92  78  71  78  28  93  61
   48  12   6  84  33   4  78  75  80  74  81  51
   69  48  35  51  49  43  55  85  87  19  97  75
   12  18  97  95  53  13  18  24  93  45  92  79
    2  71  66  68  86  10  43  28  33  77  28  70
   51  41  70  25  15  56   8  84  13  11  11  45
   83  73  26  56  66  32  19  56  41  40  21  25
   73  60  67  18  57   8  47  21  61  93  44  82
   69  69  78  68  26  70  55  94  80  60   4  80
   30  73  24  88  63  60  29  67   4  28  90  95
   55  87  79  27  43  98  13  34  61   7  96  51
   14  94  66  18  56  21  37  24  45  67  42  51
   78  78  78  21  38  10  50  33  36  67  12  12
   57  55  15  51   4  19  48  57  36  83  82  88
   22   7  15   8  74  13  12  18  99  46  54  11
   39   6  81   6  14  94  31   2  66  64  86  11
    7  53  21  10  56  36  39  82  88  64  22  58
   77  10  68  63  38  11  45  59  68  15  22  88
   98  21  23  19  30  24  63  85  82  61   1  35
   35  52  73  72  69  44  45  98  19  57  50  61
    5  23  37  91  87  37  10  55   3  92  74  88
   13  33  83  50  44  90  75  56  34  30  22  33
   75  96  72  54  58  53  92  85  13  32  16  32
   57  70  79  79  38  61  73  35  74  91  82  78
    2  90  30  97  16  70  22  39  19  69  88  47
   57  98  33  11  73  86  68   5  41  16  68  35
   17  75   5  82  77  98  97  44  67  11  53  83
   42  70  10  64  10  12  82   4  79  92   8  12
   97  35  82  34  99  71  14  97  49  83  57  54
   82  53  66  23  53   1  30  37  73  30  22  82
   62  73  40  48  84  33  53  62  97  28  44  44
   95  36  51  41  49  36  17  75  53  55  24  88
   70  10  48  83  72  49  94  69  86   3  47   3
   35  20   7  37
   17  60   7  10  83  92  37  55  79  18  52  73
   82  47  82  91  93  22  68   3   6  76  22  30
   72  14   6  95  76  68  91  90   2  80  38  44
   95  60  53  91  43  58  63  42  33  37  88  49
   29  34   3  79  35  34   7  79  67  39  98  46
   21  34  39  94  39  57  21  29  81  68  39   8
   96  17  58  15  83  15  83  28  67  98  27  87
   65   3  75  65  54  28  64  32  40   9  39  27
   29  81  31  28  93  57  22  18  41  83  13  56
   85  21  95  43  12   6  18  93  48  22  55   5
   34  69  77  19  87  31  20   3  76  44  47   7
   84  66  30  38  81  47   5  30  91  94  51   9
   62  45  53  62  35  32  73  10   9  53  18  72
   15  41   8  37  82  33  46  30   6  36  89  83
   18  97  12   4  53  76  78  40  24   7  11  57
   78  71  57  97  82  68  61  56  75  79  31  45
   49  39   6  63  11   6  29  67  53  26  11  39
   25   6   5  52  96  80  66  44  32  81  34  82
   55   6  85  36  20  84  16  40  78  53   3  70
   50  16  74   7  89  20  79   4  56  22  56  60
   83  55  99  87  47   1  31  78  31  55  67  75
    3  97  91  39  74  62  15  17  78   6  54  14
   30  71  95  60   2  66  61  77  88  23  85  53
   75  70  75   2  12   6  85  40  74  58  83  54
   38  59  20  66  46  15  95   6  76  69  35  74
   13  77  47  21  12  71   3   5  70  30  95  65
   99  48  16  95  87   5  20   4  71  32  93  85
    7  83  26  95  32   4  76  12  42  95  41   4
   56  91  28   7  84  19  17  85  97  72  37   6
   95  79  28  99  78  71  15  38  12  52  72  99
   97  64  95  36  42  61  71  42  25  72  39  26
   69  76  69  77   7  67  26  35  50  21  36  57
   60  67  60  89  14  60  62  32  76  41  72  12
   64  13  63  49
    792   787   821   844   785   784   795   825   816   779   803   848
    795   832   838   808   825   792   797   783
