 20 400
  112  86  74  99  59  56  41  87  71  39  73  72
   31  18  86  49  86  55  82  17  60  83 108  27
   37  29  83  48  86  17  49  30  50  62  54  37
   10  91  51  27  92  32  84  81  37  35  91   7
  102 103  83  51 104  39  95  57  78  69  97  59
   10 110  73  67  47  78  62  24  92 106  63  85
  100  24  70  60  85  53  24  86  13  34  32  98
   41 101  45 115  48  63  33  37  58  65  17  46
   92  62  49  92  84  58  78  26  58 103 100  39
   87 108  67  12  63  96  75  94  82  31  39  28
   70  98  97  15  71  18  98  31  49 100  50  55
   60 103  34  33  72  77 107  16  20  41  60  84
   79  20 103  33  26  63  34  96  74  64  24  26
   42  45  24  88  26 101  71  28  16  63  94  67
   90  34  61  23  39  88  86  68  68  89  31  46
    9  39  93  67  82  66  63  80  68  47  71  96
   66  18  24  23  28  93  99  12  37  83  94  91
   61  29  44  47 111  96  44  48  64 114  39  38
   43  75  85  94  24 101  79  21  79  92  63  89
   70  34  49  31  38  92 113  35  59  62  74  64
  101  47  77  71  29  10  70  76  80  36  41  81
   87  28  52  26  46  77  93   8  23  42  27  88
   57  70  34  49  92  46  59 102  79  30  20  11
  100 100  27  24  40  82  82  74  50  83  86  93
   54  99  30  44  95  37  70  48  83 105   5  85
   76  37  18  45  71  16 101  16  72 108  71  65
   29  57  79  85  91  26  89  87  51  45  41  77
   49  94  80  90  62 103  34  55  64  93  51  17
   25  31  76  85  20  89  24  82 111  33  80  30
   66  92  75  70  63 104  80  39  57  38  58  82
   56  57  37  56  54  18  61  39  64  45  32  48
   21  81  25  19  76  95  41  21 109 104  49   9
   32  68  17  61  16  21 106  86  55  50  61  38
   21  83  68  56
   78  44  18  74  48  84 105  97  43  54 101  74
   71  41  42  52  55 107  76  20 106  96  43 112
   96  62  42  14  50  42  99  17  27  69  55  44
   87  99 108  69  29  74  75  98  72  30  59  94
   35  16  39  33  45 102 105  49  49  89  44   8
   23   5  56  24   4  23  84  83 102  73  83  82
   76  79  72  87  56  49  32  86  79  91  23  33
   82  54  93  83  31  93  68  71  89  32  70  87
  116  68  80  63  95  41  53  54  17  33  88  33
   45  31  83  81  75 100 103  45  94  63  86  56
    9  19 110  73  70  19  87 104  79  67  21  91
  103  32 102  62  42  20  20  39  58   7  59  40
   75 106  93  59  45  45  94  63  54  86  64  61
   86  19  68  94  99  42 100  93 109  80  40  64
   18  21  61  34  78  12  25 101  49   8  87  81
   54  68  80  24  21  41  25  22  19  43  43  34
   28  36  31  38  55  18  26  96  98  99 105  85
   62  57  84  39  65  89  46 101  80  10  70  95
   92  63  69  61  25  43  36  42  15  33  72  54
   39  60  89  39  70  56  49  23 110  95 105  93
   75  16  78  63 103  39 107  54  24  58 108  71
   88  34  10  14  51  33  56  46  97  37  73  10
   69  38  51  33  46  21  29  22  68  66 101  38
   46  70  40  19  65  66  22  77  45  47  12  87
  103  80  39 104  37  80  25  83  79  63  40  42
   66 103  83  62 114  26  53  32  26  37 110  67
   24 110 102  66  18  14  65  23   7  77  35  35
   74   7  67  20  93  96  94  38  92  39  15 110
   47  75  65  52  64  68  66  55  32  33  46  28
  106  68  18  55  69   7  22  48  10  83  66  75
   24  99  91  30  65  77  66  86  70  79  33 108
   62  80  30  23  59  39  28   7  33  24 113  44
   39  50  92  49  82 107  48  69  75  57  42  24
   82  33  82  28
    5 105  79  59  23  88  89  86  13  99  51  57
   92  91  51  11  73  51  77  28  50  17  43  88
   97 108  22  93 105  41  20  92  49  41  74  80
   34  94  80  83  11  39  60  21  96  25  52  97
   83  79  59  81  63  21  91 102 109  59  51  82
   73  39  80  20  62  79  74  97  29  58  32  43
   76  61 101 108  48  94  26  21  66  95  11  78
  108 111  10  68  23  46  46  93  63  18  36  24
   50 107  45  42  83  38  48  11  98  37  27  17
  100 103  18  24  29  86 100  49  22  11  81  96
   82  20  25  40  53  15  68  13  42  80 102 106
   75  54  88  30  21  71  50  56  51  91  27  54
  115  25  43  88  20  54  71  68  60  70  35  98
   18  48  61  69  23 101  79  69  60  25  57  45
   34  97  39  43  19  75  58  73  97  78  70  92
   21  81  80 109  99  84  28  99  79  40  33  20
   41   5  43  44  75  69  35  23  62   5  11  34
  116  79  90 107  19  37  53  56 102  94 107  83
    9 114  20  22  50  26  30  27  83 115 110  44
   20  29  25  24  13 100  15  61  64  38 106  24
   68  50   3  90  38  12  20  36  14  31  77  77
   51  31  53  54  76  68  13  63  28  22  89  58
   95  18  81 100  41  73  91  81  71 108  91  93
   68  92  35  31 102  39  98  43  74  53 103  29
   26  50  99  98  79  69  48 105  33  61  66  84
   18  23  44  28  55  99 114  58  88  55 117  93
  102 111  70  70  62  68  63  14  62  50  25  43
   48  90  83  13  55  85  98 109  58  90  66  87
   10  75  21 100  36 101  49 107  20  98  87 115
  106  59  16  73  69  38  99  11  73  42  60  43
   30  76  92  50  95  12 102  45  57  43  64  94
   69  69  50  96  62  88  20  74  49  65  61  14
   95  83  77 116  13  26  79  22 102  25  38  39
   47  27  92  43
   29  95  40  98  29  56  86  59  16  45  99  95
  110  41  98  73  61 107  33  81 109 110  22  87
   58  99  70  79 108  53  70 103  67  53 114  75
  100  14  53  45  24  34  21  43 111  94  47  29
   52  52 110  62  78 111  67  88  92  65  63  82
   88  83  89  51  52  14  25  96  41   2  75  29
   52  51  59  81  68  32  42  60  23  29  89 108
   94  80  94  70  49  57  88  49  52  66  16  90
   88  18  24 105   8 109  71  39   5  72  64  39
   37  46  86  82  17  39  24  66  52 102  89  11
   35  93  98  47  75 109  51  99  21 102  61  85
  113  89  43  76  10  96  89  36  95 103  97  89
   62  41  64  18 111  50  51  40  76  12  43  36
   35  99  76  29  39  69  88  63  80  65  74  48
   92  66  46  79  37  93  61  94  84  71  77  27
   29  30  80  73  20  53  73  63  89   9  13  54
   89  93  39  21  21  90  81  72  62  35  25  69
  101 107  75  13  92  70  81  40  99 109  78 105
   69  55  24 108  31  44  60 105  96  78  62 103
   92  71  32  61  60  25  57  33 102  32  43  56
   90  58  43  97  78  82  30  30  37  57  62  20
  102  74 103  83  67  98  11  93  72  77  63   9
   98  73  75  53  59  37  47  41  45  71  96 104
   62  15  33 100  63  58  22  59 112  70  23  97
   47  55  36  35  17  97  38  49 101   2  50  72
  105  11 105  77  43  51 111  85 107  14 108 108
   57  37  53  72 103  57  56  61  44  87  88 110
   21  20  59  77  74  86  12  57  59  60 101  43
   31  16 100   6  94  53  22  53  65 112  89  59
   69  88  70  72  84  34  99  48  41  35  45  86
   65 107  33  89  17  39  38  89  34  24  52  47
   74  37 110  45  92 104 119  47  67  50  65  79
   73  32  23  10  56 110  77  29  97  43  28  95
   54  71 113  12
   98  67  95  26  52  47 102  52  38  38 105  89
   81  50  20 107   6  92  81  48  76  45  80  18
   79  77  60  79  97  76  86  38  94  56  94  68
   36  97  77 109  73  26  65  78  35  82  36  41
   49  79  87 105  49 111 106  17  46  48  96  50
   23  12  68  80  15  93  71  92  26 113  62  68
   42  74  30  26  85  75  16  49  79  87  49  81
   16  58 107  96  94  41  28  21  98  90  45  28
   19  61  27 108 112  44  70  82  39   8  61 115
  102  96 107  93  52  54  91  38  81  56  80  30
   61  76  99  38  77  64  15  74  44  98  23  40
   84  60  15  48  67  40  43  36  12 100 105  82
   25  63 100  83  55  75  55  93  87  55  94  27
  101 104  27  97  29  67 107  51  50 113  29  43
  100  59  22  51  85  37  27  77  37  52  57  45
   87  64  67  82  48  78  76  94  44  64  57  72
   32  27  62  50  95  55  45  59  39  83  96  67
   29  76  19  72  46  84  24  85  24  58  27  90
   43  47  27 105  91  89  58  77  72  41  87  64
   29  54  58  56  81  30  93  31  49  49  80  43
   71 118  65 109  14  27  50  78  52 101  10  67
   51  37  42 103  28  47  90  54  22  43  82  47
   45  85  33  86  19  46  21  66  50  17  63  48
   85  58  52  37  90  21 106  25  31  91  42  48
   34  27  91  29  80  12  66  89  69  66  42  41
   26 116  76  54  61 100  64  62 106  66  61  27
   21   8  66  23  83  68  53  51  14 103  55  15
   92 109 107  77  92  76  20  40  93  95  57  46
   41  89  67  60  87  20  92  78  97 102  66  67
   51  75  89  41  41  75  26  57  67  71  39  88
   90  33 112  28  94  51  98  57  13  83  99  66
   15  71  61  13  58  69  73 104 105  26 101  60
   37  63  85  99  93  65  54  98  85  21 103  92
   35  53  13  44
   56  32  94  70  88  29  70  35  83  66  55  12
   29  47  81  95  25  42 103  21  15  90  60  20
   99  96  85  42  88  97  81  60  46  56  27  85
   66  18  92  96  68 110  73  32  59  28  72  18
   54 108  40  50  55  98  99   6  19  57  24  17
   31  45  59  23  15  42   6  59  43  52  20  69
   29   7  92  55 117  56  14  91  98  59  53  51
   18 100  98  63  78  59  39  98  56  35 111  48
   98  51  92  41  25  10  42  38  78  35  71  54
   48  27  34  56  54  54 101  17  23  71  64  74
   96  47  92  20  63  69   8  71  28  11  43 103
   33 102  66  58  88 103  64  76  52  35 103 110
   72  24  23  76  17  26  67  79  40  66  22  70
   34  19  93  78  18  66  94  15 107 107 118 111
   55  56 110 111  94  76  63  77  83  91  94  39
  100  21  33  97  86  23  84 100  35  96  37  25
   17  61   6  44  95 100  50  39  10  57  70 112
   74  26  86  75 105  42  54  37  18  89  51  30
    7 101  54  78  47 100  66  12  42  24  53  61
   76  15  24  22 102  15  97  47  56  79  79   5
   67  61  60  41  90  88  65  95  12  27  53  96
   53  86  68  43  24  15  56  21  16   6 112  18
   29 110  53  86 105  51  68  24  82  34  50  37
   80  30  28  16  37  44  77  84  34  87  53  53
   76  64  91  88  34  90 101  27  41  52  72  80
   40  96  42 115  23 104 101  79  69  93  65  30
  111  80  27  13  73  62  25  46  68 113  98  39
   73  41  39  71  70  84  33  20 104  31  89  80
   82  80  70  36  24  73  83  98  52  78  94  70
   34  22 111  41  77  91  51  36  35  55 109  49
   29  70  74  55  83  30  55  76  93  23  96  59
   24  61  91 101  89 103  40 108  19  61  64  58
   73  79  70  54  86  27 104 101  71  36  70  54
   76 105 108 103
   94  38  96  13  27  11  17  15 112  54  20  88
   48  23  28  35  78  79  92  86  44  27  95  32
   65  85  64  97  36  88   3  61  73  84  57  90
   24  23  42  76  95  41  26  33  95  34  83  87
   59  88  83  46  18  28  43 103  44  62 107  56
  100  65  17  28  21  91  16  99  59  13 110   7
   79  70  32  17  90  99  60  22  30  80  96  22
   14  70  80  91  51  90  23  47  68  15  33  53
   40  42  38  44  83  27  17 101  40  59  18 105
  106  74  38  13  52  75 113  54  84  27 102  72
    7  52  72  76  91  86  44  14  70 118  86  34
   87  22  72  98  58  73 109  86  29  86   9  17
   25  19  62  54  17   7  43  86  68  49  99  52
   57  33  65  86  11 102  69 112  19   7  75  76
   74  31  54  69  29  90 103  93 107  30  85  29
  101  64  57 106  37  61  70 101  36  67  91 109
   20  78  70  50  87  53  19  71   7  78 113  76
   96  79 102  17  97  91  48  83  89  50  78  92
   33  92  30  30  16  24  18  40  17  63  32 109
   61  76  98  97  96  54  33  20  80  43  98  46
   38 105  94  48  51  59  84  20  94  23  22  47
   67  68  75  72   4  22  18  62 113 107  46  56
   80 102  58  22  73  95  24  38  46  16  88  26
   91  79 105  28  43  20  90  78  60  19  23  47
   38  57  56  34  91  96  20  61  41  25  52  91
   60  85  36  69  60  61  57  27  63   7  98 109
   15  98  20  29  65 105  92  20  20  49 108  51
   24  96  52  51  36  23  59  19  92  28  67  77
   84  87  80  76  56  10 116 105  13  44  36 109
   68  97  78  86 107  82  22 100  44  21  37  83
   85  78  26  45  60  75  13  57  54  14  87  63
   38  22  17  73  93  21  82  27  62 110  58  86
   83  57  58  30  56  21  69  53   9  74  15  62
   52  78  86  49
   20  18  53  72  86 105  32  22  81 105  39  75
  110  50  66  34  65  38 109  41  41  17  66  25
  109   3  52  39  66  21  19  41  76  71  93  14
   83  81  63  52  22  95  33  20  36  35  86  27
   96  54  70  24  39  84  16  43  70  60  38  24
   46  93  33  89  89  55  30  68  82  41  99  63
   16  15 107  99  76  36 107  98 106  41  43  91
   69  85  92 101  39  38  71  65  99  96  42  83
   64  50 112  60 102  99 103  12  51  80  97  22
   49  65  96  44  65  99  23  49  47  87  61  94
   67  36  67  54  65  62  71  78  54  77 100  97
   20  45  22  72  81  59  97  14  93 111 114  21
   41  12  61  27 115  26  64  78  80  74  38  34
   62  44  23  53  83  99  44  25  38 110  34 104
   33  68  39  19  48  89 109  24  24  99  33  48
  112  67 104  32  30  34  97  32  29 109  42  63
    6  36  36  31  93  28  70 103  74 109  18  27
   32  48  44  10  21  61  72  20  74  46  89  48
  104  19  43  56 104  74  71  23  26  90  76  80
   43  67  28  25  95  67  46  82 105  41  81  54
   82  61  53  88  25 113  38  67  94  28 103  31
   11  87  77  52  34  61  93  61  90  61  35  44
   83  40  39  93  85  36  85  35  35  21  30  60
   18 100  59  62 104  45  77  64  21  21  40  63
   81  14 102  18 109  79  56  59  88  31  90 104
   12  49  20  27  31  40  75  62  73  80  33  33
   87  90  75  20  18   5   7  17  93  86  78  76
  101  35  71 107  41  40  34  22  23  48  48  89
   58 101  44 101  33  81  26  14  51  44  94  68
   79 110  39  86  40  61  75  27 106  98  26  65
    7  69  65  55  39  67  96  95  24  26  90  43
   33  75  80  22  82 108  84  91  43  52 102  29
   91  21  84  31  81   4  85  26  77 100  95  67
   18  73  66  24
   59 108  72  62  12  45  67  16  52  95  65  15
   23  48  74  35  97  98 115  43  62  85  87  52
  111  47 110  78  19  99  79  96  77  30  63  36
   92  37  53  45  26  57  52  32  99  59  56  93
   26  98 100  84  71  95  75 101  43  66  20  86
   55  87  91 100  56  26  81  40  33  61  27 110
   98  72  66  74  20  42   7  28 101  74  60  34
   12  77 103 110  10 102  55  33  73  35  79  35
  104  12  23  50  32  80  31 102  61  89 105  62
   82  79  73  47 110  52  70  51  40  78  37  31
   81  71  11  70  95  30  84  69  33  98  61  86
  110  58  95  47  25  86  44  72  27  52  63  38
   87  31  27  71  39  81  83 107 109   4  64  41
   39  15  53  32  16  20  91   6  52  79  44 112
   99  94  77  41  17  86  20  71 101  59 104  54
   12  47   5  89  27  14 110  81  89  70  75   8
   18  70  74  67  93  85  40  89  79  64  80  91
   90  86  71  74 102  34  99  20  76  41  27  86
   40  34 105  49  83  82  33  87  95 101 101  70
   19  61  91  83  72  73  51  98  51  92  61  33
   43  86  67  42  34  46  61   6  62  40  47  84
    3  93  32  59  77 109  69 109  29  71  27 103
   27  54  46 100  95  10  97  19 112  31 105  44
  103  23  66  36  64 103  27  23  70  67  99  32
   53  25  35  87  62 113  86  19  79  39  57  18
   47  81  43  59  23  82 106  82  69  39  53  63
  116  17 103   7  83 107  81  91  75  61  92  79
   20  18 100  37  96  39  83  24  88 108 106  41
   63  70  30  93  70  74  45  78  51 113  72 109
   64  55  22  29  92  33  19  25  84  63 111  28
   50  72  78  44  38  18  14  37  67  10  67  18
   87  94 108 108  38  89 109  34  96  95   9  51
   77  73  10  43  75  34  29  36  71  67  22  31
   96 109  27  69
   77  73  55  43  74  56  24  46  25  88  82  83
   16  23  12 105  46  37  94  90  44  70  78  97
  113  29  29  73  50  64  41  91  22  97  93  91
   55  76  88  26  17 119  43  80  85  41  36 103
   28  39  23  47  47  75  66  33  67 100 106  79
   59  25  94  39  57  93  60 108  44  75  84  62
    9  72  14  70 104  37  45  53  63  17  68  69
   99 106  40 102 106  86  53  44 107  23  79 109
   43  29  93  86  87 107  20  92  16  74  52  69
   17  71  50  17  82  58 107  87  30  63  69  69
   69  76  11 102  22  39 101 105  92  52  91  60
   30  97  25  61  12  53  40  26  84  82  60  95
   46  69 105  16  80  43 103  35  89  75  95  66
   47 109  75  89 100  30  78  77 114  38 108  68
   93  76  18  55  37  26  44  55  64  41 101  88
   77  82  51  63  42  73 110  68  28  91 108  44
   43  72  72  54  71  66  84  62  57  51  84 106
   17  61  34  75  94  97 113  53  85  41  27  37
  102  96  75  59   9  44  33  51  14 102  73  23
   41  42  79  60  74 105  62  77  68  27  20  40
   71  29  44 107  32  73  36  37  68  16  29  36
   34  24  38  94 110  11  21  96  89  22 105  10
   45  28  69  17  39  17  71  32  70  43  31 102
   61  21  50  47  51  73  54  48  50  69  91  55
   27   6  18  46  43  44  53 108  79   6  27  41
   34  33  38  33  66  46  56  70  16  58 101  31
   47  61  70 109  82  38  48  97  37  93  81  45
   46  67  91  22  55  84  34  98  57  69  91  87
   74  44  79   5  25   6  59  71 110  65  16  53
   77 106  74 103  57  80  33  67  24  48  90  52
   66  36  13   5  93  83  99  17  70  29  98  76
   69  58  12  67  40  14 110  29  77  94  43  57
   44  58  93  24  42  43  99  43  91  82 100  90
    9  77  53  82
   63  78  24  31  86  31  57  27  60 112  21  26
  110  18  96  91  83  91  65  40  12  26   9  89
   95  76  77  61  22  78  45  92  29  62  37  78
   17 109  19  77  17  96  61  42  67  52  40  24
   87  37  39  89  44  62 116  49  94  21  86 116
   51 100  92  21  76 111 107  85  38  92  71  64
   43  69  74  98 100  56  72  89  53  65  10  43
  106  28  98  30  46 102  16  25  50  49 101  99
   20  42  73  57  50  42  39  57  69 109 100  56
   74  59  83  43  66  71  73  38 104  99 100  21
   65 100   6  42  79  67  41  19 109  67 108  31
   36 104 111  45  28  13  34  14  72  41 114  71
   24  88 105  94  35  89  31  72  81  26  32  88
   43  56  58  48  76  62  73   8  97  26  15 116
   71 108  33  29  12  30  57  43  95  73  28  15
   63  96  95  93  48  74  33 103  21  24  40  76
   75  61  25  45  96  67  59 104  30  76  53 104
   57  88  39  50  94  59  32  74  89  28  21  34
   98  40 104  68  94  35  12  53  18  57  56  62
   38  93  66  15  37 108  54  77  91  61  63  41
   72  21  95  54  98  47  96 102  81  57  82  60
   69  32 101  51  74  28  89  80  19  13  46  39
   45  21  12  48  35  94  58  25  62  74  39  95
   89  20  47  29  32  80  46  79  42  61  96  74
   57  86  18  99 104 105 104 106  85   6  80  76
   50  51  15  32  13  12  57  35  26  69  81  24
   79  45  70  46  61 104  23  96 100  45  98  95
   96  18  69  27  90  79  21  81  20  75  73  91
   58  67 107  75  29  81  26  37  58  26  75 118
   63  89 107  67  73  82  72  54  96 113  29  68
  111  35 107  82  48  31  27  34  32  79  47  55
   60  79 104  75  20  37  74  78  93  61  40  91
   70  30  33  28  66  18  27  21  62  68  79  99
   30  46  80  67
  110  64  44 114  94  59  99  33  17  76  39  80
   28 100  14  22  97  44  80  87  37  23  65  87
   45  44 100  14  96  20  90 105  19  60  26  46
   38  93  30  30  35  18  46  92  15  30 104  28
   33  14  70  35  20  61 114  87  77  31  98  93
   35  68 104  54  85 114  35  45 114  60  41  44
   48  23   6  82  82  45  46  75  27  96  81  34
   77  47  95  98 107  23  45  87  65  70  92  25
   65  55 112  61 108 108  56  97  27  57  15  38
   54  80  48  24  65  57  26  54 111  14  55  76
   52  85  20  98  89  19  45  55  86  47  36  83
   38  17 100  29  23  66  29  31 110 110  37 108
   81  59  43  64  23  56  98  41  79  45  96  82
   89  29  24  82  40  71  97  19  85  96 102  57
   48  32  23  68  53  70  56  35  26  67  29  74
  111  67  34  50  41 102  34  64  85  16  20  32
   20  73  55  39  52  82  71  59  93  98  77  37
   63  50  33  59  52  44  39  71  63  81  26 105
   68  83 108  92  59  89  76  54  95  17  86  11
   41  49  29  36  71  48  45  87  81  67  55  19
   90  15  69  25  93  93  61  84  33  71  95  79
   32  66 100  55  39  64  47  63  52  49 104  25
   51 109  25  31  52  53  50  34  92  81  78  24
   88  36  88  84  47   9  70  71  66  60  20  89
   62  63  33  47  67  57  23  68  86  62  51  52
   13  82  80  62  28  90  22  58  29 102  10  48
   81  81  92  96  64  45  60 116  16  92 102  50
  106 105 110 101  87  70  42  24  65  91  35  23
  110 103  14  97  54 107  56  30  86  13  55  26
   44  73  47  17  71 100  29  61  53  90  76  63
   46  79  51  52  54  89  21  57  13  67  94  67
   26  46  51  52  96  87  36  47 110  41 106  69
   60  49 109  69 105  25  62  92  73  73  40 108
   38  55 102  82
   63  84  41  53  45  61  28  56  26 109  63  53
   25  95  94  43  68  50  97  72  66  88  98  78
   45  98  74  51  89 103  72  28  66  26  47  26
   65  38  69  48  85  89  89  49  76  22  26  75
   94  57  56   6  79 101  93  78  48  17  39  18
   51 103  89  22  37  24  58  65  52  59  83  46
   77  99 100  19  41  46  37  48  79 106  88   8
   55  88  40  76  41  19  92  55  76 114  33  98
   37  70  95  40  20  99  89  16  98  63 104  94
   31  40  85  25  84  46  84  31  46  23  38  56
   69  67 105  52  90  76  25  40  49  28  51  19
  100  56  62  75  97  30  71  27  80 102  91  24
   73  99  32  26  49  21  64  17  35  71  84  41
   31   3 102  63  54  23  92  36 107 102  24  27
   74  22  90 105 100  26  31  86  29 111  21  42
   94  58  75  97  98  72  38  91  90  88  25  90
   81  80  48  79  55  18  13 108  53  85  85  62
  107  68  42  74  17  92  77  52  77 108  72  82
    9  99  35  37  84  71  28 104  48  30  87  63
   74  76 102  84  57  27  30  66  15  26  46   9
   16 102  68 104  49  32  52  70  64  77 101  84
   62  66  71  42  81  12  16  93  80  92 116  74
  110 110  28  71  54  73  99  28  73  33  86  52
   23  60 114 101  10  52 108  29  39  31  92  69
   83  53  44  85  87 104  91  98  95  28  69  26
   56  87  60  94  71  65  56  65 113  32  18  57
   49  49  43  77 107  78  31  22  17  84  39   9
   26  26  85  58  95  57  44  81  99  81  47  30
   91  88  29  94  15  42  17  40 105  94  34  61
  102  84  26 103  26  45  90  52 111  32  55  52
   55  90  58  28  53  95  37  53  79  47  30  90
   97  67  53  87  82  16  48  34  36 106  14  33
   14  64  25  28  37 101  23 104  75  87  81  78
   94  41  51  65
   34 108  42  37  62  29  81  76  42  67  47  43
   57  79  73  93  58  95  37  78  58  21  72  30
   86  59  74  69  41  30  13  84  84  73  50  41
   62  88  81 102  27  56  74  40  47  46  77  83
   91  82 110  90  24  67  78  44 105  52  55  76
  103  37  69 105  98  74  40  43 100  78  94  85
   19 105  86  28  34  59  93  39  66  76  58  95
   31  53  16  40  42  42  44  86  16  70 102  46
   49  68  16  36  23 101  19  51  58  88  48  84
  105  56  34  84  40  47  80  72  24  83  96  41
   54  98  24  30  85  46   9  70  59  43  56  78
   96  78  42  82 100  51  40  87 106  57  50  86
   70  64  43  33  75  76  56  11  17  69  92  66
  100  68  55  83  22  47  10  21  49   8  41  87
  104  84  64  65 106  66  37  51  31 115  26  53
   89  52  44  95  51  47  98 108  70  57  57  68
   77  35  93 101  71  30  64  10  28  39  84  79
  115  98  63  41  44  33 112  29  93  11  56 102
   52  82  59  33  18  32  48  34  62  92  55  37
   66  64  46  14 107 104  63  23  37  60  26 101
   66  89  68  54  77  91  41  13  20  43  21  54
   36 111  40  43  55  91  92  19  64 113  19  27
   22  13 103 108  82 104  56  60  74  90  92   7
   29  78  17  54  50  99  66  45  10  98  85  22
   92  84  71  43  15  96  96  72 107  53  67  96
   55 115 104  79 105  48  47  99  73  27  31  52
   99  24  95 104  67  29  96  16  33  36  93  67
   80  13  13  18  23  93  38  97  48 113  86  68
   19  55  36  26  20  21  79  70  89  64  72 106
  113 107   6  67  33  22 101  43  34  24  96  86
   25  86  98   9  84  19  33  87  70  77 103  46
   56  98  32  34  94  94  79  66  42  54  47  26
   51 109  99 108  79  87  82  23  72 103  29  24
   53  50  76  85
   43  67  47  61  11 104  65  90  82  15 113  36
   27  25  34  45  52  25 110  33  41 100 114  45
   75  56 100  21  73  79  30  63  89  69  87  46
   29  41  58  22 102  75  22  56 107  23  47  52
   79  28  94  17  86  62  63  67  51  60  20 102
   86  74  79  57 107  18  76  20  13  50  87  91
   71 105 101  79  72  61  63  14  32  13  81  21
   12  75   9  89  76  37  77  72  50  56  42  17
  106  98 101  29  56  90  71 100  91  94 103  95
   51  17 102  33  55 103  20  61  16  16  88  72
   78  55  44  83  95  83  57 107  48  60  15  91
   73  56  50  33  28  50 118  37  23  65   5  92
   75  10  19  85  70  61  19  57  38  81   6  85
   60  34  43  28  77  71 106  72  59  68  41  68
   27 115  96  16  18  46 104  55  94  56  13  48
   93  32  26  69 100 103  54 109  95  43  20  80
   58  94  62  89  90  19  67  29  71  60  64  85
   94  54 106  40 118  49 106  61  95  21  45  46
   92  29  40  89  97   9   9  11  37   2  35  90
   18  69  65  60  65  51  52  94 101  27  30  13
  111  98  70  75  52 104  76  53  77  83  50  77
   43  88  64  56  74  37  15 111  97  73  55  80
   94  56  53  59 100  41  31  92  19  12  56  44
   81 104  80  72  38  72  56  85  43  18  73  80
  100 106  68  82  47 110  57  70  85  19  32  29
  101  35 112  24  23  13  71  78  92  14  37   4
   61  26  45  83  14  95 106  67  76 100  86  55
   76  18 111  98 117  30  81  54  21  24  93  46
   32  30  84  32  62  92  24  50  52  31  70  86
   30  56  51  18  46  64  39  81  81  71  17  81
  101 114  69  52  52   8  32 103  27  31  67  35
  106  95  41  74  50  14  38  44  25  79  45  12
   57  83  94  55  38  47  32 101  34  80  65  70
   89  99  28  97
   53  89  52  54 103  55  31  92  37  72 108  69
   49  68  72  52  53 107  36  58   7 102  98  43
   24  59  86  57 101  51  70  55 107  77  44  46
   87  60  92 102  40  27  52  22  84  81 100  21
   36  66  56  24  37  44  47 102  81  22  48  15
   97  26  44  28  85  31  82  76  24  16  75  34
    9  27 112  98  26  58  29  45 109  32 103  62
  110  84 100  60  24  20  37  98  60  60  89  65
   84  57  92  98  77  21  67 103  96  99  11  89
   77  75  65  26  69  75  98 108  54  63  48  98
   62  46  91  26  36  14  59  52  53 102 111  60
  110 110  39  16  97  88 101 107  81  89  61  46
   29  21  63  30  69  94  80  37  31  23  50  84
  105  63  43  86  71  54  76 114  69  64 115  68
  106  83 108 105 102  78  44   8 101  33  34  41
   99  37  82  41  24  96  34 106  15  82  29  71
   48  76  27  93  33  74  32  27  58  29  68  51
  105  16  43  29  82  82  51  30  10  64  46  28
   55  74  99  25  27  13  23  89 100  76  82  68
   50  99 111  48  43  50 100  78  34  97  86  74
   23  32  69  12  63  35  58 100  39  82  66 108
  107  84  77  43  59  61  82  69  82  16   6  77
   79  57  62  18  51  45  63  63  80 107  92  57
  103  45  90  41  69  28  55  91  17  18  80  49
  101  58  83  30  94  98  42  33  97  73  93  42
   22  89  25  98 106  80  58 113  96  31  30  68
   79  75  41  24 102 108  41  73  40  12 107  39
   49   5  71  19  72  25  95  99 108  51  76  61
   94  32  43  98 106   9  67  48  44  95  26  55
   28  32  46  53   8  29  89  11  90  33  82 115
   20  21  44  25  76  43 108  51  40  50  30  97
   94  33  87  17  16  47  48  40  56  48  47  35
   19  35  53  13  86  36  80  25  71  25  59  66
   69  22  91  72
   12  20  87 100  61  36  96  56  61  65 106 102
   87  85  97  26 103  58  77  27 106  74  38  73
   57 116  90  15  44  98  59  83 105  69 101  66
   29  62  50  64  81  49  35 101  82  47  87  38
   54  85  96  82  64  75  89  73  87  74  58  50
   82  29  61  74  46  62  40  64  91  91  75  67
   62 110  80  48  67  42  85  83  67  66  17  62
   76  51  94  46 108  86  34  90  46  96 107 103
   47  20  20  96  31  27  40  45  80  88   9  62
   30  40  44  36  21  39  20  49  69  69   7  28
  112  92  21 104  80  53  12  68  65  96  60 108
   35  78  76  45  12  37  56  88  36  50  15  70
  106  42  26  87  31  19  95  12  59  49 100  71
  108  43  82  97  16  16  46  62  68  96  74  64
   50  78  27  90  91  60  67  36  83  33  55  77
   46  26  11  47  61  59  30  72  62  17  50 109
   54  50  96  41  39  27  65  34  55  89  17  50
   42  76  52  31  48  50  90  84  19  61   4  34
   77  17  73  36  80  83  85 114  76  41  12  28
   91  38  37  68  20 107  51  50  13  89  21 104
   93  52  51  52  94  31  45 100 100  39  68  80
   74  49  38  47  58  25  13  67  50  18 105  99
   41  52  28  18  50  85  25  52  95  58  38  82
   82  25  86  80  89  70  98  53 105 103  45  99
   95  42  99  40  63  77  58  42  75  82  31  52
   78  74  33  87  13  26  52  21  46  50  59  49
   77  64  64  97  84  54  88  25  45  49  56  12
   53 101  47  89  19  53  18  38  27  24  16  61
   60  94  15  48  91  77  53  77  82  77 103  33
   52  50  25  36 101  85  39  65  50  80 102 113
   62 106  51 118  36  62 106  68 109  20  45  47
   64  11  18  42  37  15  20 104  37  37 104  48
   42  71  92  63  78  23  35  70  67  60  52  58
   17  58  57  24
   80  38  58 103  82  33  16  69  16  28  85  87
   91  68  32  53 101  70   7  92  56  22  54  62
   93  66 103  95  80  22 104  56  22  78  34  31
   71  68 105  40  45  77  13  63  69 113 101  43
   50  28  17  58  58   9  89  17  95  90  21 104
   93 113  27  98 105  62  98  18  43  46  98  72
   91   9  45  57  19  97  37 100  81  14  90  62
   26  31  41  53 106  94  46  42 112 104  45  25
   48  41  63 104  85  33   7  73  38  36 109  46
  110  41  95  98  13  41  35  45  49  51  86  45
   46  28  45 102  90  77  53  45  34  26   9  46
   31 107  24  32  41  91  69  49  75   9  90  61
   67  42  33  63  62  53  22  97  15 107  43 105
  113  34  26  84  20  50  60 103  86  56   9  74
   84   8  50  43  41  81  19  79  81  50  91  72
   51  19  41  38  52  44  83  30  35  18  78  32
  107  48  47  14  84  59  93  88  86  17  97  86
   20  40  53  39  39  77  74 113  86  29  37  35
   59  90  14  12  23  30 103  76  98  32  29  51
   96  79  35  64  69  34  56  16 100  51  90  87
   77  76 108  45  21  49 106  34  57  59  97  29
   49  36  61  61  31  54  35  56  11  20  30  45
   69 106  71 106  54  96  26 111  17  60  37  39
   22  62  27 105  63 103  21  18  64  34  64  58
    5   8   9  87  76  26  88  84  70  53  67  83
   31  75  54 100  40  78  26  20  60  67  89  75
   97  33  86  37  55  72 106  91  60  63  95 100
   66  14  90  43 110  83 111  18  21  36  51  63
  104  29  81  78 107 110  93  14  64  66  83  26
   74  68  85  53  98  33  40  52  29  51  30  74
   91  69   8  68  72  76  31 106  12  61  66  39
   14  93  32  64  98  69  93  59  91  68  55  29
   20  35  67  82  55 100  80 102  52 104  41  74
   57  81  68  35
   15  52  55  29  70  11 105  98  37  90  31  78
   39 102  34  94 101  85  72  82  41  54  22  88
   92 105  85  33  75  76  19  11  57  66  29 101
   64 110  18  99  62  23  30  71  66  59   8  91
   67  51  36  18  77 105  57  50  13  16  52  88
  108  58  44  18  78  97  47  63  35   9  39  46
   16  82  34  76  25  86  15  38  60  63  56  35
    5  10  55  54  22  30  49  98  57  96  31  85
   91 100  29  77  50   9  20  32  54  90  26  77
   81  71  69 111  74  40 112  78  68  50  92  95
   93  53  73 107  30  97  50  44  36  96  40 108
   37  84  75  71  34 101  87  79 102  86 102 105
   49  19 106  90  40  82  58  87  88  41  11  60
   51  94  16  90  89 108  78  82   3  84  75  58
  115 100 103  68  78 100  66  53  60  21  21  36
   80  13  84  45  62  75  59  20  46  92  95  19
  105  51  49  45  92  18  52  70  53  44  91  87
   94  82 111  11  63  85  39  43  61 109  84  23
   89  14 104  34 105  44  86  42  46  48 111  76
   76  53  17  58  27  33  97  62  15  23  33  31
   38  32  60  91 107  26 109  74  30  76  26  43
   36  40  57  38  65  56  71  85  97  60  26  78
   89  26  41  94  10  90  21  70  20  62  68 109
   47  49  91  57  39  84  28  96  83  47  40  38
   60  55  89  72  46 110  25  64  20   2  86  73
   26  54  67  60  88  31  62  59  67  69  84 101
   95  73  90  73  34  56  86  19  68  26 104  47
   68  74  32  92  74  41  52  98  49  24  44  80
   17  62 108  86  15  36  97  86  55  48  95  84
   17  17  92  74  48  46  62  87  50  55  16  75
   93  26 103  16  27  31  64  40  45  72 108  37
   74  57   5  41  75  45  29   8  38  36  45  38
   73  58  64  25 100  90  87 109  89 109  23  52
   27  64  80  55
   77  82  66  19  57  34  77  12  45  75  54  82
   89  14  59  74  44  91  33  56  47  33  33  61
   78  28  89  49 108  58  39  27  17  38  94 113
   89  22  51  96  46  16  27  55  35 101  68  20
   62  26  56  40  22  88  94 111  92  54  22  80
   39  30 109  18  35  82  24  22  25  89  60  46
   41  67  59  70  13  88  52  72  35  23  71  18
  103  41  29  18  67  99  41  50  73  27  22  36
  105 104  54  52  68  92  41  21   7 102  36  38
   47  26  77  92  58  13  16  69  77  71  48  43
   41 110  63  71  99 106  43  27  68  74   6  21
   29  53  41 104  38   9  58  37  28  59  60  28
   70  23  55 105  11  36  23  30  91  79  90  40
   64  71  24  92  36  98  61  41  51  28  33  26
   74  75  27  18  18  22  70  41  49  22 107  59
  107  55 103  44 111 111 104  88  93  76  80  40
   67  66  41   9  41  34  28  63 110  89  24  56
   27  18  40  96  88  83  55   8  77  86 105  67
   60  77 107  10  92  61  80  88  19  49  89  55
   27  95  98  83 101  25  69  84  79  22  39  38
   46  10 101 100  64  51  16  44  95  47 100  19
   89  65  94  46  86  33  62  76  33  68  73  10
   27  66  64 116  82  36  98  66  78  94  65  15
   75  86  51  20  10  28  65  29 109  88  19  95
   45  90  26 102  86  90   9  45  79 102  72  29
   80  18  71  89  99 104 108  65  39  32  96  77
   80 106  23  55  80 108  39  98  34  46  81 111
   94  83  70  36  98  44  33  73  83 105   9 110
   48  29  53  81  78  26  49  60  65  57  72  91
   25  44  90   3  67  31  28  17 101  82  74  42
   79  21 110  44  15  99  42  53  20  56  81  61
   22  87  96  34  40  65  80  50  54  15  42  89
   83  93  67  51  16  11  88  12  97  78 103  34
  102  78  41 119
    7  16  36  15  45  55  78  21  39  77  47  37
   72  99  25  55  22  64  27  93  46  34   2  82
   77  84  20  63  23  96  70  81  52  52  51  79
   93  28  69  89  26  85  26  30  75  71  18  96
    6   6  28  57  16  78  16  47  30  42  20  60
   92   5  42  42  65  26  47  88  15   8  55  35
   10  93  33  50  17  53  92  34  90  86  79   7
   67  10  72   5  63  52  70  74  62  50  92  65
   14  40  67  23  27  53  29  87  59   7  12  79
   18   1  41  99  45  12  27  22  20  82  63  85
   46  20  14  87  48  88  13  80  66   2  53  64
   48  17  84  77  42  31   6  96  93  69  56  23
   37  85  13  83  89  52  81  19  45  51  93  78
   69  75  95  19  90  16  48  90  96  56  15  36
   26  71  57  82  64  14  31  35  35  16  78  71
   95  74  21  35  30  52  52  30  43  67  36  12
   54  87  96  84  89  26  12  93  78  33   9  18
   46  90  59  65   7   6  68  66  55   5  73  66
   68  27  33  20  88  18  26  88  25  23  39  26
   46  81  68  80  68  23   5  83  58  54  34  46
   19  62  26  49  87  99  33  41  27  82  79  31
   22  83  57  79  71  27  21  94  82  78  78  27
   63  44  86  59  19  61  46   6  41  90  92  99
    9  13  91  91  74  23  33  42  62  20  25  16
   62   5  83  72  19  72  34  63  31   5  98  26
   44  66  90  75  41  95  13  98  38   1  43  47
   79  54  38  35  28  82  20  27  63  63  71  38
   71  19  30  21  40   9  83  64  54  25  60  86
   86  82  28  26  93  19  80  38   9  81  38  88
   37  26  37  45  44   7  25  72  58  72  57  29
   57  61  82  54  65  92  48  68  45  58  81  63
   92  23  95  96  32  12  73  84   6   7  67  98
   72  40  89  57  98  89   9  19  52  69  41  76
   96  25  45  52
   37  64  97  44  65  31   1  14  68  63  12  36
   36  67  73  68  49   6  35  85   2  21  63   3
   16  54  67  90  65  61  14  95  89  34  47  59
   17  18   6  36  79  30  45  12  32  81  54  24
   76  89  72  78  72   5  11  69  62  20  71  99
   85  98  64  95 100  88  25  29   4  40  36  34
   44  25  47  29  46  60  87  29  29  20  92  73
   20  57  14  36  78  24  48  48  14  87  46  19
    3  49  39  49   7  67  51  54  95  69  25  82
   61  75  33  31  39  17   3  67  26  52  31  47
   99  88   5  32  36  97  19  11  30  38  97  16
   12  72  10  43  68  83  87  70  60  98  49  75
   41   2  13  56  75  59  20  49  58  33  50  47
   34  99  42  18  15  74  11  25   2  25  69  45
   95  88  43  86  28  98  92   7  68  96  31  36
   51  50  40  88  87  79  93  88  91  66  72  86
   92  81  86  74  59  96  89   9  12   7   1  29
   47  49  25  73  55  21  65   3  36  95  49  12
   22  49  42  55  92  68  69  62  96  78  32  57
   68  58  28  77  49  58  69  92   2  20   2  21
   34  95  25  52  16  67   7  63  95  62   7  40
   21  75  92  91  59  87  57  72  14  81  44  99
   41  64  56  73  74  82  84  93  40  44  19  80
   72  36  71  91  41  41  94  41  60  60  98  21
   16  30  71  14  77  38  95  20  23  46  71  68
   50   8  30  40   5  85  54  84  89  71   1  41
   91   6  14  54  93  93  47  94  98  26  81  79
   44  96  43  85  27  24  23  73  13  66  96   5
   63  41  41  60  52  47  54  58  81  78  74  74
    5  46  97  61  41  96  96  63  97  31  43  41
   86  21  19  83  44  30  44  34  49  33  87   3
   42  32  90  89  45  78  83  99  77  88   7  65
   77  64  26  63  21  11  54  34  36  56  69  96
   29  69  30  74
   98  13  32  47  88  19  18  29  96  13  52  57
   13  24  66  99  45  66  26  81  54  87  77  32
    6  10  87  25   8  70  93  25  57  71  40  32
   84  21  26  22  95  75  50  92  16  83  51   6
   34  33  55  36  47  91  15   5   2  51  58  35
   42  72  29  86  48  27  31   5  82  45  72  62
   36  52   9   3  67  21  90  84  48   8  98  27
   10   4  97  50  83  69  72  20  45  88  74  94
   58   4  67  64  21  64  68  98   5  68  91  87
    5  10  94  84  75  17  19  55  81  98  36  16
   37  90  89  79  51  93  41  98  73  25  12  11
   34  53  27  81  89  49  60  46  65  25  77  55
    2  82  77  20  96  50  42  52  48  36  73  12
   99  62  41  48  82  16  25  43  60  86  59  59
   74  17  75  77  84  41  48  45  14  29  36  19
   93  34  28   8   5  32  85  17  25  68  86  91
   70  99  69  60  37  39  76  80  49  97  99  80
    1  31  20   5  98  81  56  53   8  23   6  33
   93   3  87  93  65  86  88  78  24   3   6  61
   98  83  91  95  98  14  93  56  50  69   5  81
   43  64  99  21  77  91  85  75 100  71  40  42
   57  89  58  58  30  46  96  46  84  95  15  53
   10  90  21   2  68  31  14  27  34   1  29  22
   38  15  80  85  13  63   6  60  37  53   9  80
   76  56   4  13  29  48  58   3  70  53  41  18
   93  90  58  87  57  16   4  55  26  65   2  12
   17   2  46  48  41  51  51  93  48  57  87  61
   70  16  35  93  65  24  17   2  61  21  50  15
   99  33  88  19  79  19  61   4 100  11  23   5
    8  57  96  47  34  72  12  91  45  73  55  74
   82  28  11  55   9  96   3  57  49  77  42  14
   34  49  70  11  49  15  98  29  71  46  57  90
   18  27  37   1  89  94  31  94   9  88  82  75
   73  91  26  64
   76  16  80  11  86  64  17  54  98  59  15   8
    5  76   8  30  50   4  72  30   8  10  96  29
   48  14  47  35   2  53  39   8  36  52   5  29
   16  92  63  72  79  80  87  67   2  14  72  74
   68  57   8  51  37   2  43  19  16  41  55  33
   21  37  23  54  57  88  89  13  76 100  36  81
   53  54  45  39  50  72  77  46  87  91  31   8
   12  29  17  45  66  53  26  64  55  48  97  23
   19  87  87   2  96   3  37  72  99  45  42  63
   77  65  23  34  85  72  91  39  60   9  21  97
   77  15  12  66  32   2  65   3  98  17  50  35
    4  13  68  34  95  20  29  79  10   9  14  28
   40  65  44  84   8  54  56  67  27  92  64  81
   77  14  29  83  72  39  31  53  24  48  34  58
   18  41  60  28  75  18  50  19  28  34  41  84
   82  81  27  43  90  50  36  48  20  97  89  56
   18  21  80  95  85  21  36  33  43  75  85  48
    2   6  36  95  26  44  33  78  12   5  35  15
   48  52  78   7  86  68  51  11  13  25  53   2
   16  47  75  49  51  86  59  80  15  88  72  49
   13  59  73   8  24  38  81  73  74  63  46  97
    4  42  14  35  35  18 100  13  41  42  55  96
   17  40  33  63  44  80  63  67  64  46  15  10
   45  97  70   7  48  50  89  59   1  32  81  21
   61  64  74  67  89  20  77  64  18 100  59  39
   15  97   9  42  59  68   9  27   4  98   3   7
   47  75  61  32   4  54  57  57  68  28  27   6
   88  96  45  43  33  32  90  45  56  53  14  62
   73  90   9  96  25  54  81  61  47   5  15  56
   40  23  41  34  34  75  12  67  66  85  60  22
   38   1  78  22  94  63  78  19  85  78  66  60
   39  79   9  62  27   4   1  71  37  53  37  41
   37  70  79  92  48   2  26  91  12  70  75  10
   57  42   7  99
   14  52  19  91  59  68  16  67  77  74  14  14
   33  56  93   1  96  18  39  63  39  70  31  92
   26  34  42  33   8  26  28  72  21  55  26  41
   74  20  41   2  47  93  47  40  78  29  78  68
   69  41  19  10  65   9   5  94  60  66   9  58
   83  95  40  29  96  22  37  26  86   6  58  50
   60  38  80  81  35  33  87  68  37  24  69  24
   90  53  12  20  17  70  90  81  22  21  68  75
   95  46  83  12   2  70  49  32  73  99  44   4
    7  15   4  17  55  61  21  74  21  48  32  87
   50  38  18  70  29  44  92  32  72  19  96  69
   24  55  94  64  41  72  68  76 100  15   6  34
   80  44   3  30  61  34  47  15  17  63  22  93
   10   7  92  14  84  35   5  64  58   4  74  66
   20  48  83  67  21  76  75  37  67  66  45  57
   17  56  36  20  71  38  32  19  70  53  51  41
   85  87  40  66  12  59  68  54  65  20  21  44
   73  43  92  43  71  21  80  25  93  56  81  21
   70  55  79  14  17  27  47  31  32  67  33  42
   89  64  58  47  31  81  11  74  64  58  37  71
   48   1  38   2  97  77  61  35  68   9  94  46
   53  69  61   2  78  69  13  60  95  62  24  63
   74  26  83  26  97  64  90  39  54  98  49  54
   34  62  57  81  21  91   8  84  85  24  74  71
   81  86  12  89  37  95  46  19  50  45  69  68
   79   4  33  64  43   8  43  50   8  54  50  77
   83  96  48  96  19  34  66  57  95  11  58  96
   19   8   5  34  14  32  98  67  17  20  45  65
   71  21  50  59  24  96  20  41  11  16  49  51
   60  42  18  78  77  36  84  49  47  41  80  25
   21  81   3  92  13  56   7  60  94  31   3  49
   89  32  47  89  60  42  38  15  13  91   9  51
   81  54  20  17  26  39  54  11  26  84  11  12
   74  55  98  66
   53  83  17  48  22  81  46  80  33  42  56  99
   83  57  26  11  89  74  11  86  98  21  58  86
   16  20  32  76  15   9  24  46  64  59  81  27
   41  92  17  14  51   5  33  79  48  78  39  98
   50   8  70  61  64  11   7  96  98  53  89  87
   84  66  45  90  93  64  97  57  59  62  91  48
   91  98  10  56   2  49  92  22  14  49  55  55
   88  13   7  51  40  47  72  13  54  77   5  63
   10  58  11  72  94  99  66  68  26  82  33  62
   67  76  82  64  51  59  10  99  91  37  55  34
    9  61  24  85  45  48  99  47  84  98  68   6
   69  13  37  58  24  16  49  34  65  69   5  10
   32  94  81  30  94  91  48  28  78  53  90  39
   80  89  25  25  89  44  16  90   6  11   1   2
   56  56   5   4  17  36  57  41  29  16  16  79
   19  84  82  16  18  82  20   7  78  10  77  81
   95  53  98  61  24   2  53  81  95  63  44   4
   42  86  34  43  12  78  59  80  85  25  52  82
   98   7  57  24  62  17  52  99  73  85  64  52
   44  94  90  81  12  94  16  69  64  28  32  98
   52  44  57  67  15  22  55  12  93  84  49  22
   51  20  47  63  94  99  57  94  88  97   8  84
   77   9  63  34   2  68  47  91  22  70  57  74
   29  83  86  86  71  75  40  36  68  27  57  56
   30  52  25  24  77  19   3  76  61  65  35  31
   77  19  75   5  90  15   4  34  49  18  43  89
    5  37  77  98  33  46  78  61  51   4  13  72
   33  68  69  38  36  22  75  93  13  85  14  23
   31  37  44  81  95  34  20   7  64  29   8  44
   68  87   7  63  28  12  66  75  76  54   6  55
   73  38  31  55  27  78  57  29  13  96  24  48
   89  41  14  19  22   9  76   6  93  59  39  44
   33  35  33  65  27  84   7  10  43  72  49  50
   43   6   3   7
   25  73   9  93  85  96  97  98   4  56  97  16
   54  96  84  81  25  32  25  20  70  81  19  85
   50  23  44  13  70  30 100  52  34  20  52  21
   79  92  72  41  25  79  88  86  15  83  21  28
   61  26  33  71  88  87  72   7  76  52  12  50
    3  53  96  87  91  16  87  19  52  98   5  99
   25  42  70  87  24   9  52  86  83  26   9  86
   97  35  33  12  68  27  95  61  45  95  87  54
   71  72  65  74  29  77  94  11  77  57  93   6
    5  33  77  95  64  43   1  54  22  84   2  39
  100  59  46  33  21  18  72  89  47   2  34  74
   32  88  41  13  58  35   9  28  81  20  96  90
   79  88  58  59  86  98  75  24  47  60  12  51
   54  82  51  29  93  16  42   6  87  95  42  40
   40  87  62  40  79  29  10   9   1  74  30  88
   15  39  54   4  83  42  42   4  71  52  22  10
   85  26  40  55  19  60  98  31  98  27   6  30
   21  23  14  87   6  12  65  30  31  67  38  15
   81  17  85  77  94  86  84  69  95  44  75  10
   51  43  10  22   6  64  87  82  32  64  10  62
   65  13  15  68  59  45  25  94  18  95  92  57
   48  49  38  44  99  82  99  55   7   6  73  50
   38  12  56  86  35  13  95  70  56  90  26  92
   24  34  15  79  65  89  12  31  57 100  82  69
   70  51  60  78  12  12  89  50  69  81  62  28
   55  32  71  48  51  54  48  87  49  95   8   6
   97  12  91  86  45   3  15  84  83  63   8  67
   89  21  57  61  72  83  54  92  18  83  37  33
   25  17  32  41  59  92   1  11  90  73  82   9
   37  18  37  24  12  30  89   8  63  95  75  19
   23  32  81  69  45  28  90  61  52  90  25  40
   79  86  94  30  18  85  33  84  56   8  46  25
   31  63  57  85  59  97  45  60  94  36  92  42
   62  28  31  69
   87  90  64  37  22   5  79  90  32   8  63  42
    7  62  45  68  55  80   4  79  72  88  41  89
    8 100  51  79  39  84  84  70  37  33  23  92
   32  28  42  50  88  16  83  93  70  69  25  89
    8  61  46  83  72  31  97  74  38  54  72  82
   56  10  71  15  21  53  72  38  38  77   3  43
   95  90   5  18  32  76   2  15   3  71  75  16
   50  25  24   8  76  75  40  47   5  13  73  27
   54  54   3  51   5   5   4  98  69  34  16  91
   58  38  15  70  53  14  79  55  72  24  58  17
   38  66  43  50  50  46  32  34  52  38   4  10
   97  62  82  43  23  48   8  92  14   6   5  85
   76  90  49  77   2  78  42  29  37  30  71  68
   57  60  87  63  29   8  65  91  79   3  80   4
   71  37  70  97  63  31  10  85  85   4  74  61
    3  43  14  70  89  69  16  79  90  10  77  42
   98  66  77  72  17  78  36   8  30   2  92  84
   72  67  71  98  95  56  45  83  43  68  14  69
    9  84  64  60  16  46  44  97  78  14  29  30
   74  42  90  83  14  44  65  30   4  66  28  53
   23  50  51  21  84   7  82  53  11  80   9  89
   95  22  26  57  81  54  11  42  17  44  82  58
   37  68  78  12  25  81  20  74  80  88  81  52
   93  12  58  50  10  57  37  43  97  88  64  48
   22  90  12  86   9  39  52  58  16  74  21   7
   98  63  87  91  83  72  27  54  35  34  82  85
   21  19  41  99  85  99  96  97  17  23  24  40
   16  78  40  11  63  66  83  93  90  65  70  31
   48   5  76   4  72  28  94  88  58  67   9  35
   23   7  65  34  79  55  34  79   2  15  85  45
   95  46  54  48  66  40   9  21  87  87  21  77
   72  45  33  84  38   4  31  28  76  62   8  83
   25  89  34  83  32  99  29  86  26  16  25  48
   88  40  42  87
   51  12  37  43  91  71  39  96  59  19  37  94
   86  68  40  76   7  13   2  66  43  27  15  62
    5  58   5  33  83  19  26   9  42  80  49  76
   13  67  64  72  86  54  66  79  13  53  53  16
   87  13  19  32  49   9  45   4  72  41  97  27
   62  24  21   9  49  82  26  63  76  42  90   6
    5  30  52  44  93  61  97  76   6  36  59  78
   94  34  11   5 100   6  56  77  42  68  30  81
   14  97  84  59  77  25  87   2  53  28  13  45
   21  23  40  63   5  64  41  61  73  33  79  71
   32  31  98  41  15  80  23  34  81   8  44  19
    7  47  20  64  78  27  66  35  87  68  49  81
   26  76  83  37  77  35  19   8  10  99  43  72
   74  91  66  70  93  92  23  98  58  38  58   2
   21   9  30  72  87  29  93  38  14  54   3  59
   99  72  97  22  77  90   6  29  13  33  28  97
   93  33  37  53  25  29  70  18  24  54  23  11
   13  33  40  37  12  77  17  85  33  74  84  17
   77  84   7  63  23  34  76  21  24  10   7  38
   99  50  23  19  31  42  61   6  56  14  58  84
   61  27  45  69  71  71  45  98  53  62  63  33
   99  26  79  44  28   2  48  10  74  32  84   9
   85  54  64  14  13  99  14  86   6  82   5  67
    8  95  50  73  47   4  92  93  33  39   6  74
   49  90  80  23  44   5  24  94  30  70  50  89
   73  22  76  47  88  25  14  34  34  75  65  47
    3  89  14  98  19   3  22  17  29  57  21  33
  100  98   8  81   7  72  36  89  31  11  14  72
   52  35  90  26  43  42  60  24  62   2  45   6
   48  49  96  76  13  81  88  95  36  45   5  74
   60  38  41  67  79  96  92  67  40  92  53  98
   29  26   2  10  69  18   3  69  14   8  98  59
   41  43  99  66  45  74  82  79  32  51  81  80
   12  11  83  39
   33  30  52  66  34  51  80  57  83  15  29  27
   86  91  98   9  63  83  11  27  68  43  30  17
    7  91  82  42  55  40  76  14  81   5  18  11
   60  30  30  94  94   1  73  31  32  69  66  12
   86  68  95  64  55  29  47  80  36   5  14  29
   49  86  22  77  55  22  44   9  72  34  24  40
   94  41  88  45  15  72  73  66  39  92  35  41
    7  14  76  14   9  21  58  61  11  82  25   5
   63  78  17  32  28  12  95  17  92  31  58  38
   93  47  55  94  29  53  13  28  80  45  50  39
   35  34  98   9  96  72  18  15  13  68  20  50
   85   7  80  45  98  66  65  82  27  38  44  18
   65  47  11  96  37  66   3  76  22  41  18  43
   67   2  36  30  13  89  35  36   6  66  10  47
   19  44  93  49  74  93  74  55  56  69  14  17
   34  26  67  47  78  38   1  35  80  19  12  71
   72  36  46  60  44  37  18  42  63  60  27  10
   93  58  79  31  12  16   6  62  31  68  77  71
   14  22  31  56  94  67  79  60 100   7  38  93
   62  64  39  52  41  10  49  34  43  78  92  63
   39  83  68   2  84  41  67  72  35  87  91  77
   69  95  72  17   5  95  94   7  17  93   6  97
   59  90  43  94  81  99  48  74  47  67  87   7
   54  89  70  69  52  32  65  69  62  48  25  63
   93  98  97  71  67  72  52   1  28  97  92  61
   68  69  79  85  45  64  46  48  99  59  19  83
   73  50  37   4  32  71  68  20  77  14  32  59
   71  45  12  82  54  27  82   6  60  33  20  18
   41  71  27  98  77  97  48  37   8  39  89  51
   37  12  39   8  62  36  80  39  88  59  19  63
   48  74  94  99  18  37   4  92  43  82  15  28
   48  49  91  50  63  94   8  83  37  15  68  49
   58  60  27  84  77  60   7  64  17  37  14  13
   99  26  63  30
   54  25  96  85  21  75  62  84  51   3  82  77
    1  85  16  24  20  24  40  76  99  84  98  26
   20  43  42  43  85  26  68  23  79  58  75  29
   96   3  96  37  94   9  47  77  36  51  71  82
   29  77  81  26  74  50   2  68  11  88  17   3
   52  18  11  93  37   8  13  28  73  18  40  50
   74  43  43  15  11  55  47  22  51  47  99  68
    6  76   9  84  68  12  91  85  64  70  16   8
   90  71  45  56  61  69  80  50  51   5   5  62
   39  45  28  65  50  31  31  76   5  15   5  98
   55  11 100  66  36  35  70  86   1  49  10  88
   74   7   4  59  88  92  70  94  31  71   2  37
   87  28  12  26  83  13  77  35  33  86  81  19
   76  59  59  57  30  41  42  98  22  78  97   3
   47   6  75  85  99  81  54  62  23  38  79  90
   54  21  13  17  63  37  70  17  99  93  71  42
   38  44  79  61  18  35  47   5  88  43  58  10
   55  26  72  63  20  60  71  44  28  87  98  69
    7  62   5  36  17  85  92  66  89  59  59  50
   72  25  41  89  75   5  54  42  11  53  43  66
   40  93  24  62  16  63  21  17  27  60  22  50
   39  85  10  53  43  85  18  39  97  96  64  80
   68  90  99  56  77  14  54  94  44  37  72  17
   31  94  67  83  83  32  56  32  78  43  10  29
   63  22  91   4   6   1   5   3  30  97  33  26
   67  55  89  72  95  90  55  84  84  34  24  92
   40  75  47  58  46   7  79  15  11  67  18  18
    8  86  48  80  21  27  90  26  91  28  39  23
   54  53   8  38  87  28  76  69  57  89  30   1
   54  26   5  37  46  22  32  54  15   2  82  38
    5  76   8  30  61  80  87  72  82  23  68  51
   53  27  14  38  96  74  41  35  15  49  72  20
   32  83  72  88  41  97  93  98  41  46  23  13
   90  63  22  44
   10  48  74   6  14  46  13  81  99  30  74  30
   75  11  88  97   6  63  22  25  77  85  47  15
   68  75  16  99  19  96  24  15  98  44  81  62
   75  20  82  80  83  93  68  17  94  79   6  91
   83  97  47  69  97  48   3  27  29  76  12  21
   78  46   6  61  28   2  82  73   6  43  69  72
   59  91  99  27  21  58  72  32  76  13  29  77
   38  55  16  13   7  80  59  22  46  50  27  86
   49  60   3  56   7   7  52  21  77  62  94  73
   56  36  66  82  39  48  94  63   1  97  63  39
   54  28  84  18  24  99  63  54  16  58  70  25
   81  99   9  90  91  45  81  71   3   4  65  10
   23  44  71  43  88  63  22  70  23  57  15  23
   15  83  93  31  80  36  13  93  32  13  15  48
   54  80  88  36  63  50  46  76  80  39  86  30
    3  44  70  70  66   9  79  51  21  90  93  79
   93  34  58  77  61  34  48  56  17   9  41  82
   40  66  85  49  63  74  68  40  46  30  83   4
   36  23   3  20  44  13  43  66  10  91  33  92
   70  55  86  81  32  69  68  26  35  42  62  91
   25  89  43  87  22   9  41  36  84  39  15  41
   87  39  17  56  79  49  64  52  62  64   7  88
   52   1  95  80  51  65  53  68  17  25  38  87
   31  71  19  33  64  97  41  32  52  58  93  13
   56  46  79  71  39  53  87  41  29  45  53  61
   90  29  35  46  92  19  81  55  76   8  95  57
   28  37  10   6  42  62  50   2  92  22   7  65
    4  10   4   4  17  41  65  82  55  20  85  88
    3  12  99   5  60   8  47  76  27  98  48  78
   58  39  64  88  40  17  73  49  58  26  35  43
   65  29  61  59  48  30  82  59  99  44  20  51
   86  62  52  52  14  22  83  64   3  79  13  36
   51  71   6  37   6  89  58  24  29  47  67   7
   71  48   3  26
   48  30  70  51  63  44  86  62  82   7  51  65
   92   9  21  66  44  66  15  42  48  16   9  39
   68  12  30  63  18  12  48  76  49  77  71  89
   48  68  40  54  32  30  18  60  37  92  90  27
   19  62  54  97  38  17  12  31  64  97  67  99
   60   5  18  80  80  89  50  47  65  49  31  69
   32  21   3  98  71  74  75  71  39   6  25  94
   51  32  80  42  76  85  25  51  31   5  81  14
   73  33  15  68  93   5  17  98  14  48  10  24
   75  73  31  91  36  65  33  75  66  81  72  64
   35  44   9  60  13  31  93  69  57  75  67  95
   15  52  53  38   7  79  46  78  29   6  13  81
   40   8  83  84  63  82  41  92  70  40  24  70
   83 100  10  41  64  85  17  72   9  11  93  77
   42  82  16   5  13  91  76  33  82   3  81  64
   24  52  43  18  14  42  75  25  26  31  84  21
   23  31  66  41  56  96  95  12  51  26  26  47
    8  47  77  40  91  16  33  57  28  10  34  34
   94  18  69  65  19  41  74   2  65  79  21  44
   37  30  14  33  62  77  80  47  94  91  70  94
   99  18  44   7  56  72  68  34  45  36  11  36
   44  49  35  78  22  99  88  26  33  27   4  35
    8   5  85  48  52  41  12  89  36  74  19  56
   88  58   2  10  93  64   6  78  80  71  21  41
   22  60  72  28  23   6  20  10  18  75  47  93
   63  16  56  20  32  54  63  47   7  85  90  56
   71  70  60  37  11  27  88  85  96  27  79  94
   88  85  20  50  22  58  69  27   7  33  60  76
   18  25  83  24  89  71  89  65  10  22  77  55
   13  34  91   3  76  69  14  67   9  83  57  51
   51  20  59  89  64  10  78  52  24  55  84  30
   19  35  54  30  38  86  65  74  69  11  88  86
   91  55  82  90  66  17  88   3  36  31  21  26
   15  64  66  42
   72   3  67  65  46  82  24  39  65  40  71  70
   59  36  32  19  47   9  75  36  53  98  35  78
   29  60  33  33  67  89  93  29  29  34  62  63
   53  18  29  16  80  55  41  68  71  74  26  23
   24  33   8  23  94  38  27  69  14  65  61  40
    7  74  39  10  13  34  62  66   2  33  26  34
   96   8  33  86  86  51  16  70  51  41  54  20
   75  51  95  80  72  74  71  22  96  40  16  63
   69  34  86  84  88  14  84  52  59  31  66  35
    1  51  72  20  73  66  37  36  92  19  12  70
   51  21  84  87  35  70  94  47  44  67  57  25
   10  41  75  29  15  60  64  20  11  57  67  29
   37  42  75  78  41  27  46  98  95  41  22  45
   16  48  48  22  84  69  94  97  61 100  70  23
   10  28  47  52  13  52  71  58  89   3  92  58
   19  58  70  23  52  65   5   3  37  57  47  45
   35  72  21  11  38  74  41  92  89  68  35  38
    2  22  57  65  76  82   8  81  20  96  55   2
   66  29  54  70  94  81  61  75  44  11  55  71
   38  47  58  96   1  14  51  88  75  47  93   9
   43  13  42  58  42  25  72  94  85  65  91  55
   82   5  62  71  55  18  21  90  56   2  92  92
   89  99  15  11  29  14  52  47  36  29  18  96
   80  27  91  59  55   9  37  66  99  11  22  91
   16  26  38  75  88  22  16  41   1  58  48  13
   58   5   6  39   2  64  56   5  31  86  85  55
   21  90  13  13  40  82  11  94  72  71  27  35
   32  92  97  98  82  23  71   5  59   4  23  43
   85  52  77  92  90  87  24  40  29  47  39   3
    2   4 100  40  70  85  10  77  81  94  11  25
   79  29   6  94  29  92  76  18  34  26   3  67
   54  13  79  73  26  10  37  44  78  57  61  84
   56   2   8  12  34  15  26  79  38   8  73  90
   63  57  37  22
   76  36  66  49  93  11  42  23  35  99   6  67
   77  80  77  66  50  78   6  76  78  17   5  70
   27  55   3  83  46  38  81  53  14  33  24  66
   77  79  55  98   2  30  89  64   8  94  68  56
   23  84  11  89  17  54  53  45  53  48  92  17
   26  44  35  51   9  93  32  91  96  70  31  26
   49   9  17  25  36  53  53  88  77  97  28  93
   91  32 100  28  36  83  39  44  52  63  69  96
   10   7  15  89  50  20  44  16  29  23  13   9
   61  91   6  75  63   6  82  49  99  87  22  30
   25  48  65  26  25  31  58   2  67  56  96  19
   38  64  68  81  89  58   1  78  82  47  99  27
   30  94  97  19  42  56  92  62  68  27  96  24
   44  83  77  78  30  31   1  44  59  41  78  34
   80   2   6  95  98  57  12  56  26  51  97  64
   17  75  85  37  18   8  56   2   9  59  99  38
   47  17  53  25  13  87  47  85  49  42  51  23
   10  57  14  74   1  62   7  47  23  81  74  66
   20  77  68  19  17  93  99  91  67 100  76  25
   97  39  50  46  47  63  62  21  16  84  80  92
    4  15  50  29  61  13  35  62  25  22  58  37
   68  23  52  53  41  68  95   4  14  33  61  29
   23  53  61  51  14  75  86  24  84  95  51  71
   29   4  40  36  82  30  49  20  63  84  30  32
   16   8  34  25  59   6  55  46  25  98  75  76
    5  67   6  78  91  90  34  36  27  92  65  98
   42  85  66  28  99  16  10  41  42   5  17  49
   34  93   5   8   3  86  26  58  86  96  13  69
   74  86  24  84  54  15  83  62  51  77  33  24
   77  53  63  91  69  47  68  38  37  35  85  27
    6   4  39  57  59 100  81   8  82  71  43  79
    9   8  70  39  61  90  73  67  94  32  65  95
   46  21  13  53  68  64  71  15  84  36  38  36
   22  15  86   5
   58  14  60  57   8  61  84  12  69  38  11  34
   60  41  41  59  64  12  82  51  97   6   5  73
   81  59  20  56   8  64  44  65   8  29  66  70
   25  51  24  18  78  89  62  90  35  25  11  88
   76  36  47  85  70  65  68   8  34  86  59  96
   11  76  58  79  32  81  33  40  87  87  41  81
   97  86   4   4  77  48  74  64   9  88   6  52
    7  34  17  52  90  98  68  20  51  43  24  43
   19  52  24  16  34  96  50   8  15   7  98  25
   26  39  46  90  49  45  21   2  48  40  65  10
   41  71  15  77  68  90  56  56  60  15   4  53
    5   6  66  96  21  28  12   8  22  25  42  67
   87  84  57  88  33  10  28  81  75  84  61  22
    3  46  68  23  44  50  39   3  39  42   5  52
    5  27   8   3   4  32  75  98  15  83  81  64
    3  70  21  70  82  14  73   6  92  37  76  45
   62  33  93  18  78  34  79  75  57  80  52  63
   12  88  62  86  21  20  57  81  95  49  57  79
   53  37  16  81  79  90  95  25   3  41  32  49
   60   8   6  69  68  67  10  42  86  22  17  34
   94  70  50  91  52  75  53  10  76  31  54   2
    2  35  39  64  56  53  20  51  27  91  99  37
   27  63  45  91  67  59  54  42  26  13  24  47
   13  73  23  64  42  74  52  18 100  96  24  66
   13  45  22  74  16  12  74  80  23  47  23  62
   93  27  88  13   5  24  45   2  17  73  81  46
   41  43  75  82  15   4  63  33  62  95   2  72
   68  97  45 100  47  95   8   9   6  54  36  50
   22  81  76   6   3 100  43  56  63  15  88  49
   84  83  72  66  94  80  26  96  25  73  27   2
   88  86  65  82  44  67  11  56  66  63  83  14
   13  83  24  97  96  68  57  68  50  62  66  69
   98  78  58 100  23  69  35  84  37  95  59  36
   47  94  27  32
   93  89  24   4  43  75  11  62  51  46   2   3
   32  17  20  78  11  46  38  78  13  31  82  30
   59   2  19  87  62  11  52  28  15  33  14  44
   87  52  61  38  22  62  68  17  24  55  22  82
   57  19  12  30  38  27  27  36  28  35  49  59
   26  75  48  28  67  49  69  39  12  18  36  45
   41   3  37  55  51  72  22  25  45  42  97  50
   29  64  18  62   3  21  78  21  58  21  13   7
   69  93  83  18  84  78  78  61  27  22  99  47
   81  73  63  83  90  72  89  70  51  49  97  88
    4  14  98   2  28  53  90  42  38  23  51  11
   74  39  31  67  96  77  50  24  82  63  87  41
   13  63  79  20  74  86   9  95  47  70   3  32
    3  77  23  17  92  90  62  50  48   6  37  45
   69  24  80  17  22  47  39  77  29  72  61  31
   65  83  95  64  52  45  83  44  49  98  53  10
   50  54  12  65  73  83  39  74  61  16  85  55
   68  32  59  72  57  54  27  32  92  44  99  73
   36  93  35  66  37  23  25   2  28  67  91  85
   20  77  81  35  91  10  57  70  89  22  92   7
   16  63  69  55  25  73  65   6  18  72  49  31
   34  55  81  73  46  86  95  43  54  94   6   9
   78  61  87  91  53  23  81  61  22  56  82  30
   29  78  34  40  14  35  20  67   7   2  63   6
   21  67  17  68  44  38  55  74  39  26  71  50
   28  40  69  17  94  88  59  86  72  63  49  58
   43  39  39   6  25  66  17  78  70  65  47  90
   59  16  72  14  90  58  99  76  80  80  98  52
   50  15  92  57  25  34  54  39  23  39   1  77
   55  56  82  73  13  35  80  41  65  32   2   7
   53  14  67   2  80  47  12  50   9  91  74  70
   53  96  92  64  72  89  96  13  66  77   4  68
   66  32  10  49  32  91  84  34  44  48  65  54
   94  47  52  88
   31  78  53  12  34  86  98  41  97  80  19  24
   11  38  81  63   2  41  99  25  50  94  53  57
   12  45   4   8  37  97  16  46  84  38  75  77
   46  47   9  65  60  26  97  48  35   7   6  60
   65  77  87  48  50  98  17  89  14  21  97  14
   22   6  89  20   4  44  19  94  68  74   5  31
   21  99  73  48  90  10  80  11  36  97  25  46
   77  78  71  62   6  10  69  68   6   8  68  95
   72  69  40   9  34  87  95  34  65  72   5  69
   10  67  16  10  98  71  70  64  66  56  27  69
   72  83  75  18  21  26  61  67  74  84  98  67
   77  10  90  70  75  15  51  58  29  99  20  54
   35  70  81  48  49  52  89  10  96  13  75   8
    1  79  77  33  91  61  53  15  33  60  98  37
   35  98  69  60  79  30  99  40  30  66  19  46
   59  87  68  76  63  68  28  83  79  91  25  88
   10  69  61  97  33  61  27  29  29  94  20  22
   94  78  66  63  66  30  39   2  32  84  73  67
   54  22  90  92  91  81  13  28  11  80  83  63
   11  34  85  43  39  73  60  89  11  66  28  20
   28  32   2  62  98  63  13  78  54  45  23  80
   69  71  49  50  78  66  76  56 100  99  81  75
   49   8  49  10  58  14  91   6  98  43  65  74
   94  45  93   6  46   8  83  93  46  82  42  49
   97  96  99  23  36  77  25  21  44  67  46  27
   73  43  66  18  62  36  88  82  53  51  27  45
   15  82  31  77  56  35   2  23  51  44  12  10
   50  91  24  77   7  24   8  88  87  74  61  51
    2  80  29  35   8   2  19  92  42  38  23  78
   34  51  35  65  22  79  71  63  78  60  86  40
   20  47  94  41  36  30  85   2  99  48  47  75
   91  19  79  45  13  48  19  43  12  50  52  73
   94  72  37  29  51   6  23   6  68  11  64  29
   52  29  47  67
   88  59  51  91  47  94   6  12  82  21  80  36
   78  18  85  16   8  18  37  29  63  57  96  27
   13  11  19  74  34  44  92  95  63  53  87  17
   39   6  95  13  42  89  75  45  44  56  95  12
   48  60  79  87  33   6  47  68  98  92  64  16
    7  56  76 100  28  11  62  45  82  98  72  68
   87  29  73  31  95  21  93  75  45  53  64  72
   98  99  65  64  88  82  67   9  60   6  79  23
   18   8  85  25  66  99  95  79  55  12  85  43
   22  37  42   6  37  71   4  33  47  63  11  15
   19  53  42   3  80  18  63  61  70  17  69   5
   76  31  29  44  82  14  25  32   9  27   2   3
   59  89  10  20  65  20  46  19  26  79  97  47
   54  17  90  16  22  12  27  35  99  19  32  62
    5   9   2  45  42  16  36  64  49  81  95  81
   40  93  33  74  48  36  48  91  69  27  22  85
   10  69  67  64  23  85  68  32  60  70  28  32
   10  29   6  91  44  22  70  66  58  10  34  83
   21  96   4  83  12  73  20  69  69  61   5  42
   32  56  99  53  84  73  16  42  98  88  73  81
   78  84  47  25   6  91  10  43  81  35  76  74
   68  78  46  66  39  62  49  18  15  55  85  26
   15  91  76  25  94  20  98  35  91  43  37   5
   70  63  23  52  66  27  78  12  25  67  62  76
   54  48  13  41  58   7  90  48  88 100  22  29
   84  48  45  51  19  73  53  57  38  50  34  12
   12  46  21  46  70  64  30  97  52  90   8  59
   47  34  74  19  41  72  64   5  55  95  74  28
   96  48   6  30  95  75   6  20  55  65  16  25
   88  93  11  30  69  66  46  24  70  63  98  39
   10  82  15 100  93  87  47  66  62  42   7  72
   31  63  99  76  33  60  74  99  68  79  66  73
   43  47  38  82  13  16  27   6  31   6  84  65
   86  47  26  64
   33  20  42  91  63  77  32  90  66  43  60  37
   22  96  52  44  68  24  70  64  57  87  79  59
   35  90  19  70   3  53  70  84  88  72  26   3
   15  96  56  13  69  92  83  54  73  17  43  88
   47  78  58  67  82  14   8   4  10  51  91  35
   68  82   3  98  72  32  94  95  82  21  52  62
   71  42  55  38  97  22  54  33  68  97  34  98
   12  78  82  95  46  17  64  62  46  80  81  83
   13  15  52  62  44  18  70  81  99   5  79  80
   73  78  40  19  60  97  99  47  25  47  57  75
   72   5  39  42  14  11  61  80  37  35 100  90
   77  50  64   9  80  95  57  70  76  48  52  85
   49  91  56   4  97  84  83  84  15  29  20  64
   48  38  93  27  72   8  42  72  59  83  85  83
   41  30  90  96  86  98  42  72  62  96   8  57
    8  55  14  60   1   3   8  18  27  27  30  63
   46  47  79  95  67  83  87  46  10  24  83  51
   78  93  62  19  28  25  56  97  33  25   1  44
   59  43   6  94  27  43  23  31  85  68  14  51
   78  14  22  36  14  89  37  23  31  97  66  66
   72  93   4  16  50  57  96  76  15  64  16  83
   26  51  26  68  18  87  49  28  71  39  42  94
   79  44  54   1  21  76   6  54  24  16  52 100
   37  18  52  95  97  80  40  74   2  17  89  16
   70  17  87  18  22  25  98  60  36   2  37  76
   27  93  33  22  10   7   5  42  70  70  23  42
   34   8  81  56  31   3  68  13  71  73  30   9
    8  36  44  72   9  76  87  38  24  15 100   9
   57  82  63  30  29  81  58  56  50  59  42  20
   91  75  13  99  46  71  79  91   7  38  32  72
   26  83   8  75  91   6  60  55  92  56  30  54
   87  15  12  76  75  51  24  55  60  99  75  16
   24  26  39  55  95  94  15  99  15  38   2  80
    6  29  65   1
    828   848   808   760   795   804   825   819   776   816   803   807
    802   792   802   797   811   829   815   829
