 30 100
   89  47 104 101  91  47  81 109  56  20  68  52
   93  65  78  64 105  65  83  30 103  32  80  26
   52  49 104  25  87  27  51  22  21  50  42  87
   11  36  24  71  32  76  52  53 102  43  39  12
   76  33  92  40  26  42  48  57  53  70  12  89
   46  32  68   6  99  65  76  30  59  73  81  12
  103  39  25  92  90  95  83  73  12  87 104 101
   16  78  57  93  97  53  88  38  18  29  52  73
   84  30  73  44
   61  96  23  25  64  87 100  40  99  19  37  98
   15  36  73  98  89  83  55  23  33 103  26  24
   23  31  61  49  54  24  84  19  74  62  52  87
   54  49  50  12  63  86  69 101  16  70  76  23
  105  79  66   7  69  48 108  29  77 110  17  63
   41  29  19   4  66  88  37  62  96 103  67  83
   55  46  82 113  43 106  68  39  12  51  46  79
   32  55  47  41  78  37  54  42  34  73 101  26
   52  61  24  19
   72  82  28  64  26  65  76  25  69  24  69   8
   57  23 111  77  80  43  49  78 108  33  38  93
   34  80  83  83  65 110  29 106  62  38  73 106
   52  61  20  49 103  56  20  10  97  30  43  46
   76  69  59 107  29  53   8  37  18  82  55  66
   32  64  10  69  60  92  87  46  69  15  77  64
   53  45  46 105  53  35  67  82  54  24  62  96
   48  67  78 109  54  82  32  82  46  81  13  93
   25  49  70  17
   52  57  76  68  33  23 108  45  25  15  73  79
   14  21  20  76  59 102  80  31  26  47  42  48
   65 108  66  43  60  79  23  13 101  84  22  99
   73  68  80  73  14  39  70  36  20  16  68 104
   10  90  10  79  53  68  84 104  93  55  13 101
   73  83  14  92  71  36  35  69  38  38 101  27
   97  24  31  26  89  95  60  31  48  14  85  81
   24  49  73  76  84  42  55  40  87  56  43  29
  112 108 109  27
   43  79  97  97  95 100  76  58  53  36  33  75
   45  42  73  94  33  47 102  59  24  32  42  24
   71  29  29  76  73 105  86  71  62  60  79  19
   88  56  70  84  67  43  80 104  96  60  18  18
    4  85  43 107  75  94  41   4  88  45  49 107
   41  50  89  28  76  13 100  73  47  67  26  74
   50 103  30  28 118  31  72  59  28  87  39   8
   85  54  84  65  90  50  61  76  28  92  78  26
   49  25   6 101
  104  86  86  77  46  44  86  57  84  43  89  53
   79  73  28  96  83  74  86  71  96   6  55  33
   43  29  88  98  12  39  43  44  63  32  59  83
   83  69  39  79  72  91  35 110  26  71 118  70
   79  94  82  35  55 102  80 113  81  22  57  60
   91  77  94  29  19  43 110  82  38  49  43  90
   41  45  72  23  98  82  13 106  23 113  93  33
  108  34  73  63  14  69  76  88  84 109  16  73
   44 103  70  98
   99  32  63  39 110  15  45 102  23  39  25  71
   70  70  57  15  70  18  83  63  33  98  85 103
   96  85  88  26  44  27  97  40  45  51  25  55
   98 108  17 106  12  50  14  82  80  11  56  49
   97  25 103  60  56  16  63 102  49  82  73  40
   82 111  51  36  35  28  33  57  89  25  56  44
  102  79  67  46  12  82  39  87  18  23  71  50
   93  60 102  33  96  25  32 110  95  88  63 108
   53  30  76  94
   76  20  53  17  26  51 106  14  33  33  49  40
   58  20  65  30  25  47  27 102  49  33  84  88
   61  71  64  32  29  39  83 107 109  77  97  50
   53  47  87  94  89  53  60  79  71  39  81  73
   76  91  59  51  26  63  39   7 101  92  63  80
   35  88  54  33  78  77  77  99  22  77  10  86
   67  87  45  95  99  10  38  30  83  85  19  35
   47 110  77  16  86  43  47  94  19  61  49  24
   46  89  16  38
  102  54  85  84  88  78  82  19  73  43  96  23
   15  44  77  85  59 102 108  78  85  41  86  23
   43  89  58  34  31  96  82  75  36  57  33  13
   37 100  18  92  89  35  23  25  59  15  72  94
   59  84  57 109  63  28  22 102  38  78  43  42
   85  82  21  47  94  72  68  12  22  44  96  11
   33  52  23  89  95  99   7  41  44  59  56  22
   45  98  20  55  71  99  42  53  30  50  33 104
   24  91 103  31
   25 112  48  24  26  99  32  74  75  87  50  17
   70  56  71  73  38 117  15  95  44  88  38  61
   93  91  80  92  20  23  41  11  44  12  45  35
   47  55  94  81 113  61  67  78 105 115 108  56
   75  77  31  24  45 104  58  61   4  94  37  22
  101  85  57  21  75  34  64  41  42  72  87  51
   82   9 107  34  43  75  46  87  60  29 100  68
   17  65 109  93  88  39  74  84  37  72  26 104
   64  35  61  20
   47 101  80  84  40  10  82 107  30  62  93  89
   29  64 100  87  19 112  92  71  81 116  78  43
   54  22 110  71  46  64  11  21  38  93  21  97
   62  48  42  29  63  12  78  72  30 101  84  46
   77  20  73  89  70  55  79  35  22  51  72  64
    9  32 104  60  54  51  15  15  79   7  67  41
   89  55   4  51  77  57  46  22  38  19  77  88
  102  48  19  32  37  55  92  24  90  28  73  20
  109  80 110  75
  112  62  27  35 108  67   5  55  35  34  37 105
  102  61  63 104  81  10  11  90 100  41  97  62
   36  71  28  78  43  70  79  53  73 106  25  80
   70  98  31  81  18  93  13  33  98  26  45  85
   84  99  34 101  12  21  94  76  34  24  58  53
   68 106  93  67  93  48  38 106  70  52  41  11
  105  40  33  12 111  39  66  69  96  87 100  62
   61  66  58  57 106  33 100  81  51 105 113  82
   73  63  41  73
   72 103  85  88  78  74  76  19  70  87  58  71
   66  18  86  29  86  84  42  69  93 102  69  63
   48  39  65  60  42  91  45  77  74  62  10 106
   78  49  33  55  65  56  91  21  34  97  99  79
   88  14  61  90  19  93   9  96  40  29  31 108
   81  33 102  93  63  62  47  81 106  56  98 107
   50  71  52  91  12  59  46 113  28  72  14  13
   40  38  22  95  86  37  57 108 111  58  95 104
   93  69  27  50
   50  85  79  86  42  95  47  75 104  76  91  54
   45  81  51 104  41  96  64  55  88 100  96  71
   54  30  35  36 102  99  51  22  80  27  28  62
  101  57  98  42  63  48 101  77  27  57  31  44
   56  69  75  19  81  61  95  74  78  95  93  78
   90  25  61  42  17  88  39  78 111  55  24  85
   33  24  58  71  28  53  42 100  18 112  10  52
   42  20  92  65  24  58  65  20  99  30 111  89
   74  70 108  75
   98  52  92  22 102  42  12 100  71  32  95  42
   29  65  87  40  57  33  20  46  54  37  71  51
  114  65  31  28  47  48 117  43  62  82 108  61
   54  96  75  90  40  38  52  78  31  53 106  20
   60  58  69  51  74  89  26  36  42  48  62  62
  112  63  60  54  11  80 112  63  13  52  75  84
  103  59  58  80  60  68   6  15  64 115  29  37
   22  64  48  86  49  64  24  29  30  82  76  98
   24  41  52  50
   87  65 107  74  53  84  31 107  39  50  67  18
  110 100  63  26  76 100  38 110  28  84  37  86
   55  31 100  73  37  12  26  51  30  92  86  96
   63   9  21  82  32  20  42  87  90 116  69 100
   30  56  94  63  47  81  93  96  52  15  27  32
   36  76  78 116  32  62  59  63 117  55  65  37
  115  30  57  16 105  53  92  41  97  55  21 100
   44  62  48  54  92  30  69  79  62  12 111  85
   97  75  95  94
   39   5  73  62  95  23  36  37 115  97 100  87
   36  94 107  19  42  39  63  95 102  40  46  26
   25  93  70  88  44  96  95  12  30  17  69  63
   56  75  62 101  78  50  82  21  98  29  59  89
   64  41  66  99  95  35  75  79  90  49  80  91
   85 104 103  89  86  45  39 103  80  36 105  73
   47   6  90  50  72  48  43  50  93  24  78  17
   82  86  36  23  78  82  49  47  77  35  52  86
   58  77 100  77
   13  75  50  34 111 106  56  24  28  26  65 115
   82  57  73  24  92  23 109  31  19  55  78  85
   82  46  27  66  33  16  45  24  68  46  63  45
   91 111  27  34  78  75  38  87  86  23  11  69
   87 108  62  66  61  89 112  68   7 102  52  68
   54  20  29  73  88  46  69  23  14  63  31  91
   36  89  36  56  98  24  48  88  45  22  71   8
   70  65 101  84 104  38  36  23  56  77  21 101
   48  10  98  83
   37 103  12  43  78  88  30  31  21  89  10  38
   92  60  60  47  53  86  28  33  89 106 113 110
   21  88 101  21  92  63  59  38  81  72  69 107
   27  43  73 104  16  89  13  22  67  18  28  27
   67  75  24  85 111  53 112  70  86  56  57  23
   57  35  36  20  34  50  63  18  95 108  30  66
  114  50  74  55  36 101  44 112  24  28  35  36
  101  34  70  42  11  28  79  93 105 102  46 107
   68  34  21  20
   91  92  45  69  36  60  28  75  40 115  83  46
   30  68  70 103  91  67 116  24  78  66  55 114
   24  16 106  32  66 107  32 115  96  98   7  83
   55  89  50  69  62 108  59  65  75 112   9 100
   70  64 116  74  86  79  44  32  43  25  73 108
   76   9  30  44  15  98  25  64  53  56  93  64
   41  87  68  52  29  34   6  78  32  16  14  99
   75  98  14  31  70  35  90  28  55  81 101  21
  104 115  37 101
   18  25  14  23  74 113  62   8  22 108  84  24
  103  89  28  97  97  54  25  98  13  82  47  52
   52  93  63  40  48  25  58   7  77  61  54  79
   14  67  47  84  13  39  76  43  27   7  36  93
   61  79  49  87  99   7  43  64 103  97  77 107
   67 115  47   8  78  36  57  16  41  70  21  87
   46  21  83 103 104  41  71  68  91  88 101  31
   75  38  18  39  33  42  87  33  98  86  29  86
   61 109  43  30
   83  13  29 101  93  61  39 101  85  85 116  46
   38  52  90  74  37  62  66  44  71  41   7  92
   26  49  40  51  33  95  91  88  94  47  87  35
   40  89  79  79  50  12  67  58  77  11  75  59
   67  83  52  37  84  79  23  75  39  96 102  97
  101  50  99  89 105  82  30  50  98  84  34  37
  117  25  25  30  61   6  81  77  91  97  45  55
   80  10  64  97 100  61  27  45  37  85  47  67
   44  44 102  68
   46  21  73  81  53  24  40  86  46  49  76  99
   19  51  32 108  27  85  67  44   7  26  69  57
   86  54 102  42 104  42  13  32  33  19 103  17
   55  15 114  28  75 111 103  41 112  34 108 112
   81 111  46  39  60  34  17  38  72  44  52  94
  102  37  31  54  15  76  49  53  31  60  35 102
   12  57  53  26  99   9  34  31  52  34  20  76
   74  74  36  73  97  88  26  63  23  91  52  73
   26 111  16  19
   54  42  58  35  75  56  83  97  43  76  49  90
   12 108  72  60  27  66  84  72  16  58  79  88
   64  43  58  75  81  80 107  32  64  17  57  20
  102  15  78   9  61  87  13  48  55  90 100  54
    8  29  81  72  65  99  68  33  63  97 103 105
   81  36  48  83  20  62  81  94  16  32  26  81
   91 105  69  66  41  97  32  51  40  39  42  67
   84  54  36  97  78  67  20  97  46  78  36  81
   30  71  63  48
   30  46 107   9  98  69 100  29  76  87  85  35
   39  98  17  98  76  98  59  20  68  36 101  37
   41  95  69  14  92  54  46  79  43  53  98  66
   55 102  41  57  47  25  78  76  93  65  49   8
   41  98  95  52  16  82  27  39  12  56  70  68
  103  25  96  22  64  65 109  25 103  90  76  54
   60  40  23  81  26  61  14  65  18  24  83  55
   66  66  52 111  22  38  69 101  96  69  83  20
   88  44  29  34
   17 115  40  27 117  89 116  12   6  73  60  71
   73  34  87  72  43  67   7  69  51  93  65  33
   37  55  84  44  10  12  52  65  46  62 103  27
   94  55  78  75  11  97 106  28  13 100  48  70
   46 100  36  98  35  23  16  12  66  71  21  45
   36  94  60  47  74  27 105  94  41 108 102  13
   29 103  21  83  90  93  51  60  35  97 103  14
  103  25  25  71  82  21  32  82  81 107  91  44
   29  76 104  85
   76  29  59  36  66  94  65  35  79  22  49  26
   21  91  18  85  68  74  77  19  84  98  82  18
   87  57  33  20  65  48  84 105  14  73  84  17
   45  88  50  35  88  79  45  54  49  32  29  59
   21  75  49  39 103  30  87  79  79  31  26  12
   43 102 105 102  93  59  16  27  97  88  61  33
   56  36  58  51  70  71  96  17  67  71  77  71
   79 105  29  39  61  15  26  30  23  70  58  95
  106  27  21 103
  112  82  79  74  17  57  92  38 114  25  11  12
   57 107  16 110  59  57 113  55  83  75  31  22
   83  46  37  33  25  46  62  89  96  94  59  41
   36  59  65  46  27  43   3 115 105  22  42  20
   29  84  74  96  80 111 101  54  51  86  19  58
   17  47  85 106  21  96  84 112  82  33   3  57
   95  80  87  82  31 106  53  22  32  33  26   6
   86  92  48  49  26  82   2  19  67  61  59  80
   66  28  29  72
  107  43  52  43  65  12  52  96   9 106  65 114
   54  70  91  47  48  24 103  20  88  48  15  73
   74 107  88   5  69  26  69  42  38  67  78  42
   38  79 103  49 100  42  15  21   8  16  95  94
   84  63  22  82  89  48  79  78  43 112 101  78
   19 101  38  87  13  54 106  19  26  79  82  65
   82  51  29 105  36  69 104  28 104  33  86  82
   15  77  67 107  70  84  64  80  48  26  42 106
  112  61  95  80
   39  50  74  26  60  49  28   6  67  81  51  74
   14  53  81  26  58  34  19  69  80  79  58  45
   22  88  30  75  95  51  43  66  79  60  80  18
   39  64  22 110  76  26  70  82   7 108  11  67
   93  20  12 110  28  41  61  29  78  49  17  86
   31  31  29  22  72  27  73  18  44  25 105  56
   85   7  33 110  35  22  60  72  70  75  22  15
   29  92  10  42  58  74  50  27  16  50  40  49
   93  78  49  27
   18  57   4   4  20  65  31   6  47  90  39  59
    9  54  27  46   8  53  37  80  15  83  35  87
   58  63   7  86  29  83  67  93  87  55  78  30
  100  83  86  46  72  44  62  58   2  76  66  99
   44  87  13  77  89  74  57  50  50  47  90  14
   66  78  47  96  17  53  26  75  46  38  23  98
    9  63  79  19  14  13  36  45  95  31   7   5
   88  38  60  15  15  62  19  68  88  82  60  37
   28  81  47  75
   43   8  88  92  49  32  11  80  10  98  66   5
   87  75  31  17  22  26  62  87  82  17  89  91
   82  88  53  61  63  83  20  93  30  45  55  31
   57  68  53  98  56  24  40   4  98  40  29  94
   15  40  45  95  40  58  11  83  37   3  89  48
   68  87  97  99  42  29  79  42  13   3  36  19
   49  60  29   5  61  11  34  74  91  68  67  25
   70  56  69  67  29  74  52  69  80  36   9  78
   60  56  84  87
   45  26  84  53  86  54  32  85  34  88  51  96
   51  80   3  30  33  62  58  37  12  80  64   9
   84  29  22  26  51   7  81  14  57  76  47  13
   62  46  92  63   8  57  95  99   8  83  73  62
   44  51  45  11  83  61  96  66  91  32  56  50
   81  46  95  45  50  23  29  65  50  87  31  41
   58  65  68  11  61  82  44  35  57  79  49  12
   66  38  31  10  53  24  73  21  64  34  92  10
   77  63  37  88
   68  49  38  43  77  79   2  64  95  96  34  37
   98  88  98  36  52   4  26  79  87  59  75  65
   40   2  52  68  46  40  86  97  14  34  82  21
   38  48  24  47  97  71  38  78 100  86  34  16
   97  22  92  30  58  48  27   2  10  47  96  14
   36  37  93  15  40  69  82  38  71  74  11  87
   10  86  76  86  22  15  60  86  70  88  18  38
   87  58  38  27  18  63  63  73  15  59  68  86
    5  12   7  91
   69  23  12   6  25   2  42  53  53  84  75  29
   66  75  34  20  80  62  16  49  88  79  71  96
   39  78  91  28  38  15  16  34  52  50  39  92
   32  62  43  29  43  65  35   2  16  51  98  90
   98  35  59   5  31  18  62  99  29  59  59   7
   76  67  14  76  35  92  10  31  67  42  88  37
   65   2  76  79   2  74  46  59  82  30  77  96
   22  60  32  46  24  60  47  32  77  11  36  85
   64  78  99   4
    9  22  24  36  67  65  24  50  26  72  19  56
   34  38  77  18  21  46  16  41  21  96  52  82
   60  88  25  18  99  75  65  73  47  75  45  21
   32  47  76  35  34  27  76  10  86  31   2  41
   32  17  31  72  47   9  28   2  25  87  49  47
   27  38  26  82  84  64   8  30  80  62  59  14
   76  62  34  86  16  25  98   3  80   5  22  69
   11  79  34  47  95  33  39  24  18   7  90  45
   60  17  41   7
    3  72  51  65   1  89  59   9  86  79  84  45
   39  42  51  96  49  98  24  56  76  12  17  11
   13  21  16  81  68  87  20  77  59  51  84  58
   16   4  85  10  96  68  91  37  22 100  55  64
   16  90   3  48  60  87  56   9  60  34  47  63
   30   7  60  83  80  79  78  56  27  92  47  62
    4  33  44  66  98  36  68  18  91  86  39  64
   12  47   6  80   6  83  74   7  14  18  40   3
   67  80  38   9
   40  90  58  87  88  58   5  97  78  78  60  63
   54  98  47  88  87  60  75  13  64  70  18  15
   45  38  46  76  84  69  34  11   9  27  18  55
   64  55  24  26  22  63  54  30  48  70  39  46
   35  20  49  67  92  47  70  99  10  17  42  35
   71  20  57  73  38  33  26  16  94  42 100  21
   51  24  62  17  18  95  74  82  32  26  93  85
   55   5  43  89  29  77  55  17  92  46  67  81
   68  25  88  74
    9  56  31  25  30  27  25  99  36  72  18  91
   87  75  27  29  44  17   9  34  21  68  30  82
   74  21  51  77  86   9  20  39  67  52  81  98
   70  17  97  13  20  75  83  86  49  93  48  12
   52  19  56  10  51  83  98   3  69  30  73  75
   24  34  83  72  24  48  44  90  89  59   6  92
   76  56  81  29  15   7 100  77  61  52  59  89
   66  13  96  51  46   5  75  60  78  70  78   9
   96  20  17  82
   86   7  70  87  76  21  81  30  36  26  68  96
   35  59  35  43  72   3  91  10  67  32  74  49
   14  16  31  12  93  92  67  96  59  96  60  67
   70  55  24  22   1  43  51  36   5   4   7  60
   41  30  87  83  69   7  46  58 100  21  74  91
   13  28  52  88  31  83  53  73  69  39  24  58
   31  99  13  86  77  37  68  27  55  79   2  42
   86  48   6  13  27  71  42  22  74  48  86  10
   54  79  42  85
   69   5  24  27  68 100  20  12  87  54  24  21
   88  49  10  22  85   8  23  38  38   4  34  71
   65  93  10  32  68  48  91  86  69  12  86  17
   58  65  75  88  54  99  27  36  77   8  32  56
   41  87  42  18  45  55  28  82  88  69  42  40
   95  76   6  48  48  57  95  96  40  95  53  73
   31  51  98  53  29  52  62  86  68  96  30  15
   14  64  92  84  72  48  19  86  12  89  32  95
    4  33   5  35
    5  45  80  68   8  44  99  64  69  86  76   7
   13  54  42  15  33  95 100  21   8  67  19  47
   75  32  83  35  72  32  23  50  30  11  84  35
   42  10  81  34  88  18  99  78  22  89  66  33
   20  21  81   8  96  94  10  27  77  81  44  65
   42   5  16  47  17  70  82   3  43  58  69  92
    2  75  78  93   1  72  54  42  24  20  19  47
   47  52  62  63  11  69   4  23  58   3   7  32
   38  46  63  37
   42  12  17  15  41  33  26  92  32  17  49  37
   46  89  25  90  34  27  71  47  18   9  51  57
   63  80  48  44  65  23  59  38  40  40  93  14
   36  61  85  48  53  48  29  87  77  21   6  30
   23  93  49  13  97  25  98  21  65  75  83   5
   34  84   9  11  50  58  58  21   7  64  10   9
   67  45  59  12  90  43  64   4  88  32  93  92
   71  73  91  25  29  72  54   2   9  51  23   9
   11  40  80  61
   61  19  40  27  70  11  59  32   2  40  14  49
   73  28  55  15  74  13  39  57  18  19  13  42
   66  75  68  81  14   9  60  96  39  90  83  56
    8  53  13  67  49  60  11  31  91  51  87  66
   56  34  35  83  21  56  14  38  37  24  11  30
   21  92  49  75  95  17  73  40   5  63  87  29
   80  85  56  47  81  63  74  19  90   3  95  65
   72  96  20  51  95  53  51  94  20  82   9  29
   41  46  12  41
   12  52  23  88  15  63  96  10  37  70  12  61
   83  53  33  67  46  72  85  72  49  80  49  60
    3  40  74  75  69  60   3  68  49  37   5  44
   64  19  29  27  70  70  61  39  74  60   1  86
   58  54  47  66  30  25  94  75  70  71  49  42
    7  54  49  62  92  37   2  54  94  51  32  21
    6  59  45  26  55  44  98  88  44   2  90  78
   85  50  57  34  60  49  82  89  84  36  28  13
   87  67  61  60
   17  52   6  34  54  28  77   6  65  53  51  97
    9  12  52  90  30  17  72   2  89  19  83  25
   60  76  15  38  79  94  89  65  75  20  26   7
   40  96  97  31  79  98  63  27  20   4  51  19
   74  47  10  49  73  30  23  14  66  89  84  70
   69  37  33   2  87  53  56  43   2  48  52  79
    3  83  55  90   7  58  23  73  20  55  87  18
   72  49  67  48  11  82  45  25  53  98   2  17
   14  37  19  20
   71  99  40  43  11  86  81  69   5  23  19  21
   81  13   7  88  78  81  51  23   2  64  64  87
   84  11  38  18  63   7  25  99  76 100  37  48
   53  45  48  14  39  57  23  87  17  80  43  30
   47  67  54   5  23  74  29  28  30  61  32  28
   26  14   6  24  31  71  64   6  26  70   5  38
   72  99  27  68  33  66  62  53  17  78  28  93
   28  33  76  81  31  29  70  65  28  76  67  20
   48  32  13  38
   93  29  65  86   8  13  58  78  82  88  45   1
   34  58  31  87  26  80  10  88  93  56  25  33
   36  69  89  54  70  92  72  78  47  61  44  74
   29   3  89  68  33  27  76  17  32  87  92  43
   21   3  42  44  46  28   6  46  98  12  62  35
   60  92  76  41  30  74  40  90  94  53  87  19
   70  17  66  48  13  96  70  18  73  89  40  94
   37  37  17  29   7  74  73  81  59  30  91  13
   63  99  11  32
   76   2  97  76  39  31  75  89  84  21  97  67
   25  53  54  71  53  17  80  83  30   3   6   8
   81  28   3  95  13  55  57  75  31  35  49   2
   81  59  44  13  93  23  98  97  49 100  78  84
   48  39  84  34   2  58   5  45  25  62  58  79
   55  73  69  94  70  62  48  86  25   8  78  50
    5  59  28  49  81  10  62   1  91  91  76  69
   17  73  37  76  91  76  38  18   6   2  67   3
   34  69  87  95
   23  10  70  49  69  53  90  44  76   5  31  68
   79  35  41   5  27  45   1  85  33  45  56   3
   89  95   8  79  41  11  72   5  24  22  98  32
   64  13  52  38  45   3  55  44  27   6  97   3
   38  42   4  44  26  23  64  84  66  84  32   2
   44  95  73  67  87  22  95  43  67  58  23  44
   64  15  39  57  89  70  99  31  77  93  97  17
   32  18  94  81  40  82  19  81  50  36  15  93
    7   5  69  17
   92  84  97  93  32   7  48  99  83   8  19  88
   12  30  77  14  19  51  89   7  90  23  71  68
   55  17  49  76  54  87  44  98  26  45  53  29
   97  44  57  25 100  78  33  66  83  97  81  18
   50  25  64  16   5  98  60  56   8  17  25   2
   50   5  70  95  33  79  56  98  64  44  87  26
   69  84  32   4  11  79  45  36  16  24  13  88
   33  67  98  76  80  61  15  71  22  23  90  21
   47   3  69  73
   32 100  78   5  19  56  80  17  34  26   4  61
   81  66  26  41  75  51  45  65  45  63 100  28
   85  64  70  56  87  15  21  14  17  68  24  70
   65  16  37  37  57  99  40  53  25  94  43  52
   42  37  52  71  20  33  92  40  68  14   7  23
   17  70   5  24   4  33  78  56  15  25  83  76
    3  77  78  75  52  99  28  37  18  23  70  56
   22  95  43  23  12  50  79  60  83  28  55  40
   69  61   9  43
   74  91  38  26  58  82  71  17  59  63  31  14
   98  51  71   4  76  20  36  62  98  92  49  57
   21  52   9  60   7  61  98  78  87  96  16  88
   52  93   4  92  30   6   3  79   6  72  11   6
   28   5  56  81  45  82  85  73  44  59  61  21
   12  82  75  61  93  32  69  67  81  59  74   5
   99  51  57  90  18  95  83  75  60  68  91  28
   43  28  77  42  11  23  92  45  94  15  59  32
   81   7  90  97
   62  61  54  77  38  55  37  16  63  42  67  26
   90   5  34  51  84  49  34  39  87  52  31  19
   51  72  60  39  33  22   8  77  50 100  46 100
    2  93  37  94  46  32  94  59  51  13   9  57
   95  86  32  31  38   4  34  82  54  23  12  15
   25  83  63  34  96  44  30  15  97  73  92  31
   22  15  40  47  73   9  85  66  71  74  62  53
   19  57  73  10  37  44 100  15  57  27  81  30
   77  45  48  63
   74  61  12  94   7  36   5  84  41  30  30  74
   72  11  87  11  36   5  52  89  49  74  16  82
   63  13  48  97  26  48  63  31  61  58  11  45
   56   7  62  57  65  80  24  31  23  44  59  96
   70  15  19  67  98  33  86  80  94  61  41  43
   11  87  20  96  39  41  10  87   2  27  38  54
   52  64  83  29  91  41  93  46  93  85  21  64
   43  44  66   9  91  74  41  13  20  48  33  87
   14  72  91  86
   91   5  78  88   2  17   4  95 100  40  47  38
   33  70  28  42  67  38  96  40  57  25  38  78
   74  47  27  72  99  99  55  38  73  58  12  78
   15  56  32  30  97  11   9  83  92  19  63  50
   73  12  76   6  77  79  95  90  37  46  81  70
   73  17  44  60  44  85  14  18  64   4   2  89
   81   9  98  23  20  23  55  45  80   6  10  99
   11  77  92  46  31  96  79  22  24   7  20  69
   91  40  15  27
   40  73  44  83  44  11  53  81  27  80  67  89
   85  16  85  25  42  33  39  93  19  21  31  87
   25  46  71  94  54  63  33  14  97  45  25  93
   66  21  64  76  28  28  73  54  55  77  86  44
   89  28  63  64  12  79  21  39  29  73  76  99
   77   5   4   7  26  53  95  85   8  19  50  69
   53  78  60  60  37  43  20  97  44  44  39  40
   38  14  77  65  51  93  83  74  82  45  52  16
   10  78  92  16
    7  33  32  35  99  61  28  75   2  89  98  95
   61   4  90   5  43  49   6  56  24  44  72  97
   35  61  76  78  83  64  55  25  19  17  52  71
   79  46  41  61  86  68 100   4   8  85  65  98
   88  34  28  19  31   5  11  58  53  17  94  44
   93  64  18   4  93  14  27   5  32  74  99  50
   25  27  26  37  89  11  52  80  70  81  85  99
   26  25  67  59  80  34 100  86  35  54  46  38
   42  84  80  39
    3  73  66  70  44  99  64  11  97   6  48   6
   51  41  19  60  70  82   5  99  26  63  98  43
   40   7  14  99  48  78  42  73  66  41  38  77
   75  37   3  68  17  68  87  87 100  95  11  14
   27  53  81  36  18  69  41  27  64   7  12  40
   83   5  67  15  91  48   4  89  80  35  33  39
   25  66  80  11  78  45   7  82   2  85  25  29
   95  37  50   4  41  22  42  29  65  85  77   5
    6  53  20  22
   73  57  29  81  51  71  83  99  49  21  56  33
   97  52  30  84  54  80  85  36  31  29  60  68
   93  25  82  41  23  68  60  43  35  52  32  90
   67  55  89   1  26  86  50  26  95   4 100  42
    9  86  98   8  84  72  43  85  25  61  97  22
   72  75  82  88  36  84  33  93  71  94  10  50
   32  99  78   3  77  91  53  30  44  40  97  93
   83  24  92  61  57  38  64  86  96  52  73  56
   24  38  70  93
    133   140   138   140   134   119   126   138   136   133   136   125
    118   126   139   122   126   137   138   126   136   127   145   134
    134   133   137   139   126   157
