 40 200
  102  31  84  20  20  33  46  95  46  38  80  59
   65  31  87 106  68 103  87  33  51  90  97  68
   39  95  22  58  94 105 108  78  54  73  95 110
   52  37  62  59  56  60  95  73 109  50 103  92
   69  19  29  76  73  70  26  32  48  66  66  32
   97  76  58  72  25  16  86  56 103  64  25  74
   84  69  91  97  73  80  90  65  91  56  88  98
   55 114  43  51 117  47  52  76  45 101  99 112
   39  38  38  27 100  79 100  88  79  93  68  15
   26  52  90  26 101  98  34  67   8  73  78  93
   58  85  24  20 102 110  80  28  65  51  97  66
   29  68  36  49   7  17  56  54  10  51  72  83
   64  92  11  49  33  28  16  43  73  47  48  46
   16  50  83 102  68  59  12  41  53  60  78  20
   31  68  21 100  92 102  99  26  28  66  84  69
   41   7 101 108 110  59  73  82  71 104  39  82
   93 107  48  79  84 100 109  50
   71  72   9  75  74  81  11  53  59  23  41  92
   99  96 106  87  72  93  58  92  49  51  41  26
   81  78  26  93  42  16  74  14  20  45 113  52
    7  26 108  24  29  39 118  32  15  99  51  70
   91  30  63  82  44  24  36  36  16  59  48  17
  112  67  60  88  99  48 108  92  34  48  90  95
   19 103  77  94  13  22  69  75  38  19  57  33
   92  37 113 110  50  32  32  22  10  82 101  65
   85  64  55  56  94  73  17  92  86  42  56  84
   18  68 103  26  37 100  43  31  36 113  78  50
   24  36  95  32  91  99  19  48  84  52  70  46
   12  41 107  54  38  73  97  56  67  78  75  64
  106  35  79  53  17  94  69  36  61  15  83  88
   81  41  35  79  17  53  98   3  26  54  89  83
   31  19  21  18  66  91  42  27  89  25  89 103
   36  99  29  69  81 107  33  94 118  49  27  97
   40  70  61  67  41  92 117  41
   32  29  31 116  51  26  93  90 110   9  47  95
   19  85  93  37  51  43  57  34  56  44  33  25
   47  34 103  22 101  67 100  63  54  45  20  59
   58  60  47  74  20  27  18  61  31  75 109  41
  110  73  97  57  90  51  54  50  44  26 107  58
   75  85  86 115  36 108  95  78 105  71  20  57
   52 108  57 117  68  54  31  73  79  22  92  67
   15  78  44  40  15  49  49  32  41  41   6  45
   73  54  74  51  90  51  29  69  43  87  64  45
   27  39  51  54  70  62  22  20  63  46  37  89
   89  98 106  45  76  69  12  89 101  42  35  78
   49  19  69 108  69  60  38  58  23  25  88  94
   81  49  17  71  14  47  29  35  50  30  78  90
   98  65  82  42  78  25  30  89  76  88  78  75
   48  43  11  70  53  29  57  76  27  61  58  59
   83  81  99  54  30  98 116  86  21  10  14  22
   59  99  19  67  69  39  13  80
   27  70  42  42  31  72 114  92  51  50  24  26
   73  83  72  65  10 111  47  49  88  62  74  26
   86  34 103  14  74  37  24   9  11  96  48  71
   90  45  89  75  54  28 102  90 103  84  23  73
   60  20 108  53   7  38  22  33  88  69  40  82
   15 117  48  68  12  20  50  23  88  59 112  39
   41  55  81  15  58  77 104  16  16  11  55  69
   50  23  23 106  79  40  63  93  64  40  91  27
   25  48  42  55  61  85  56  58  40 101  50  67
  105  19 109  46  67  92  75  68  72  25  32  22
   51  35  45  41  95  34  62  99 117  37  93  35
   17  97  31  22 103  78  65  42  21  96  29  73
   87  38  62  21  62  98  56  66  91  28  93  77
   96  49  33  35  46  73  96  94  45  84  89 101
   24  39  32 110  74  84  36  70  65  19  84 101
   94  32  51  33  93   8  64  11  23  78  75  27
   38  49  24  67 100  37  41  89
   36 102  77  17 101  17  70  94  56  58  25  94
   31  98  15  93  75  70  93  78  61  62  20 103
   38  51  27  39  37  24  73  43  12  79  74  81
   70  85  86  91  86 101   9  25  35  33  97  19
   85 102  50  22  12  97  85  35  67  58   2   8
  106  16  38  59  82  47  54 100  50  85  49  53
   43  50  40  27 115  94  91 103  65  18  80 113
   67  55 109   4  95  25  98  21   8  23  88 109
   98  88  63  44 106  96  43  44  89  52  48  27
   82  46  26  95  65  64  34  84  53  99  99  75
   88  19  64 105 105 113  52  21  27  33  87  56
   69  52 113  75  74  33  97  93  20  35  83  24
   48 104  75  16  38  78  60  79 109 103  44  31
   29 116  32  60  12  47  72 102  22  32  91  47
   62  79  35  73  74  28 111  89  80  87  32  55
   85  37  20  98 109 107 103  60  60  95  37 110
   19  94  65  31  11  84  78  90
   52 113  55  81  46  26  86  18 107  28  64 107
   27  46 106  31  40  17  20  55   6  71  46  66
   50  16  77  99  97  49  89  28  43  66  99  57
  118  18  31  28  67  22  71  53  12  95  51  23
   97  91  44  19  83  50  30  55  17 110  53  65
   25  49  99  32  47 107  61  72  93  49  51  62
   38  67  11  86  94  13 104  84  64  82  96  52
   71  60 102  80 105  53  72  47  79  46 110  35
   68  78  20  72  92   4  88  42  40  87  26  65
   36  35  88  76  57  76  38  61  96  43  19  80
   37  98  95  70 103  60  63  41  67  79  59  74
   58  60  99 107 114 104  53  94  39 105  26  80
   38  69  89 102  17  20 101  59  32  70  24  72
  100  33  99  28  45  89  37 101  29  21  70  82
   84  77  16  16  45  45  55  78  28  44  91  81
   34  30  94  75  71  89  18  75  11  86  38  81
   43  94  76  96 108   9  61 105
   35   8  69  22  35  54  44  12  91  87 100  82
   95  77  80  27  69  60  58  73  94  89  64  55
   98  29  19  49  86  40  39  51  31  25  69  48
   43  55  71 101  85  19  76  77 107  32  52  88
   82 109  56  67  47  53  79  66  33  82  87  49
   87  45  95  36  47  67  74  68  66  19  65  55
   86  54  45  45  25  30  81  53  93 104  55  71
   31  80  42  22  92  22  65 102  10  56 106  58
   79  72  79  77 100  67 105  87  14  73  25  41
   42  30  65  55  36  41  56  64  42  88  68  53
   77  79  53 101  69 104  72  98  26  18 101 112
   61  93   8  77  63 109  29  84 114  49 102  91
   91  34  89  63  60  72  55  79  99  35  65  46
   44  71  87  72 100  18  37  32  64  94  86  78
   30  42  37 107 100  21  25  61  93 101  36  61
   20  31  16  94  39 101  77  69  48  89 105  75
   19  90  83  70 106  87  40  48
   91  23  37  36  52  44  24  35  19  78  22 105
   21  65  48  46  18  46  31  84  72  41  61  36
   96  79  77  85  88  17  68  58  69  92 101  52
   89  37  39  24  29  85  63  67  67  96  49  94
   59 102  54  46  97  72 102  11  66  33  24  42
   36  28  39  80 100  34  92  98  27  87  13  81
  103  41  60  18  24  65  18  68  91 103  78  54
   57  18  38  88  54  68  98  62  27  29  33  66
   43  52  40  45  18 104  39  59 112  52 101  46
   78  58  47  41  67  17  57  97  23  66  60  61
   94 114  35  77  72  92  23  86  63  21  93  64
   70  61  85  66  29  73  79  24   5  68  24 104
   59  18  97  70  88  89  59  63  96 105  61  77
   25 108  97  50  72  30  30  47  57  29  27  59
   45 112  64  26  91  67  23  28  94  77  73  42
   25  79  88  22  51  32  51  55  75  48  47   9
   43  35  55  84  68  79  71  43
   86  70  44  93  59  56  43  45  33  59  23  97
   66  65  68  90  39 110  65  57  42  75  53  62
   27  44  49  91  31  68 102  61  98  26  83  68
   39  54 108  58  45  65  59  18  56 106  21   7
   80  57 107  58  43  99  99  66  63  44  16  91
  100  19  66  17  60  87  64  99  94  10  90  53
   78  80  26  19  76  26  64  23  14  35  98  44
   25 106 108  72  45  94  19  14  42  90  42  96
   18 101  53  59  92  88  75  91  42  86  55  47
   91  52  43  87  69 106  37  95  72  57  23  45
  101  41  24  88 100  11  95  48  23  53  77 106
   42  35  91 103  41  95  89  87  66  67  43  46
   92  21  37  44  15  21 109  16  95  51  77  96
   44  43  93  16  36  49  40  74  66 116 103  54
   22 108 114  68  31  39  91  64  68  42  96  70
   53  24  98  68 113  70  27  69  19  55  63  86
   26  78  51  46  72  63  57   9
   72 111  17  83 102  61  77  54  65 102  72  78
   84  61  89  84  34 114  57  56  76 104  58  58
   58  12  41  74  41  70  65  29 112  57  40 101
   33  14  82  73  27  69  75  64  91  83  80  32
   90 105  56  37  57  31  19 112  56  67 109 118
   56  11  62  87  24  84  75  36 104  23  19  34
   99  70 110  36  17  33  42  93  15  40  47  94
   76 112  71  71  41  38  70 110 111  59  90  41
   82  95  41 107  75  29  27  79  21  81  20  17
   43  52  95  26  29  37  49  70  37  35  57  73
   40  63  66  71  48  56  91  26  92  69 101  40
   65  57  11  47  34 107  60  67  31  98  65  36
   55  38  68  67  81  56  77  59  88  62  54  80
   27  25  67  68  74  89  56  90 100  43  27  40
   60  71  17  88  19  78  89  99  34  66  81  25
   46  98  93  52  31  78  19  22  29 103  60 105
   71  16  48  64  18  31  82 102
   92  50  90  78  46  64  32  68  34  54  60  33
   10  33  68  25  86 107  62  72  21 111  49  47
   20  26  33  85  51  59  76  55   4  64  19  96
   56  90  37  68  93  86  25 102  94  55  18  96
   54 101  67  40 110 101  79  86  93  20  81  36
   53  26  38  82  61 101  32  78  20  10 103  14
  113  26 109  99  47  34  26  60 115  84   7 101
   81  34  99  21  75  88  98  45  89  81   8  84
   59  95  31  22  51  19  93 101  90  87  92  23
  101  69 109  68  68  53  96  89  69  83  11  46
   80  27  80  47  59  76  20  63  98  43  11  20
   29  13  60  48  41  85  89  86  19  71  82  80
    8  44 115  64  71 104  46  60  27  49  25  38
   56  71  69 112  91  59 103  74  69   8  78  32
   79  18 115  87  30  59  24  33  69  52  79  81
  101  59  82  97  90  72  49  33  16 118  54  31
   37  23  88  16  87  21  66  86
   59  88  17  58  99  76  74  83  25  99  46  44
   12  81  67  74   4  68  65  20  60  47 116  37
   51   7  94  20  75  14  59  21  87  23  42  59
   48 104  11  15  55  77  78   7  95  92  93  56
   65  31  56  27  58  52  17  84  52  94  39  56
  102  21  75  50  95  96  71  53  84 105  45  61
   80  78  66  82  20  97  32  34  56  99  75  12
   67  32 101  13  54  10  24  54  40 106  89  61
   38  79  95  32  82  68  32  71 111  91  99 105
   57  48  93  80 102 102  56  84 105  79  42 109
   29  24  23 105  92  23  31  26 105  66  84  83
   12  65  60  39 100  89  34  87  79  34  30  67
   43  74   7  80  97  46 109  49  85  10  43 118
   36  62  36  36  89  26  49  44 101 104  21  54
   39  83  77 115  76  48  53 102  83 104 118  27
   98  24  97  23  57  75  60  29  39  33  10  80
   41  31  24  41  85  42  86  68
   55  55  53  41  83  22  54  58  97  65  88  63
   87  75  62  82  79 102  26  42  64  39 103  31
   83 116  47  73  73  88  21  56  94   6  97  91
   65  40  62  26  26  89  11 103  15 103  65  77
   53 114  23  14  57  41  49 104  53  95  58  19
   19  31  17 102  97 105  22  32  66  54  38  34
   34  89   8  98  75  69  51  21  80  30  71  87
   64  30  52  93  55  43  37  91  55  88  69  91
   29  84  90  46  36  45  30  31  27 110  45  77
   81  62  28  98  11 115  37  89  91  51  46  26
   57  87 109  41  27   6 104  87  53  22  50  82
   38  43  38  63  12  25  52  43  97  87 100  59
    8  17  69  87  44  70  29  85 102  15  45  31
  101  85  91  38 100  50  50  87  19  31  73  96
   33  90 110 103 107  31  15  46  20  18  31  47
   50  37  13  20  76  48  87  26  26  39 111 109
   53  35  70  27  46  38 102  76
   96  44  68  37  25  74  18  14  21  91  95  78
  106  44  93  32  17  17  96  63  58  85  66  39
   38  49  22  20  48  69  46  78  82  71 107  43
   86  63  78  38  39  23  15  94  73  84  57  10
   57  93  31  98  72  16  65  49  91  38  87  24
   67  78  61  97  24  75 102  26  35  68  77  45
   75  64  56 101  92  58  89 102  62  59  52  59
  119  10  33  68  74  30  87  48  48  30  93  43
   76  97  96  41 108  48  59  94  72  22  59  39
  100  21  85  15  91  53  83  46  86  90  72  60
   29  66  42  32  33 100  80  56  27  77  10  32
   32  45  42   7  30  33  49  65   6  77  30  24
   66  98  45  38  32  98  45   9  73  68  12  98
   41  77  47  58  54  21  84 101  46  60  50  24
   28  39  45  86  64  87  63  34  89  53  78  18
   58  37  71  90  53  56  98  68  95  17  14  72
   58  85  59   8  69  37  40  67
   59  71  76  97  75  59 101  33   4  90  52  31
   34 101  36  69  69  42  71  78 104  92  12  43
   66  91  78  19  21  43  34  16  74  12  40  93
   98  28  29  71  72  38  91  33  27  84  16 101
   45  76  84  89  50  57  74  61  47  28 106  98
  103  56  87  72  51  47  25  27 106  16  67  58
   62  71  48  79  41  17  85  92  63  22  38  72
   76  78  65   9  67  66  34  21  26  96  11  86
   70  75 104  31 110  41  51  94  50 105 101  68
   12  93  21  38  39  40  45 105  79  37  99  40
   83  84  74 103  84 101  36  74  62  12  19 103
   90  39  95 109  54  37  87  51  18  32  74  56
  106  83  42 105  94  63  74  31  13  38  43  59
   95  64  59  32  26  52  20  39  80  86  60  86
   68  81  81  90  73  10  28  42  26  31 106  67
  118  39  86  99  89  83  38  88  54  83  80  55
   76 112 105  55  59  98  96  37
   18  84  90  82  24  44  39  81  12  82  68  37
   71  73  78  42  28  55  32 112  81  56  58  18
   54  50 110  86  76  58 100  98  43  47 109  40
   79  67  41  41  31  62 108  99  81  95  71  20
   83  42  77  77  74 100  95  43  44 117  50  69
   42  67  20  19 107  65  23  56  65  60  93  23
   32  24   2  28  78  15  95  12  18  20  55  55
   93  89  23  10  52 102  95  92  31  25 103  27
   68  49  42   4  35  32  71  19  42  60  78  36
   38  23  19  43  99  99  92  20  70  54  29  45
  104  97  58 110  37  89  27  92  51  51  37  93
   77  37  65  81  96  60 107  92  47  88 117  70
   23  51  22  41  76 105  67  82  56  93  94 114
   29  67  59 106  90  63  98  76  85  63  45  22
  103  78  44  70  98  86  62  81  58  49  56  12
   62  34  47  32  78  61  10  75  97  31 111  42
   78  73  81  44  29  84  84 107
  102  25  98  67  36  49  18  92  44  61  98  46
   66  16  20  79  28  75  18  74 103  85  36  52
   84 100  64  62  58  13  57  19  47  65  70  23
   26  48  76  39  11  32  97  17  46  77  16  35
   79 102 108 109  66  82 105  51  61  85  13  88
   13  34  32  22   8  33  62  91  82  32  75  43
   16  83  18  53  95  13  73  18  69  80  42  61
   37  23  36  93  95  92  44 104  78  53  73  38
   48  73  58 117  52 101  60  13  85  99  44  19
   80  86  19  58  45  55  83 113  45  56  95  80
   39  68  85  73 101  37  62  52  98  71  67  48
   99  68  95  51 103  25   4  61  63  30  36  98
   72  11  80 114  56  46  12  23  34  76 103  60
   66  10  10  92  24  56  92  70  93  34  31  86
   17  88 100  46  94  24  55  10  18  95  17 108
   34  41  67  23  51  84  64  13 103  78  21  44
   89  92  42 108  79  29  11  86
   30  41 110  74  52  22  43  31  99  90  47 102
   23  71  64  41  14  59  52  90  45 113  46 105
   11  52  22  85  37  72  97 102  55 106  41  77
   75  72  51  35 100  78  36  97  61  24  67  12
   61  52  16  52  86  83  91 102  78  19  22  40
   22 112  32  85  97  30  91  35  26  20  23  46
  106  44  35  51  82  74 105  29 105  46  42  29
   37 110  62  67  13  26  90  51  87 113  64  59
   14  35  82  71  28  48  83 104  61  31  65  23
   63  64  22  15  67  81  88  45  99  80  81  41
   74  13  52  22  54 115  53  79  28  58  75 106
   41  98  51  33  99  59  47  33   7  98  53 109
    5 117  97  41 115  51 105  63  83  22  46  93
   65  22  99  89  61   8  53  83  49 110  85  71
   49  52  42  24  54  35 105  37  41  37  71  37
    7  47  23  39  61  55 113 106  40  10  65  72
   72  40  93  22  31 108 109  23
   20  57  84  58  27  77  80  61  90  30  35 116
   82  55  25  66  51 108 109  33  42  25  22  95
  100  17  59  66  91  95  47  84  67  27  59 100
   52  60  59  62  20  75  92  58  23  94 100 113
   54 100  67  73  41  27  42  18  68  29  50  84
  105  62  79 111  10  92  82  73 106  15  86  20
   28  69  63  84  56  41  72  34  18  75  39  94
   33  68  42  27  81  20 103 115  78 102  92  40
   62  72  70  93 101  57  43  14 110 107  82  54
   34  72  72   4  24 110 105  11 115  28  37  40
   18  23  53  39   7  76  65 103 103  79  98  39
   36  67  59  60  66  71  46  81  17  22 101  77
  102   3  99  19  85  20  42  51  75  99  94 105
   26  35  14 101  66 110  24  25  27  77  37  53
   27 111  49  84  19  86  53  15  34  87 100  16
   60  44  73  60  86  99  45  77  14  39  53  31
   50  62 102  68  69  66  68  31
   51  42  31   7  16  33  97  52  78  87  64  75
   85  69  13  90  79 111  57  88 105  85  89  85
   77  72  83  92  38  59  15  70  81  31  78  54
   60  21  34  68  10  97 102 109  81  16  85  45
   39  26  85  18  77  46  65  75  58  33  54  83
   80  85  61  74  73  22 110  36  97  85  35  65
   23  41 110  12  56  91   9  13  65  45 103  87
   65  69  94 112  87  50  80  67   6  45  80  59
   97  22  96  46  20  19  94  95  52  47  56  93
   35  70  90  68 109  60  44  87  43  63  66  88
   38  78  69  97  24 110  26  35  65 104  11  52
   18  29  81  49  27  69  51  24  91  58 103  99
   65  62  35  54  81 103  71  75 101  46  54  65
  102  55  89  56  29  41  45  49  80  49  87  21
   81  96  47  78  78  29  37  79  38  85  12  13
   52  57  80  43  67  86  64  59  18  85  79  29
   77  22  86   5  80  90 104  58
   52  63 114  39  60 104  60  51  31  39  74  81
   70  73  61  43 109  25  61  54  73  82  77  23
   71 108  36  88  29 108  54   2  39  44  40  19
   25  86  58  94  98  13  70  30 110  78  20  12
   70  41 115  23  85  71  21  37   9  92  41  32
   30  58  23  63  21 108  52  92  31  76  94  72
   72  86 115  66  20  69  27  26 101  50  50  76
   32  41  58  73  64  49  56  39 110  67  31 107
   46  40  55  86  62  24  96  27  16 102  43  38
   99 111  83  96  49  99  31  44  58  41  73  61
   61  23  60  53 117  21  45  99  42  85  58 103
   48  72  50  44  96  29  34  92  61  34 100 105
   59  18 102  89  30  35  93  66  69  79  85  24
   98  28 110  22  13  90  26  71  53  88  83  52
   77  32  57  75 105  21  41 101  18 106  14  60
  113  70  85  54  34  86 113  35  18  72  74  87
   86  23  26  59  24  20  61  16
   19  83  54  88 108  97 104  71  54  26  20  33
  104  18  66  86  39  77  78  18  97  84  54  65
   27  49  97  67  33  39  11  10  51  34  87  75
   57  87  99  20  76  49 105  34  67  24  30 103
   24 101  57  25  77  21  96  14  27  41  66  54
   34  41  80  29 102  76  25  32  83  34 103  32
   50  92  72  72  39  68 100  89  75  29  49  96
   82  60  61  76  71  19  62  70  54  73  67  28
   31  53  87 100  44  95  43  89  97  32  97  47
   26  55  19  46  78  82  97  89 114 108  87  74
   19  67 112  72  37  79  13   9  41  64  17  84
   62  93  36  93  42  74  65   4  82  43 106  16
   10 117  22  29  95  85  80  49  74  47  35  64
   65  80  58  32  91  53  34  23  40  33  42 104
   23  38  56  98  15  38 104  38  93  42  45  52
   85  52  79  24  95  78  88  88  18  33 103  98
  103  59  78  58  57  72  66   7
   45  82  16  29  28  90  13  19   5  99  71  36
   42 103 105  23  84  59  17  40  67  86  24  55
   19 109  18  98  41  74  79  83  85  67 103  81
   84  22  61  91  73 110  90  76  64  15  67  96
   45  27  40  22  53  35   4  97  20  25  35  39
   69  42  36  16  76  59  87  32  71  48  99  63
   36  89 113  74 107  77  30  29  91  20  75  99
   51  78 111  76  16  23  54  33  36  43  92 106
   69  92  65  78  86  66  46  87  72  66  21  25
   87  74  69  36  20  33 102  72  92  32 104  68
   82  20  57  79  38 112  44  88  41  44  33  34
   64  94  95  24  97 103  45  25  20  38  41  31
   45  82  38  52  77  91 101 107  74  74  92  94
   90  28 106  55  27  51  25 116  82  45  47 106
   27  53  65  92  83  83   3  31  82  66  75  59
   19  73 114  90  49  40  24  73  90  25  94   9
  106  88  37 103  39  16  32  32
   81  59  99  46  97  71  83  58  48  52  72  38
   59  67 110  76  11  63  76  76  81  36  28 105
   58  24  71  80 100  20  61  17  87  12  95  90
   24  47  41 107  71  27 110  56  25 110  45  74
   72  76  87  46  93  33  54  83  83  49  21  81
  112  91  94  84 114  63  29  81  31  60  81  72
  105  59  96 115 112  70 107  86  56  43  53  17
   21  21  37  33  38  66  51  59  87 114  75 100
   80   4  73 108  25 100  96  82  24  58  99  71
  100 113  53  82  49  35  84  77  90  72 109  61
   29 104  55  69  95  59  93  72 110  24 117  63
   60  24  55  89  17  94  14  12  56  18  51  71
   27  42  51  84  38  61  82  25  31  19 105  20
   28 117  39  37  60  78  16  18  48  55  70 103
   55  43  27  49  72  89  32 106  76  20  25  46
   73  76  28  29  33  78  90 101  54  61  65  21
   38  74  75  43  59  31  72  58
   45  53  37  46  60  65  27  87  29  45 108  69
  100  57  70  54  23  50  22  58  16  19  56  93
   42  46  92 107  67 110  58  46   8  72  23 103
   58  96  42  75  83  74  39  90  95  85 118  74
   24 106 113 102  31  30  81  54  61  64   6  18
   26  70  91  38 100  87  54  38  62 108  31 110
  101 103  87  89  49  16  90  41  60  84  57  47
   77  63  85  46  70  25  59  48  48  73  92  83
   51  48  97 113 100  66  39  19  69  79  98  53
   28  12  71 104  96  30  35  38  80  66  68  74
   47  56  81  45  17  66 106  85  25  99  81  59
   40  17  50  67  13  86  23   7  77  24  91  29
   81 108  95  60  26 103  61  83  26  24  77  76
   99  16 101  53  90 108  71  60  63  43  75  23
   16  54  23  37  46 114  12  61  78  50  84  61
   60  24 108 104  89  92  54  89  23  68  22  72
   90  22  14  63  81  94  17  48
   27  25  85 102 101  72 118  45 104  35  14  43
   44  21  66   7  75  85  22  17  44  71  57  37
   84  91  93  31  22 109 105 100  24  14  38  64
   97  47  36  44  71  17  43  76  63  82  29 101
   46 108  70  92  55  37  75  30  94 104  41 104
   45  55  72  34  90  44  41  28  82  71  76  22
   45  12  47  82  13 100  35  44  45  17  34  14
   52  29  59  81  74  73 103  15  57  19  41  96
   83  39  83  97 113  24  24  18  68  61  28  83
   31 101  89  96  53  68  13  21  39 110  29  94
   81  55  42  97  99  43  20 108  26  99  41  30
   96  86  57  54  81  66  45  20  38  20  50  61
   51  65  69  51  57  65  27  26  21  92  77  76
  112  47  83  14  39   5 117  31  70  21  59  54
   86  88  22  32  75 100  21  95  20  50  86  29
   27  69  74  81  49  88  15  93  98  55  18  31
   64  59  35  57  75  67  91  55
   70  87  23  44  28  60  58  96  73  98  40  58
   33  93  21  55  72  28  28  93  17  32  91  91
   25  60  32  17  37  56  35  60  28  93  41  26
   94  74  26  79   6  83  28  20  33  38  60  50
   84  20  34  42  85  22  20  58  40  62  84  27
   27   8  92  21  29  54  68 106  80  23  12  93
  116  84  60  44  49  99  51  40  69  29  98 100
   84  12  96  86  42  46  11  49  83  44  51  27
   51  79  83  64  46  21  30  19  63  19  13  29
   96  93 109  45  63  37  18  24  50 101  52  91
   84  13  25  99  38  62 103  93  31  70  41  16
   43  84  59  87  98  81  22 108  72 100 112  56
   61  75 108 105  95 104 106  88  29  75  44  58
   87  59  70  36  62  23  98  75  33  92  34  97
  102   8  66  45  92  54  56  93  59  42  66  27
   80  98  36  93  28  29  64  55  12  51  45  32
   62  69  90  40  67  77  51  63
   64  62  25  67  77  41  99 105  75  98  81  12
  107  42  98  73 105  42  25  36  64  32  53  66
   74  83  99  92  76  74  97  68  40  96  31 105
   34  15  13  36  71  63  30  97  18  65  81  65
   94 102  16  58  31  42  54  79  30  27  89  26
   42  85  44  64  15  88  37  78  83  45  34  34
   56  86  33  99  72  49  45  46   6 106  92  83
   96  94  49  83  58  94  39 100  39  24  39  13
  114   8  37  75  16 104  74  28  62  22  62  30
   45  45  22  86  29  42  48  38  31  62  49  49
  112 118  99  70  38  80  71  46  75  63  81  89
  103  82  67  51  19  96  89  61  25  62  42  77
   98 102  34  94  25  36  25  51  86  28  44  45
   32  44  32 117  25 109  63  72  20  55  42  32
   60  46 103  63  84  75  76  11  43  38  62  25
   32 106  31  77  68  17  62  95  91  88  73  96
   96  38  70  35  52 107  49   5
   60  63  45  23  69  97  62 111 107  94  48 107
   10  92  94  56  60  50  70  96  75  48  47  56
   20  63  93  38  46  93  82   6  83  62  79  45
   49  84  42  80 103  65  96  77  28 102  20 102
   88  19  38  99  62  72  72  78  77  85  84  40
   31  23  77  38  13  63  79  74  39  89  25 119
   99  87 107 101  56  77  44  46  14  81  45  82
   54 104  90  63  10  33  91  32  96  69  27  60
   30  16  89  39   9  79  58  76  64  85   7  26
   56  61  16  73  20  68  38  93  78  76  34  39
  100  30  79  95  91  37 114 100  84  84  77  43
  101  78   8  98  59  48  79  96  59  21  97  92
   18  46  79  98  38  69  85  89  96  82 113 100
   99  34  69  62  39  16  70  94  85  91  39  87
   34  98  53  61  48  23  21 107  89  77  38  43
   41  12  73  26  45  98  24  90  66  48  76  57
   43  74  72  77  26  29  97  55
   68  77 104  33  98  77  87  83  87 101  97 103
  100  46  83  54  60  54  90 103  80  29  72  44
   13  97  62 111  58  77  47 106  55  26  46  36
   56  41  51  65 106  29  70 105  26  82  27  76
   29 109  36  56  41  35 106  73  46  73 104  72
   20  34  45  67  51  67  42  74  85 104 103  57
   99  66  44  38  88  54  24  87  35  53  29  76
   22  73  22  25  63  68  58 112  66  99  68  45
   95  45  98  70  45  94  46  64  88  36  43  63
   48  46  58  47  83  61  12  64  26  46  57 103
  104  26  65  36  82  33  78  64  29  60  71  66
   77  66  21  29  12  76 106 100  24  17  89  40
   31  37  23  80 113 112  35  66  75  64  47  84
   47  56  95  64  56  91  67  98  66  26  67  87
  110  11  55  73  22 107  58  44 100  21  67  28
   87  78  97  19  32 108  28  77  62  91  43  86
   17  43  24  92  89  11  90  47
    8 111  74  48  86  43  97  88  58 102 106  79
   57  73  65  55  67  57  20 104  32  61  21  51
   16  13  41  89  28  41  57 105  42  82  47  83
   93  74 108  12  96  73  12  39  75  45  98 103
   51  51  60  96 109  46  11 103  22  51 103 100
   37  29  57  79  51  89  33  41  80  38  54  21
   48  90  88  90  33  39  24  29  24  63  14  28
   28  78  52  60  95  17  37  22  64  55  48  45
   47  32  12  36 108  31  31  94  47  32  35  89
   88  89  40  25 102  44  95  78  22  40  41  78
   96  42  37  88 107  18  47  82  30  24  35  48
    9  68  72  66 107  13  49  32  76  73  59  12
   66  55 100  61 107  62  75  75  40 105  22  96
   80  33  47   6  32  63  83  11  99  65  57  15
   11  49  44  95  75  26  81  81  48  12  30  92
   61  25  69  64  59  23  86  25  82  96  50  33
   51  63  51  20  77 101 101  56
   42  71  33  87  24  51  11 100 102  73  12  97
   28  21 109  28  50  21  76  66  94  48  61  56
   57  26  84  50  41  57 107  19  36  81  91  12
   75  76  29 112  25  53   7  60  48  43  16  16
   87  66  37  89  18  31  33 114  12  71  39  75
   22  69 107  20 113  89  32  61  48  45  34  26
  107  57  80  58  49  52  86  54  63  64  34  75
   19  12  49  31  83  60  87  54  38  86 109 104
   63  85  62  92  34  64 100  71  44  58 101  62
   58   4  95  33  67  86  75  77  68  80  43  94
   41  83  59 111  81  19  84  65  78  43  72 111
    6  90  17 100 101  47  62  65  12   8  15 102
   71  86 113   4  56 108  42  96  76  28  87  84
   41  20  24  72  31  32  18  72  71  30  74  85
   73  77  35  55  17  34  52  56  48  91  24  45
   56  69  19 109  62  87  62 100  69  81 117  99
  110  43  87  85  82  38  28  17
   86 103  21  40  11  16  88  40 101  27  48  77
  116  52  22  73  55  52  29  75  44 112  60  99
   32  45  66 102  39  47  49 106  21  94  12  64
   92  21  24  30  57  37  99  22  80 117  60  45
   98 108  70  32  44  37  64  37  48  77  70  42
   92   6  58  34  75  68 106  41  32  16  96  67
   54  60  77   9  25  43  59  17  22  51  21 102
    7  90  45  65  45  83 104  49  47  68  65  21
   52  50  34  58  59  82  72  38  76 102  90 105
   93  93  80  74  54  63  48  34  37  24  36  30
   94 112  35  88  34  97 102  18  81  45  61  58
   75  70  17  70  52  91  24  41  19  36  53  63
   81  92  77  75  43  17  18  99  37  13  90 108
   37  24  35  71   8  61  34  10  90  24  56  28
   65  72  23  96 101  17  64  50  48  66 113 108
   89 102  37  19  24  47  37  72  82  10  26  45
   17  84  18  76  89  29  60  79
   21  20  47  52  77  81  33  23  14  83  23  46
   28  82  89  96  27  51  74  45  47 103  86  67
   14  47 106  49  99  96  46 105  69  16  57  61
   95  58  52  65 115  85 102  43  87  90  58  85
   62  52  26  69  74 100  76  68  79  37  55  16
   45  45  49  21  63  43  24   4  24  17 103  62
   35  41  90  17 106 100  47  49 104  27  76  89
   54  42  78 102  42  60  90  17  31  76  35  74
   43  24  66  41  44  80  45  37  93  70  64  87
   29  74  99  49  74  35  83  27 105  68  30  75
   23  38  54  77  79  14  24  24 112  61   9  57
   18 108  80  47  68 116  25  95  75  16  34  87
   14  60  69  62  73  99  37  27  43  90  86  54
  111  97  94  91  12  34  10 112  65  83  50  98
   42  98 117  62  67  80  93 105  63  81  74  77
   92  78  42  97  62  41   9  53  71  67  33  99
   81  42  90  27  30  86  76  29
   23  84  89 106  76  75  82  55  45  77  87  33
  112  71  43  94  26  33 100  49  87 100  74  48
   36  86  86  38  69  20  92  44  62 109 108  88
   71  85  44  33  45  68  73  94 112  42  79 107
   82  67  95  11  59  43  76  53 102  61  30  23
   78  98  71  92  38  86  62  81 103 111  72  97
   64  43  59  17  35  25  67  43  61  39  72  68
   16  48  14  91  59  89  41 100  76  18  49  28
   85  67  45 100  88  10  81  63  38  55  76  82
   73  52 100  75  61  44  47 102  94  93  81 101
   97  83  32  87  40  48  41  30 100  29  76  62
   24  37  90  12  27  66 107  23  46  83  15  60
   75  98  36  26  71  96  93  40  55  60 101  97
  104  51  44  94  98 108  69  82  26  49  93  74
   82   7  81  36  50  73  90  56  23  98  16  37
   80  71  49  41  92  98  47  48  50  41  73  55
   59  82  40  37  89 101  86  48
   59  25  94  68  19 111  25  25  85  93  18  82
   25  64 114  41  67  70  24  43  43  28  50  51
  106  12  84  34  35  38  37  34  60  24  78  64
   22  31  84  13  79  37  50  53  35  28  11  35
   90  66  45  59   8  99  14  54  74  29  37  67
   58  32  56  52 106  72  22  70  53   7  53  66
    5  62  43  83  57 102  38  47  45  17  28  69
    8  49  89  11  60  15  52  30 100  20  73  91
   55  59  31  38  23  66  21  96  51  62  85  31
  102  75  65  50 106  74  65  65  14  34  68  29
   50  78  23 110  33  11  95  10  14  58  77  76
   66  45  96  35  90  25  68  80  42  39  66  35
   45  48 106  99  16  58 103  61  40  92 102  82
   63  78  78 113  52  41  34  59  92  33 113  94
   15  22  44  45  49  45  30  71  68 109  62  82
   68  80 106  99  81  28  78  55  48  93   9  55
   45 114  91  75  92  40  83  63
   46 115  39  16  42  32  90  28  68  86  40  73
   79  19  66  98  27  61  88 106  31  91  67  88
   79  84  39  48  34  97  29 111 105  46  54  48
   53  51  40  63  11 104  22  23 113  31  84  99
   44  22  50 116  34  99  21  87  62  21  79 115
   47 106  65  36  46  14 106  32  77  45  25  21
   99  38  83  83  92 114  66  40  54  93  21  34
   26  57  66 100  84  64  91  68  74  42  21  70
   53  65  41  96  62  62  57  85  82  70  74  23
   96 116  42  46 104  21  84  43  69  31  50  94
   74  43  26 107  82  89  62  45  73  67  62  11
   94  67  39  86 106  11  60  24  74  84  93 102
   23  73  69  73  16  64  38  98  77  41  28  47
   56  92  52  42  34  64  77  54  99  27  79  89
   36  43   6 114  71  84  69  38  92  94  62  90
   27  26  76  94  62   5  63  67   4 101  39 110
   40 105  54  40  63  68  62  57
   97  38  93  67  74  63  70  29  62  98  99 112
   26  71  55  40  36  61  90  97  22  43  26  75
   80  87 103  93  54  55  52  29  46 100  24  27
    5  60  72  32  82  35  58  40  96  65  45  63
   87  43  81  88  61  76  77  49  43  25 109  65
   89  66  19  38  97  67  69  13  47  74  88  42
  101  22  27  20  93  60  83  23  54  58  76  15
   22  55  92  42  17  42  19  36  44  90  46  31
   94  78  13  45  42  83  98  64  63  34 108  29
   20  76 111  77  58  29 101 118  28  40  93  77
   61  78  88  31  58  65  73 111  21  72  15  47
   73  89  86  57  87  58  46  73  16  56  34  48
   40  93  76  83  18  33 102  73  79  75  25  71
   53  13  22  19  55  73  95  59 100  34  30  41
   96  73  76  73   6  39   8  57  21  93  61 107
  116  95  59  73 111  35  47  95  69  77  16  76
   17  20  79  23  65  59  33  40
   52 101  30 102  99  51 108  99 107  97   8  16
   92  70  40  76  27  21   4  25  74  38  19  75
  109  44  11  77  85  16  81  87 103  52  25  45
   55  41  28  49  34  70  88  46  39  47  41  40
   22  67  69 102  52  65  32  44  26  81  39  61
   18  17  53  90  32  34  33  16  65  82  25  97
   30  30  73  62  67  32  90  41  75  43  28  24
   22  79 101  29  10 106  87  49  50  25  90  49
   35  43  49  29  65  90  76  58  27  77  75  61
   74 103 105  15  21  44  93  69  59  39  26  24
   92 114  34  19  41  37 108  77  13  94  93  64
   49  59  99  29  87  87  93  41  76 115  98  56
   55  85 103  53  99  58  55  28  56 103  32  65
   24  69  86  72  95  86  59  54  36  88  88  25
   43  16  43  16  68  26  67  64  75  83  35  90
   21  55  52  56  14 109  42  27  17  36  56  32
   62  33  62  79 101  92  81  44
   58  30  32 111  29  87  83  87  91 100  67  20
   97  72  88  86  74  14  36  54  29  42  52  29
   37  24  75  52 103  24  59  43  95  85  23  58
   29  85  27 108  68  80 103  61  39  23  12  24
   18  98  72  75  27  55  74  34  33  71  20  37
   54  26 107  53  90  74  49  30  50  87  40  74
   28  72  85  86  46  54  92 101  91  52  98  75
   97  43  86  40  49  84  64  79 108  64  50  39
   33  89  84  99  83  24  56  96  46  67 102 104
   56  96  23  74  32 105  69 109 118  83  34  36
   95  37  80  33  19  49  96  94  97  20  18  57
   99  44  84  27 110  35  45  71  95  82  93  52
   46  72  92  68  60  44  50  95 107  99  58  87
   77  14  80  71  89  19  41  93  91  41  96  74
   95  68  67  72  98 102  57 104   7  99  25  41
  110  37  87  88  92  62  51  34  72  68  32  59
   46  15 106  80  30  87  85 110
    4  79  22  99  98  73  69  12  68  72  23  50
   46  74  32   1  48   7  27  83  65  28  14  43
   72  25  83  58  23  13   1  35  49  40  16   9
   62  80  54  46  55  42  24  43   1  58  11  24
   49  95  81  44  32  48  81  88  59  41  37  71
   23  28  54  37  91  92  16  58  17  49  89  38
   27  41  17  12  32  40  24  40  20  49  14  17
   61   2  70  63   2  58  56  32  71  12  15   4
   77  82  67  89   7  23  18  32  26  13  47  99
   83  62  18  93   5  12  69  45  96  31  25  12
   44  21  83  83  12   8  27  79  47  53  14  49
   74  45  84  70  96 100  58  51  99  68  34  29
   47  26  91  71  82  81  88  76  29  70  63  69
   89  61  34   9  47  48  97  79  64  59  31  97
   82  49  92   9  24   4  18  87  90  37  24  41
   62  95   6   2   1  53  39  35  46  14  79  34
   20  11  63  24  20   9   4  57
   38  48  99  44  37  37  98  64  43  88  65  16
   13  14   3  29  41  10  46  20  60  60  71  88
   35  35  86  23  68  88  38  96  98  62   7  67
  100  82  10  81  83  63   2  70  95   4  69  49
   17  88  40  22  66  87  73  77  98  58  67  89
    4  44  54  21   6  72   3  16  68  58  19   9
   88   3  43  17 100  91  51  45  73  96  56  83
   13  78   7   9  61  79  87  83  95  30  19  55
   29  46  56  58  11  32  93  13  26  72  59  24
   96  43  16  85  79   5  64  73  68   2  40  53
   91  66  17  72  14  16 100  69  36  54  36  63
   95  71   4  63  65  43  18  62  53  30  32  39
    5  79  32  60 100  26  43  76  56  87  23  26
   26  70  68  30  95  64  11  99  92  48  17  28
   74  83  89  97  39  20  69  75  18  91  30  13
   78  21  83  50  27  13  76  12   1  61  91   8
   78  45  48  36  69  28   2  77
   77  85  78   4  63  84  12  13   5  96  61   7
   87  20  20  65  66  66  52  85  61  68  84  83
   59  73  16  90  17  47   7  55  54  71  90  43
   61  48  64  39  94  91  91  43  78  38   7  72
    3  38   8  62  25  59  61  65  71  89   2  51
   35  30  30   5  73   1  14  31  14  40  89  50
   52   3  57   2  47  59  89  39  28  98  22  35
   90  27  58  79  96  68  70  80  77  62  96  60
   29  66  42  61  16  56  80  41  68  23  52  75
   87  76  62  57  37  42  87  95  51  64  68  20
   29   4  14  72  39  38  99  15  15  62  69  27
   58  88  33   4  39  47  68  58  93  84  19  22
   23  63  98  40 100  65  85  79  61  89  26  21
   13  51  33  63  25  81  88  23  37  32  39  33
   57  68  99  45  58  75  53  26  80  55  49  61
   32  24   4  52  88  20   1  19  92  94  91  97
   52  19  93  42  46  79  92  23
   89  41  75  76  88  39   4  23  51  60  81  91
   41  33  35  46  97   6  62  71  30  52  37  78
   24  69   5 100  36  76  85  93  98  16  71  38
   16  57  30  38  66  87   1  20   2  23  96  34
   46  99   6  54  98  78  85  77  31  43  72  26
   89   2  72  42  91  84  65  95  30  45   6  75
   70  63  22  96  52  39  13  97  87  96  54  40
   62  84  93   8  36  74  51  10  42  62  22  77
   85  64  74  65  48  24  50  53  80   6  63  42
   12  98   2  57  40  15  29  48  39  89  78  87
   57  82  59  70  13  75  54  16   1  74  19  67
   88  10  80  89  17  33  43  73  98  21  82  31
   23  72  46  98  49  12  59  36  13  84  17  27
   21  61  87  78  56  35  16  20  71  23  17   5
   96  64  81  10  32  24  72  37  54  89  27   8
   10  70  55  72  22 100  40  98  85  38  40  82
   69  63  84  41  15  81  77  16
   79  11  27  89   2  89  41  21  50  56  92  25
   86   6  96  23  29  38  23  42  47  55  93  14
   69  67  89  73  74  88  42  62  99  35  40  25
   35  30  27  13  25   2  98  79  69  81   8  84
   23   7  61  92  94  18  20  73  48  62 100  97
    2  90  73  46  29  58  64   2  56  25  53  50
   68  57  75  84   2  22  20   3  47  96  31   6
   51  57   8  98  17  89   5  94  98  81  28   9
    9  25  42  60  10  20  64  76  24  66  67  84
   26  73  77  21  43  51  77  23  62  18   3  36
   20  92  45   9  11   4  50  92  83  79  18  47
   39  56   4  35  36  74  18  23  86  77  25  81
   57  16  43  89  70  42  48  28   2  16  66  81
   81   1  82  43  96  64  35   6  87  79  15  70
   47  24  71  42  28  79   5  31  32  32  72  50
   20  74  86  18   5   3  13  59  54  18  71   2
   93  24  38  78  98  33  42  26
   67   7  64  35  74  90  17  87   2  84  43   9
   82  69   6  83  62  86  82  59  98  39  59  45
   56  90  34   9  15  65  15  81  63  49  21  53
    1  87  83  76  39  89  43  63  99  22  53  88
   15  14  75  86  28  57  85  53  95   2  67  44
   81  59  17  77  63   4  42  32  27  68  60  46
   72  48 100  21   8  98   3  18  54  38  17  59
   43  42   5  27  15  50  40  66  25  62   6  81
   35  38  95  39  22 100  16  66  70  30  82  50
   77  70  23  39  51  27  75  44  10  63  88  35
   83   7  23  43  13  44  50  62  48  23  51  44
   53  53  20   5   2   4  58  19  76   5  83  22
   73  49  20  12  98  89   5  46  70  40  84  45
   15  73  19  88  71  27  77  16  91  95  40  31
   35  37  97  95  73  71  53  33  89  75  20  30
   78  90  21  30  43  18  93  40  98  19  81  28
   73  17  43  23   5  95  45  14
   78  95  35  95  80  62  71  96  14  23  12  35
   10  37  34  91  42  57  58  40  26  30  45  48
   20  90  98  71  23  68  65  63  78  86  33  63
   69  56  33   9  23  85  36  25   9  72  59  31
   36   5  58  39  59  67  33  53  73  34  24  67
   16  71  16  70  66  38  33  42  46  86  45  55
   21  58  61  73  94  90  33  54  17  10  57  46
   78  37  68  89  13  83  46  18  92  54  12  57
   38  45  28  25   6  44   2  30  98  34  78  75
   61  86  50  54  77  66  47  53  76  32  44  51
   29  33  58  19  47  11  47  19  85  99  12   6
   41  25  95  27  52   6  83  23   2  53   3  25
   12  68  23  55  47  47  55  32  18  76  54  62
   72  36  16  47   4  96  78  78  46  22  22  40
   75  68  69  11  11  84  85  59  13   9  78  47
   84  74  95  26  72   7  29  43  63  22  12  37
   86  29  21  36  14  29  73  63
   26  82  75  75  53  68  91  80  89  32  80  12
   98  44  54  61  92  71  73  23  31  78  47  83
   21  32  34  35  21  92  39  61  36  23  18  50
   20  81  72  84  74  27  55  46  50  16  65  16
   46   3  50  73  11  41   8  95  39  82  83  60
   75  77  70  39  14  74  10   7  93  21  93  34
    6  63  59  91  87  43  95  46  27   5  37  65
   57  88  68  14  63  34  22  56  76  77  80  52
   76  57  70  64  93   7  72  50   3  59  12  67
   32  46  64  72  53  97  51  18  90  41  46  57
   14   5  68  41  43  13  87  20  45  89  19  41
   38  56  29  50  85  35  32  92  99  43  89  11
   44  98  13  48  27  18  61  43   8  14  42  35
   92   1  11  60  38  89  73  55  46  88  81  52
   70   8  38  84  12  52  91  83  18  27  40  76
   86  36  31  91  64  80  60  56  45  61  70  93
   72  76  53  27  37  23  49  76
   27  42  69  22  45  58  73  75  80  52  96  17
   45  38  41  24  81   9  39  54  60  36  51  45
   81  73  69  14  77  51  12  57   9  82  31  51
   63  57   6  53  63  47  46  97  58   3  91 100
   25  55  12  57  74  13   4  42  45  67  96  11
    4  86  49  96  50  21  49  14  10  97  13  55
   42  26  88  96  34  94  52  88  99  71  11  64
   88   3   1  36  75  17  88  97  65  21  68  19
   94   1  66  51  28  23  37  27  60  33  65  57
   17  57  66  31  50   2  82  19  46  50  88  71
   16  67  87  18   6  97  13  67  85  66  27  10
   60  76  23  12  61  12  22  24  50  35  77  72
   19  89  68  65  89  97   9  91  13  60  38  16
   68  62  27  87  68  62  75  31  51   4  14  53
   88   6   2  39  78  71  29  56  50  78  15  48
   64  88   6  39   7  41  83  36  97  56  53  21
   84  31  54  59  45  46  54  94
   43   3  85  29   6  42  34  51  38  11  40  39
   36  41  15  21  78   5  56  58  31   8  49  53
   47  91  64  38  64  36  55  85   7  55  66   4
   83  97  24  34  91  51  43  55  12  36  22  84
   12  12  48  71  46  72  91   3  54  46  11   1
   61  99  49  26  78  35  35  71   4  88  85  68
   20  35   2  82  96  84  69  18  89  80  62  12
   39   7  40  39  72  78  48   9   3  49  16  69
   29  10  62   2  36  83  88  23  94  33  83  89
   61  53  24  89  79  79  68  49  77  79  63  30
   69  57  43  31  57  55  25  85  25  49  14  62
   48  51  99  68  82  12  59  44  72  13  55  67
   50  77  34  51  30  59  31  46  15  53  66  36
   92  85  46  43  37  22  61  24   9  61  90  72
   52  40  96  16 100  31  31  21  70  42  29  88
   66  16  11  54  77  33  85  92  79   9  46  11
   33  95  71  54  87  81  27   3
   16  59  18  40  70  56  88  47  72  54  43  69
   95  74  36  87  31   5  43  48  85   2  55  64
   84  87  79  20  69  52  43  62  99  54  87   7
   52  16  73  37  19  30  78   3  13  55  95  22
   60  17  37  78   6  10  32  25  14  92  26  79
   62  93  81  28  48   7  79  25  85  95  17  90
    5  87   9  12  55  79  86  43   2  35  99   8
   26  84  14  95  29  26  13  61  28  25  97  29
   56  13  85  89  64  88  11   2  23  21  27  89
   17  41   2  46  48  52  23  31  38  21  94  70
   24  82  36  58  59  41  85  57  16  64  99  93
   83  90  50  64  67  24  27  31  91  35  36  24
   95  62   3  40  37  12  66  44  91  56  87  66
   50  35  40   7  23  56  17  31  36  94  29  71
   32  90   4  29  72  53  83  69  36  59  31  29
   16  51  25   9  26  40  61  78  95   2  53  72
   70  82  31  95  15  93  41  18
   59  32  98  59   8  30  35  36  79   5  63  67
   94  28  42  34  98  43  53  93  59  69   3  75
   69  97  18  82  43  93  51  90  20  93  77  52
   62  12  96  88  55  32  31  96   7  13  25  48
   51  86  49  86  44  58  95  28  63   8  79  64
   14  87  42  59  20  22  45  50  32  12  75  47
   23  29  42  36  89  21  79  75  51   5  43  93
   53  75  14  97  59  98  94  66  62  14  14  48
   75  36  20  71  35  50  88  33   2  17  16   5
   60  70  23  32  18  18  54  35   5  39  76   4
   76  87  81   6  10  92  84  78   6  53  22  36
   90  44  55  63  11  14  70  20  38  81  75  39
   68  44 100  27  19  68   3  63  32  95  59   2
   73  41  72  67  31  93  68  61  18  14  94  57
   68  37  25   2  42  72  54  15  22   3   2  90
   14  82  11  96  46  40  46  73  72  79  97  34
   68  74  78  67  35  76  26  34
   57  52  57  70  31  91  50  62  11  52  28  46
   30  38  51  27  27   8  85  66  44  73   2  78
   30   3  73  34  37  19  82  58  23  98  13  29
   47  73  52  81  79  29  96   5  87   8  43  41
   50   6  94  90  47  71  60   4  62  12  51  88
   87  86  86   9  16   9  86  79  48  49  79  73
   86  31  94  17  41  34  69  89  25  89  44  28
   55  86  65  23  56  68  80  19  54  31  47  15
   81  27  23  66  75  64  73  81  77   3  66  25
   33  58  75  15  92   3  78  24  14  61  59  80
   54  15   6  66  81  96   9  20  63  97  66  32
   74  60  79  49  94  85  54  73   7  26   4  60
   98  90  41  21  65  41  87  20   2  95  69  76
   13  28  15  67   5  63  58  21  89  83  41  21
   82  26   5   7   7  81  97  71  86  95  75  62
   53  68  93  84  42  56  16  93  92  67   9   2
   50  67  45  76  62  76   2  40
   23  63  35  69  93  31  95  92  94  23  23  26
   13  63  10  72  97  85  12  46  61  33  45  72
   73  62  85  86  67  39  71  36  36  40   2  77
   34  55  37  80  76  81  96  25  39  31  62  99
   58  24  76   9  34  91  43  62  24  78  27  85
   48  37  52  12  86  32   6  85  82  40  35  65
   38  48  47  16  16  52  13  16  42  61  61  55
    1  96  82  34  39  86  30  61  64  72  16  60
   44   8  14  63  10  56  58  15  48  89  46  68
   14  94  32  89  16  67  35  56  29  15  33  54
   87  54  65  82  84  15  32  51  77  37  95  79
   82  69  76  98  76  76  59  51  99  29  87  90
   50  11  66  79  88  17  61  93  38  51  99  19
   78  32  69  53  54  86  19   2  70  51  58  85
   91  76  57  33  43  22  49  85  13  59  25  93
   48  70  38  21  58  47   4  39  14  93  96  34
   45  26  54 100  43  68  71  44
   45  45  26  15  42  45   2  79  98  22  57  80
   77   7  76  44  33  69  33  37  12  23  96  68
   52  23  25  90  84  68  70  95  33  96  78  22
   13  91  84  45  30  77  16  87  84  20  95  10
   69  27  35  18  68  51  39  59  56  83   7  21
    3  61  25  36  67  60  77  76   3  99  36  59
   55  42  69  41  61  91  33  22  49  93  78  45
   41  37  49  94  51  51  78  95  85  11  94  19
   40  28  15  73   8  62  52  14  69  11  10  35
   99  17  82  74  65  62  59  11  26  73  20  67
   32  20  36   8  28   9  72  38  47  95  85   7
   20  72  25   5  64  76  32  64  93  87  38  60
   12  27  69  10  15  56  44  73  91  81  71  52
   23  51  53  88  81  55  83  70  34  25  49  24
   36  34  29  21  38  99  92  73  82  80   4  36
    2  76  17   6  23  32  79  21  65  31  30  63
   37   2   3  56  43  13  19  66
   98  18  21  30  81  75  72  32  97  22  40  82
   35  38  36  63  82  56  71   5  26  55  58  84
   49  64   6  31  36  58  19  20  68  62   6  73
   26  50  68  67  85  44  11  19  26  14  34 100
   22  76  36  28  46   2  17  69  72   3  70  37
   69  44  93  96   8  39  79  57  53  47  18  80
   73  78 100  75  31  90  15  96  89  88  49  51
   11  28  87  92  53  12  14  22  75  91  12  91
   34  66  60  99  83  84  40  92  77  43  27  68
   67  87  98  70   5  11  28  91  37  55  89  72
   11  12  54   4  72  18  90  24  66  62  68  18
   35  80  52  22  18  57  10  19  55  24   3  41
   85  61  93  68  43   1  43  29  64  19   9   2
   80  43  50  12  25  47  21  32  26  55  75  85
   14  39  67  44  13  18  46  26  50  60  63  99
   49  84  65  80  31  54  98  35  18  85   8  74
   27  39  37  60  76  27  27   5
    8  87  11  36  77  53  92  13  64  50   9  62
   46  94  99  40  80  31  87  32   2  35  75  52
   28  11  42  46  54  94  50  88  57  50  40  83
   91  70  31  64  92  80  23  94  74  33  96  68
   32  12  10   8  39  29   3  66  50  27  93  26
   98  78  80  97  96  84  42  24  38  77  35  77
   95  19  96  57  21  97  46  94  45  37  77  50
   81  85  69  14  21  23  76   7  33  60  35  76
   70  36  61   3  61  19  49  95  18   9  74  92
   29  33  91  61  64  50  35   2  72  47  18  39
   81  43  35  33   2  83  58  68  21  47  42  63
    6  38  18  63   4  94  99  45  44  81  77  15
   32  94  25   6  54  59  92  85  78  31  12  48
   49  93  93  18  91  61  27  48  13  79  84  25
   96  20  15  59   9  87  47  95  92  15  91   8
   73  65  37  97  53  30  51  96  17  32  83  67
   28  23  61   3  28  85  92  22
   76  77  10  43  62  97  64  85   9  22  60   6
   83  45  56  68  90  49  50  22  69   2  72   2
   93  54  92  27  75  45  14   7  62   1  77  31
   36  31  57  81  16  32  66  21  57  87  52  99
   50  65  99  54  22  19  27   9  34  90  89  69
   86   6  80  32  13  75  26  75  84  99  90  66
    7  62  71  58  22  32   7  86   9  66  65  77
   82   7  56  40  91  80  21  69  22   2  39  48
   97  70  26  44  74  72  32  11  47  79  45  87
   46  48  86  99  36  23  17  59  20  32  28  63
   34  92  53  95  52   4  58  25  84  55  45   6
   76  18  52  81   9  53  55  77  98   4  62   7
  100   2  21  68   3  65  14  48  30  94  57  17
   45  80   8  30  43  97  52  30  58   6  20  48
   58  51  70  96  49  68   2  76  70  74  48  74
   99  73  79  63  50  57   2   1  69 100  54  32
   42  66  17  85  88   3   3  79
   93  60  29  53  84  32  34  59  17  88  82   3
   37  64  81  51  60   9   4  87  70  90  90  14
   15  94  50  49  11  22  57  28  43  93  54   4
   61  45  51  47  83  30  25  45  96  20  18   2
   51   2  43  39  68  82  77  95  35  82  67  28
    5  43  25   9  98  21  30  29   5  88  30  96
   80  39  40  35  47  79  39  86  95  36  78  12
   81  51  72  85  32  85   4   2  36  15  24  71
   54  35  49  23  11  56  64 100   1   9  22  66
   83  37  40 100  86   4   5  99   4  91  69  77
   99  95  54  64 100  31  48  10   4  30   6  78
   73  42  48  53  39  33  64  34  98  85  12  37
   18 100  15  96  29  96  62  65  31   7  13  10
   90  85  92  18  41   1  92  90  84  40  73  49
   87   6  62  30  86  19  51  88  84  19   3  96
   50  59  45  42  21  15  72  31  99  72  49  87
   60  40   5  51  38  43  36  80
   51  67  74  97  86  81  16  63  37  20  45  27
   20  34  93  29  24   4  60  31  14  28  22  23
   25  30  27  14  68  58  95  38  28  83  26  53
   60  99  83  39  95  23  13   2  39  96  29  68
   66  84  22  89  29  73  52  40  51  75  57  19
   32  26  45  46  40  82   1  68  22  28  79  52
   94  65  10  90  50  25  96  99  53  57  16  16
   42  39  18   4  28  68  26  47  97  68  36  55
    8  84  20  61  91  85  20  21  54  64  55  13
   74  36  15  41   5  42  63  31  71  44  39  32
   73  28  51  18  83   5  86  84  48   7 100  52
   85  91  26  64  90  38  67  87  28  51   2  12
   39  57  82  52  36   6  34  44   7  72  54  49
   11  53  15  51  80  69  62  58  25  65  15  99
   24   8  64  32  32  87  77  31  75  21  91  98
   55  45  22  59  46  21  51  61  95  33  41  76
   25  89  24  99  28  24   6  48
   61  39   2  74  43  16  51  59  73  81  38  34
   43  36  56  73   1  84  56  60  47  36  42  82
   40   4  72  30  90   9  62 100  64  73  79  94
   83  25  46  17  22  98  41  77  10  30  97  92
   33  61   1  81  31  41  94  67  97  20  74  80
   81  54  91  54  86   5  52  27  71  38  17  41
   48  24   2  45  85  37  75  91   6  58  63  37
   84  71  45  43  55  65  54  76   4  35  80   9
   70  77  65  16  52  96   9  78  98   1  62  80
   15   3  35  13  61  18  87  70  53  70  38  52
   58  85  57  62   1  95  71   9  60  35  61   6
   68  46  64  71  15  74  68  27  41  69  19   2
   45  84  17  27  79  81  17  40  49  24  26  81
   17  79  10  97  98  22  85  40  65  31  27  63
   42  87  61  29   9  81  72   1 100   3  95  49
    7  49  25  48  72  23   5  76  95  30  38  18
   31  81  79  61  85  92  41  99
   86  32  53  31   9  23  13  33  57  76  86  78
   12  93  36  24  65  38  33  88  18  33  60  51
   84  64  12  52  87  75  92  92  64  75  17  34
   59  30  12  99  29  69  15  74  43  80  75   2
   79  16  50  88  28  85  13  99  88  62  41  65
   74  79  30  73   8  31  81  72  21  70   9  73
   59  16  37  47  78  43   4  28  44  90  54   7
   34  56  46  39  36  99  49  40  50  43  42  86
   85  66  16  14  63  13  71  21  16  85  22  66
   85  49  90  70  27  29  12  14   5  12  31  37
   94  44   3  45  82  34  96 100  66  51  88  27
   55  25  69  12  68  46  38  99  35  68   5  98
   98   2  92  76  10  23  34  63  33  64  72  49
   41  22  62  84  20  54  69  82  65  76  71  15
   84  67  53  16  94  68  15  80  26  77  66  65
   17  56  26  85  19  29  26  21  93  76   9   8
   14  43  27  47  62  35  45  98
   57  29  93  81  87  24  95  92  98  21  40  75
   71   5   1  83  29  52  98  66  36  33  94  63
   98   8  90   8  67  31  32  23  33  47   8  27
   28  94  45  29  30   4  19  29  56  95  41  21
   66  86  67  89  63  82  98  15  91  81  73  63
   37  74  75 100  30  46  30  78  40  70   3  44
   81  15   5  36  10  41  86  86  22  98  42  17
   58  33   8  42 100  80  61  71  73  68  23   3
   42  19  54  28  17  45  62  33  47  50  91  91
   26  33  33  73  89  82  16  39  15  79  16  40
   20  99  46  23  68   7  66  23  63  61  75  71
   51  12  17  88  20   2  73  88  99  65  72  76
   63  31  82  51  26  16  15   2  44  32  23  13
   18  83   1  56  87  64  86   1  38  65  60   5
   93  63  43  20  23  33  99  88  37  38  37  46
   86  35   2  22  67  71  84  34  15  90  20  95
    9  24  81  11  70  98  87  76
   39  54  20  57   5  34  21  48  58  54  32  71
   55  48   6  34  95  48  41  44  29  84  87   6
   54  87  44  23  18  84  54  96  15 100  15  27
   89  61  67  13  33  87   3  52  86   4  61  40
   39  27  32  69  26  76  49  34  36  69  99  24
    2  20  17  29   6  42  81  37  78  48  24  34
    2  47  24   4   2  49   9  30  55  61  53  94
   86  88  81  77  70  36  66  55  28   6  29   7
   28  98  38   7  90  15  11  29  82  51  16  44
   19   5  65  25  64  69  24  39  30  40   3  54
   77   7  62  35  16  60  10  48   3  88   3  55
   44  79  47  17  94  18  95  93  57  87  51  42
   83  70  63  21  73  48  33  82  74  98   6  82
   83   1  78  71  47  30  95 100  57  61  50  17
   56  66  82  68  35  17  83   2  33  82  90  58
   36  33  89  83  80  33  17  16  51  48  54  95
   80  43  36  61  49  78  40  47
   73  62  79  59  50  42  78  19  85  69  11  43
   10  49  46  53  83  68  83  50  95  90  52  13
   64  62  12   4  39   9  49  60  97  34  84   3
   49  23  65  31  31  38  68  23  10  25   1  37
   84   5   1  12  80  81  35  65  54  39  98  94
   92  38  19  77  11  22  50  70  55  11  79  10
    2   8  21  13  53  93  20  74  46  28  50  70
   43  53  17  57  40  88  53  68  60  33  23  20
   56  67  20   6  12  51  65  99  40  23  14  56
   82 100  47   8  12  82  76  69  29  48  43  31
   67  54  21  68  86  38   8  31  78  17  37  53
   63  86  68  44  90  26  90  97  42  88  25  82
   25  12  21  51  81  11  57  32  78  80  43  37
   15  95  16  55  20  12  46  55  52  62  30  87
   97  61  94  79  74   2  99  41  31  59  30  59
   43  84   3   3  17  11  64  19  89  51  91  34
   26  96  89  56  22  20  94  72
   76  89  28  14   3  38   2  61   5  74  92  77
   61  94  45  97  35  24  92  94  75  31  52  75
   20  14  27  85  87  10   7   3  88  93  66  45
   15  72  69  62  46  90  61  42  48  29  76  10
   71   5  33  23  53  70  37  78  18  14  79   7
   73  59  38  75  16  68  75  87  26  35  39  82
   69  93  66  36  99  11  76  59  57  90  76  97
   64  74  59  35  33  36   4  90  60  89  74  19
   27  81  22  11   4  95  81  93  43  52  76  28
   86   6  16  15  60  49  92  87  76   9  88  16
   33  49  67   8  15  68  83   5  90   3  74  84
   18  23  63  62  37  36  61  87  76  85  62  46
   51  50  50  61  59  45  91  89  87  21  40  26
    7  65  35  98  75 100   3  75  36  84  55  57
   19  14  87  81  39  17  85  22  97  62  17  87
   81  50  38  24  64  21  88  14   6  49  97  72
   50  43  75  54  29  50  24  48
   42  30  87  66  89  54  52   6  30   6  74  55
   73  17  98  55  47  86  85  16  94  83  12  12
   77  42  74  86  74  64  83  51  82  19  70  81
   13  41  81  25  97  35  79  90  82  71  46  59
   34  87  80  77  32  87  96  57  77  45  27  80
   85  98  23  93  88  54  50  13  39  86  93  21
    4  35  54  65  68   9  51  65  34  82  19   2
   21  98  11  27  64  66  97  60  19  63  66  84
   56  32  22  54  62  85  84  88  44  99  94  73
   24  23   7  64  41  65  95  82  52   9  51  16
   32  98  80  20  70  50   9  17  76  44  77  98
   76  30  47  21  13  23  92   9  44   7   8  53
   49  31   4  14  22  12   9  16  73  36  67  52
   33  54  42  84  45  85  12  40  74  16  74  12
    2  98  42  63  22  54  47  24  52  71  38  88
   23   4  79  22  82  73  53  53  99  69  61  81
   55  49  19  72  51  36  60  56
   39  51  93  43  29  61   7   6  34   8  32  95
    5  64   6  47  12  78  86  69  51  70  56  44
   43  33  21  28  29  35  11  48  76  16  77   8
   73  89  97  83  33  44  72  23  92  40  22  50
   11  13  94  61  71  69  60  25  80  91  13  84
   69  34  67  56  91  24  66  31  23  64  71  71
   64  29  70  14  40  67  74  68  96   1  18  20
    6  25  56  25  60   9  72  13  79  93  70  89
    4  95  77  31  96   5  44  87  47  81  47  85
   66  64  82  21  89  61  72  65  73  55  62  63
    2   2  20  33  77  32  37  65  31  49  30  26
   14  29  37  52 100  21  19  57  90  50  63  25
    7  12  78  15  93  78  95  58  22  91  72  61
   82  69  87   3  92   3  43  35  91  55  66  83
   42  65   7  47  31  43  37 100  67  73  53  87
   84  14  76  29  40  95  49  18  13  23  39  21
    8  75  36  76  50   4  53  99
   50  41  58  93  34  14  45   5   4  11  60  13
   97  17  22  54  60  70  50  20  39  63  72  56
   88  46  17  64  66  20  20  97  34  43  23  66
   59  28  68  36  15  41   6  26  77   4  90   9
   27  91  80  14  50  37  38  24  38  26  33  78
   86  96  37  68  94  46  28  42  67  23  88   1
   14  31   4   2  49  31  67  57  91  35  73  32
   65  14  24  46  97  87  24  77  22  36  84  55
   75  91  20  63 100  41  50  42  44  26  98  85
   58  43  95  43  99  44  73  18  28  35  72  67
   10  76  33   7  16  82   6   2  20  25  40  74
    4  27  95   4  49  68  33  20  48  84  20  11
   92  62  25  16  81  46  27  31  19  35   5   8
   12  79  44  51  72  88  34  20  20  25  70  30
   73   4  52  49  62  97  83   3  16  34  72  68
   71  91  32  80  68   7  81  26  54  70  43  47
   77  28  44  43  92  77  18  63
   50  36   9  72  13  41  29  36  32  14  16  13
   18  73  35  53  42  49  12  15  35  81  35  71
   89  23  50   4  59  35  68   5  59  90  59  77
   63  75  52  38   9  84  40  12  92  23  75  35
   73   9  71  56  69  69   3  32  60  44   5  34
   88  83  74  41  55  47  69  46  23   9   7  50
   16  49  67  66  19  62  89  19  76  54  75  44
   96  39  86  86  46  44  46   4  53   7  39  64
    8  74   9  46  60   8  62  39  21  76  65  44
   63  61  46  72  20  55  92  47  85  61  55   3
   14  91  44  81  21  73  30  40  85  42  47  45
   43  44  86  73  93  36   4  14  96  88  14  64
   73  80  92  36   5   3  77  49  33  56  66  36
   62  53  17  40  56  18  51  14  41  83  49  24
    2  96  51  45  87  13  62  63   5  98  44  77
   23  33  22  94  72   5  81  36  44  14  68  31
   89  70  91  21  22  96  18  58
   97   6  31  70  20  68  20  27  45   5   7  30
   61  45  50  53  46  58  98  13  71  58  93  68
   98  97  70  21  84  75  54  12  74  29  63  27
    9  41  10  93  20  34  93  81  30  73  13   3
   56  67  51  11   7  65  91   1  81  61   3  13
   73  87  49  26  66  22  86  63  39  81  63  90
   58  30  20  13  87  67  87  80  79  41  92  85
   79  38  50  60  25  88  70  81  47  63  54  66
   68  76  93  75   2  84  76  11  55  86  78  17
   27  22  70  81   9  75  15  32  82  69  65  40
   24  73  68  20   1  95  62  25  73  87  79  55
   93  43  41  49   5  98  63  88  43  31  54  97
   38  62  12  44  10  53  29  35  71  10  89  22
   28  78  69  97  76  48  36  97   6  51  52  98
   98  58  69  20  29  87  32  24  61  95  77  15
   56  83  36  38  61  92  27  81  21   7  66  76
   69  54  59  95  34   2   3  53
   62  47  71  18  82  64  93  15   5  38  93  12
   82  91   2  79  67  94  42  39  11  68  42  59
   63  79  25  56  71  45  12  96  82  29  24  92
   41  44  79   8  89  52  97  53  71  64  92  87
   24  38  79  18  88  80  70   1  99  46  76  41
   94  40   9  91   6  13  73  54  67  66  78  77
    8  50  28  60  57  60  26  50  43  44  72  41
   92  94  70  77  28  55  16  50  74  17   8   2
   51  20  40  19  79  52   9  41  76  50   5  52
   60  98  20  86  44  31  42  28  42  30  60   8
   67  25  60   4  29  94  27  45  37  67  43   8
   96  18  89  18  16  70  47  46  97  96  93  17
   44  19   7  98  57   6  60  11  36  75  29  20
   78  93  85  41  81  74  98  39  38  83  39  26
   44  30  72  63  88  74  66  58  63  26  84  70
   55  40  88   5  53  24  41  17  41  30   2   8
    4  60  28  31  23  67  75  85
   25  13  93  63 100  92  31  78   4  82  70  42
    4  66  96  29  51  59  75  41  75   3  50  12
   84  70  45   5  70  64  65  13  98  19  92  56
   19  93  90  87  59  80   4  89  27   3  52  72
   10  10  39  77  75  82  46  74  68  32  36  64
   18  98  49  76  29  50   7  72  86  88  10  39
   57  42  38  96  85  69  51  93  97  59  90   9
   96  30  73  49  67  29   1  54  73  34  50  90
   59  53  81  54  47  23  31  74  41  10  18   6
   24  11  39  35  57  50  72  78  82  86  74  81
   23   4  82  19  79  16  11  96  33  69  58  48
   45  39  97  38  55  27  86  61  84  69  59  41
   32  28  30  31  77  97  93  14  81  99  25   2
   80  87  75  39  95  44  81  95  24  80  55  75
   43  39  88   8  12  89  54  56  67  36   6  10
   26   6  74  90  84  62  71  47  21  93  87  61
   89  20  95  42  27  91  45  28
   87  95  66  61  36  21  83  96  94  23  81  63
   90  32  30   9  83  61  33  64  73  13  33  48
   92  72   6  66  12  12  63   8  36  89  54  49
    7  50  64  52   2  25  13  67  33  28  56  26
   52  63  87  49  44  18  35  43  28  65  62  99
   63  66  69  97  42  66  92  98  93  96   4  54
   83  76  12  98  11   8  59  55  14  81  27  31
   65  72  30  18  73  42  21  97  83  38  85  34
   76  93  50  78  67  28  71  69   9  46  47  29
   91  39   7  66  37  85  20  77   8  46  87  41
   97  71  49  27  41  96  81  86   6  41  94  58
   94  12  35  68  48   3  87  25  43  91  68  28
   90  44  34  57  38   9  75  82  69  23  18  57
    6  10  26  24  99  77  96   6  46  19  64  18
   70  16   1  57  36  34  12   8  43  25  40  39
   27  28  62   9  58  65  94  57  44  47  85  14
   28  71  23  90  88  17  27  88
   84  19  13   3  40  35  24  48  58  34  19  84
    2  37  68  16  93  80   6  63  31  19  35  64
   72  25  25  75  48  86  13  67  52  10   3  31
   49  18  66  72  66  52  41  16   4  69  34   4
   23  44  16  92  56  68  29  58   4  53  79  94
   29  22  41  11  66  20  56  34  15   8  34   9
   43  63  50  97  85  81  47  76  44  74  36  44
   86  72  94  12  49  21  66  11  36  84  64  87
   18  44  67   8  32  98  22  52  82  62  40  21
   42  68   4  30  50  66  61  12  14  23  26  18
    5  23  81  16  65  68  77  90   3  76  29  44
   92  82  21  95  77  41   4  81  66  22  96  56
   37  12  83  90  32  15  18  71  63  53  19   5
    9  66  73  14  14   9  36  37  91  55  27  32
   22  95  37  73  52  37  19  50  95   6  97  72
   35  41  62  65  18   5  70  71  60  72  46  51
   45  37  80  81  23  10  34  57
   52  80  17  39  95   2  86  78  33  11  88  31
   85  38   4  63  43  39  86  68  72  91  63  59
   13  95  35  73  75  77  76  74  48  83  36  45
   89  86  33  93  32  80  62  53  81  84  93  77
   19  40  66  46  97  12  96  60  43  90  72  46
   55  85  56  51   9  35  81  50  49  96  58  36
   98  53  68  30  49  11  67  73  68  97  83  33
   97  68  20  98  50  96  52  81  15  84  29  21
   51  54  73  73  94  52  82  24  52  48  25  79
    6  36  44  70   9  33  55  48  91  77  50  91
   55  35  90   1  73  92  15  99  94  60  31  35
   43  71  24  77  12  84  51  22  70  80  43  85
   60  63   2  10  98  61   8  59  74  24   9  21
   49  28  31   7  59  70  71  52  14  73   2  14
   95  80  66  74  62  61  82  40  42   9  42  37
   38  35  10  19  28  81  25  61  61  10  97  62
   61   5  15  44  25  75  34  52
   65   4  69  99  78  87  25  90  46  34  76  34
   40  97  49  13  90  41  25  14  77  27  36  31
   40  26  75  59  69  13  84   2  11  65  63  63
   67  67  64  56  94   9  97  96   4  80  26   4
   58  82  65   3  78  15  89  24  41  86  25   2
   73   9  54  75  61  97  13  88  41  74  91  88
    9  65  37  31  11   1  50  71  51  16  84  74
   85  51  51   6  29  50  15  38  45  63  93  48
   58  44  62  18  43  50  49  31  31  47  37  80
    8   2  65  61  13  86  26  72  43  78  65  20
   46  61  86  13  28  21  46  64  46  48  55  94
   16  41  80  27   5  97  42  89  37  27  17  15
   88  36  33  41  93  42  75  10  38  63  85  67
   64  25  56  67  70  55  37  65   5  87  31  21
   75  62  96   2  42  20  46  77  21  10  49  23
   81  84  26  19  47  99  55  48  99  19  67   1
   72   7  49  70  52  36  43  56
   14  74  27  44  44  48  35  90  45  11  13   5
   91  36  65  64  71  57  13  12  83  70  82  44
   36  29  15  25  51  52  60  75  58  17  80  78
  100  60  48  78  30  83  47  80  13  47  71  51
   21  71  27  16  42  40  29  64  73  95   6  43
   22  42  95  64   6  45  47  96  55  30  21  72
   12  84  87  83  25  57  29  85  58  56  39  89
   85  51  20  74  90  74  87  73  68  15  67  85
   25  28  96  67  78  26  22  40  56  83   3  82
   97  36   8  35  52  80  18   1  80  73  24  42
   55  34  28  82  58  41  44   7  84  35  96  61
   38  17  20  51  33  48  60  45  98  52  75  71
   70  13  31  19  96  75   9  38  37  45  95  40
   62  89  94  98  53  35  17  45   3  71  84  73
   12  47  31  40  96  73 100  60  81  22  49  11
    2  25  43  30   5  75  60  16  48  27  87  28
  100  95  25  87  41  58  82  76
   59   8  84  13  17  60  11  19  12  19  98  97
   26  42  71  31  79  81  99  91  37  81  91  41
    5  75 100  39  31  91  21  33   7  51  88  64
   65  65  83  65  80  38  26  62  69  66  79  72
   92  39  50   6  50  37  84  64  87  32  73  41
   89  90  49  24  83  70  83  90  42  20  95  12
   75  81  43  50  40  88  27  61  31  68  88  92
   88  39  16  82  93  10  33  63  70  85  13  59
   83  59  64  85  40  18  43  51  92  43  44  56
   30   4   6  92  89  64  10  45  46  81  76  91
   19   3  73 100  69  68   6  34  98  11  23  44
   55  54  17  77  24  16  22  72  35   4  12  58
   61  21   6  57  16  59  63  84  55   5  87  46
   78  34  22  40  25  19  54  59  78  21  14  85
   64  93  70  94  48  84  37  53  40  31  70  23
   92  64  67  55  97   8  68  92  92  77  55  72
   55  78  52  24   6  13  25  67
   59  72  79   9  90  15  36  15  12  19  36  93
   16  31  21  18  45 100  81  58  87  71  56  85
   83  87  34  68  17  92  49  72  25  27  85  62
   89  30  77   3  43  39   5  54  66  89  96  78
   87  18  32  34  84  56  37  78  82  36  86  66
   55  86   4  53  25  37  60  90  64  15  76  30
   90  43  21  20  72  48  10  10  26  50  10  45
   17  70  34  70  56  27  46  29   8  39  55  63
   80  21  21  12  32  87  52  15  71  51   3   9
   51  24  79  28  77  15  34   8   2  32  68  79
   24  81  31  73  93  68  22  20   8  96  87  46
   14  67  23  77   5  81  70  39  23  37  24  53
   61  31  23  42  58  60  56  25   3  17  61  20
   31  94  24  43  28  83  78  11  27  73   8  36
   10  52  42  31   7   6  62   5  96  18  94  67
    7  73  17  26  13  52  54  86  39  35  78  52
   58 100  12  26  89  24  25   9
    184   203   211   211   193   198   193   213   194   202   202   204
    211   219   197   199   219   203   209   197   209   205   203   199
    194   215   207   201   189   187   214   207   224   207   177   220
    202   214   214   187
