 25 100
   89 109  68  87  35  83  61  24  76  61  95  81
   36  44  77  94  49  69  78  86  19  89  33  44
   48  17  50  32  52  59 104  73  75  43  68  35
  101  43  70  17  76  88  11  80 101  22  73  11
  114  43  59  31  19  65  65  34  99  30  43  34
   80  28  39  85  44  33  85  54  21  40  85  30
   51  60  21  99  34  76  92 107  74  27  92  76
   98  69  54  67  28 101  67  25  50  26  69  50
   28  80  80  42
   18  26  45  90  51  55  86 102  97 103  69  91
   87 107  95 101  53  94  19  73  74  28  83  12
   96  97  37  41  77  94  11  43  54  58  53  98
   50  20  91  28  84  16   8  76  24  14  84  13
   72  68  64  77  36  13  10  17  44  61  95  79
   79  30  57  29 112  34  61  94  77 109  22  63
   84  78  79  93  74  90  22  58  87  76  11  47
    8  45 112  78 107  93 101  56  84  90  45  26
   78  79  17  47
  101  34  44 107  27  33  56  45  64 101  41  28
   26  23 106 100  37  87  10  75  31  52  27  26
   82  38 107 107  27  77  49  18  12 103  40   9
   69  24  40  57  33  31  44  28  87  10  68  18
   92 101  37  34  95  28  64  11  28  98  28  48
  109  19  62  26  37  66  27  40  49  42  28  63
   24 102  47  48  17  34  45  10  54  81  13  47
  104  53  62  61  11  81  57  57  59  96  91  64
  114  85  74  42
   75  23  51 105 102 106  46  73  64  44  79  12
   12  79  69  93  65  80  70  47  46  71  25   9
   58  77  15  21  54  67  85  55  41  57  43  36
   37  44  45  94  88  13  15  24  74  42 117  37
   33  45  77  70  28  77  75  62  23  46 113  86
   84  41  92 100  71 102  79  24  44  91  76  48
   51 104  49  30  10  87  17  96  83  36  62 112
   24  41  85  69  19 104  24  66  53  55  97  48
   16  51  40  58
   65 102  60  39   4  88 102  96  33 107  75  24
   30  11  84  12  82  52   6  30  36  43  44  65
   68  99 102  98 102  20 110  63  91  27  69  61
   99  83  68  92 106  82  97  17  17  37  54  39
   53  78  70  44 109 109  61 100  58  89  42  67
   43  28  46  60  41  27  69  75  95  33  73  73
   29  58  63  75  96  96  59  96  86   9 102 105
   98  94  39  67 112  35  17  74  25  65 102  46
   57  34  95  93
   41  21 100  66  38 101  54  92  24  30  47 101
   23  51 103 100  20  79  43  36  76  73 100  65
   27  34  30  91  35  75   9  75  18  70  30  99
   18  54  30  49 104  77  53 107  99  91  74  97
   38  33  26  13  81  37  33  58  51  34   9  35
   41  30  37  64  12  54  93  72  85  62 103  44
   94 111  71  36 103  39  19  45  49  97  14  23
   77  51  79 102  21  58  66  96 101  90  65  17
   19 117  89  99
   14  55  96  51  48   4  61  65  45  52  29  16
   89 101  84  63  45  41  24  83  49  19  77 108
   52  89  40 107  97  44 100  59  13  18  78  76
   69  64  68  91  45  39  95  35  47 112  31  18
   25  25 108  55  56  35  72  77 102  97  38  43
   14  31  27  64  53  33  64  76  74  95  23  24
   63  38  48  53  82  98  23  33  73 103  68  70
   69  17  85  59  23 101  87  18  98 109  47  51
   49  33  84  77
   66 103  34  86  35  30  37  29 108  39  42  60
   51  46  29  20  52  42  95  83   7  94  56  55
   83  39  90 115  53  28  54  20 105  92  31  83
   57  65  23 110  62 109  68  80  81  50  82  70
   42  73 102  31  57  73  23  69  17  77  48  34
   19  63  94  59  97  27  16  86  99 101  33  79
   16  29   9  47  33  33  21  33  66  49 108  85
   84  92  71  31  49 101  20  31  75  92  24  70
   63  74  47  50
   75   6  57 101  76   7  38  72  52  16  27  98
   88 103  44  32  27  40   7 105  73  81  25  56
   28 112  72  46   6  90  94  66 109  37  72  99
   18  11  55  57  41  59  31  83  40  31  73  97
   42  97  47   7  69  47  67  84  28  88  26  73
   12  57  27  49  25  18  74  59  22  39  92  52
   54  80  60 101  64  50  52  15  51  44  46  47
  103  88  95   3  50  24  87  94  85 111  69 111
   45  26  48 111
   81  64  65 101  45  76  83  46  22  87  77  27
   94  42  65  28  66  20  68  45  75  39  68  74
   99 100  75 100  48  38  74  84  45  30  46  31
   59  90  32  83 103  42  56  27 115  57  88  64
   38  27  92  47  77  89  28  93  34  39  71  42
   93  38  29 108  73  17  39  49  73  63  42  52
  110  35  76  18 113  20  31  50  46 107  76  85
   66  75  69  35  54 106  95  42  37 106  48  29
   72  17  53  72
   83  49  75  56  19  76  33  77  91  78  79  65
    9  86  45  56  70  43  88  23  53  97  35  81
   20  58  75  56  34  71  75  87  44  35  31  94
   42  29  11  77  53  20  69  71  99  74  71  83
   27  90 106  82  85  74  14  25  85  64  43  35
    6 100  38 103  78  33  69  23 109  31 100 109
   39  55  89  54  38  37 111  75   9  26  63 116
   65  42  37 106  60  64 101  86  38  49  66  37
   81  87  81  23
   77  49  22  66  47  34  88  31  22  96  48 103
   89 109 108  18  51  25  53 102  65  30  90  21
   60  15  41  92 109  97  54  33  26  62  89  90
    4  65  47  63  26  56  92  70  69 102  40  44
   47  40  65  35  18 108  45  87  79  20  24 101
   80  47 103  60  25 105  77  86  30  77 109  77
   81  77  20  35 104  43  39  55  79  95  47 102
   29  38  80  78  57  79  37  57  48  58  11  86
   47 104  42  32
   97  30  40  31  84  29 114  32  74  77  11  41
   33  79  98  14  57  32  44  88 101  62  83  63
   17  55  90  71  77  50  34  87  72  61  14  70
   24  81  44  47  62  20  27  54  48  64  47  65
  111  68  19  13 102 101  55  28  69  13  74  77
   46  50  40  41  93  18 101  67   8  30  70  49
   24  62 108  23  72  54  53  46  89  41 104 114
   10 102  49  69  82  73  69  84  14  29  63 108
   45  86  89  92
   72  58  61  84 100  41  41  29  67  82  99 101
   55  51  18 104 106  34  29 104  44  84  42 100
   60  86  50  79  32  96  31  74  92  37  32  49
   89  37  26  36 106  79  80  78  44 107  55 113
   47  67  71  34  62  99  54  97  90  88  39  90
   71  21  62  74 116  76  72  55  89  28  32  99
  100  40  56  98  35  89  89  75 110  22  96  10
  106  47  69  43  17 106  73  75  36   6  37  41
   91  18  65  60
   82  94  26  51  35  36 104  50  87  46  98  36
  100  34  73  34  26  59  70  63  76  51  87  28
   63 104  60  12  26  21 104  52   9 111  78  86
   17  22 103  61  99  54  23  79 100  56  32  35
   82  30  21  91 113  41  21   8  74 108  91  39
   47  48 107  42 116  76  67  91  63  71  14  66
  113   7  17  59  47  53  53  28  43  76  70  42
   26  23  10  23 103  89  61   8  26  63  15  64
  107  21  25   5
   86 104  36  61  22  87  95  24  83  64 100 109
   47  33  77  92  70   5  41 115  80  76  63  77
   12  81  69 102 111   8 104  74  90  52  14 104
   69  69  57  44  41 108  20  42  51  82  18  22
   62  56  55  34  28  41  74  59  40 105  29  36
   25 105  82  77  14  50  18  27  33  84  38  23
  101  84  59 100  63  57  72  71  98 104  61 101
   58  33  91  82 113  81  85 104 100  20  91  94
    9 107  46  91
   70  79  71   6  93  72  45 115  40  72  89  41
   53  34  31  43  41  95  49  53  32  20  45  16
   22  41  55  82  22  94  80  74  53  92  36  45
   21  68  25  61  24  54  27 113  81  82  97 105
   44  54  82  45  67  55  54  34  99 102  30 102
   80  97 105  50  95  25  57  36  53  90  58  72
   76 103  51  33  27  62  75  37  35  61  75  27
   68  27  28  73  25  21  96  33  67  49  84  23
  114  80  62  67
   43  88  43  61  30  41  25  85  91  11 103  93
   64  55  10  53  99  34  70  13  37  69  47  68
   41  24  45 105  50  21  29  99 116  93  19  43
  102  37  69 102  54 104  40  40  48  17  39  85
   32  53  27  38  28  20 110  91  75  63  51  10
   20  71  91  73 111  96  25  54 107 102  62  59
   97  18  96  80  29  63  59  87  36  18  31 106
   50  64 113  70  37  17  14  53 101  87  42 106
   80  40  56  84
   30 108  15  42  55  81 115  26 101 118  77  50
   17  14 103  25  52  36  69  65  19  68  82  80
  109  93  78  64   7  81 102  15  61  74  26 101
   87  41  47  25  80 111  14 103  57  98  35  70
   29  41  98  53  86 116  53   9  94  76  74  86
   42  58   9  27 107  82  48  10  91  34  86  34
   55  63  74 105  46  79  56  46 106  66  60  23
   44  83  17 108  13  45  70  58  79  39  41  43
   98  51 107  25
   95  34  25  58   5  22  83  70  12  84  48  90
   34 108  25  79  64  50  45  89  35  48  64   7
   69  52  27  77 104  58  25  90  97  29  51  66
   61  26  48  39  84 104  41  29  99  65 115  68
   98  10  11  23  93 104  76  64  93  60  32  75
   19  50  99 107  92  15  74  84  47  85  92 116
   69  72  32  28  96  22  59  22  86  96  18  65
   64  62  31  83  29  93  58  49  43 102  31  46
   31  38  66  44
   15  27  46 103  46  98  78  41  78  20  91  73
   28  97  99  50  91  86  25  53  44  76 102  85
  109  48  42  24  17  91  61  73  52  59  75  95
   51  81  95  25  28  82 105  29  70  22  22  78
   78  70  22  56  98  18  76  89  98  42  25  58
   84  40  92  58  94 102 103  84  39  60   7 102
   18  75  26  64  20  70  82  20  59  21  51  45
   92  98  78  47  79  59 106  87  58 107  28  56
  113  21  16  95
   30  98  63 101 105  35  85 102  73  78  46  62
   86  15  26 108  62  86  47  33  84  81  40 108
   79  85  91 110  52  53  44  84  20  61   6  96
   98 116  55  79  49  28  63  45  57 114  29 100
   74  96  30  18  14  40  37 102  51  82  72  61
   21  63  83  70  96  93  35  62  97  53  67  84
   32  17  95  41  33 113  83  84  32  38  91  54
   36  30  59 100  73 104 118 109  12  76  61  79
   11  22  55  80
   78  80  92  43  67  97 117  58  77  30  38  37
   65  45  50  41  55  30  56  75  82  83  95  89
  104   3  94  25  45  68  71  49  85  91  82 108
   25  57  82 103  88  37  97  43  46  33  35  33
  110  26  75  68  69  66  95  63  81  89  93  93
  109 102  62  21  26  85  33  85  88  74  58 108
   71  24  73  77  81  81  57  46 100 101  56  53
  109  27  45  36  55  66  76  29  51  99   7  27
   68  83  27  53
   29  24  54  19  78  32  59  47  58  73 103  96
   62  42  71  67  52 104  18  21 111 103  38  13
   34  91  44  42  46  85  55  29  36  72  96  31
   99  33  77  20 100  61  22 102  56  81  63  43
   99  48  18  67  42  29  86  46  63  64  33  59
   95  52  49  45  98  97  66  24  67  86  13  84
   40  33  80  49  73  74  51  31 111  81  92  22
   28  92  66  55  60  77  81  63  70  46  44  18
   64  67  63  81
   23  29  93  65  72  74  21 105 105  38  57   4
   53  97  71  56  33  16  59  33  20  25  42  91
   70  28 100 101  24  59  70  18  75  51  98  26
   54   6  85  13  79  33  54  75  41  86  71  34
   29  67  62  74  53  59  93  99  28  17  63 105
   22  84 105  28  25 106  28  80  87  93  25  38
   63  71  95 100  43  52  29  76  77 110  36  45
  111  85  87  99  75  92  52  24 109  28  52  60
   48 101  65  59
   14   7  37  17  81  21  59  92  44  56  23  32
   70  69  39  15  67  50  35  19  91  21  72  71
   69  86  55  88  53  48  10  41  30  76  38  70
   13  74  38  91  26  17  98  29  17  97  46  97
    3  75  60  88  96  37  46  72   3  90  59  71
   36  83  73  17  59  77  18  51  88  65  32  75
   52  58  82  15  70  34  10   3  28  88  13  40
   10  50  62  50  77  16  48  80  53  87  47  58
   83  31  22  71
   93  84  68  16  69  47  18   8  17  13  42  20
   18   8   7  11  66  12  97  29  36  81  24  99
    7  23  69  77  27  14  97  60  56  58  56  12
   63  87  19  91  22  94  94  37  80  97  27  91
   47  38  50  33  75  96  96  94  72  41  21  26
   31  88  53  84   7  86  43  25  37   4  89  54
   18  38  29  24  41  21  94  44  23  43  92  64
   94  59   8  32   7  11  12  55  24  28  65  88
   40  40  85  66
    3  69  70   5  81  83  57  57  48  10  62  76
   87  83   4  11  73  28  94  37  83  58  87  85
   29  72   8   4  93  35  60  93  94  15  75  93
   36  91  66  54  85  81  67  83  24  99  37  99
   27  10  73  73   9  83  49  98  86  12  92  66
    4  91  40  92  70  45  78  62  56  72  92  45
   83   8  57  57  87  79  74 100  50  38  96  68
    2  67  44  57  96  23  46  55  43  21  24  53
    2  32  37  63
   34  94  61   6  15  13  64  31  41  60  30 100
   94  24  47  15  39  31  49  63  64  40  78  96
   47  42  91  82  61  49  19  47  75  47  77  75
   71  73  61   8  20  95  96  85  38  76   3  74
   82  66  32  49  82  34  31  40  90  69   5  28
   32  63  20  10  42   9  27  93  71  16  43  65
   52   3  70  80  95  33  95   8  19  77  45   6
   79  67  31  44  98  13  87  42  64  59   6  54
   95  53  73  62
   38   7  54  77  98  15   9  18  73  10  35  80
   79  92  30  94  33  64  98  85  80  76  63  47
   48   6  11  13  10  87  10  53  21  80  48  43
   14  21  35  22   5  21  20  88  98  75  66  69
   58  38  41  75  10   9  48  11  57  28  75  38
   77  91  70  60  67  88  37  29  19  84  45  43
   82  45  55  35  10  22  57  22  24  96   5  11
   15  12  72  37   4  69  92  28  79  43   9  59
   47  78  11  25
   72  88   9  39  79  14  60  10  81  87  65  14
   89  62  16  11  95  30  75  67  37  45  17  43
   84  71  75  23  79  43  99  29  98  35  88  12
  100  57  89  71  10  36  56   3   6  22  37  10
   66  74  84  94  33  70  72  50  58  84  99  77
   78  76  67  49  99  55  19  43  26  42  12  64
   17   3  31  75   3  65 100  67  56  14  96  82
   34  54  38  16  96  48  48  12  18  17  50  93
   84   3  16  16
   90  57  18  52  65 100  41  51  72  66  80  95
   21  19  22  45  68  67  81  35  63  88  30  10
   57  15  67   5  15  61   2  47  98  84  25  29
   38  44  39  24  71  70  20  82  61   1  78  95
   77  92   2  61  55  68  34  30   5  17  78  72
   89  82  92  51  58  86  41  28  34  11  80  94
   48  67  59  58  32  13  81  71  42   8  36  33
   37  97  29  51  83   4  29  99   6   2  56  51
   64  83  30  27
   43   3  77  31  71  83  76  91   4  81  71  51
   64  61  76  86  53  75  18  29  99   9  52  51
   20  79  28   1  58  80  63  88   6  19  81  28
   60  41  93  10  44   2  46  30  26  55  37  47
   67  41  18  81  50  33  82  38  90  30  63  70
   99  46  24  58   8  92  87  19   3   1  74  30
   95  83  99  71  71  75  94  82  38  59   4  33
   25  18  35  86  54   8  94  87  27  11  94  36
   48  44  69  63
   33 100  54   5  42  97  65  42  61  95  82  21
   15   9  59  77  82  78 100  12  37  22  88  57
   76   2  48  70  96  23  16  46   2  73  37  19
   98  97  65  62  69  46  89  37  73  71  46  12
   73  14  56  99  33  62  47  34  81  20  82  29
   96  54  84  55  94  84  45  58  81  68  25  64
   62  38  45   6  47  61  52  89  63  68  69  66
   10  25  18  99  53  83  15  12  19   6  38   4
   65  81  64   4
   24  46  45  11  75  29  24  66  85  19  37  79
   18  74  43  90  41  90  52  66  34  73  42  41
   11   4  35  17  69  82  46  23  71  76  65  71
   55  30  70  20  10  65  48  75   5  57  17  41
   82  81  18  57  38  25  83  26  85  77  44  66
   10  71  79  10  44  94  68  65  45  47  63  59
    9  68  33 100   4  99  85  61  66   5  39  23
   36  29  43  82  62   9   7  74  71   4  54  86
   36  86  53  39
   31  70  40  46  89  34  75  28  12  31  39  52
   97  30  75  55  48  61  26  86  62  18  71  35
   96  61  45  50  74  40  32  15  61  85  72  23
   75  83 100  31  64  95  36  32   7  30  47  26
   78  22  11  29  30  35  90  90  27  43  59  82
   99   3  73   4  39  70  48  81   6  83  14   2
   72  52  25  56  77  82   2  44  99  85  51   2
   46  78  75   5  51  44   3  23  75  55  47  65
   25  17  34  89
   34  68  85  45  59  76  31  80  89   9  61  10
   27   3   5  93  54  83  52   9  48  88  16  97
   53  89  71  25   9   5  48  69  93  53  20  28
   99  46  60  46  85  64  18  44  36   7  74  76
   63  80  44  76  86   3  70  25  25  84  89   2
   25  71   1  50  84  12  28  22  78  25  10  30
   37  37  91  73   7  68  70  64  32  24  63  16
   78  81  35  33  61  34  82  60  68  61  91  16
   64   7  62  82
   14  84  70  79  22  78   2  77  38  34  99  73
   86  30  20  97  59  77  71  25  15  45  28  48
   91  63  27  48  26  68  71  33  40  46  99  38
   78  22  67  64  47  82  87  49  56  54  63  45
    5  35  95  92  12   4  56  75  33  91  40  40
   71  66  77  63  12  87  12  50 100  87  41  53
   84  54   6  94  40  54  49  63  17  70   8   4
   96   9  67  36  25  31  51  31  97  74  57   2
   61  23  29  11
   45  56  50  33   2  64  67  76  51  22  15   9
   62  60  93   4   2  83  85   4  59  35  64  18
   58  24  53  39  85  18  84  42  25  80  76  60
   28  79  82  73   5  32  24  27  76   4  62   6
   64  52  31  73  52  16  66  21  15  29  72  21
   36  88  52  35   4  37  41  65  22  90  79  12
   18  78  46  15  77  17  14  38   2  91  20  97
   12  68  39  59  85   8  36  32  67  97  83  78
   28  84  42  55
   22  17  78  66  77  72   4  53  15  74  13  70
    8  83  43  81  83  44  39  48  33  66  16  80
   46   8  55  92  90  93  16  61  98   9  25  17
   93  91  11  42  19  66  80  32   7  55  73  76
   33  88  96  26   4  72  89  96  38  11  14  69
   64  66  13  65   2  38  38  19  57  44  93  48
    5 100  91  45  65  61  65  84  63  28  37  65
   86  95  93  88   4  28  53  94  90  39  87  46
    4  82  79 100
   30   5  67  53  97  25  18  86  28  45  20  11
   56  81  34  15  35  99  77   4  37  28  49  25
   91  29  48  18   9  95   1  41  15  59  98   3
   37  48  54  70  70   8  96  74  62  28  95  82
   51  58  53  69  86  77  35  45  75   6  87  71
   77   4  23  33  94  61  96  91  80  21  80  86
   10  25  44  15  43  50  44  45   8   9  55  12
   56  78  14  34   4  39  29   8   7  87  24  19
   99   5  61  18
   38  37  38 100  19  47  58   4  66  41  17  73
   67  86  78  67  77  22  61  64  74  91  59  99
   88  75  47  28  84   8  32  39  52  14  78  74
   97  44  79  58  87  60  93   6  32  24  19   8
   72  62  33  67  47  56  57  76   3  16  79  14
   33  11   6  57   7  95  52  81  59  14  60  35
   28  10  61  79  86  49  39  75  68  55  38  91
   39  76  82  37  93  92  12  86  47  62  27  90
    3  33  57  48
   68  19  68  59  72  69  85  28  18  96  11  25
   45  55  95  66  11  73  43  91  74  47  72  43
   70  86  62   9  60  83  85   6   2  16  89  65
   10  72  38  11  52   7  68  68  57  99  75  28
   79  56  80  76  90  91   1  13  44  57  68  99
   94  43  15  30   2  10  79  66   7   7  53  53
   17  91  12  40  79  46  51  18  84  88  82  14
   66  55   6  41  65  96 100  54   6  29  65   1
   38  79  55  19
   87   4  90  69  52  30   3  82   7   1  42  69
   86  97   7  89  58  83  38  42  85  37  31  22
    7  11  35  47  96  23   4  92  47  41  77  13
   25  72  65  94  34   3  88  14  55  22  85  39
   81  65  14  64  26   4  50  99  18  30  40  20
   68  46  94  77  12  31  66  98  15  74  21  69
   54  50  40   7  56  37  55  57   2  40  59  83
   76  34  88   5  92  67  33  49  40  64  61  67
   12  57   8  81
   25  74  87  59  98  89  22  42 100  29  65  21
   72   2  90  26  43  61  69  22  69  55  49 100
   48  50  88  36   3  55  95  21   7  74  53  48
   55  85  59  65  35  10  74  83  15  38   3  37
    8  95  98  97  15  11  30  38  14  59  75  31
   95  61  10   5  18  96  35  21  71  21  14   3
   36  31  80  82  15  85  60  87  27  19  92  46
   51  49  79  22  90  26  49  62  64  14  80  66
   83  64  48  65
   90  84  62   1  65   5  26  63  33  86  22  40
   82  14   3  53  28  26  77  53  59  43  13  21
    4  57  62  90  87  12  41  45  60  59  30  12
   62  36   8  94  85  34   6  76  35  94  94  29
   25  32  80  56  13  96  28  17  20  77  82  52
   29  70  24  57  11   7   1  26  74  60  97  18
   93  30  76  50  91  36  37  92  50  91  57  58
   27  18  34  57  31  52  10  21  53  13  82  52
    6  81  99  23
   87   7  50  17   8  80  26  17  47  35  65  51
   29  97  77  12  56  30  69  81  31  30  66   7
   27  22  11   4  55  63  72  28  91  46  97  15
   22   1  49  36  68  90  49  66  49   2  83  11
   41  16  72  84  91  76  76   2  52  29  39  53
   85  46  28  42   7  26  83  54  15  65  39  21
   86  95  10  72  75   2  27  19  83  81  11  66
   68  87  51  12  38  11   2   2  94  27  50  30
   95  86  64  37
   34  33  20  70  51  12   2  55  25  85  74  79
   46  71  54  67  55  84  61  41  27  30   8  18
   12 100  15  86  64  48  31  60  26  23  27  12
   93  56  35  11  32  81  11  66  64  71  76  83
    2  76  36  49  47  45  15  46  29  25  16  21
    5   7  40  89  85  19  69  27  27  33  60   4
   35  93  37  31  28  21  48  69  13  10  61  65
    4  75  58  66  61  52  29  89  54  16  96  86
   40  31  82  67
   88  89  49  91  37  72  47  65  55  47   7  12
   54  73  35  38  59  15  95  83   5  13  64  93
   77  17  61  62  74  27  48  88  79  45  15  81
   21  70  43  97  16  50  87   4  63  25  50  60
    3  72  87  44  78  77  34  73  39  56  75  59
   20  53  54  66  21  18  48  88  42  19  99  23
   76  71  36  63  38  44  54  73   9  27  18  81
   90  23  50  47  53  43  39  39  40  65  61  87
   52  48  49  28
   91  88  22  40  41  46  99   2  11  82  47  99
   51  14  42  64  71  98  59  83  84  95  78  22
   41  84  14   9  86  55  35  85  41  68  11  78
   56  97  35  96  35  76  65  37  68  32  48  76
   86  52  40  35  62  53  11   3  78  94  44   2
   90  30   2  85  93   4  89  35  32  14  78  68
   56  41  16   6  64  54  87  31  39   7  70  66
    5  27  24  13  32  20  59  80   5  75  58  42
   72  18  50  59
    164   157   181   163   145   164   164   168   167   155   157   161
    162   149   170   146   168   163   153   165   154   150   147   169
    159
