 10 225
  104  53  72  43  51  57 110  59  99  21  22   9
   55  58  60 110 114  81  85  85  22  66  52  12
   55  25  84  45  64  54  38  65  83  53  31  46
   67  59  97  69  99  10  89 100 104 105  43  74
   50  13  17  20  88  29  77  65  23  81  81  23
   41  16  27  64  93  24  94  55  28  50  12  96
   32  49 107  63  72  13  39  31  94  81  72  40
   46  84  50  81  37  67  29  42  82  67  29  51
   90  98 101  33  64  93 111  31  46  72  31  58
  107  57  22  69  79  76  47 108  63  48  64  69
   85  67  93 116  31 104  30  90  34  78  59  53
   19 100  63  75  22  37  84  53 108  90  17  68
   75  74  19  31  12  89  17  23  61  56  38  75
   61 109  49  96  38  78  81  79  22  15  61  79
   89  78  41  69  26  72  35  18  97  66  83  67
   82  45  40  88  50  82  30  32  77  59 116  72
   26 100  57 100  53  27  91  67  47  53   8  16
   93  91 118  55  17  10  80  61  89  20  76  45
   28  39  67  51 111  59  49  94  27
    9  68  86  74  75  44  44  37  39  64  69 100
   61  86  45  20  98  29 100  58  86  15  66  63
    9  68  16  43  42  37 116 115  84  44  76  75
   41 117  87  82  74  48 100  68  19  73  40  47
   96  34  15  54  36  70  21  38  66  57 104  67
   90  96  36  66 105  53  71  95  40  37  79  33
   42  45  42  78  89  20  69  50  36  20  61  95
   88  78  18  56  40  47 105 102  94  88  80  92
   45  15  95  75  41  25  79  53  16  39  65  37
   29  40  82  95  58  63  99  56  44  76  29  55
  101  80  45  29  64  62 108  97  25  24  79  62
   36  72  68  52   7  30 109  18  20  75 110  82
   61  67  38  19  94  94  56  38  96  52  37  76
   77  73  72  94  15  76 109  91  48 105 106  12
   90  66  26  28  32  38  37  79  92  85  70  73
  114  14  70  25  95 103  49  65  60   9  67 107
   54 104  36  35  36  61  39  42  40 104  94  20
   69  89  79  66  83 108 108  65  59 101  75  22
   62  28  92  86 108 102  65 109  14
   17  50  98  29  33 114  98  47  19  39  81  26
  108  75  57  81  81  42  65  34  36  54  38  21
   39  35 105  36  80  64  98   9  99  52   6  85
   37  31  90  75  58  93  67  68  54  54  87  12
  105  25  53  13  55  34 100  85  27  46   5  42
   36  88  79  85 102  40  23  10  93  57  43 104
   75  74 101  61  28  74  76  42  72  44  58  26
  102 109  14  67   3 107  64  66  24  95  57  97
   45  70 100  90  33  88  34  83  28  13  48 111
   75  42  38  79  35  85  63  35  40  53 106  28
   20  71 106  23  44  93 102  41  19  22  19  25
    9 101  89  88  46  87  65  75  73  98  37  32
   20  48  84  31 102 115  68  78  82  28  64  27
   89  55  55  85  82  52  83 100  51  92  87  86
   25  30  98  55  85 113  69 107  79 100  85  40
   71  49  66  80  39  64  77  57  78  88  25  31
  106 101  17  36  81  21  36  51  90 103  45  46
    9  66  81  78  41  60  17  74  64   8  66  63
   93  36  99  82  81  82  92  24  49
   32  49  80  86  34  85  90  27  97  91 106  18
   19  11  45  93  89  63  81  69  43  81  94  30
   73  45  27  58  54  53  24  73 107  71 102  84
   58  95  52  79 104  99  96  28  82  54  81  96
   32  44  21  79  14  69 106  84  19  69  49  29
   31   8  15  17  54 103  92  26  56  55  14  81
   57  68  67 103  62  50 107  32  84  73  75  80
   61  69  80  74  53  67  27   7  52  70 102  69
  103  89  34  73 100  61  88  73  14  30  35  76
   86  82  24  42  98  90  89  75 113  36  85  95
   36  83  67  98  19  67  60  33  96  84  48   8
   96  21  18  63  47 105  23  48  82  29  79  85
   30 103  36  53  35  33  75  32  87  34  36  26
   36  65  94  78  65  52  45 109  82 109 111  53
   51  85  67  36  55  73  35 110  44  71  42  17
   71  30  81  97 103  10  61  53  83 105  77  71
   34  24  59  39  83  40  96  70  61  53  57  39
   19  91  59  74  98  64 113  73  86  12  57  55
   71  43  24 101  48  95  96 101  31
   75  57  43  90  78  88  75  69  74  40  40  97
   24  44 106  58  25   5  72  46  27  21  82 102
   76  31  37  94  88  33  75 101  41  59 108  13
   55  60 114   8  44  63  40  26  18  59  74  30
   96  22  41  80  88  71  61  99  67 102  50  78
   46  64  35  42 114  73  92  89 107  95  99  58
   65  77  98  22  93  88  14  44  14  84  89  96
    3 101  56  30  47  22   6  48  76  95  57  18
   89  57  96  33  88  80 108  83  88  33  76  94
   37  72  39  38 100  36  58  87  92  50 102  53
   96  98  95  67  24  38  14  41  84  16  36  72
   32 107  18  39  65 116  85  89  19  46  67  66
   93  62  92  88  52  24  52  59 106   7  70  93
   37 101 109  21  65  41  12  78  86  64 104 105
   50  59  89 115  12  46 111  51  34  52  94  91
  104  65  57  27  40  79 103  37  94  99  83 109
   94  65  21  78  55  80  28  98  92  82  16  19
   87  90  68  78  96  46  12  37  42  99  69  43
  108  68  44  12 111  43  76  97  39
   94   8  19  87  45  33  44  57  65  60  24  22
   75  33  22  97  66  57  30  47 100  29  33  45
   23  68  67  64 104  78  99  64 102  39  60  79
   76 115  18  33   8  93 101   9  68  33  43  46
   63  30  63  81  21  78  70 113  76 101 107  58
   44  87 100  30  44  57  42  63  59  56  54   8
   67  94  32 110 101  54  47  88  62  45  48  27
   88  92  99 104  12  19  84 112  93  66  28  73
   63  63  73  86  71  16  40  49  59  65  27  44
  101  43  28  61  21  61  83  47  17  52  58  20
   54  45  26  77  74  64 102  67  75  88  67  85
   21  68  62  81 103   9  54  53  66  46  78  15
   13  99  44  70  29  40  68  35  45 109  53  88
   56  73 102  76  46 108  16  86  29  58  60  70
   34  26  28  12  58  71  70  82  55  36  31  24
   99  40  30  35  29  56  75  38  43  43  67  70
   68  79  30  68  22  41  71  80  34  21 111  41
   18  19  80  16  60  57  77  54  34  18  86  95
   84  59  31  63  85  30  12  96  11
   40  67  41  69  61 119  55  76  90  32  47  71
   21  77  24  91  89  82  18  77  15  18  42  62
   13  35  97  26  83  13  59  77  32  81   9  52
   16  22 115  67  89  84  31  99  78  87  81  93
   45  15  26  91  54  33  64  50  91  29  81  65
   66  78  17  15  93  42  67 102  35 109  61  65
   63  49 104  22  94  66 109  66  39  30  29  39
   18  86  47  87  29  95  64  41  53  87  51 104
   81  44  16 102  93  63  41 111  36  45  87  80
   78  54  15  53  50  66  59  31  71  91  35  11
   76  89  42   9  27  87  23  46  32 100  11  67
  110  50  55 100  33  23  26 103  86  19  95  24
  104  48  25  84 109  51  42  70  99  74  36  35
   21  22 104  81  44  11 106  43  77  89  94  54
   93  37  41  17  66  32  60  99  99  29  42  34
   80  59  55  82  95  60  62  76  38  23 118  29
   93  24  40  99  15 110  16  67  27  35  77  70
   58  64   4  50  61  15  55  71  16  40  49 114
   81  70 101  63  11  49  78  14  96
   92 109  46 104  68  38  76  42  70  64  45  43
  118 109  53  16  90  41  75 100  37  69  47  13
   63  79  47  55  18  45 111  76  76 103  43  57
   83  41  47  20  39  72 112  53  34  98  89  81
   83  91  19  79  11  80  28  72  64 108  11  36
   93  82  62  64  66  42 100  22 107  56  77  55
   63  77  92  79 106  31  59  74  42  98  38  17
   87  68  28  66  44  57  64  33  45  84  84 103
   91  71  54  56  62  65  11  25  58  14  87  49
   80  73  93  95  74  81  43 106  61  94  83  21
   58  19  69  69 107  53  69  55  32  33  73  52
  105  40  58  49  58  27  75  38  46 106 108  98
   34  38  60  15  32  82 100  75  51  89  56  77
   33  83 104  62  83  33  55  11  57 101  65  25
   97  94  39  58  49  81  16  23 108  88  81  56
   46  13  96  38  34  64 103  58  93  61  18 105
   23  32  69  40  60  64  77  35  27  81  18  64
   18  76  55  18  17  64  68  75 105  48  57  51
   93  61  23  65 101  80  63  46  64
  100  93  32 108  58  58  23  95  78  42  94 101
   47  40  35  83  28  47  13  36  40  46  94  36
   52  73  70  65  49  26  52  14  54  49  46  69
   70  14  23  97  90 102  16  98  26 106  86  42
   93  74 117  90  26  30  42  14  40  43  69  78
   23  53  72  14  54  40  11  72  67  45  81  59
   73  98  30  39  66  59  11  46  63  73  68  25
   89 114  60  16  60  48  71 105  25  64  52  73
   51  59  26  94  90  62  80  27 105  71  34  99
   83  30  61  79  66  30  73  77  62  73  42  44
   80  49 107  17  87  46  45  67  54  20  83  85
   61  96  68  15  30  74  14  65  39  83  24 111
   63  12  83  84  62  63  93  25  20  98  81  90
   64  96  51  25  61  28  63  37  37  58  43  69
   98  37  70  70 105  70 100  89  49  22  71  98
   99 100  87  42 107  73  88  34 105  86  62 104
   96  66  17  78  22  78  54 106  74  90  52  95
   27  76  94  82   5  96  63   4  73  62  32 104
   44  43  89  70  48  92  23  32  97
   41  18  66  82  73  33  30  21  98 115  85 108
   68   7  60  58  24  95 108 107  16  58  37  53
    4  93  35  82  74 105  33  54  68  53  95  26
   79  47  61  65  57  45  73 107  83 104  23  21
   82  30 104  71  50  42  79  49  49  76 105  70
   30  18  32  32  84  37  51  89  91  54   9  56
   83  90  55  44  72  15  88 101  58  41  84  57
   36  70  20  41  49  74 102  42  39  37 107  63
  115  58  33  80   7  46 106  79  40  89 101  77
   45  37  77  98  17  36  41  26  32  29  14  52
   56  14  28  45  11  39  42  63  67  96  30  96
   63  83  66  77  69  91  90  67  82  61  43  97
   56  69  21 106  65  21  99  37  72  59  76  81
   59  92  38  88  63 100  28  64  23  43  35  37
   50  69  10  70  77  89  67  18  76  65 101  44
   93  88  86 102  51 103  72 115  30  70  77  35
   46  89  15  18  39  65  45 102  91  74  40  28
   49  33 102  47  55  16  30  86  27  94  57 104
   32   7  88  32  39  77  67  45  85
    5  62  31  59  58  60   1  57   5  86  90  97
   56  53  57   7   6  30  23  30  80  37  55  99
   56  79  18  58  42  65  79  47  19  65  89  58
   43  52  11  50  15  93  20  20   7   9  64  45
   57  89  90  83  21  82  25  38  89  32  26  79
   70  92  88  40  26  91  26  62  79  69  96  11
   82  67   7  51  44  90  72  87  21  25  38  65
   73  20  63  31  82  35  75  62  27  44  74  56
   28   9   8  78  50   9   6  76  72  37  83  59
   13  58  93  34  24  27  57   5  46  72  44  42
   24  41  23   2  82   5  72  21  77  32  51  63
   89  18  39  36  98  81  28  65  10  22  89  35
   45  38  92  86  98  13  91  84  52  55  73  42
   58  11  69   9  76  28  26  24  80  94  44  28
   27  29  72  38  81  41  71  91  10  48  36  41
   37  62  79  22  59  31  81  77  25  46   2  46
   76  13  49  18  57  85  20  39  72  58  95  96
   23  26   2  54  96  99  31  50  22  94  31  66
   82  72  52  51   3  45  56   9  81
   99  44  20  42  30  63  64  77  70  56  47   2
   51  20  72  89  18  81   9  54  34  96  52  46
   99  48  92  70  75  69   4   4  25  75  34  36
   67   3  20  23  41  66   4  40  83  30  69  64
   21  86  91  57  67  49  89  68  47  60   2  42
   16   7  68  47   6  53  31  12  73  83  36  72
   68  59  62  36  13  85  51  57  84  92  52  23
   28  29  86  52  64  68  15   9  19  28  22  26
   66  98  13  43  78  85  23  55  91  71  41  76
   82  76  38  13  62  45  20  51  74  36  79  55
   15  31  75  82  55  49  12   8  85  82  35  54
   67  37  43  54  98  85   7  99  89  43   6  25
   54  41  73  90  14  25  53  82  13  56  75  26
   43  35  38  10  87  28   2  22  72  14   5  98
   29  37  76  91  77  76  77  36  11  29  43  41
    4  97  44  90  22   4  56  51  54 100  47   3
   50   6  68  68  74  46  70  71  71   9  17  90
   42  17  24  40  36   3   8  53  52   8  37  84
   57  83  10  21   9  13  38   4  99
   88  63  12  86  75   4   9  65  97  69  26  81
   11  30  58  30  28  69  55  83  83  57  76  95
   68  81   1  72  25  52   4  96   3  57  96  24
   82  85  29  31  52  16  47  41  58  64  29  95
    9  90  63  98  47  76   8  24  77  57  99  75
   70  23  33  24   9  77  95  92  18  59  72  16
   40  32   9  53  84  29  34  70  31  63  53  78
    4   4  97  43 100   8  39  44  89  20  62  14
   67  36   9  21  74  19  73  28  84  90  72   9
   43  78  67  26  77  24  51  74  70  56   5  86
   84  31   7  94  63  24  11  64  87  94  85  85
   93   7  13  25  57  17  53  45  37  19  73  82
   85  58  33  89  13   3  34  39  26  77  41  90
   18  65  49  21  29  64  28  14  65  16  22  16
   80  83  13  54  22   5  47  12  39   4  23  75
   49  60  44  33  73  45  30  47  33  23  94  78
    3   8  85  82  31  88  83  59  27  15  65  74
  100  42  32  35  72  47  98  34  43  96  40  53
   25  83  11  29  38  29  18  84  67
   79  62  31  34  76  20  21  93  19  13  11  97
   95  99  72  16  22  48  33  47  75  38  13  82
   41  65  76  59  60  62  94  47   5  37  18  34
   58  16  63  32   4   5  16  87  35  57  38  15
   73  63  98  33  98  39   5  19  89  45  55  73
   85  99  99  97  50  16  17  85  51  48  98  25
   61  52  50  11  56  54   4  78  34  37  41  39
   50  35  33  33  58  43  84  97  66  41   4  42
    4  22  70  40   4  45  25  30  97  90  70  33
   17  31  81  76  17  19  29  41   2  78  21   7
   74  19  47  20  85  51  45  74   8  29  72  97
   12  86  93  55  63   6  83  66  28  80  33  30
   88   7  81  67  76  75  45  72  16  82  74  80
   77  49  11  40  51  59  66  11  21   3   4  58
   62  33  44  75  48  43  72   8  64  48  65  92
   45  79  29  14  11  94  46  67  28   1  39  35
   75  87  46  80  28  71   6  46  47  58  59  74
   85  13  60  30  10  43   2  44  29  95  48  63
   36  67  93  19  68  24  16   4  71
   35  57  74  26  32  31  28  37  41  69  68  10
   78  74   5  61  86  98  32  74  91  88  21  14
   29  83  74  14  28  77  43  19  61  49   4  94
   54  48   5  94  58  48  64  94  84  57  45  86
    6  97  75  38  14  40  48   9  44  12  69  36
   61  53  77  77   6  47  24  20   4   9  14  50
   46  34   9  84  15  16  95  65  88  18  16  21
   99  15  53  78  59  93  96  54  38  16  48  95
   23  46   7  86  17  36  10  19  22  83  35  26
   68  38  72  76  16  80  46  30  11  64  15  63
   14  12  17  43  82  80  95  79  18  89  72  30
   79   8  92  67  55   3  26  17  96  60  38  47
   18  54  15  28  59  88  58  54   4  97  37  23
   67   9   9  81  47  73  92  35  29  47  16  12
   61  50  16   5  95  73   9  56  75  59  17  24
    6  38  61  93  70  32  17  67  19  15  28   7
   16  40  87  36  50  32  80  19  11  31  86  86
   16  13  48  34  19  62  97  76  62  14  51  71
    6  48  63  98   9  60  42   7  78
   15  95  92  26  65  74  71  59  55  45  90  95
   41  83  90   7  48  54  72  73   7  79  86  65
   96  34  39  39   7  38   4  40  10  72  50  24
   41   5  85  82  97  22   8  93  48  83  65  70
   51  84  44  37  94  27  49   3  36   6  13  57
   66  16   8  79  76  54  73  52  47  54  60  95
   43  14  78   9  18  53  65  25  41  71  61  84
   31  21   5  10  99  99  27   2  12  47  74  45
   56  53  34  28  32  91  71  71  44  47  86  70
   11  73  77  55  84  49  19  55  89  56  52  83
   66  66  87  25  29  38  18  47  41  32  50  17
   93  36  44  30   8  95  63  56  37  74  42  93
   96   7  62  41  91  76  45  70  64   4  52  30
   55  45   1  44  73   4  93  33  80  55  57  44
   86  85  92  93  59  39  47  27  47  81  86  80
   12  74  83  67  74  63  29  70  75  73  38  46
   46  28  84  43  90  67  34  35  85  89   7  62
   86  96  33  86  51  60  35  64  73  94  20  21
   26  43  75  48  26  80  93  11  99
   71  50  79  37  56   1  48  33  22  88  60  35
   99  40  92  25  29  34  90  32  92  84  75  44
   98  81  13  84  36  91  46  41  85  31  94  68
   94  89   4  47  22  26  73   8  33  21  32  16
   65  92  89  20  54  78  38  61  25  73  25  48
   39  38  86  91   9  65  40   2  78   5  44  50
   56  61  14  91  18  43  10  50  73  82  77  68
   89  16  57  16  78  20  54  63  52  24  69  16
   31  69  96  18  26  44  77   4  73  70  24  29
   36  63  97  53  68  43  59  84  42  18  69  96
   35  24  67  96  82  31  92  64  88   8  91  46
    8  52  65  20  75  81  93  14  19  90  19  96
   12  63  87  22   7  55  60  39  21  37  79  68
   87  93   5  35  71  94   5  68  41  25  16  59
   13  71  64  88  48  83  45   7  17  82  66  85
   27  50  62  29  10  60  57  44  73  93   1  77
   15  94  63  14  96   9  91  35  85  68  29  45
   55  50  98  56  47  91  50  32  97  71  62   5
   30  48  17  42  98  66  30  89  10
   27   6  65   8  50  78  42  74  32  47  66  77
    2  10  64  91  18  65  35   4  77  42  64  97
   47  34  62  50  94  58   2  38  42  16  72  63
   25  71  56  83  70  46   3  62  79  14  23  24
   31  25  97  27  93  25  92  48  46   2  93  81
   20  36  44  41  44  64   7  88  11  61  28  62
   48  26  20  29   9  84  56  38  66  11  73  95
   33  46  92  48  76  45  47  78  66  27  32  14
   14  41  52  50  43  44  96  82  60  88  16  56
   40  30  18  21  29  38  72   4  56  25  28  95
   56  89  46  44   8  64  42  65  83  84  43  64
   11  63  53  68  49  85  36  74  73   6  10   8
   75  69  52  92  76  34  15  38  53  14  61  34
   69  31   5  58  32  82  64  99  50  15  37  92
    9  17  77  62  57  21  86  83  11  19  23  53
   56  90  20  75  86  42  15  52  27  59  94   2
   92  75  49  72  49  45  41  79  82  36  86  50
   93  33  48  85  91  52  43  29   8  66  57  54
   24  51  79  54   4  32  42  58  45
   17  17  70   5  54  50  88  11  28  77  25  16
   68  76  71  23  92  59  91  84  70  68  25  77
   53  33  40  44  66  88  62  88  62  57  59  47
   39  98  85   8  21  11  98   4  94   5  25  63
   20  34   3  20  91  90  73  95  72  64  50  32
   82  59  31  97  54  77  91  47  50  64  32  50
   40  17  85  79  46  53  92  61  42  42  37  88
   27   2  43  98  47  55  36  14  92  52  65  36
   52  48  91  18  25  52  32  82   6  32  73  18
   23  88  43  24  43  81  46  27  40  30  63  58
   22  66  10  90  24  59  60  37  63  92  34  22
   54  15  42  98  88  41  98  45  77  27  93   8
   55  99  28  25  45  54  15  92  92   7  33  12
   53  21  58  82  47  84  43  73  77  57  66  44
   10  78  47  35  13  35  11  21  62  94  32  20
    9   3  27  71   7  37  17  78   8  28  50   3
   12  44  91  34  84  33  61  11  41  29  56  16
   80  28  15  20  97  13  56  99  44  55  80  14
   59  66  22  41  64  24  81  80  14
   63  87  53  38  43  75  84  85  11   5  29  10
   49  97  42  57  92  22  12  12  93  48  80  53
  100  15  77  30  45  10  71  51  47  66  21  80
   32  67  50  55  51  62  36   2  33   1  97  83
   25  72  11  40  66  67  27  56  62  40  10  35
   74  93  77  83  25  70  65  13  11  59  95  51
   33  16  62  67  33  88  25  10  49  67  24  53
   81  34  94  61  68  37   5  66  75  66   4  48
    4  50  74  40  96  60  14  37  74  29   7  25
   73  82  31  12  96  83  62  82  77  83  97  56
   63  95  85  67 100  74  77  44  40  10  83  18
   50  28  44  26  47  18  17  43  33  55  68  15
   49  49  87  10  43  97   5  78  43  56  26  31
   50  16  80  23  43   2  77  52  87  73  81  78
   70  48  92  39  36  27  43  93  41  43  10  66
   18  14  32  15  52   9  48   3  76  36  40  81
   69  29  92 100  71  55  66   8  14  34  80  83
   60  70   9  71  54  92  89  32  89  13  47   3
   85  95  27  73  79  33  37  72  27
    909   868   903   878   843   969   943   888   888   912
