 40 200
  100  71  90  47  73 103  86   5  75  72  90  38
   20  84  52  96  46  65  70  87  61  11  73  76
   61 102 113 104  89  97  54  91  38  31  28  40
   86  14 109  62  21  96  65  33  95  46 110  84
   13  49  86  68  43  31  19  28  45  70  89  51
    7  66  40  22  18  37  85  21 103  76  25  22
  108  20  26  29  37  73  26  71  88  29  69  82
   58  32 106 112 104  82  97  30  59  48  70  19
   55  25  59  83  19  49  68  66   3  40  66  43
   45  44  15 111  71  40  18  29  41  10  51  47
   36  42  55 111  24  42  22  97  48  90  47  47
   15  66  97  24  55  70 106  88  52  94 111  82
   58  75  28  24  50  81  48  44  72  42  59  38
   20  64 110  75  14  30  65   6  22  27  29  94
   61  92  57  47  18 101  77  81  83  54  17  80
   39  62 116  22 112  18  24  61  40 108  34  48
   64  62   9  77  57  25  97  94
   93  39   7 107  85  67   8  80  79  26 114  53
   62  74  58 114  80  41 112  84  64  27  71  11
  103  45  14 100  90  39  35  25  59  44  35  33
   46   6  75  63  65  23  21  22  97  28  70  72
   84 100  36  25 103  54  80  66  40  94  74  50
   79  97  29  43 104 109  55  25  49  73  46  26
   36  77  38  87  61  44  67 101  76  89  54  18
   72  77  93   8  48  27  33 101  18 104  12  98
   25  92  75  70  85  23  87  79  83  37  40  59
   42 112  41  36  46  17  58  68  61   6  68  25
   17  29  80  47  42  68  76  62  28  97  67  60
   28  62  94  92  76  36  97  29  30  87  79  65
   45  35  21  31  41  11  10  71  38  76  50  55
   79  24  92  10  46  80 103  49  47  84  74  42
  109  83 101  30  98  96  75  80  85  36  34  96
  103  64  92  55  83  56  91  20  80 100  51  46
   92  33  73  44  37  22  62  96
   24  74  60  11  57  47  49  40  18  72  16  60
   71   6  21  30  28  15  47  38  49  38  77  76
   43  25  32 100  78  13  32  67  21  69  62  62
   21  94 102  45  63  38 101  48  97  19 115  11
   92  65  94 101  76  82  79  43  99  76  16  82
   91  70  28  25 101  73  80  19  40  50  79  67
   57  90  30 100  26  35  78  23  33 100  31  28
   34   7  75  34  41  27  37  20  81   5 102  86
   31  34  82  27  63  40  22 106  10  14  69  20
   23  83  74  13  97  83 104  96  69  78  30  81
   68 101  41  79  92  63  64  98  56  17  73  34
   73  68  37  75  22  36  84  15  15  29  49  45
   30  62  81  38  64  43 112  86  92  68  75 107
   94  12  80  47  43  86  61  88 100  64  31  75
    4  25 101  71  70  57  51  86  97 100  26  18
   67  66  65  59  97  74   5  70  48  94  15  59
   38  90  91  90 108  74  91  17
   35  70  26 106  95  89  76  57  71  45  42  79
  100  38 111 103  87  30  90  27  38  94  19 106
   80  76  23  73  88  21  96  87  25  42  53  50
   84  87  71  90  81  43  35 114  21  45  93  83
   78  27  95  30  95  94 100  80 110 105  44  39
   92  34  13 101  34  91  51  55  25  36  55  88
   28  84  96  38 104  30  58  94 102  94 104  84
   51  56  82  50  69  86  62 103  91  75  43  74
   85  40  65  27  74  76  50  94  31  72  87 109
   15  72  51  77  97  90  37  35   9  20 104  55
  114  46  20  28 105  64  13  12  21  31  32  21
   55  12  96  28 114  47  10  51  68  73  92  53
   68  21  16  20  28 109  73 100  50 100  40  34
   79  43  40  90  60  82  56  42 106 100  19  49
  117  48  42  84  72  94  23  63  92  41 101  42
  109  45  45  44  16  94  60  60  48  33  86  95
   45  20  98  32  35  66  56  60
   17  57  95  87 102 106  61  44  59   6  63  41
   18  63  37  47  63  26  66  41  52   6  49  39
   75  18  20  99  94  57  19  31  65  27   6  96
   16  85  29  64  29  44  71  68  57  28  87  85
   87   8  67  90  99  38  90  83 105  77  72  30
   71 102  78  53  53  79  87  64  25 110  54  73
   28  84  41  77  79  93  67  51  50  70 103  97
   59  12  71  96  82  76  49  74  51  48 106  22
   79 109 102  88   6  91  16  50  54  63  53 100
  103  76  12  43  47  10 106  77  89  60  25  92
   85  92 105  34  27   9  76  14  58  17  68  65
  112  47  33  26  43  74  42  54  25  73  19  94
   96  60  59  10  44  62  31 107  48  59  17  22
   99  99   9  63  86  35  16  11 106  55  37 100
   88  56 103  17  39  98 102  82 112  83  92  29
  101  53   4 100  68  76 118  16  65 100  17  49
   80  39  43  41  18  49 104  69
   75  45  15  37  28  47  39  28  27  29  51  51
   30  56  85  16  59   9 101  25  82 102  28  18
   99  92  99  53  70  70  75  84  24  22  65  21
   36  12  60  32  12  77  63  96  34  78  41  78
   23   7  28  15  41  71 102  35  34  61  91  53
   77  76  88  92  93  17  94  75  70  61  96  41
   43  41  45  89  72  44  21  88  27  95  50  31
   78  61  46  77  71  97 107  36  72  80  61  80
   74  22  38  10  20  70  38  93  75  91 104  41
   53  45  33  17  75  13  60  61  49  46 110  16
   47  38  20  13  48  35 101  43  20  45  23  97
   57  87  55  76  20  18  94  21  30  34  30  71
   44  83  29  81  62  94 109  21  67 109  19  56
   73  35 102  31  22  41 101  27  54  44  41  80
   45  94  10  84 112  19  23  88  23  80  47  79
   88  98 111 102   7  49  92  35  21  66  15  72
   67  99  66  70  20  74  85  98
   14  31  91 107  31  18  68  62  25  13  68  29
  105  70  97  59 105  56  11  89  89  74  47  41
   99  46 108  96  52  84  67  56  22  97  56 106
   71  13 114  81  28  48 109  59  65  40  90  79
   80  99  13  16  95 111  38  57 104  20  54  65
  115  57  89 102  33  40  64  83 100  91  41  18
  105  97  47  88  85  16  34  39 101  59  81  61
   18  55  52  53  27  29  56  56  64  77 106  13
   16  39  64  82  85  40  93  75  25 108  64  80
   34  64  74  20  34 100 101  55  37  91  15  74
   14  43  43  33  64  74  44  69  33  26  40  89
   90  87  38  63  50  27  92  62  54  49  80  73
  106  72  83  96 100  68 111  69  31  86 100  43
   60  31  67  21  53  83  19  51  65  96  22  66
  110  19  14  21  16  99  93  26 105  37  30  98
   56  50  71 102  25  47  37  52  38  96  26  14
  101  59  84  14  72  52  29  50
   24  25  90  90  22  30  49  50   6  16  74  10
   31 112  16  72  45  90  67  62  83  98  34 103
   51  64 108  21  21  56  19  92 115  98  92  82
   30  19  92  67  18  59  89  86  17  83  60  99
   98  73  78  63  19  73  57  13  87  20  43  23
   94  97  35  30  55  79  15  62  32  48  35  58
   19 116  62 104  18 102 106  54  81  22  48  95
  109  48  39  57  91  32  77  46  47  67  50  90
   21  86  76  36  32  77  78  46  47  71 116  84
   59  75  93  75  33  96  41  98  61  83  83  59
   85  41  54  93  18  50  49  80  96  81  20  21
   74 109  64  51  47 104  55 105  79  60  43  24
   73 100  58  76  33 103  31  58 109  67  12  42
   28 107 108  40  24  83  66 100 114  87  15  16
   36  16  54  73 103  60  17 101  46  73  57 107
   63  47  24  59  85  53  74  96 101  40  15   8
   62  17  57  55  39  49  69  60
   37  89  98 106  67 109 101  89  98  40  39  72
   82 109  15  90  70  77  37  93  74  65  84  72
   79  68  25  33  92  49  11  41  54  32  86  96
   47  16  38  82  69  66  87  74  76  92  15  33
   24  76  76 104   4  24  31  10 103  92 110  50
   52  24 108  37  76  70  32 113  79  11  49  47
   78  90  25  88  37  26  22  47  10  38  59 112
   70  37  20  84  93  81  34  46  46  38  40  36
   79  39  29  76  76  27  29  15 102  89  67  13
   80  64  32 113  63  76  24  13  16  20  43 111
   66  94  91 100  71  68  44  53  79  15  13  97
   21  42  92  66  40  99  92  80  21  86  60  46
   63  72  42  22 110  51  82  70  19  66  18  46
   43  46  13  85  93  15  80  76  63  72  58  17
   22  17  16  88  54  88  86  42   5  59  75  55
  115  46  88  78  66  92  92  99  75  55  47  47
   16  52  11  30  64  33  21  63
   36 107  96  30  16 100  27  48  74  76  72 100
   77  64  14  72  26  42  36  69  88  82  44  24
   30  21  31  89 119  74 116  37 106  64  22 103
  105  50  11 102  44  73  84  16  64  79  51  20
   54  33  36  39  20  62  30  95  54  94  20  90
   64  80 102  94   7 110  66  51  10  82  50  92
   97  45  86 106  39  59  59  87  17  20  60  50
   52  30  57  87  86  67  69  54 101  56  84  56
   66  22  22  46  41  87  19  88  41  83  34  47
   71  16  46  46  88  57 100  32  95  57 117  71
   78  73  48  55  64  76  32  13  38  85  61  78
   33  21 103  45  33  77 116 107  18 100 104  85
   93  33  90  17 105  17  64  21  22  21  67  80
   46  30  36  36  92  76  74  39  13 108  81  89
   79  81 105  80  85  25  88  77  70  39  60  36
   88  97 105  26 103 100  99   2  52 107  68 100
   42  82  33  98  51  85  21  57
   71  24  59  48  72  75  99  81  97  65  74  48
   91  28 103  53  49  41  62  96   9  83  55  62
   87  73  35  16  52  84   7  95  32 101  26  10
  115  80  95  98  78  20  14  70  26  59 104  46
   33  98  65  31  84  38 101  31  20  78   9  53
   44  40  75  62  16  84  78  84  79  13  87  84
   77  24  18  50  75  64  99  51  11  32  29  71
   34  94  56  60  63 109  21 105  46  43 110  16
   86  19  30  18  11  39  63  83  61 107  34  19
  106  91  53  17  70  12  80  46  61  18  28  94
   63 110  18  18  85  39  60  41 111  88  78  59
   94 104  48  81  56  54 106  42  49 104  32 109
   39  99 105  99  96  54  22  84  68  48  64  94
   27  76  27  46  18  22  57  72  76  56  27  25
   47  30 104  81  86  49  44  75  79  27  31  19
  102  69  64 109  43  89   9  44  36  58  20  17
   90  86   9  24 103  63  29  61
   14 105  21 112  77 104  82  93  93  23  97  52
  101  58  49  58  21  80  95  61  38  58  70  84
   79  67  40  67  87  43 105  34  69  50  20  94
   73  76  34  42  62  89  91  75  51  46  66  54
  104  64  30  45 109  27  30  19  83  20  44  89
   14  76 102  14  29  69  38 113  48  57  47  77
   81  25  69  31  41  19  89  32  84  51  95  78
   49  96  60  51  64  53  40  57 112   6 117 106
  113  20  94  74  38  30  42 119  71  90  50  25
   74  20  40  16  20  44  29  82  17  88  64  82
   28  46  72 109  66  91  70  94  45 107  51  18
   48  56  39  73  74  87  78  16 112  70  79  43
   15  22  54  78  36  44  21  91  34  81  60  53
   36  20  22  57  65  53  28  63  20  57  81 116
   29  74  73  24  58 107 107  54  25  67  30  89
   45 103  14  63 102  37  26  43  41  66  93  16
  113  14  49  72  93  54 107  32
  102  53  71  44   9  84  64  32  77  92  93  99
   59  83  76  26  46  71  94  82  34  13 103  31
   20  91  92  69   5 104  26  88  30  44  53  84
   85 108 108  95  17  39  47  10  59  22  48  84
   64 101  89  96  89  28  57  47  79  50  19  58
   13  71 102 101  96  21 101 101  60  24  30  91
   36  80 105  86  35  43  70  44  19  36  48 103
   45  33 104  93  34  83  68  31  96  55  14  35
   97  99  12  89  69  27  43  94  68 114  86  62
   65  60  28  40  26  51  69  83  49  42  42  83
   82   9  38  84  53  15  72 101  51  78  20  86
  109  33  64  60 108  38 103  19  86  71  49  87
  101  82  85  69  64  53 104  16  38  58  43  33
   95  84 115  20  70  53 102  50  77  58 107  66
   38  84  36  68  91 108  33  83  24   8  93  38
   23  82  70  84  19 109  80  91  24  81 100  84
   73  40  58  34  69  79  54  10
   71  66 103  17  50  57  31  49  57  43  87  56
  100  94  84  94   7  45  69  68  57  98  32 107
   92  85  88  92  85  37  20 103  28  59 100  32
   50  79  44  96  36  50  37  37  66  58  64  67
   99  50  45  42 109  57  61  83  68   8  44 104
   83  43  65  60  97 100  33  72  14 102  69 109
  105  96  59  69  51  15  34  16  41  19 110  94
   58  36  61  45 109  21  47 104  54  96  38  28
   89  44  88  47  26  81  98  62  56  88  82  47
   67  72  86  30  40  44  17  19  95  25  99  98
   47 100  69  85  70  86  28  97  74  79  42  47
   63 107 105  26  60  82  80  57  63 104  89  83
   69  17  74  86  11  15  47  99  92  17  81  54
   24  86 105  43  26  78  61   8  15  69  75  91
    7  66  23  92  32 100  20  48  20  88  35  86
   75  77  18  39  19  79 113  45 105  68  63  33
   33  33  41  56  52  42 104  30
   51  78  50  31  86 107  56  69  35  66  32  32
   70  68  37  19  23  20  98 103  35  71   9  85
   29  77  27  86  18  36  91  53  54  74  96  59
   82  64  30  83  23 101 113  29  34 107  89  27
  105   7  32  30 105  93  89  98  58  86 105 116
   17  47  64  95  19  41  18  53  49  26  39  65
   94  57  94  64  90  40 102  77  55  24  65  64
   54  63  51 103  75  79 106  26  15  55  19  85
   73  42 101  97  18  76  52  65  78  20  37 100
   51  96  21  94  36  81  83  70  64  28  37  69
   45  83 114  60  78  30  21 104 103  45  74  37
   54  26  34  47  37  54 109 104 117  41  28  67
   16  80  50 115  64  53  16  38  16  82  54  87
   33  97  36  81  55  76   3  21  20  58  32  58
   40  88  39  24 100  22  54  20  41  33  78  28
  100  64  53  61  51  23  94  51  63  61 110  99
   74  39  69  33  67  39  90  63
   45  56 107  36  72  57  34 106  90  84 108  51
  101  25  52  61  49  97  97  94  53  91  85  75
   93  58  84  81 112 107  75  56 105  13  25  34
   52  37  69  41  85  71  78  64 105  97  40  86
   82  48  46  80  33 103  84  62  49  48  21  61
   84  24  63  94  65  76  75  30  84 101  23  20
   71 103  69  32  51  77  17  78  95  47  87  42
   28  62  81  74  73  46  40  56  78  89  20  78
  102  68  98  97  30  56  18  65 105  86 105  95
   83  86  45  75  10  54  65  39  77  51  81  93
   88  73  84 109  17  62  88  30  20  12 119  45
   92  60 110  18 109  79  10  58  22  46  24 100
  101  72  98  76  43  51  40 100  52  52  56  39
   42  49  86  69  60  64  56  91  13  95   8 100
    6  83  39  78  87  96  14  95  59  62  10  72
    7  83  83  78  72  23  94  71  58 104  40  39
   24  31  32  96  29  25  67  33
   23  84  85  52   9 116  35  80  66  17 100  80
   65  71  97  96  80  64  13  83  75  18  59  38
   23  30  93  75  99  60  49 105  37  82  96  95
   45 110 102  76  50  95  20  10  41   6  66  19
   95  67  87 104  61  44  61  46  90  60  50  99
   67  74  44  55  39   5  80  10  63  65 106  10
   46 111  95  61  99  34  71  13  86  63  84  64
  114  42  28  40  79  97  30  94  65  32   5  27
   64  86  71  30  97  58  39 115  30 103  43 113
   41  35  73  74  32  46  54  59 111  83 110  35
   24  76  31  39  12 109  47  13  30  25  85  33
   44  44  18  52 119  65  79  84  58  23 101  39
   65  53  58 104  72   9  69  48  22  74  66  49
  102  24  48  51 113  97  81  54  19  80  58  55
   90  15 100  68  68  96  58  65  82  44  49  97
    8  70  38  74  87  88  55  58  17  89  24  19
   30  39  14  51  99  83  37  39
   99  80 101  82  26  92  39  93  34 110  73  23
   61 100  93  97  75 105  87  76  13  76  42  50
   31  33  35  65  43  49  33 113  72 110  15  85
   57  17  37 112  99  15  36  50 102 105  51  77
   93  40  62  23  36  81  54  97 100  45  69  73
   18  20  34  37 117  99  35  11  54  54  82  22
   58  69 105  71 111  75  58  96  69  55  29  80
  108  85  19  39  16  74  78  42  27  40  51 107
  107  74  35  50 105  58  69  30  47  25  58  41
   41  82  87  69  75  24  62  55   5  60 106  47
   60  89  56  63  78  66  96  96  15  89  21  93
   67  36  45 106  53  54  63  47 100  96  31  28
  103  37  68 101  33  76  93  30  31 102  89  27
   47 104  21  76  47  34  30  94  45  62  42  29
   71  65  29  81  79  93  77  81  25  48  98  10
   65  63  85  42  96  64  53  85  21  28  53  57
   79  82  87  63  33  25 112  66
   35  45  18  31  61  75  41  13  14  83  72   6
   86  57  52 106  94  35  57  85  29 108  27 103
  106  37  20  31  18  50  56  29  58  90 112  46
   85  67  74  46  30  63  34  78  30  10  59  84
  100 107 106  79  38  91  40  24  78  40  39  30
   37  91  66  23  74  67  43  14  43  58  50  29
  103  69  75  80  55  37  18  72  71  84  61  99
   54  46  69  48  61  46  47  31  91  63  19 117
   66  40  87  80  64  73  78   9  63  50  78  76
   86  85  92  51  93  51  25  89  44  20  63  61
   24  98  72 100  29  68  62  59  63  75  96  93
   32  80  43  51  73  89  72  34  93 105  50  90
  111  14   7  39  17  56  47 109  30  84  81 104
   32  15  61  53  13 101  15  37  93  46  92  84
   81  96  23  80  39  77  19  95  76  79 108  71
   76  26 105  23  24  28  20  89  50  89  64 106
   17  83 108  56  95  15  89  93
   31  87  60  10  38  23  33  62  93  46  72  36
   27  99  76  29  90  42  44  66  63 100  42  12
   67  58  57  57  86  56  43  57  12  82  74  71
   16  85  54  60  55  84  27  18  74  32  20 105
   99 101  27  87  78  49  64  16   7  34  95  40
   21  65 103  61  84  88  40  37  82  83  92  36
   87  79  64  64  90  47  94 101 112  83 108  40
   94  42  17   7  65  96  11  99  52  67  89  16
   33 110  34  25  44  20  71 106  49  56  88 101
   33  81  24  61  32 109  92  27  34 104  37  23
   44  51  62  58 103  82  77  62  56  88  41  76
   76  54  48  16  61  54  62  49  27  62  49  23
   35 103  39  91  38  58  67 107  86  38  71  58
   52  72  53 102  37  45 102  14  66 107  29 103
   65  75 103  48 108 107  89   8 108 105  49  70
   28  59  29  61  30  78  59  20  82  39  75  96
   17  38  77  79  71 103  68  89
  112  62  46  14  16 106  91  42  35  64  82  95
   12  35  51  51 100  21  20   4  21  63 106  75
   96  91  41  32  38  19  84 118  65  96  73  28
   58  80  75  10  26  28  50  97  12 103  74  52
   26  71  30  94 101  19 101  89  95  52  96  40
   66  30  23  80  36 105  58  17  24  56  90  48
   44  24  84  51  40  15 116  48  68  93  97  41
   41  72   8  75  41  41  98  79 104  19  61  68
   40 100  16  96   9  48 112  37 104  66  81  35
  115  22  59  71  44 103  37  94  98  62  58  28
    8  76 100  47  88  81  35  66  94 100  64  81
   46  75  61  94 104  52  59  65  18  81  54 101
   66  15  64  51 106  65  32  65  31  53  79  78
   34  96  40  88  95  81  78  51  36 112  51  33
   59  77  30  37  76  11  78  72  34  44  94  90
   66  77  26  64   8  88  34  69  19 101  74  47
   57  79  94  20  54  76  77  50
   68  25  25  29  74  26  60  22  52  31  88  64
   27  74  81  64  88  35  40  91  35  76  49  69
   48  87  21  54  60  13  70  85  27  29  88  97
   12  15  61  56  83  62  31  10  60 102  61  20
   25  58  21 107  45  73  71  65  61  48  36  28
   51  77  43  65  85  31 114  20 102  79  31  75
   22  30  45  89  54  63  53  19  15  76 101  14
   44  64  97  83  34  20  78  71  76  11  47  41
   16  62  75  88  38  75  40  69  58  26  22  72
  100  49  14  50 109  18  71  22  24  39  35  30
   60  35  18  54  90 106  91  24 104  54  62  74
   88 106  98  29  64  57  53  33 109  14  32  24
  103  18  22  63  73  87  40  60  93 104  47  86
   82  36 109  49  29  57  67  68  45  30  77 105
   50  60 107  77  14  66  79  95  85 102 106  49
   46  64 100  63  22  18  55  22  26  69  13  43
   76  64  59  24  79  37  48 111
   85  91  46  71  98  87  74  51  40  22  38  91
   80  13  31  43  52  13  94 109  77  70  40  55
  102  28  39  92  79  25  53  55  42  36  24  89
   74  30  40  57  21  33  78  76  18  43  39  37
   41  55  85  69  91  80  51  37  81  47  89  98
   41  14  43  48  32  77  79 110  98  31  69 116
   68  61  30 103  56  49  64  47  65  16  59  75
   78  71  30  58  68 105 112  52  28  23  55 116
   64  80  42 103  19  34  88  37  65  71  59 104
   44  62  52  78  93  81  81  74 103   8  44  99
   29  51  37  21 105  78  72  92  39  91  94  30
  100  25  66  86  42  93  49  61  64  83  68  39
   71  59  18  32 113  56  57  93  90  69  47  69
   39  49  59  59  89  76  85  41  91  32  68  46
   61  90  31 104  82  23  60  94  63  53  16  96
   56  42  18 104  39  87  70  44  76  98  27  43
   78  82  62  80  55 119  40  47
   61  72 105 103  84  79  81  55 100  69 115 104
  102  70  44  67 109  35  63  15  52 108  22  21
   69  99  20  76  44  72 102  71  98  71 108  17
   73  64  20  40  28  31  32  90  83  95   9 113
   74  19  81  76  40  80  72  81  52 100  12  15
   53  38  59  79  30  48  81 116  99  31  41  48
   70  60  41  34  60  72  96  53  93  77  34  84
   62  13  66   6  94  48  76  71  18  34  99  40
   77  42  32 104  22 100  47  97  71  96  82  74
   35  59  28  25 109 114  39  61  24  29  44  71
   73  44  18  66  61  85  43  13  82  94  96  40
   61  33  98  31  49  63  61  34  67  64  25  71
   25  72   3  46  64  49 108  61  90  70  74  79
   23  50  16 102  48  47  18  65  41  31  17  69
   27  99  36  53  97  41 110 111  80  89 102  62
   23  16 101  38  87  26  87  94  24  13  54  66
   33 118  36  62 100  54  24  54
   49  44  96 108  41  79  44  70  63  88  54  73
   92  46  98  34  76  36  42  72  67  28  30  78
   35  62 103  53  22  64  45  20  76  10 107  90
   75  19  10  29  59  82  63  20  67 100  61  86
  112  56  89  67  49  44  17  97 105  85  48  38
   13  48  64  75  16  49   7  84  58  74  51  91
   21  97  95  27 106  17  33   9  90  61  94  26
   28  85  28  51  53  74  83  48 114  80  23  49
   84  21  50  70  48  85  65  38 106  46  66  26
   87 109  12  17  46  83  71  41  82  68  60  73
   11  48  25 100  27  98  35  56  60  41  94  80
   98  25  48 100  52  28  74  15  44  57  91  88
   74 102  19  30  45   9  46  42  76  21  51  92
   42  59  18  75  76  43  58  14  89  50  35  59
   52  39  53  92  71  94  90  57 110  35  50  90
   95 103  66  73  46  70  94  38  98  55  67  40
   30 106  74  65  14  78  23  28
   88  28  45  72  61  76  27  68   8  15  67  29
   41  47  89  42  30  64  59   5  79  14  39  49
   36  68  41  35  70  20 109  21  69  64  63  26
   67  95  27  73  97  51  63  63  52  33  76  44
   93  59  75  40  92  13  71  99  75  56  69  73
   56  96  27  72  85  40  11   8  41  95  24  34
   55  92  58  28  49  82 113  66  94  98 106  88
   61  95  85  55 103  69  66  47  13  40 115  68
    7  26  80  27  57  45  10  24  88  62   8 112
   37   5  71 101 106  33  45  61  76  35  92  44
   77  81  20  46  68  24  12  63  43  12  41  54
   85  38  71  95  53  20 101  90  91  71  57  58
  100  72  81  46  89 102  63  39 103  83 105  23
   74  57  24  48  65  87 102  81  37  82  82  77
   56  49  31  69 102  54  46  90  86  70 103  98
   93  89  68  91  36  45 111  88  42  92  24  12
   47 109 100  61  63  13  35  23
  102   6  54  78  65  53  31  31  70  58 101  23
   94  71  91 103  81  71  37  44  89   9  83  95
  100  78  47  43  35  80  54 101  38  25  25  60
   66  91  59  28  47  72  81  59  17  86  94  63
   85  53  81 113  72  23  45  83  24  98  70  22
   20  77  41  44  87  15  57  44  28  90  52  33
   31  23  42  27  77  91  58  96  77  16  82  60
   90  54  45  70  29   7  27  43  52  55  78  32
   15  77 102  17  97  17  72  49  51  73  90  28
   42  69  28  87  99 105  69  67 107 103  46  43
   62 107  83  52  44  78  75  33  49  41  27   5
   22  17  50  24  75  52  32  90  57  67  49  43
   41  89  24 101  53  82  96  45  91  31  86  16
   60  79  19  91  55  53  93  94  65  40  69  83
   87  45  75  81  69  33 108  50   9  95  97  90
   93  94  61  27  61  38  84  80  65  38  70  93
   99 117  49  30  95  68  56  33
   82  77  41  68  54  64  49  62  32  53 107  79
   30  72  28  78  42  66  94   9  57  66  25  35
   34  88  16  69  67  14  90  50  68  65  71  97
   20  92  94  98  16 104  49  41  13  39  18 117
   90  56  56  85  53  79  79 106  71  39  31  26
   54  65  30  73  43  54 109 100  94  89  21 105
   54  89  83  90  50  88  71  42  18  59  38  28
   52  73  44  62  55  36  49  81  10  11  46  12
   88 104  99  15 100  93  88  23  28  13  32  48
   87  44 113  71  67  51  98  31 112  86  61  57
  104  20  92  56  73  89  59  85  86  18  77  83
   62  30  20 110  18  34  16  55  42  44  63  86
   58  19  59  79  39  41  70  14  61  92  82  11
   68   7  30  38  55  54  67  27 118  37  36  52
  107  73  76  71  39  12  63  71  32  21  43 113
   72  95  76  73  48 114  59  67  32  40  42  70
   98  18   9  68  92  37  94  27
  102  79  94  44  82  83  37  35  85 102  30  43
  110  83  35  75  49  99  90  51  28  26  44  64
   76  41  22  14  47  44  34 101  40  41  95  16
   35  17  59  81  70 101  26  72  16  25  38  76
   57  86  77  95  63  61  91  85  12  69  34  89
   16  92  93  52  75  43  47  61  94  62  92  86
   95  49 111  83 106  51  30  64  59  32  33  30
    6 105  68  83 101  62  53  27  68  23  38  85
    6  38  45  76  77  97  52  65  73  78 104  54
   79 113  68  35  74  48  33  35  89  61  69  52
   26 118  75  40 102  88  66  83  64  65   5  77
   21  78  53  17  20  68  17 100  33  91  26  84
  117  34 112  23  12  37  31 110  35  33  19  27
   33  86  74  76  12  99  44  60  80  61  93  71
   32  35  29  56  81  80  43  12  47  85  30 108
   87  54 108  54  89  41  77  23  57  94  78  45
  101  96  39  42  92  82  86  11
   25  89  63  49 108  57  36  80  91  27  47  49
   12  85  75  61  48  86  69  86  17  50  39  25
   68 103   9  22  69  61  17  67  65  98  84  59
  115 106  23  84  41  36  86 112  52  27  79  41
   61  42  66  55  36  79  68  62  58 114  21  26
   51  55  60  85  29  91  35  91  24  24  70  65
  110  56  33 105  52  81  39  25  32  98  66  80
  111  32  29  33  65  52  96  36  66  99  14  43
   85  38  24  38  26  37 104  31  32  57  95  40
   23  42  45  83  34  63  25  54  95  95  96 105
   78  26 106 101  49  65  32  31  26  47  26  50
   90 100  81  37  16  13  29  66  15  60  70 107
   73  27  48  49  99  66  40  53  90  89  41  17
   28  62  22  21  24  75  30  54  90  84  70  72
   32  30  24  95  38  27  84  91  25  45  91  54
   92  11  70  83  72  52  91  70  55  45  38 102
   87 109 108  88  36  98  82 108
   29  49  13 106  92  40  41  67  50  71  50  76
  101  95  52  60  39  43 114  29  54  35  59  40
   48  34  81  97  44  70  93  26  33  60 105  99
   30  84  38  54  75   7  71  97  34  58 116  35
   81  97  84  82  67  23  79  97  22  45  38  63
   83  92  41  36  34   7  73  64  22  68 100  52
   17  65  87  64  65 111  65  52  80  28  50  32
   60  55   6 105  53   4  95  99 105  30  16  50
  113  73  78  70  56  38  94  24  41  96  44  41
   19   4  68  17  46  80  98  64  99  15 105  94
   93  76  55  71 112  66  84  35 104 105  51  82
   41  60 103  20  97  65  89  59  63  19  88  74
   80  42  36 108  69  50  26  48  84  92  25 106
   17  31  76  19  68  50  95  28  79  60  36  84
   48  96 106  99  64 102  71  73 113  43  68   9
   79   8  13  14  96  15  74  87  18  88  55  85
   90  73  18  73  99  45  97 103
   73  17  72  27  98 105  98 111  99  31  50  25
   42  88  13 107  65  17  52  95  69  28  70  81
   52  44  52 101  16  53  41  73  92  31  20  83
   21  30  69  67  18  62  45  15 114  37 111  19
    9 105  45  21  69  72  80  78  50  30  96  73
   19  21  29  53  69  35  48  82  87  54  72  26
   84  25  90 106 102  45  15  70  91  45  97  33
   74  17  67  41  57  88  52  88 100  72  20  19
   28  52  77  46  21  21  51  31  22  40  65  84
   66  98  46 107  16  97  13  89  26  65  89 106
  113  80  96  69  17  86 117  30 107  23  68  17
   61  71 106  82  50  29  53  89  25  75  81  34
   40  46  49  93  63  38  69 100  24  26  36  57
   90  46  42   8  30 106  41  32  49  26  80  58
   31  52  13  80  84  76 105 104  49  48  48  25
   89  77  28  63  28  66  89  72  43  30  38  94
   36  87  38  98 105 107  14  46
   69  69  52 105  88  21  68  21  16  79  46  38
   52 100  43 101  92  59  78  71  30  29  38  82
   20  59  61  67  28  80  70  39  48  34  17  51
   40  88  82 105  70  63  72  32  18  99  43  72
   47  71  74  47 107  96  42  58  23  88  40  79
  115  75  18  68  44 107  89 112  31  70  77  86
   86  89  88  59  90   8  23  91  49  59 106  90
   77 107  12  98  37  47  59  54  56  48  97  11
   36  26  65  70  41  44  85 119  82  93  92  32
   83  59  64  75  94  40 109  96  31  78  25 118
   97  31  32  24  67  93  85  51  38 101  60  38
   22  26  88  61  73  72  99  33  94  51 100 103
   20  28  61  62  85  22  97 114 101  18  37 105
   62  30  35  99  49  34  72  34  35  48 116  46
   54  21  88  93  40  82  10 107  99  20  16  21
   58  19  47 102  45  61  91  79  39  70 105  74
   83 100  16  71  31  71  51  71
   73  66  38  41  18  66  63  25  67  85  60  27
   65  72  80  23  80  65  60  45 103  57 109  16
   45  48 109  46  77  94  17   3  54  40  72  41
   72  82  95  88  86  31  70  28  38  26  43  48
   86  41  16  32  53  58  41  75 101  12  83 100
   38  67  38   9  86  48  34  66  38  20  28  76
   60  46  91  88 105  36  46  69  47  38  68  11
   38  66  97  62  95  49  55  20  96  84  87  95
   78 104  95  71 106  51  91  96  79  58  15  81
   58  91  24  56  55  48  43  93  91  73  50  49
   20  52  15  56  46  32  16  36  84  40  49  63
   48  49  34 104  11 103  32  13  88  84 104 101
   61  60  76  50 104  31  88  29  64  91  72  19
   58  83  34 101  93  65  64  17  36  20  34 107
   69  71  95  41  66  67  43  57  76  68  76  53
   68  51  68  89 100  60  61  62 104  31  94 100
  117  70  51 103  78  22  96  78
   23  88  29  61  83  99  69  52  19  73  41  77
   79 100  90  67  38 101  25  26  81  49  87 100
  101  26  65  75  13  41  86  66  40  42  74  71
   61  38  97  67 106  56  83  76  65 105  38  73
  114  95 110  40  47  18 110  53  52  16 103  95
   26  25  99   7  84  92   9  86  59  51  59  55
   65  31  81  95  97  64  45  46  91  79  80  52
  103  73  39  70  67  53  89  90  41  73  47  89
   40  85  39  72  21 107  20  60  63  45  83  81
   59  61  77  34  53  60  79  27  97  24  59  61
   94  22  53  45  59 113 111  58  53  69  91 112
   95  51   8  50  65  28  53  98  62  42 102  83
   46  43 112  12 116  55  80  28  98  32  58 103
  108  13  24  83  71  11  15  37  67  68  27  90
   18  62  40  76  87  54  66  59  36  37  90  70
   69  16  84  98  27  86  70  17  56  34  67 108
   42  71  91 109  63  67  84 107
   55  43  99  63  92  14  88  21 116  76  69   7
   98  41  55  13  14  71  53  39  59  61  23  89
   60  61  81  90 101  17  73  32  76  64  67  75
   19  39  76  31  68  45  55  30 105  22  25  35
   22  27  90  62 106  67  58  81  16 105  22  78
   27  20  39  90  67  19 106  73  83  90  53  51
  103  31  28  66  47  94  80  93 111  47  29  82
   82  30  92  92  48  80  59  27  97 105  18  15
   51  50  59  78  86  90  43 100  46  56  29  56
   42  77  80  48 104  70 110  20  29  49  51  47
  116 103  19  41  34  33  35  64  67  94  48 114
   89  95  83 104  38  43  79  40  33  95  29  20
   59 101  39  98  67  69  71  84  26  99  57  61
   77  25  11  43  58  76  30 102  95  93  99  21
   79  14  20  60  61 107  47  50  61  80  53  78
   56  29  95  25  15   9  97  27  68  84 104  71
   25  37 110 100  45  61  28  52
   74  92  62  87  68  22  11  89  92  44 103  45
   27  60  60  44  18  21  76  98  74  49 112  40
   30  19  69  91  34  81  18 108  27  17  99 114
   49  79  73  78  83  95 105  47  12  88  81  29
   86  28  71  62 115  62  85  63  58  65  84  10
   65 112 102   6 101  65  43  76  23  25  46 111
   41  94  23  41  80  62  18  18  94  40  69  79
   32  78  47  65  35  74  93  19  79  68 102  43
   49  18 106  68 107  52  42 103  45  55  49  25
   67  77  70  43  55  91 106  25  56  75  51  26
   56  45  46  35  30  81  15  98  51  90  85  27
   98  97  42  91 109  92 101  13  52  30  53  85
   86  61  39  34 103  88  74  61  55 108 105  54
   75  51  57  66 101  97  99  27  93  18  79  33
   32   7  95 102  67  56  62  57  82  45  22 103
   54  14  33  86  29  48 104  74  32  72  23  82
   35  35  42 104   8  69  50  81
   40  68  60  59  72  86  86  39  25  74  21  55
   19  33 102  90  43  40  17  84  31  25  79  90
   47  77  86   6  55  23  68  93  32  27  17  47
   98  26  69  39  81  36  32  76  95  47  36 109
   42  90  65  74  67  71  98 114  64   9  93  60
   75  23  26  68  27  29  83  78  50  56  15  46
   49 114  59  21  86  30  25  33  59  21  57  26
   43  44  99  99  27  96  54  71  65  28  73  97
  112  63  13  47  80  32  98  85  17  69  79  60
  101  34  76  29 103  21  50  69  52 117  72  35
   27  13  40  15  14 108  39  56  44 105  95  24
   95  61  88 113  76  26  60  65  93  31  64  90
   68  62  52  56  65  61 108  13  54  49  45  78
   94  20  74 115  31  25  24  97  52  97  78  20
   98  19  94  66  72  52  77   7  85  36  33  78
   74  66  60  23  81  93  56  55  79  88  55  48
   25 112  67  25  40  50  56  74
   21  32  93  27  71  43 116  91  13  84  37  37
   41  89  70  91  45  64  98  89  93  94  51  37
   80  55  79  51  27  40  25  71 101  78  86  46
  111  34  58  83  58  27  69  26  79  70  63  49
   44  72   5  28  24  23 101  86  99  99 110  70
   72  56  95  96  10  68  78  42  66  41  51  93
  102  14  73  93   3  24  84  27  33  28  72  82
   75  30  12  95  23  31  57  89  25  53 115  65
   33  30  55  60  82  48  48   5  95 111  14 105
   76  82  56  26  22  16  29  85  46  58  64  31
   36  97  63  95  54  75 111  81  77  45  62  67
   45  21 108  66  99  49  56   9  31 107  49  78
   95  80  21 117  50  77  88  20 102  44  76  35
  105 107  70  90  30  64  29  28  99  86  66  23
   63   8  29  86  30  49  25  29  98  72  52 107
   89  31  49  47  53  37  79  54  23  95  19  22
   55  29  39  70  75  32 103  22
   33  47 112  69  91  31  36 100  76 109  21  62
  101  37  12  25 111  31  84 100  41  71 100 100
   50  91  69  38  31  25  76  79  44  29  67  54
   18  36  46  50  54  38  95  33  59  25  37  11
   27   7  74  85  86  94 102 100  91  35 109  63
   66  37 105  70 102  86  52  28 104  67  64  90
   82  49  23  82  15  30  92  78  33  54  74  56
   32  26  59  55  64 102  63  47  62  27  27 105
   14  96  90  68  51  69  98  65  20  82  41  70
   71  93 100  51  87  96  90  18  21  85 109  22
  106  54  87  28  20  54  63 106  15  60 104  59
   18  78  85  95  88  42  93  17  69  56 104  87
   75  72  60  10  88  35  73 104  23  30  88 110
   98  24  53  30  48  20  51  42  28  39  67  21
   90  87  82  45  50  22  23  90  75 105 105  92
   61  76  75  63  71  35 105  56 103  74  22  84
   17  96  54  76 102  33  47  64
   11  43  27  61  41   8  31  99  41  45  26  82
   95  28  56  15  57  42  33  17  46  94  34  28
   49   8   5   5  20  20  59  20  79  88  75  64
   18  88   2  45  88  10  51  87  16  62   7  34
   89  69  16  42  67  75  95  89  72  40  27  69
   96  41  62  91  98  71  17  85   6  43  77  96
   11  85  93  84  72  44  86  32  20  81  40  33
   46  77   9   3  16  32  14  72  55  57  41  89
   62  85  47  20 100  66  52  45  99  65  47  67
   57  67  88   2  40  70  98  82  78  94  68  61
   73  74  57   8  90  61  89   6  63  24  57  59
   93  51  20  87  49  44   5  29  65  26   7  38
   45  33  84  84  57  21  68  60  39  62  52  69
   94  47   1  35  95  82  42  97  80  90  74  16
   54  15  61  63  90  13  34  33  28  60  92  34
   75  49   1  91   7  89  92  50  63   9  69  70
   53  52  95  30  54  80   9  24
   18  72  98   1  28  36  94  33  35  76   4  58
   42  35  44   5  27  74   2  25  40  84  42  92
    6  75  98   6  22  81  82  86  60  62  76  79
   64  99  36  52  52  97  90  97  16  84  45  31
   20  14  73  90   3  60  29  38  75  22  32  60
   24  22  81  65   8   6  47  85  57  42  72  77
   78  25  75  20  51  69  46  17  26  15  48  92
   31  25  21  98  63  84  73   6  97   5  90  13
   78  19  30  39  26  83  24  27  33  78  76  45
   66   7  66  81  65  95  45  52  44  96  36  92
   89  82  40  63  60  51  27  50  91  23  44  58
   89  42   9  21  35  75  14  89  81  16  25  45
   57  76  81  86  62  95  94  39  71  34  52  51
   32  78  12  93  65  35   8  62  66  36  46  75
    2  36   6  74  14  15  40  25  19  74  76  15
    3  39  15  57  28  58  27  86  31   5  62  64
   19  73  40  70  74  84  53  11
   92  41  52  97  53  60  53  66  93  33  91  57
   42  98  99  85  83  98  64  70  58  79  27  38
   61  92  83  15  39  95  87  36  97  48  43  40
   93  17  12  69  41  72   8  72   8  88   3 100
   15  46  20  12  40  29  39  67  15  27  94  34
   26  33  75  82  15  47  24  89  76  70  39  35
   62  13  74   5  76  85  36  88  79   7  86  80
   85  97  43  80  63  84  77  91  38 100  16  24
   88  80  38  89  46  64  81   7  99  99  35  99
   92  34  44  93  22  24   9  22  39  28  83  21
   51  11  76  33  20  41  53   4  60  92  30  83
   45  43  80  28  97  76  34  98  99  78  71  59
   85  42  30  79  44  65   3  34  20  49  36   2
   13  99  30  65  76  28  42  15  17  50  81  43
   99  86  15  47  41  61  60  29  14   6  94  96
   45  52  46  61  16  42  98  40  63  19  91  54
   78  30  19  29   7  29  27  94
   78  50  81  12  15  22  37  51  39  64  62  35
   19  66   7   8  32  78  28  77  69  12  96   9
   31  39  94  31  29  92  14  31  85  67  57  60
   35  19  39  27  21  61  83   5  98  72  27  25
   36  89  17  80   8  13  10  27   5   1  75  77
   25  75  92  10  77  16  53  61  85  66  56  28
   79  31  17  70   3  72  57   8   9  17  11  22
   62  50  24  53  40  21  53   5  28  35  65  40
   23  63  37  84  35  35  59  22  83  42  31   1
   96  35  63  27  19  27  78  69 100  92   8  57
    5  65  96  80   7  42  98  90  90  78  79  98
   53  92  16  78   1  63  94  64  52  29  16  50
   36  89  87  92  90   8  29   8  68   6  73  73
   30  65  62  29  49  31  48  72   9   9  94  65
    3  63  77  30  37  22  82  46  28  73   7  60
    3  65  57  73  99   8  54  53  67  72  25  25
   67  88  11  75  69  50  64  52
   98  47  16  16  18   3  41  76  45  97  53  63
   98  52  66  69  39  83  37  79  68  96  64  72
   31  89  87  18  14  55  90  77  46  76  97   6
   98  28  76  50  83  76  36  48  58  83  28  30
   20 100  46  20   7  71  27  33   3  32  47  76
   31  11  29  50  59  30  33  46  93   1  64  47
   87  29  70  30  32  12  40  63  62  39   5   7
   57  91  38  15  36  43  55  31  58  60  13  91
   31   2  14  28  97  17  97  60  48  48  49   4
   12  31  96  61  62  92   7  34  13  51  91  10
   23  18   4  72  89  97  39  95  55  85  34  47
    4  68  69  85  59  28  66  61  91  35  89  19
   11  55  45  93  67  44  80  13  58  51  87  95
   18  17  98  56  27  74  88  96   5  50  74  15
   17  61  16  98  66  17  15  30   3  20  14  80
   15  63  99  17  35  34   1  95  37  11  86  66
   38  64  70  70  96  56   7  43
   35  63  93  73  84  66  74  91  84  91  68  69
   74  60  17 100  43  93   6  79  29   8  74  98
   16  20   5  49  40  46  33  20  82  98  39  98
   75  90  54  71  97  32  57  24  78  31  74  38
   92  95  82  95  65  32   5  76  70  42  14  58
   30  31  31  19  13  98  25  34  39  45  15  76
   73  66  65  18  34  61  91  29  83  23  58  79
   34  45  74  37  47  19   2  66  32  35  48  32
   45  82  70  97  92  46  73  23  31  14  12  69
   61  68  87  93  36  91  51  52  54  65   3  99
   64  67  87  91  63  76   3  77  96  67  92   8
   57  16  50  32  87  93  17  97  78  72  81  49
   67  23  82  30  43  12   7  84  41   8  89  52
   45  73  14  73  87  73  12  84  51  70  63  22
   63  24  96  21   4  92  90  15  97  34  69  34
   21   5   8   9  95  57  28  68  94  45 100  39
   37  19  46  45  91  29  31  11
   91  76  16   3  80  85  44  49  95  92  41  80
    4  41  14  56   4  55 100  13  21  38  66  69
   13  71   9  23  65  18  53  51  93  20  55  11
   44  98   1  37  91  56   5  49  42  72  13  40
   29  11  98  87  18   9  66  45   1  88  49  50
    4  50  13  16  78  71  48  36   9  14  79  86
    7  14  59  20  17  92  69  70   9  46  22  51
   85  54  59  54  79  73  52  52  50  42   2  98
   89  76  39  24  17  74  24  40  84  11  47  39
   71  43  28  91  86   7  16  48  70  17  90  39
   91  68  60  74  48  37  64  44  70  77  71  17
   14  24  77  43  68  89  12  50  50  69  31  47
    7  35  23  23  15  40   3  44  81  18  18  59
   43  80  45  95  64  19  88  59  42   7  84  37
    1  94  97  95  95  14  24  80  12  75  86  18
   63  68  40  14  93  64  68  51  76  14  85  96
   17  44  35  93  46  67  88  67
   90  80  25  27  92  81  65  66  98  96  45  93
   74   7  95  31  71  28  38  40  27  13  77  14
   63  50   5  85  90  63  95  22   3  14  16  26
   81  96  12  37  94  46  20  31  93  28  60  18
   18  47  39  45  91  43  51  95  26  93  73  88
   18   8  70  77  49  36  93  55  88  60  79  47
   91   1  49  16  96  14  13  60  32  89  63  16
    8  56  80  51  24  77  32  73  64  52  68  25
   98  16  29  83  82  40  38  65  58  31   4  18
   53  33  23  29  82  24  77  20  45  20  35  48
   26  70  48   9  97  64  58  31  18  22  90  81
   30   5  55  60  62   5  50   6  32  54  59  90
   39  19  51  27  70   3  82  57   1  42  92  65
   88  13   9  66  78  24  45  15   2  23  99  99
   74  90  58  47   1  47  90  16  69  44  54   5
   55  73  91  46  17  60  32  10   4  66  88  98
   47  89  63  55  65  63  41  55
   70  15  20   3  46   2   8  29  15  74  73  44
   25   5  96  27  41  30  77  23  43  54  30  47
   33  50  88  78  24  56 100  65  52  80  34  22
   65  95  73  33  34  42  20  45  41  28  91  77
   90  29  26  12  99  87  73  99   7  13   6  59
   64  81   9  75  43  37  88   2  32  91  66  57
   37  23  81  30  78  77  88  72  97  66  61   6
   50  70  90  20  11  36  83  69  71  78  66  77
   39  78  78  35  40  84  81  97  17  14  50  90
   29  47  79   5  55  36  78 100  87  97  76   3
   40  16  18   4  39  43  64  65  32  98  97  15
   81  68  12  46  67   6  22  22  87  30  59  70
   57  31  71  89   7  61  24  41  86  44 100  56
   61  69  98  32  17  91  38  36  51  37  51  97
   83  93  89  18  48  22  21  62  97  45  33  65
    1  56  28  28  45  16  25  19  33  49  62  72
   86  51  94  90  43  82  92  45
   75   7   7  76  87   9  88  65  30  35  42  11
   40  47  89  36  77  77  77  39  25  34  76  87
   88  99  79  24   1  29   4  67  13  48  89   5
    3  61  99   2  71  41  22  93  41  38  67  91
   60  73  69  77  99  42  85  11  54  13  96  21
   39  28   8  11  97   4  45  60  93  28  61  18
   14  65  30   8  71  50  50  30 100  91  43  53
   59  73  54  23  29  52  50  58  16  56  25  48
   47  89  92  60  76  30  91  31  77  25  84  72
   49  99  57  70  15  51  19  82  21  49   1  42
   34  37  60  54  49  33  75  97  81  27  50  24
   70  83  10  60  78  40   4   6  93   8   7  32
   24  70  14  86   3  86  45  87  87  86  44  29
   58  76  77  77  19  33  37  71  94   9  34  26
   38  29   7  27  22  91  17  34  44  68  47  81
   25   5   5  77   8  20  21 100  62   6  51   6
   77  28  71  20  69  25  83  45
   40  86  58  63  46  44  14  23  16  38  44  61
   25  90   6  50  55  78  55  21  93  31  57  56
   30  35  79  92  59  31  95  24  82  13  80  97
    5  31  19  15  34  90  96  33  85  49   5  63
   77  21  40  72  34  74   3  80  83  34  99  63
   58  75  40  50  95  33  39  27  39  92  16  33
   34  96  94  63  33  42   6  64  92  79  81  42
   72  15  61  54  40   9  87  13  65  77   9  86
   23  89  75  97  92  71  47  23  58   2  83  93
   11  13  52  96  42  96  25  73  52  93  76  20
   44   4  87  85  25  79  44  75   7  28  36  51
    9  12  56  26  52  48   7  68  62   7  88   4
   72  17  13  11  17  56  91  21  38  63  44  24
   80  26  91  62  93  91  62  32  33  58  88  86
   58  80   7  32  32  67  58  30  26  83  89  96
   11  46  51   3  66  30  99  73  75  61  93  89
   25  23  99  84   8  52  86  50
   96  15  99   5  40   8  38  17  12  86   8  53
    9  56  61  51  88  35  13  59  71  51  37  34
   36  42  68  45  24  60   4  74  37  64 100  12
   38  27  77  61  50  31  13  34  59  69  47  56
   11  48  82  61  11  82  80  95  27  97  62  17
   88  32  15  92  82  34  80   1  62  62  66  33
   37  88  39  88  79  92  26  79  24  67  16  29
   62  15  58  69  51  50  63  46   7  97   3  14
    5  93   9  40  82  84  75   1  41  28  56  85
   38  93  66  91  95  59  81  31  94  18  40  24
   77  68  39   3  47  26  37   9  69  12  54  97
   68  60  72  34  31  18  32  92   4  40  36  61
   95  94  48  37  75  59  93  28  73  22  57  54
   79  84  85  45  47  56  85  44  87  59  26   1
   75  28  35  80  45   4   5  57  92  42  85  15
   74   9  88  50   9  79  87  69  72  43  17  92
    6  97  70  46   9  51   5  70
    7  58  43  59  93  27  43  70  34  28   9   6
   52  28  36  76  63  36  11  36  75  99  14  81
   89  14  15  50  97  10  79  22  84  66  62  21
   28   3  12  12  96  77  67  99  52  95  63  36
   47   1  22  12  28  82  62  60  32  69  91  56
   89  33  11  19  23  87  15   8  47  89  88  26
   67  38  10  17  84  72  48  68  87  75  65   9
   60  73  16   9  79  33  47  82  11  62  96  84
   15  15  96  14  43  82  68   9  40   3  28  51
   43  53  82  66  78  53  33  21  68  67  69  23
   26  97  76  23  54  93  30  14  53  42  98  31
   11  75  43  52   9  66  17  95  21  32  62  25
   14  29  19  42  44  57  16  94  64  58  72  70
   16  19   5  99  33  63  18  55  43  60   9  51
   66  23  69  45  13   3  80  37  86  94  18  66
   82  36  48  19  89   9  30  20  86  32  15  36
   47  71  45  78  35  33  57  98
   40  49  16  94  69  47  83  69  45  68  19  55
    9  23  36  10  99  70  51  42  57  17  75   7
   18  17  21  10  17  75  97   3  88  44  13  87
   64  24  73  15  75  64  83  82  51  61  47  37
   19  61  66  72   5  60  41  35  34  98  69  14
   27  69  49  51   8  12  76  36  94  14  44   5
    7  12  44  44  60  90  69  87  69  84   8  18
   49  75  46  66  10  92  73  13  63  15  71  83
   18  70  25  57  81  34  15  58  58  30  21  58
   53  31  21  81  69  58  93  95   7  80  12  21
   66  16  51  23  44  30  82  19  37  38  77  71
   41   4   4  93  48  38  30  45  50   1  22  37
   38 100  42  25  98  94  56  16  20  87  23  65
   87  34   2  74  84  35  53  95  93  42  32  29
   95  54  92  22  70  18  89  72  93  31  74  24
   42  36  96  71  90  27   6  57  13  44  48  70
   78  78  70  50  58  67  15  84
   60  30  62  79  27   4  55  46  85  36  83  77
   42  48  68  86  84  92  14  14  80  48 100  30
   76  27  89  34  98  68  24  58  53  42  24  59
   26  47  89  29  83  14   3  86  69   1  22  78
    9  96  86  84   8  19  18  13  49  16  14   1
   97  64  53  17  95  73  94  56  68  79  76  48
   17  49  17  47  26  77  13  40  56  92  41  43
   50  49  59   3  30  32   5  92  97  57  92  18
   33  70  19  14  97  44  59  45  31  83  70   5
   55  23  85  17  69  25  20  35  52  83  69  42
   63  21   6  52  42  90  84   6   8  74  39  75
   57  84  81  64  69  62   6   3   2  79  83  51
   91  37  68   3  56  65  90  76  91  25  62  24
   75   7  75  23  63  30  99  85  91  44  87  49
   74  28  68  84   8  91  51  88  67  72  28  90
    7  39  66  49  60  88  17  51  41  51   7  15
   45  81  45  87  44  67  21  44
   67  54  12  75  46  63  78  14  22  35   9  63
   11  85  58  55  60  16  20  12  56  15  21  38
   20  57  27  26   8   2  36  54  14  93  86  85
   66  66  49  69  32  37  32  43   9  10  79  27
   37  72  70  29  86   2  22  42  67  60  84  46
   24  92  46   8  37  35  31  75  24   5  97  89
   35   8  42  70  61  36  95  29  25  64  25  60
   86  58  35  44  44  65  63  49  28  21  85  26
    7  46  13  16  85  46  91  42   2  16   7  15
   34  33  74  32  92  61  51  75  27  53  28  14
   18  43  31   2  88  54  22  79  91  95   1  73
   20  60   2  95   1  30  94  44  97  69  86   4
   11  31  19  43  73  54  71  20  59  60  56  75
   73  61  26  37  59  53  64  19  96  16  94  20
  100  19  75  28  21  15  98  13  46  43  95  32
   97  30  32  30  34  87  10  36  51  12  64  65
   79  86  72  19  84  80  41  83
   82  34  23  67  99   2  76  26  53  85   8  27
   41  41  21  10  26  45  89  35  40  88  52  77
   82  81  18  30  19  49  60   2  80  35  21  21
   70   1   9  31  53  24  99  94  65 100  36  89
    8  41  30  12  49  76  57  74  27  52  63   8
   43  33  60  59  68  99  27  93  41  50   9  92
   65   1  22  55  14  83  44  98  25  47  24  54
    6  60  77  73  30   7  85  25  38  87  98  92
   39  22  33  79   6  44  72   4  83   8  68   4
   79  83  37  31  71  58  66  57   4  36   7  70
   86  40  79  76  98   7  70  97  85  94  35  72
   59  75  92  59   1  40  33  31  57  95  11  80
   41  67  50  14  36  96  40  57  89  44  39  55
   17  84  69  65   2  13  25  66  94  38  62  52
   13  89  10  34  40  12  58  41  29  67  69  18
   97  36  70  29  33  14  56  55  87  14  88  91
   82  69  96  55   6  27  76  76
   19  31  17  22  79  11  68  21  85   1  45  97
   41  19  16   7  28   6  22  29  98  28  78  64
   78  73  73  39  69  55  69   2  43   8  99  25
   48  91  74   4   4  87  75  59   5   2  57  31
   17  64  50  88  81  28  56  18  14  68  51  35
   99  85  84  74   1   3  78  95  51  66  29  83
   60  45   6  44   7  35  52   7  47  50  84  26
   10  32  92  77  94  45  40  63  78  75  62   7
    9  34  71  54   9  54  50  77  71  94  56  70
   67  35  19  51  38  81  42  59 100  59   5  61
   42  22  56  43  26  42  22  18  87  20  98  19
   37  75  58   6  58  53  44  58   5  24  75  83
    9  76  43  10  72  28  13  87  72  18  22  93
   58   6  81  27  55  79  78   9  57  47  70  85
   38  41  89  26  38  17  42  23  77  55   7  93
   45  57  34  75   6  51  52  33  96  84  60  51
   29  31  29  41  87  88   7  36
   76  61  88  79  44  37  68  99  91  34  39 100
   28  46  61   2  20  71  55  29  86  11  91  12
    3  73  98  84  97  69  56  85  56  16   4  61
   17  35  29  57  73  50  80  29  72  94  56  33
   18   3  14  32  67  13  62  93  33  72  65  90
   81  28  42  97  34  35  67  97  68  52  70  75
   13  43  33  23  55  74  93  35  36  20  45  12
   49  57  35  58  44  68  64  83  26  39  91   2
   53  62  26  32  40  34  36  97  55  54  40  27
   22  29  16  52  17  67  91  13  73  86  53  48
   78   6  41   9  74  47  47  43  57  42  22   9
   78  23  69  67  43  28  46  83  14   1  66  28
    5  89  97  76  85  46  62   9  80  27  37   8
   71  95  54  64  89  17  99  71  25  62  15  28
   21   9  94  37  76  35  90   7  42  29   8  49
   28  77   6  81  94  77  98  26  59  27  56  10
   94  31   3  64  25  96  16  24
   72  24  58  96  70  85  75  45  18  64  35  83
   78  19  32  76  28  71  71  50  52   5  69  93
   47  61  54  55  22  46  63  45  93  24  46  34
   92  21  62  52  59  25  83  92  46  82  91  10
   14   3  78  18  37  57  50  91 100  74  19  66
   97  48  12  41  36  30  65  73  33  33  28  82
   16  33  56  48  23  64  21  11   6  24   3  72
   25  70  92  96  51  20  92   8  68  52  16  88
   69   9  86  85  59  89  40   6  54  57  23  17
   79  34  90  46  72   4  13  84  83  13  66  80
   69  65  43  47   2  29  43  55  62  31  76  38
   42  59  68  91  44  65  50  68  82  58  67  85
   83  10  75  20  81  52  41  10  23  79  40  53
   67  45  62  10  82  63   6 100  47  13  80   7
   54  28   9  71   3   8  22  97   6  12  62  50
   87  60  84  54  81  32  52  95  33  70  43  22
   99  76  42  41  46  16  47  22
    4  43  60  95  87   6  20  71  80  54  29  21
  100  85  52  60   6  88  93  99  99  44   3  42
   24  25  67  80  65  95  21   2  52  15  37  83
   55  31  32  97  85  87  65   8  98  17  36  66
   91  45  89  23   4  91   9  16  16  67  21  76
   50  73  97  29  74   5  49  90  94  50  29  67
   62  87  35  61  68  89   4  64  48  18  16  61
   77  31  94  29  75  74   6  37   3  89  53  46
   62   9  89  10  99  57   5  74   4  50  32  77
    2  97  47  48  66   1  68  10  13  53  56  77
   96  40  13  56  16  39  82  45  11  20  52  36
   65  44  51  12   4  67  49  47  92  36  60  11
   43  87  40  62   6  54  86  52  73  58  39  27
   83  15  79  20  13  31  32  62  83   7  62  73
   56  35  81  67  36  97  38  47  70  72  25  12
   48  27  78  49  99  22  75  43  99  10  36  65
   63  37  21  83  48  38  34  54
   36  89  92  88  37  83  48  84  58  87  20  47
   78  41  37  39  27  75  77  17  81  26  68  38
   68  24  83  59  59  97  48  35  79  77  31  16
   97  89  55  55  34  58  87 100  57   8  45 100
   82  60  94   2  74  37  48  48  46  55  69  84
   60  34  69  50  26  88   6  87   2  34  88  34
   94  81  71  26  59  43  60  99 100  28   7  89
   70  45  14  26  68  99  31  41  44  98  56  63
   95  43  36  21  68  35  66  40  57  76  90  44
    5  65  99  56   2  97  35  98  87  70  84  90
   52  76  87  49  30   9  28  93   8  57  41  36
   17  13   9  91  42  63  63  72  11  92  82  88
    4  87  95  48  47  30  78  59  17   2  56  28
   36  83   3  57  79  52  38  50  66  85  34   9
   66  58   9  31  96  45  28  15  25  17   9  57
   65  44  15  53  80  96  58  95  82  42  98  75
   31  45  47  83  34  71  60   9
   21  21  65  32  12  30  38  68  68  90  65  28
   26  90  73  62  51  94  17   2  38  49  80  56
   11  81  79  19  23  94  55  58  60  75  84  24
   35  87  69  46  90  75  42  34  99  63  66  76
   65  55  35  43  21  35  69  80  26  65  22  17
   74  89  74  61  86  30  37   1  13  87  51   2
   35  46  87  11  64  66  47  55  39  89  58  41
   30  37  81  53  36   9   7  58  87  85  52   1
   42  28  66   6  89  75  29  78  47  47  46   2
   62  42  58  41  15  39  30  39  10  97  60  20
   84  54  75  85   8  28  32  19  73  15  17  83
    9  94  45  20  68  22  62  51  39  35  43  77
   36  49  94  81   4  60  50  23  16  45  73  42
   77  58  59  60  22  34  32  76  13  88  43  70
   44  16  77   2  38  88  48  10  48  63  95  12
   55  71  93   7  72  26  43  73  41  21  76  68
   32  29  54  29  48   1  68  73
   51  32  11  12  30  27  21  62  19  35   4  16
   16  44  76  52   6  79  42  92  60   3  89  88
   35  10  93  31  74  35  16  46   6  46   1  94
   44  48  82  76  89  82  79  23  29  25  94   6
   34  88  21  29  64  23  32  35  63  11  91 100
   61  73  48  40  74  67  35   2   6  84  71  72
   42  54  65  72  57  39   8  58  12  40  76  24
   51  93  36  97   8  70  35  46  98  79   9  68
   28  65  80   2  84   7  57  20  44  19  32  31
   69  55  84  79   7   2  80  46  88  82  70  47
   36  58  91  36  53  22  68  99  32   8   9  63
   49  81   8  87  66  46  47  68  35  41  93  38
   87  42  99  64  47  60   4  51  19  41  32  39
   95  69  93   3  57  63  86  55  67  78  92  45
   76   4  79  54  22  67   3   3  25  31   3  47
   93  93   6  78  24  90  24  24  94  90  55  46
   72   2  83  47  10  66  78  59
   55  67  18  11  72  39  62  37  48  30  55  29
   15  72  13  75  26  66  71  36  48  78  82  35
   68  41  16  65  89  56  57  85  31  92  11  24
   31  84  98  73  43  35  56  95  39  13  41  18
    8  56  24  37  56  69  96  15   7  23  63  80
   99  55  50  33  93  71  96  36  61  46  63  20
   97  17  24  83   9  93  71  93  23  48  16  82
   83  25  85  51  51  30  24  65   4  40  91  61
   35  99  68  39  59  18  50  69   6  72  50  87
   19   8  97  96  65  36  41  67  25  37  44  38
   96  56  89  12  93   7  76  62  51  70  20  29
   18  93  54  17  60  92  30 100  63  49  15  21
   29  13  92  84  74  99  67  69  35  94  56  15
   65  47  97  32  35  76  45  97  30  67  68  55
   57  72  56  17  36  12  15  59   7  72  64  29
   24   8  46  38  62  40  17  67  12  56  50  63
   79  13  37  40  91  33  86  79
   18  77  66  39  53  32  81  44  95  90  47  76
   61  68  13  62  86  51  52  97  31  99  63  57
   80  46  67  84  40  99   8  98  43  39  52  92
   42  19  91  31  16  67  40  54  65  83  37  73
   15  43  42  75  13  93  41  20  31  55  42  39
   63  23  77  39  30  66 100  99  70  24  91  75
   52  13  51  90  62  21   6  47  15  10   5  18
   43  15  19  49   8  44  44  62  90  79   1  50
   96  77  31  80  57  66 100  94  24  49  98   5
   73 100  39   1   5  70  58  42  41  82  15  63
   29  31  92  72  39  86  98  51  64  91  62  53
   21  64  38   8  50  91   2  16  15  40  55  53
    3  44  21  67  25  15  47  80  14  35   5  88
   28  63  87  59  49  29  13  36  79  36  22  34
   49  62  78  42   7  58  72  23  29  48  14  13
   14  30  37  21  81  75   1  29  77  28  87  95
   71   6   2  49  53 100  71  92
   18  97  48  25  49  51  75  72  41  47  16  83
   24  40  29  13  36  35  78  68  18  94  33  14
   17  35  66  68  82  26  57   6  71  92  86  51
   43  17  45  90  62  33  22  58  99  30  17  48
   30  51  29   6  30  97  66  32  84  22  39  84
   82  32  63  71  17  91  60  60  84  18  53  70
   88  83  72  75  36  15  53   7  38  93  35  47
   13  57  60  35  79  96  78  64  65  56  42  83
   99  38  10  94  19  96  44  56  63  42  12  79
   75  39  84  32   7   6  40  35  10  17  59  65
   44   2  28  53  72  42  36  83  63  76  80  98
   89  98  61  91  29  54  82  14  62  46  53  68
   77  31  88  15  65  21   6  67  22  80  31  93
   49  32  89  17  52  50  17  15  41  65  49  21
   30  62  29  22  40  80   3  59  94  14  23  30
   22  12  45  84  58  78  32  30  39  71  47  26
    9   3  61  88  16  42  51  87
   29  31  68  39  59  40  62  42  87  58   8  29
   83  38  78  33  77  42   8  96  57  45  92  75
   76  32  88  35  45  99  14  52  37  53  47  14
   85  12  26  18  87   5  53  73  95  70  88   3
   29  60  55  35  64  36  35  13  41  70  73  89
   58  46  74  29  75  59   5   7  15  13  90   8
   59  26  20  29  52  24  41  78  96  45  65  75
   58  40  62  48  63  67  63  39  99  98  61  97
   14  16  10  87  15  13  23  81  74  91  75  64
   21  67   5  31  47  67   8  87   7  26  42  52
   12  92  28  52  38  26  44  26  20  93  32  24
   54  77  92   7  98  69  90  47  71  69  48  27
   51  93  51  41  79  63  45  92  55  16  35  97
   42  95  90  82  63  61  38  85   2  78  69  54
    3  29  33  48  72  99  40  37  76  93  64   3
   44  21  37  38  62   4  54  44  81  77  69  37
   13  85  99  40  26  83  21  90
   13  40  14  74  26  24  77  75  25  14  90  61
    9  26  70  41  66  16  30  69  81  83  71  40
   27  70  91  92  71  60  77   5  72  78  10  98
   81  92  60  39  43  14  94  32  91  93  67  26
   54  27  29  11  52  50  20  20  97  42  72  29
   93  25  14  54  37  61  60  55  17  55  22  33
   14  56   1  33   2  54  90  39  44  79  78  81
   99   8  43  28  18  55  53  92  40  79  73  31
   99  82  58  38  25   7  55  53  32  37   4  58
   33   1  35  76  29  68  73  74  17  50  35  58
   81   2  27  78   4  18  51  27  55  37  98  40
   98  39  55  91  90  48  96   2  78  28  93  32
    3  86   7  83  96  72  89   4  82  76  87  78
   79  33  39  38  96  17  74  55  33  48  14  43
   83  84  74  57  33  30  61  97  59  28  73   4
   33  65   2  58  16  72  30  87  61  19  33  57
   17  18  78  77  21  25  27 100
   79  30  48  62   8  53  66  37  28  83  68  63
   97  22  34  41  70  17  43  18  99  64  72  88
   38  10  97  97  36  46  94  39  41  18  35  53
    1  12  91  29  61  70  32   6  65  78  27  70
   57  73  41  56  75  38  40  49  61   6  87  78
   51  57  45  26  82  23  73  20  89  80  32  37
    4  55  76   5  59  24  64  94  83   8  49  31
    6  79  82  84  54  59  16  73  52  16  99  67
   24  66  81  81  91  75   7  80  76  58  20  76
   95  75  66  33  68  39  85  59  11   9  19  14
   35  90   4   4  55  41  77  82  83  66  76  56
   27  17  34  76  95  96  81  43  95  53  50   6
   32  86  69  61   7  42  67  56  23  16  68  85
   81  51  97  90  79  40  79  64  14  23  33  45
   82  89  78  21  76  75  36  29  90  67  20  55
   15 100  46  31  37  56  29  39  47  65  78  11
   31   9   7  23  71  13  22   5
   88  60  96   5  10  70  67  51  66  43  52  38
   11  16  66  43  72  60   6  77  60  72  44  78
   66  81  37  14  58  46  19  82  85  54   3  12
   77  23  82  59  42  98  32  12  68  59   4  85
   23  11  31  27  53  89  26  13  88  62  80  49
   33  23  65  69  75  98  34  41  81  42  17  57
   96  40  24  43  46   6  47  52  37  83  55  70
   53  47  98   9  60 100   7  13   1  75  89  53
    1  36  36  34  63  73  14  87  72  11  71  75
   89  99  38  88  59  22  20  50   4  88   6  10
   25  40  61  49   6  47  34  77   6  10  51  36
   68  59  17  94  13  54  19  51  41  84  22  37
   33  69  71  10  49  56  91  59  28  24  87   2
   89  81  43  86  34  65  23  90  39  45  71  22
   63  16  10  17  45   5  42  42   2  68  51  94
   32  94  98 100  12  96  28  15  98  23  60  23
   30  46  96  41  20  72  19  13
   40  94  30  83  11   8  13   9  16  81  61  95
   77  15  91  13  53  93  52  12  38  89  33  35
   60  60  55   6  86  49  77  36  19  86  94  23
   94  85  37  51  86  50  72  88   6  65   2  90
   96   6  64  99  40  30  34  41  54  82  22  29
   92  95  73  61  43  85  71  25  33  55  33  88
   21  92  13  10   6  74 100  32  19  59  23  82
   31  94  41  76  45  14  53  15   4  34  91  84
   82  60  29  56  93  83  67  89  86  78  51  29
   45  10  56   4  90  23  96  30  79  54  22  11
    3  22  17  33  89  33   2  72   4  80  36  86
   46  40  12  23  52  76  57  14  94  40  38  74
   80  65  55  11  53  75  45  12  94  76  81  52
   19  62  72  94  77  13  62  85  59  93  32  58
   87  55  98  33  21  35  14  15  56  56  66  93
   23  28  80  48  89  46  17  40  60  90  71  19
   72  28  75  20   2  13  98  63
   47  33  63   2  14  99  43  81  98  25  74  78
   58   3  73  19  20  45  25  48  77  80  80  28
   89  53  59  39  84  29  47  77  57  86  98  56
   69  24  32   8  50  55  37  79  96  12  67  38
   70  44  46  64   4  18  61  58  92  16  70  38
    5  39  95  37  70   5  29   7  89  49  29  17
   29  23  20  50  22  95  93  13  69  55  10  23
   40   4  96  18  69  63  47  53  59  70  22 100
   79  81  50  47  67  69  27   1  27  23  15  84
   29  49  44  37  13  71  11  18  82  32  80   1
   13  88  84  78  42  18  20  60  79  11  54  71
   97  78  20  55  38  48  17  74  12  64  13   5
   91  86  42  43  24  96   7   1  16  87  75   8
   47  74  83  10  62  86  36  71  72  71   2  73
   57  93  20  15  62  35  94  10   3  95  97  92
   56  90  68  11  73  53  14  33  68  34   7  43
   23   2  88  43  87  40  66  49
   36  42  69  66  90  44  51  87  40  28  49  85
   44  40  33  94  34  50  45  69  15  50   5  89
   66  57   2  58  40   9 100 100  63  69  38  67
   34  26  25  31  25  86  47  87  82  85  61  58
   26  78  98  85  49  47  64  36  18  94  37   2
   72  47  67  94  25  55  80  52  64  92  75  35
   49  57  24  28  13  70  70  37  63  74  35  94
   80  39  10  53  19  53  59  92   6  33  24  14
   42  16  16  39   1  63  20  20  31  60  97  25
   54  14  79  51  63  56  73  15  28  43  59  60
   88  53  89  51  60  88  90  76  31  72  62  48
   63  56  79   3  91  12  87  98  25  34   8  18
   46  43  33  66  10  80  32  74  44  13  44  94
   53  29  83   2  12  43  39  97  68  91  70   4
   48  33  12  66  45  50  72  57  29  52  32  67
   44  67  46  16   6  49  43  42   4  75  24  10
    2  46  64   5  37  85  13  40
   89  19  84  45  19  13  33  59  88  44  61  35
   39  11  12  48  66  17  82  77  22  70  26  11
   10  83  51  37  89  73  19  49  77  62  46  49
   41  77   6  40   5  49  22  30  48  14  77  32
    3  12   7  65  57  88   1  52  55  94   5  20
   93  85  18 100  23  19  94  31  52  60  44  53
   41  77  30  13   7  45  70  60  19  40  39  52
    4  46  64  48  42  51  27  14  67  47  65  17
   70  31  72  34  94   4  92  43  39  73  28  28
   58  49  34  76  58  47  23  82   5  87  58  43
   13  96  61  61  57   4   7  44  63  43  23   3
   14  54  94  54  44  79  59  19  46  69  13  24
   65  75   2  99   3  57  29  80  13  75  52   8
    6  98  83  24  45  98  90  79  52  52  93  29
   99  41  69  31  15  49  50  47  83  69  19  48
   42  96  19   5  84  30  42  94  56  75  41   1
   60  42  19  10  54  44  34  13
   62  69  14  56  21  97  29  97   4  38  48  97
   21  71  59  90  93  40  66  76  52  48  79  13
   42  59  24  21  15  98  33  80  37  54  52  33
   83  71  37  81  40  58  56  90   6  85  86  83
   89  81  18  46   9  38  49  25  95   7  91  28
   90 100  67  22  46  93  10  38  25  20  61  64
    3  75  76  53  63  17  22  17   3  61  73  28
   29  87  19  21  59  35  56  89  22   5  94  89
   57  56  55  39  16  13  68  15  60  58  76  55
   61  35  33  60   4  49   1  91  82  67  56  68
    2  14  84  73  78  79  82  51  40  12  57   6
   24  20  29   2  80  75  26  64  69   9  89  82
   60  14  70   4  37  43  32  36  92  12  47  50
   29  94  99  75  62  28  85   6  18   9  11  92
   33  95  92  50  55   7  59  52  41  24  49  34
   63  86  13  93  99  96  11  86  42  18  15  32
   93  73   8  10  67  48  83  58
   35  19  55  31  34  87  95  13  25  60   8  60
   75  58  52  64  93  92  35   9  31  70   2  71
   78  87  43  19  73  34  89  12  92  90  14   5
   54  32  32  40  22  25   3  56  97  26  24  82
   30  85  40  41   5  48  35  43  53  46  34  97
   48   8   7 100   5  52  64  42  79  90  59   6
   71  26  87  65  23  55  86  88  17  64  35  33
   79  35  55  51  77  39  12  85  23  41  11  71
   66  97   1  38   3  56  72   4  69  59  57  80
   45  40  32  74  50  24  12  80  49  28  58  87
   46  61  72  76  90  27  96  20  69  19  18  84
   18  23  64  27   8  19   6  95  57  75  54  34
   23  56  66  75   8  18  37  46  53   6   7  64
   45  59  55  40  10  11   8  76  19  84  28  69
   81  95  25   5  53  53  49  62  30  57  90  13
   49  99  85  21  91  65  11  42  80  32  83  25
   80  68  65   8  98  35  59  25
   78  48  60  50  39  25  27  64  84  37  84  63
   86  84   1  24  62  66  94  19  80  82  32  21
   55  28  27  98  52  97  43  24  81  84  91  61
    6  80  33  79  32  75  75  40  21  59  76   8
   75  17  40  42  52  34  22   5  54  95  22  51
   32  83  92  40  84  77  31  26  62  58  87  61
   61   3  55  98  25  85  79  87  49  83  54  77
   74  67  19  15  92  11  64  46  41  81  29  14
    8  48  98  61  29  77   8  30  88  35  41  58
   19  83  30  83   2  85  54  43  65   2  43  71
   89  90  73  99  98   9  71  62  69  13  11  87
   24  56  14   3  34  91  52  37  20  71  44  14
   51  43  58  58  44  55  11  91  63  54  66  34
   24  85  38   5  87  91  87  22  65  14  24  99
   16  92   8  54  48  66  43  97  18  73  87  41
   28  46  43  94  33  22  63  65  34  30  48  59
   81   3  47  83  72  68  58  39
   91  75  25  84  48  61   3  29  90  20  76  74
   72  30  39  18  75  52  14  31  14  24  54  69
   29  65  41  66  93  73  86  34   9  28  33  66
    7  84  51  35  49  81  43  92  26  36  39  71
   58  45  98  82  96  84  13  18  20  11   2  47
   39  60  14  23  92  47  29  73  50  67  56  11
   10  96  33  23  99  88  29  80  79  77  42  32
   35  76  98   7  85  81  57  13  77  64   4  39
   86  77  56  51  21  55  59  99  16   9  90  10
   38  30  55  89  82  91  88  24  74  45  56  81
   68  21  52   7  50  30   2  26  34  63  58  43
   63  90   7  45  12  61  59  96  82   7  60  40
   10  34  82   2  56  33  28  84  13  73  30  72
    3   2  50  27  78  47  79  92  21  18  40  91
   40  99  82  27  79  60  88  78   7  46  67  10
   25  85  59  60  62  82  35  53  79  24  92  87
   64  74  63  44  37  79   4  82
   81  62   2  37  28  80  79   5  44   1  95  56
   13  73 100  85   4  80  31  16  70  41  10  13
   54  13  45  73  79  86  30  32  60  89  46  59
   94  84  59  62  65  71  21  83  43  85  70  99
   84  98  30  26  31  17  11  13  11  83   8  46
   37  78   4  47  10  17  66  74  15  48  48  22
   24  59  88  20  94  74  15  33  69  52  38  63
   79  85  54  48  39   7  47  62  49  81  87  15
   97  13  29  50  58  39  13  51  88  34  67  34
   35   9   5  52  28   9  23  95  84  17   9  88
    8  51  32  92  86  64  49   4  94  48   4  56
   93  28  25  19  29  64  25  95  35  57   7  28
   29  39  55  92  17  79  44   1  86  84  30   4
   16  95  59  83  67  89  60  61  88  81  50  93
   14  19  31  73  62  88  90  28  41  10   3  22
   42  42  28  55  43  76  11  64   8  44  84  21
   85   8  66  33  13  69  59  45
    213   210   229   195   200   215   189   201   215   205   218   208
    190   191   210   189   209   197   205   200   201   232   200   202
    200   203   205   214   213   213   190   212   191   202   186   202
    197   216   214   198
