 20 125
   93  73  70 115  79  54  54  44  91  72  21  69
   68  19  61  49  43  56  83  27  96 102  84   9
   25  99  19  71  55 101  90 107  17  74  69 102
   33  44  42  56  80 107  46  30  90  31  73 107
   49  60  58  80 106 103  16  41  34  22  24  36
  108  50  89  61  53  28 103  11 104  98  76  50
   70  19  66  52  31  88  68  66 109  12  21  28
   45  16  94  40  81  19  59  53  70  88  54  35
   83  27  42  82  32  91  25  52  75  17  31  81
   86  82  75  85  40  24  37 110  66  13  73 103
   25  99  70  48  74
   19  14  34  66  82 107  47  73  27  87  67  40
   33  85  45  90  16  16  66  71  85  34  60  45
   27  36  39  96 102  32  38 110  25  16 105  66
   23 101  76  45  95  33  21  42  92  32  81 103
   35 101  47 100  35  88  98  50  47  80  84  83
   79  39  35  65  10  70  57  94  31  58  38  13
   92  74  88  98  86  75  43  99  59  74  49  63
   32 106 100 111  23  16 103  15  26 110  27 100
   47   9  50  47  64  63  37  97  70  41  33 109
   47  46  52 115  63  82  93  60  48  21  30  11
   27  31  85 111  97
   56  63  97  66  76 109  58  78  14  68  52  62
  104  77  88  79  59  54  77 107  69 112  79  27
   20  36  89  39 108  76  36  29  48  50  58  90
   32  64   9  64  89  31 105  51  76  67  23  58
   33  34  35  54  90  99 110  28  25 109 103  90
   91  59  33  17  36  18 100  32 103  56  62  27
  103  65  99  68  43  62  57  35  81 106  46 108
   18  90  28  63  27  33  95  41  97  91  33  28
   11  93  30  34  28  36 103  64  91  63  24  75
   62  91  34  75 113  85  77  13  43  32  35  34
   97  73  85 110  82
   84  84  46  49  51  55  33   6  45  41  38  74
   11  48  10  64  75  49  78  96  74  88  39  91
   57  29  97  73 105  83  23  64  96 108  25  53
   65  43  59  78  91  45  66  69  32 102  80  43
   56  94  84  79  97  30  19  29  64  29  39  33
  114  54 104  42   8  82  68  24  34  55  20  65
   70  96 102  32  35  19  45  75  57  20  34  49
   64  73  62  35  28 106  49  25  79  62  64  48
   77  43  91  83  35  90 106  54  45  34  21  33
   83  50  73  52  58  38  58  91  56 118  17 110
   25  59  76  77  78
   85  26  65  62  20  71  34  56  88  96  77   8
   50  43  64  43  68  16 100  19  86  52  61 100
   59  37  45  46  61  93  22  30 105  18 109  63
   96  64  74  96  73  13  99  26  74 104  47  91
   60  88  25  61  67 103  39  50  52  17  31  73
   45  50  85  92  78  46  63  93  49 102 113  59
   78  35  15  60  97  55  10  42  85  67  35  91
   39  15  27 112  90  86  54  92  25  28  81  66
   13  84 104  53  70  71  95  45  93  15 102  45
   32  77  93  94  22  38  18  28  58  91 110   6
    7  35  69  43  92
  109 101  64  62  57  83  88  38  48  56  63  46
   54 118  71  90  42  32  14 108  83  50  83  16
   62  52  16  39  82  75  64  31 100  28  31  77
   36 101  80  58  68  65  49  53  44  16  99 115
   20  83 113  87  54  86  47  92   9  32  57  20
   92  60  35  88  35  91  45  93  46  16  53  38
   98  55  55  48 108  81  37  84  22  27  20  16
   91  58 101  25  47  65  57 115  10 117  43  87
   80  18 104   6  58 107  24  53  88  66  81  48
   96  23  82 112 100   4  31  83  25  91  25  50
   29  91  19  81  84
   95  81  35  65 100   9  44  93  19  65  68  42
   84 101  13  69  60  48  18  40 104  62  61  50
   99  87  35  84  80  88  64  60  95  13 106  14
  110  93  99  92  48  39  38  92  75  20  83  88
   18  33  17  61  53  22  11  78  39  73  66  83
   79  95  16 105  52  64  12  56  50  93  96  17
   52 100  76  41  66  16  22  14  97  24 106  53
   81  50 109  42  80  51  24  78  11  14  29  83
   95   3  29  46  47  17  34  43  41  72  83  60
  106 112  94  19  28  42  31  72  63  71 101  17
   89  41 107 102  26
   66  57  88  83  51  98  78  25  30  84  79  21
   88  20  71  49  15  78  82  89  35 106  76  38
   58 103 100  73  32  69  36  74  98  19  49  53
   85  74  71  80  50  39  45 106  46  47  78  10
   48  78  95  68  19  50  74  96  15  29  32  12
   27  80 103  90  61  32  53 101  85  33 102  98
   25  75  47  87  32  80  29  83 107  96  26  27
   59  72  51  28 102  37  72  64  77  33  98 107
   29  30 108  50  89  85  96  79 106  63  92  22
  102  50 109  12 111  46  42  27  31  24  73  94
   41  25 107 111  38
   46  81  47  62  47  57  37  60  33  98  13  24
   97  72  55 100 102  84  44  18  25 107  70   7
  109  56  12  87  57 109  42  23  87  40  49  54
  115  15  23 109  84  86  62  76  82  93  61  79
   18 110  88  44  30  95  93  99  65  29 102  23
   44  62  83 113 112  69  92  70  48  64  93  58
  110  92  19 101  15  56  35  81  31  96 103  61
  100  98  22  69 109  54 110  97  64  15  53   5
   50  47  15  42  68  31  10  97  40  59  64  30
   83  40  80  78  28  84 104  43  42  41  75  28
  110 109  19 103  22
   80  24  45  78  26  18  32  55  80  75  93  41
   32  49  60  29  22 104  28  18  65  85  52  97
   98  42  58  87 112  54  48  48  93  58  43  87
   80  12  54 107  47  24  22  41  79  28 108  72
   52  74  58   9  97  62  27 112  10  89  88  96
   35  71  71  87  71  66  22  70  58  55  55  72
   65  25  83  98 111 111  49  87  69 107  63  74
   87  70 109  74  93  81  48  27  92  54  70  95
   39  29  34  92  46  86  93  97  39  79  70  26
   33 102  91  25  79  24 117  45  78  87  75  49
   36  35  10  11 113
   99  26  12  57  39  74  64  80 105  63  18  31
   44  67  59  95  29 101  80  44  37 109  80  96
   89  80  79  79  39  95  95 109 112 103  38 100
   85  74  91  19  36  29  56  70  73  56  36  66
  103  78  76  53  58  31  69  91  72  11  94  68
   16  10  81  40 103  84  74  98  56  97  91  51
   55  78  51  64  76  24 108  22  28  68 105  82
   88  17  11  97  96  33  91  75  86  42  20  52
   78  68  72  99  56  25 101  26  69  90  58  76
   77  52  13  77  70  32  45  79  33  66  55  41
   67  89  30  49  76
   94  64 101  35 107  48  28  93  94  28  43  40
   96 100  46  13  33  98  75  63  18 101  64  86
   18  89  45  39  73  56  86  37  83  39  48  27
   44 112  72  47  14  86   9  59  20  12  38  47
   72  69  37  88  77  93  37  78 101 100  48  76
   40  53  99  67  36  46  10  15  17  47  35  83
   88  76  85  78  50  99  82  27  54  54 102  88
   57 105  69  45  98  62  16  75  56 100  89  69
   64  51  83  57  59  74  96  21  95 101  99  73
   95  55  46 105   9  42  52 118  54  44 103  59
   78  43  49   9  54
   27  96  95  38  50  39  71  87  87  39  96  64
   33  37  66  52  58  52  38  98  65  31  82  57
   16  27  24  74  40  84  59  43 104  21  92  72
   79  88  75 108  53  77  34  59  42 115  57  45
   87  41 118  82  21  26  49 103  28  41 106  17
   25  21  13  59  49  73  36  61  95  65  96  72
   40 116  74  19  67  52  12  29  26  35  26  93
   14  56  78  75  83  16  71  61  57  59  75  88
   42  70  23  73  39  25 108  44  92  37  48  12
   14  80  25  26  16  35  71  62  26  61  46  41
   44  49  66  72 102
  102  33  12  61  23  83 101  33  19  79 105 110
   41  71  23  76   3  31  28  56  15  23  46  98
   13  81  31  82  60  19  93  35  47  78  72 103
   19  70  14  80  28  77  72  67  11  97  37  97
   77  85  89  93  41  56  72  38  59  86  87  91
   74  93  97  94  81  48  32  46  60  28  47  99
  110  79  67  71 106  67  55  48  79  92  84  34
   85  36 104  23  39  58  70  71  88 106  55  75
   83  97  78  94  31  47  49  15  67  77   3  87
   90  55 109  76  11  27  79 101  85  58  69  73
   52  57  45  83  18
   48  41  79  79  67  88  20  82  36  22  15  33
   65  41  80  39  88  43  99  69  39  32  95  13
   59  32  84  52  55  64  39  31  87  85  95  30
   60   5  52  46  65  49  38 105  38  18  25  43
   85  37  42  28  72  48  84  37 105 111  30  35
   46  79  92  50  37 107  49  14  99  77  57  39
   11 109   4  84  98  78  42  22  17  67  36  70
   21  30  28  72 109 101  32 112  50  90  81  52
   97  65  51  34  63  43  62  29  51  78  80  12
   82  61  75 103  99  29 114  86  85  33  39  46
   50  77  60  75  50
   54  45  24  31  97  90  51  96  20  27  18  72
   92  46  50  81  99  41  93   4  32  50  10  35
  112  93  41  56  63  26  24  34  22  87  15  77
   84  95  37  17 112  39  99  76  96  32  31  53
    7  84  65  91  89  14  62  98  83  75  51  62
   82  28 109  79  56  43  38 106  74  42  86  78
   98  52  63  34  22  22  80  15  36  42  97  75
   55  30  55  51  18  59  70  39  25  41  23  81
   64  35  33  45  39  94  35  93  99 105  25  94
   56  76  53  79  72  97 109  87  79  23  90 103
  102  43  98  14  61
   81  62  70  49  61   7  86  10  60  53  20  81
   60  16  39  87  49  90 104  52  23 105  65 115
   80  77  50 102  72  57 108  97  33  48  90  80
   38 117 107  14  11  91  81  14  60  38  41  52
   42  90  46  20  92  16  70  82  77  23  27 114
   25  28   6 108  54  24  95  45  60  63  95  81
   92  18  47  96  94  86  19  12  77  48  57  44
   65 112  57  86  98  88  90  98  53  20  31  83
   27  66  54  88  63  73  17  75   6  11 101 111
   65  72  42 108  91 117  25  66  96  52  49 107
   76  81  10  19  95
   34  55  93  32  75  24  42   8 108  50  56  56
   90 100  26  95  60 103  99  90  66  91  68  40
   62  86  77  57 100 100  87  53  23  76  59  28
   91  54 103 117  43  87   8  71  63  96  92  70
   94  20  70  19 111  62  83  20  37  53  73  63
   68  58  18 100  51  30  71  99  72  99  81  91
   40  73  34  65  19  82  44   8  82  53  59  80
   52  81  19 108  52  53  97  26  66  39  51 101
   10  84  54  64  94  92  83  83  90  59  23  57
  113   6 104  26  61  70  89  75  96  63  96  90
   19  34  55   6  12
   65  18  86  21  98  35  96  78  55  72  68  59
   52  17  37  79  87  68  70  26  82  72  45  14
   20  19  33  19  44  57  44  30  92 111  67  57
   74  77  93  15  26  61  35  21 101  66  73  99
   77  18  60  48  27  95  77  91 105  88  42  94
   16  93  67  55  69  27  29  77   7  27  77  20
   81  19 114  71  45   7  88  67  64  72  51  15
   27  99  49  46  85  94  86  98  97  73  41  21
   87  93  90  99  52  91  54 110  40 112  96  11
   74  23  87  64  20  62  27  24  97  72  46  40
  114  83  36  52  24
   42 103  80 113   8  19  46  94  50  72  30  13
   51 100  74  78  48  51  86  20  18  66  54  66
  119  44  86  52  46  23  77  10  89  61  73  48
   78  46  66  21  33  65  42  37  51  20  28  40
    8  79  81 114  60  32  44  62  45  38  45  44
   35  60  10  15  96  59  96  73  22 104  22  25
   87  90  20  95  90  99  89  99  99  25  54  55
   97  57  64  17  16  22  78 103  23 104  66  19
  109  51  42  93  82  32  24  93  77  63  19  91
   68  95  72  39  68  42  35   8  90  59  46  40
   90  32  35  36  34
   14  38  48   3  37  57  65  65  27  48  90  38
   37  90  49  64  72  52  32  88  19  14  33  95
   89  20  90  43  55   6  19   5  85  39  51   4
   84  58  73  51  31  10  64  86  12  82  31  12
   63  49  47  28   7   3  90  76  85  91  80  75
    4  59  16  53  65  83  12  93   7  10  38  65
   38  90  54  64  80  25  51  50   2  92  85  83
   57  93  19  62  24  84  51  62  37  18  66  71
   33  77  60  28  82  17  87  61  28  97  89  25
   23  25  39  35  68  87  77  10  53  92  47   8
   84   5  33  59  34
   95  98  79  39  36   3  60  38  91  16  49  68
   69  34  66  24  99  96  51  40  24  77  45  75
   82  70  81   6   3  78  77   7  82  99  14  45
   84  14  28  63  18  71  97  67  28  82  35  16
   84   3  64   7  69  18  17  64  60  37  19  28
   24  77  72  38  97  49  48  23  82  47  73  91
   28  37  16  13  18  42  74  10  60  32  63  45
   76   7   5   6  84  89  11  96  87  10  75  20
   64  94  56  71  54  52  71  21  46  62  76   4
   61  61  59   5  50  32  24  52  69  91  81  97
   77  74  32   9  18
   56  57  19  37  36   3  60  28  95  46  61  48
   14  33  31  26  60  58  33   7  33   3  32  92
   91  72  22  76   3  35  71  85  69  58  55  12
   74  45  96  56  14  76   1  59  38  40  96  45
   87  77  69  55  27  16   2  84  91   5  11  25
   14  58  82  96  69  88  14  87  11  46  48  92
    5  53  12  49  72  47  51  77  22  12  74  11
   91  21  83  44  84  69  16  61   6  16  78  77
   99  19  87  78  88  72   8  54  11  46  84  36
   57  22  86  38   7  29  40  92  68  84  69  86
   15  32  30   1  20
   34  30  73  59  58  56  73  99  66  70  78  38
   93  68  93  38  35  56  26  15  31  32  72  23
   58  74  10  39  15  33  80  54  10  12  79  61
   46  61  43  37  14  60  36  37  74  10  38  76
   50  16  33  24   8  76  96  83  50  74  79  83
    3  59   2  69  98  37  35  80  70  60  91  49
   34  10  14  81  77  86  57  44  47  97  82  56
   40  46  41  74  82  13  62  80  29  51  41  66
   38  67  25  29  68  16   5  48  63  78  98  82
   37  59  38  50  62  66  60  23  62   2  93   9
   92  52  44  38  30
   17  87  42  41  89  40  74  62  28   6  25  99
   69  68  50  71  49  90  20  93  30  51  55  19
   49  83  64  70  47  14  82  84  13  93   9  43
   14  46  41  14  40  95  19  87  37   7  55  17
   46  27  77  49  41  17  63  69  63  93  81  35
   64  65  23  14  38  67  44  21  62   4   4  58
   33  83  95  47   5  54  92  74  26  44  80  20
   78  98  93   2  12  18  57  10  84  90  23  45
   98  36   4  55  40  43  16  74  13  99  11  58
   77  40  20  24  93  72  84  86  47  27   1  96
   97  84  49  75  12
    4   7  47  45  54  22  28  78  60  47  57  63
   50   2  44  13  60  84  99  10  22  63  25 100
   51  58  95  78  32  33  52  74  11  82  89  41
   73  16  38  45  44  50  57  49  65  92  20   3
   85  33   2  31  54  25  66  16  97  80  54  91
   16  51  71  28  68  20  74  18  56  87  59  65
   16  58  50  71   5  30  81  27  87  79  95  93
   23  51  18  95  56  44  55   4  99   2  76  28
   25  93   2  98  50  11  91  60  24  46  34  54
   19  86  29   8  13  98  80  24  79  15  79  63
   76  25  96  38  31
   24  27  79  42   8  99  71  24  96  41  39  76
   18  17  99  34  60  67  98  75  15  41  52  52
    6  31  82  35  35  16  52  45  14  95   7  92
    5  26  10  19  56  64  78  26  40  96  26  21
   93  83  93  51  49  91  93  41  79  38  41  28
   29  19  96   6  57  55  99  55  69  25   8  86
   60   2  37  72  48  95  92  91  13  86  13  60
   35  61   5  73  31  55  78  39  91  88  90  22
   21  99  74  71  68  87  85  69  76  47  32  59
    8   8  17  88  86  69  73  44  40  40   3  91
   29  76  12  11  90
   39  54  23  36  64   8  30  88  78  22  24  97
   18  83  39  71  93  42  29  28  67   5  42  80
   49  15  17  29  79  47  67  43  15  92  69  53
   23  42  49  37  61  81  71   7  71  71  24  97
   62  40   9  52 100  69  29  11  95  81  74  99
   89  27   9  16  42  71  60  17  21  84   8   7
   85  27  65  23  79  38  74  28  13  22  88  90
   53  35  60  79  14  78  33  45  35  78  22  13
   81  76   6  65  19  21  15  33  12  46  17  82
    3  70   3  99   5  72  77  81  87  87  47  23
   63  91   5   1  77
   59  29  60  56  58  54  83  57  81  22  93  96
    8  39  60  13   9  36  65  91  87   9  39  98
   10  54  95  18  47   6  74  95  15  76  71  66
    3  87  82   3  21  17  41  43  32  26  50  34
   91   7  24  69  82  11  25  21  55  91   2  82
   64  43  24   7   7  34  22  37  56  46  26  53
    5  12  99   1  98  52  79  36  75  16  13  59
    2  14  95  50  10  57   8  11  38  96  52 100
   65  59  93  72  48  83  93  13  63  61  48  75
   37  71  27  24  91  20  12  66  75  74  29  90
    4   5  92   8  98
   29  80  64  29  80  84  84  50  32  38  19  62
   88  54  47  85  98   8  83  97  40  25  66  23
    8  74  45  17   3  48  67  56  18  53  68  27
   25  99  54   9  64  86  94  65  30  87   8  31
   59  44  46  97  20  46  87   2  95  24  21  15
   76  36  33  28  44  53  95  40  59  49  58  45
   51  86  26  22   4   5  58  17  44   7  45  37
   27  48   5  33  26  24  63  90  21  55  48  15
   80  78  71  18  56  30  18   9  67  36  36  79
   84   2  21  91  25  93   3  65  33  31  40  65
   71  73  96  92   7
   13  77  92  49  80  45  47  37   8  53  87  84
   61  46  53  14  91  10  38  60  68  11  25   7
   23  33  26  23  80  19  16   6   2   1  74  11
   18  43  19  93  69  79  46  49  42  47  66  44
    6  28  44  58  53  83  34  20  33  93  15  45
   93  95  35  75  15  18  42  12  47  19  25  55
   52  28  51  45  36  79   2  95  89  47   9  29
   24  91  98  21  11  85  23  33  17  62  96  50
   42  45  39  20  59  88  10  88  48  18  46  41
   36  59  99  35  34  86  74  41  74  52  63  78
   48  26  90  53  42
   23  49   8  81   7  61  87  25  19  80  68  64
   13   4  58  97  72   5  36  44  96  18  43  29
   88  29  65  68  40  62  25  65  23  65  65  86
   75   1  39  58  88  29  96  50  92  98  73  63
   47  35  74  16  29  25  68  35  17   6  66  41
   80  52  19  36  68  64  93  89  93  55  71  28
   24  37  30  24  66  12  29  79  59  54   2  15
   54   4  42  58   6  48  90  32  60  16  20  38
   44  56  28  49  46  35  22  94  11  17   3  46
   23  53  60   8  95  71  53   2  56  63   2  58
   39  67  71 100  65
   86  11  19  64  58  66  32  24  25  64  15  50
   78  65  50  60  51  56  77  16  51  79  32  56
   98  80  80  36  66  35  60  65  14  95  13  46
   29  23  30  10  60  27  79  52  60   2  54  75
   18  64   1  22  97  93  62  14  80  64  13  90
   93  87  96  44  58  47  66  58  16  38  18  47
   76   2  30  91  48  65 100  74  78  79  85  22
   89  55  35  39  19  99  32  47  55  58  28  22
   73  46  83  30  75  91   2  67  28  68  69  98
   96  38  93  88  86  81  36  47  80  45  56  61
   70  67  43  36   4
    3  86  93  55  94  19   8  69  86  23  13   3
   79  32  97  40 100  78  74  57  91  81  62  12
   95  32  76  28  47  83  14  84  55  38  44   4
   92  34  92  36  85  33  32  51 100   8  66  22
   27  30  22  16  72  56  32  77  44  19  24  20
   39  10  12  13  30  69  76  65  57  75  58  20
    8  29  45  32  13  41  54  65  27  23  25  75
   20  70   6  96  64  54  39  32  21   6  50  38
   28   5  37  16  86  67  53  93  51  34  99  18
   15  55   8  42  96  80  32   9  31  45  33  43
   55  59  69  36  92
   61  79  26  39  45  29  91  29  69  94  95  71
   40  61  30  64  19  73  13  39  63  84  22  99
   57  83  35  57  57  38  68  71  22  32  10  83
   55 100  62  56  40  68  76  13  80  90  89  70
   33  83  63  83  48  69  23  73   8   7  90  72
   62  36  28  61  67  10  68  99  20  33  60  73
   99   3  98  24   6  42  66  90  89  39  72  46
   96  85  83  33   6  12  71   5  61  26  39  59
   14  53  69  81  57  68  52  73  65  38  29  98
   33  56  30  16   6  82   6  19  27  75  72  70
   68  39  44  44  70
   59  64  78  74   9  19  60  15  82  83  95  34
   25  56  61  35  20  67  19  98  73  68  94  71
    7  24  74  53  42  91  87  85  86  17  92  38
   24  16  69  93   2  63   5  43  15  82  76  64
   99  31  46  16  14  88  43  19  30  44  54  52
   21  82  11  32  47  76  73   5  43  67  22  31
    7  57  45  77  86  96  24  98  68  69  20  29
   63  80  65  67  94  46  47  68  86  79  97  25
   51  76  81  60  75   8  78  13   8   2  79  23
   49  35  66  23  36  17   2  24  32  79  21   3
   11  67  13  88  50
   35  48  46  67  46  97  24  92  55  56  98  22
   53  88  74  24  62  27   6  56  83  14  42   2
   23  33  61   8  38  53   7  22  69  60  27  31
   82   2  12  96 100  14  31  95  46  70  68  54
   78  12  64  86  27  86  50  36  34  88  86   5
   86  91  99   1  61  93  21  67  53  45  23  24
   21  93  57   6  20  18  92  95  40  68  51  67
   46   2  46  20  10  17  22  16  55  99  88  19
   88  51  58  30  39  32  86  29  97  98  10   6
   53  36  77   3  28   3  95  51  19  63  60   8
   32  25  97  93  23
   69  49  23  76  45  81  72  96   5  54  55  52
   25  19  78  11  43   6   7  17  45  19  46  79
   54  18  31  58  17  10  16  51  88  33  57  86
   26  48   8   3  71  24  95  43  40  21  20  38
    8  87  33  95   2  40  30  89  82  53  34  43
   35  47  89  19  55  75  43   9  39  12  34  16
   66  38  80  46  92  31  71  95  33  52  47  37
   52  32  91   6  51  58  19  89  53  67  61  17
   94  25  53  42   8  19  25  34  15  46  83  60
    7  97   6  83  41  48  22  38  21  42   6  25
   83  82  58  96  94
   37  89  27  91  13  74  20  25  65  40  40  48
   58  85  70  38  31  48  40  77  37  40  64  90
   85  83  78  83  73  51  75  80  26   4  46  60
   32  25  15  96  84  59  76  92  17  54  36  20
   39  90  43  55  76  25  33  20   5  27  60  14
   94  13  40  58  39  89  81  26  99  85  31  86
   39  92   3  38  60 100  22  47  43  37  59  87
   84   5  69  74  30  17  28   4  20  36  70  89
   20  15  26   5  59  26  61  10  71   7  11 100
   30  92  20  38  85  56  80  91   5  46  66  71
    4  21  73  68  93
   71   2  29   5  94  93  59   8  69  48  89  90
   68  11  28  31  58  68  25  99  93  41  60  38
    1  66  28  51  64  90  25  97  16  52  41  68
   24  71  42  84  74  37  60  75  68  94  83  75
  100  35  37   2  50  79  75  49  70  66  72  76
   72  44  99  90  15  51  23  36  91  11  86  84
   18  14  98  18  18   7  22  21  15  81  61  63
   14  61  46  91  95  86  25  14  96   6  50  91
    3  60  61  20  35  74  78  20  34  41  88  29
   51   8  30  79  36  68  83  94  21  47  57  73
   12  86  74  75  73
    249   256   238   253   259   251   264   246   238   239   235   243
    272   234   271   256   243   230   255   270
