 25  90
  104  20  61 101   6  81  36  16 109  89  92  60
   84  60 109  94  16 104  90  25  34  51 105  77
   33  20  52  96  94  21  80  32  41  14  14 113
   95  45  14  47  76  88  99 106  95  21  73  95
   47  72  35  74  14  19 102 102  39  56 101  77
   24  89 101  63  30  60  72  42  33  69  36 109
   41  56  80  64  22  64  65  77  44 101  88 110
   98  61  31  14  20  47
   96  23  97  99  26  32  26  68 117  86  46 107
   43 113  48  58  30  82  93  53 100  39  68  46
   66  12  46  18  83  40  96  18  42  60  32 105
   75  78  53  68  26  40  61  75  15  28  44  62
   36  60  41  43 101  93  65  89  88 101  91  48
   42 103  43  18  71 106  21 117 107 102  94  19
   63  70  76  67 100  60  11  51  65  82  54  11
   28 102 101  28  56  91
   81  20  85  96  77  92  81  59  18  44  38  12
   67  89  54  96  53  89  82  70   4  75  86  47
   51  94  42  47  90  44  30  45 102  53   9  30
   71  72 104  33  63 108  97  28  92  93  67  65
   17  65  40  19  84  54  52  24  71  21  23  61
   79  43  26  56  74  31  63  74  31  52  77  69
   37  79  98  49  44  41 106  98  63   8  87  29
   92  89  41  41  69 114
   67  60  84 108  38 104  36  67  31  45  16  30
   54  80  77  74 100  37  66  78  19  34 104 104
   36  44  83  99  82  59  32  38  51  25  39  56
  106  56 107 109  50  54  46  95  34  79  52  87
   24  35  96  43  38  84  40  61  69  48  35  38
   93  56  49  69  94  25  53  74  67  30  72  25
   28  43  81  43  80 107  85  27  53  40  90  14
   98  42  58  32 103  23
   35  84  96 108  73  88  39  44  88  64 107  68
   64  50 106  83  61  68  43  84 103  63  31  32
   71  61  93  88  49  39  61  97  66  90  88  59
   53  39  62  96 107  34  89  68  62  84  85  62
   53  20  30  13  83  42  71  74  25  82  97  45
   25  85  17  62  19  37  12  27  70  52  46 103
   61 117  42  31  88  41  62  61  10  96 112  48
   24  46  28  61  55   5
   46  54 102  42 104  26  30  34  79  52  20  30
   43  20  44  88  78  13  81  57  75 111  89  40
   48  48  85 109  36  54  98  38  79  51  90  78
   63  22  90  56  93  51  64  89  32  45  27  43
   62  76 100  86  58  28  47  46  93  77 110 100
   81  50  22  78  37  58  24 104  31  62  85  70
   99  88  12  74  91 106  99  94  50 115  58  44
   50 104  89  71  45 100
   88  22  55  40  21  17  25  93 109  52  13  31
   10  25  91  61  17  32 102  82  23 104  78  52
   54  41  91  41  28  26 107  65  78  28  69 112
   50  28  73  67 101  44  63  98  11  71  11 103
   56  51  73  18 102  47  75  37  83  93  26  36
   61  38  83  39  20  16  93  89  63  52  48  67
   53  27  15  68  16  63  77  82  84  63  40  71
   56 104  22  61   4 101
  108  26  34  84  73  65 102  28  41  22  42  33
   16  65  67  21  79 105  65  68  35  86  18  25
   88  36  82  77  28  78 111  25  80 106  17  38
   57  24  40  77  90  59  33 114  78  76  57  31
   22  95  71 100  37  56  34  79 102 115  44  29
   18  51  28  26  61  19  21  84  77  93  19  64
   92  55  33  62  73 102  42  55  87  97  39 104
  111 108  40  91  92   7
   25  46  95  68  68  40  45  87  59  30  49  30
   77  30  94 105  60  61  54  91  52  30  87  45
   45  31  71  73  90  49   7  74  34  46  20  62
   82  63  71  30  70  40  79  31  47  43 102 118
   71  44  58 109  28  40  88  55  45  97  76  96
   87  22  56  28  63  33  64  58  45  78  91  47
   56 104  63  24 100  97 105  90  53  77  57  96
   65  31  64  46  25  63
   41  66 101  82  98  73  68  55   9  39  47  95
   67  27  68  29   9  95  88  40  79  78 106  24
  119  16  79  18  25  88  23  91  34  71  38 100
   77  27  12  50  74  33  37  82  32  32  26  24
   90  41 115  63  14  97  17  12  40  49  49  63
  114  26  48  27  99  40  21  18 106  33  79  20
  109  25  40 102  43  35 104  86  51  94  91  31
   65  43  53  46  69   9
   11  26  99  33  54  47  45 103  60  94  94 109
   28  79  22  50  83 102  40  82 104  89  55  67
  114  53 114  50  26  72  65  18  97  73  42  41
   46  49  40  97  69  45 108  89  71  49 109  74
   79  31  23  90  37  40 106  86  76 104   6  37
   94  29  73  92  90  77  54  45  49  57  31  80
   74  40  66  63  46  15  26  69  31  75  34  26
   58  45  64  59  50  66
   42   7  81  23  17  37  13  90  72  72  81  88
  113  22  24 100  98  74 105  57  47  23  66  99
   72  95 108   9  45 100  28  41  41   8  50  82
   95  68  45  28  60  22  43  86  71  90  77  46
   33  78  72  49  16  23  43  61   9  76  33  82
   21  28  64  90 116  38  61  89  39  29  49  76
  100 105  18  30  59  66  82  86  67  89  63  72
   65  53  59  49  58  39
   90  74  49  87 102 112  36  31  92  71  44  13
   92  99  34  51  20  92 112  52  74  71  17  77
   87  66  81  14  17  23  91  81  20  49  81  34
   56  67  41  74 101  55  90  31  37  88  42  67
   83  60  81  82  18  64  11  85 105  51  85  43
   82  51  21  99 104  74  48  29  71  77  88  55
    8  97  41 101  88  45 114  12  52 107  52  49
   87  66 110  69 100  50
   25 115  82  65  65  39 106  45  82  71  35  85
  112  62  18  85  65  62  95  22 104  28  94  93
   97  95  99  58  40 101  26  87  80  27  51  24
   24  30  59  69 114  91  22  69  86  45 100  76
  100  54  85  54 100  13  44 111  23  40  11  97
   16  22  25  55   7  25  69  67  62  13 107  92
   62  46  99  46  65  95 107  97  47 103  47  53
   91  76  43  17  78 100
   26  59  38  18  72  77  92  98  10  60  13 101
   23  90   5  78  98  89  71  68  27  22  39  84
   39  57  88   9  94  79  45 106  27  29  46 105
   48  51 108  29  38  47  28  90  97  78  20  30
   32  19  59  76  11 117 107  24  78  86  95  40
  114  33  21   7  72  62  92  62  61  47  79  72
   60  59  13  48  43  38  50  61  53 107  73  65
   56  55  76  54  49  51
   28  91  64  83  73  84  76  76  55  30  48  10
   81  88  20  20  69  41  27  85  98  45  35  66
   31  72  83  79  14  30  79 108  65  36  61 109
   34  11  96  81  35  25  43 108  90  25  16  55
   17  38  90  36  71  20  62 100  94  68  25  91
   59  99  60  22   9  40  86  42 107  66  24  42
  100  83  91  16  65  68 107  47  58  70  64  68
   74  43  67  39  24  82
   87  44  98  83  58  56  65  50  24  35  39  98
   95  43  29  79  69  27  64  62  33  48  14  27
   95  20  27  63  55  43 104  20 112  85  71  30
   19  28  96 103 101  35  17  74   8  24 110  61
   18  66  74  47  26  49 109  99  83  41  74  27
   50   5  56  74  73  42  62 100  43 100  51  54
   30  46  57  94  78 105  67  52  66  60  56 100
   22  29  38  65   9  56
   75  92  47  16  85  60  46  21  90  48  59  28
  107  76 115  79  80  70  78  94  41  28  17  73
   84 100  73  49   6  23  34  30  40  79  84  49
   68  39  42  22  30  81  44  52  44  42  22 103
  111 105 108  86  30  19  96  15   3  22 106  50
   91  91  29  80  26  55  34 102  68  74  28 104
   73  73  28  22  67  33  83  22  78  22  44  41
   36  31  73  98  36  28
  107  56  65  32  12  78  87  27  87  74  36  48
   34  11 115  84  97  93  84 104  30  34  86  64
   93  61  96 104  54  70  23  85  93  40  43  77
   45  42  66  88 109  75  57  14 105  73  62  45
   83 109  29 117  20  65  87  11  56  58  38  64
   86 107  78  93   9  38  76  35  34  65  35  16
   87  25  76  93  82  26  79  24  13  71  98  75
   17  85  37  84  66  99
   89  42  30  20  88  55  76  95  70  85  63 103
   17  37  63  52  11  17  40  41  83  20  85 107
   50  14  32  47  49  96  66  18  97  32  61  68
   51  41  88  78  86  86  92  17  61  32  81  34
   88  21  74  85  16  86  41  64  42  69  10 103
   65  50  68 103  32  22  57  21  80  70 105  53
   88 104  95  77  85  31  36  63  52  57  85  27
   80  29  64  46  42  95
  101 113  44  31  60  88  12  32  81  22  55  22
   93  93  73 107  45  51  66  80  51  65  73  45
   86  96  72  24  85  19  47  38 101  85  57  10
   78  97  32  76  51 102  79  69  90 103  14  22
   51  72  94  55  46  44  94  23  48  72  64  91
   44  96  50  39  64  16  34  75  91  97  46  20
   70  27  40  96   3  22  61  80  26  68 108  27
   92  93  37 107  28  52
   89  33  85  63  80  19  52  90  30  20  86  37
   54  76  14  68  98  56 101  59  88  90  84  59
  103  75   4  65  42  55  46 102 107  56  52  47
   21  49  91  26  38  34  93  46  20  51  28  48
   10  68  14  26  57  92  73  48 100  31  76  37
   21  80  98  67  92  74  90  85  14  74  82  76
   51  43  91  40  72  77  63  79 107 104  72  83
   96 104  51  71  79  15
   52  66 113  30  56  14  74  24  36  39  36  56
   96  39  79 108  94  81  54  19  56  13  33  84
   59  91  36  53  49  20  42  78  65  78  12  78
   64  88 109  45  19  21  44  49  70  15  86  31
   70  24  88  57 103  93  97  33  83  67  76 109
   88  87  66  64  17  37  25  35  58  47  19  56
   45  93  74  52  38  13  78  69  30  72  44  46
   70  11  92  10  79  12
   73  42  51  36  79  47  83  36  61  67  10  88
   64  99  84  24 113 113  31  19  62  22  24  66
   68 100  88  90  78 107  71  83  93  28 110  58
   93  71  63  43  80  45 111  72  26  59  39  98
   55  13  29  90  24  84  92  59   6  27  59 102
   89  88  99  21  29  84 103  83  55  83 111 108
   84  36  28  41  63  70 111  66 100  10  87  91
   62 107  73  54  69  14
   24  73 107  20  77  18  18 107  78  92  26  10
   18  56  29  87  13  84  90  63  68  75  76  91
  103  79  77  97 107  92  22  31  47  14  92  44
   28  73  26 104  49  14  54  75  71  20  99  99
   63 108  91  46  67  29  21  22  20  98  27 100
   21  59  74  60  77  56   8  82  31  40  75  67
   94  28  36  91  14  51  95 100  24  91  91 107
   22  58  59  85  97  75
    4  95  50  12  96  23  76  96   2  26  18  51
   27  46   7  10  88  10  17  89  72  58  13  34
   76  89  53  10  25  98  28  71  65  88  95   6
   22  58  97  70  28  27  13  12  14  99  44  14
   57  46  74  41  92  85   4  18  72  51   8  43
   78  31  12  40  90  58  30  69  78  51  67   2
   64  61  31  55  95  41  45  28  75   3  22   6
   10  50  78  89  93  71
   13  91  14   8  88  71  88  52   2  25  69   7
   68   7  69  53  83  27  11  51  15  71  36  59
   38  94  63  86  30  67  10  90  67  45  84  10
   44  25  62  43  77  71  53  43  93  80  65  56
   66  49  78  74  17  26  47  26  23  16  13  63
   63  10  73  93  41   5  82   1  11   5  23  92
   50  45  29  43   3  44  94  53  46  25  62  96
   85   9  11  78  49  16
   26  94  24  17  36  19  38  51  97  63  74  99
   47  23  66  10  53  21  28  43  99  30  30  55
   54  18  71  62  21  70  78  74  12  67  99  83
   49  39  11  78  42   5  14  92  20   9  46  46
   95  53  68  86  27  52  59  93  45  98  87  51
   37  74  77  50  29  86  46  35  73  68  37  43
   72  25   6  53  58  66   6   4  52  99  19  85
   19  22  70  75  43   4
   35  48  23   3  79   3  75  44  79  72  91  81
   48  26  25  43  18  70  48  40  99  76  11   1
   70  58  28   7  23  59  73  69  66  89  79  57
    2  59   3   8  66  59  70  25  83  29  56  17
   87  70   9  62  72  34  80  45  47  56  73  78
   21  58  53  41  17  79  58  30  42  81  34  86
   90  76  35  76  34  10  26  80  60  76  15  96
   15  72  54  86  12  79
   85  23  21  11  45  15  78  70  23  49   4  42
   40  61  11  30  56  48  66  28  15  41  82  86
   37  52  19  29  64  72  55   9  45  14  24  43
   62  70  55  12   2  85  19  36  55  21  29  54
   50  91  89  91  21  69  47  41  91  29  21  70
   93  23  88  41  92  74  97  86  42  62  68  15
   44   2  73  89  23  70  45  57  98  16   6  64
   82  68  77  51  50  99
   67  50  17  64   7  76  89  69  24  57  91  82
   74  95  67  30  38  98  27  51  34   8  14  71
   71  63  34   9  79  57  12  79  36  60  13  27
   52  82  30  46  22  52  46  22  86  71  76  59
   46  41  13  23  54  91  62  56  12  34   9   9
   32  70  84  37  70  53  86   4  79  53  18  46
   14  22  98  37  23   8  16   9  61   5  61  62
   59   4  30  35  72  16
   25  81  56  68  90  88  84  18   9  54  98  73
   99  93  28  49  93  87   8  32  86   7  38  66
   56  78  25  62  74  77   3  46  24  81  44   4
   61  80  37  44  18  58  39  14  96  43  95   6
   55  60  39  85  17  67  31  82  21   9  82  70
   44  73  22  69  98  93  21  20  52  56  68  43
   63  84  94  36  86  49  40  26  34  56  63  33
   53   4  91  51  98  19
    3  78  77  33  38  42   6  83  61  91  77  73
   94  55  38  89  37  14  39  37  72  18 100  83
   19  66  24  28  90  24   9  92  26   5  94  70
   53  82  69  43  29  56  76   2  38  42  52  75
   88  15  35  18  82  64  72  28   2   1  65  88
   87  66  84  76  59  83  91  31  38  18  92  43
   27  61  79  45  29  17  65  64  23  12  68  16
    8   5  72  19  20 100
   80  71  12  49  46  63  62  19  51  75  70  75
   34  75  21  11  53  53  50  19  55  80  24  60
   70  88  44  38  24  68  97  30  70  61  85  51
   29  45  34  86  48  69  37  79  55  64  17   1
   34  67  60   2  79  79  20  59  70  22  35  23
   22  90  59  82  40  70  50  47  58  24  14  66
   64   3  51  79   3   8   6  27  64  42  54  18
   43  71  43  62  77  54
   65  39  19  29  12  43  36  63  97  70  60  10
   53  84  36  79  93  16  22  73  23  35   6  85
    1  95  36  90  80  28  89  20  70  34  76  15
   42  88 100  68  37  76  69  29  72  81  85  89
   27  61   5  41  92  12  93  93  69  59  69  56
    1  94  65  89  21  70  88  98   5  87  29  97
    6  89  77   7  65  83  11  17  69  26  11  80
   55  65  60  61  36  96
   98  82   7  72  65  55  65   8  49   8  21   4
   85  29  94  58  24   3  64  33   3  14  59  40
    4  66   6  54  80  35  43  89  12  38  72  65
   66  68  65  11  39  64  10  25  47  59   6  42
   31  82  90  23  68  63   7  27  36   7  96  65
   19  87  31  10  21  36  57  63  66  58  81  32
   42  71  53  46  71  88  86  47  83  42  77  81
   49  67  46  46  57  49
   74  98  36  93  99  82  99  27  39  32  27  23
    4  84  83   8  19  29   2  48  68  86  42   8
   35  10   9  95  66  11  78  62  61  98  64  27
    9  51  57  87  51  80  69  16  32  26  29  74
   80  38  43  69  95  84  75  55  99  37  70  29
   91  76  54  25   2  77  54  25  65  90  64  31
    5  13  90  90  58  45  23  22  38  26  48  47
   47  52  55  59  50  69
   13  43  65  32   7   8  72  80  28  40  60  92
   20  17  68  65  83  10   5  65  31  40  91  32
   21  43  30  96  94  87  19  21  87  71  28  73
   47  38  79  36   8  47  24  73  67  27  63  49
   25  45  23  23  98  47 100  17   7  63  18  73
   29  62  94  11   9  43  56  83  42  35  23  58
   99   9  68  19  23  65   1  97  55   4  65  62
   33  37   6  44  11  53
   77   3  28  52  37  66  11  72  27  45  81  22
    8  51  90  32  46  49   8  91  10  78  13  13
   15  16  16  60  68   8  77  28  39  83  68  81
   90  83  47  44   1  14  97  33  25  60  10  38
   11  59  26  48  20  92  60   9  79  71  99  19
  100  83  92  58  99  85  42  47  57  93   4  28
   43  64   9  73  51  20   9   7  66   5  63  54
   20  31  71  89  30   4
   84  55  71  96  33  31  26  11  92  54  89   3
   87  27  99  38   6  15  49  35  85  86  65  33
   64  57  20  97  17  32  57   2  87  85  57   9
   60  51   4  88  74  62  86  20  13  31  94  88
   77  92  48  38  93   2   6  86  31  23   8  66
    6  85  90  98  43  51  26  56  59  67  32  31
   55  50  94  66  62  73  60  50  57   3  31  46
   64  61  27  63  69  51
   76  26  47  31  41  30  33  36  56  84  60  99
   25  24  95  99  44  62  81  34  22  66  67  40
   85  38  19  24  90  81  40   3  51  69  46   5
   80  91  17  31  73  92  71   8  23  90  90  52
   91  76  28  71  38  86  41  15  16  50  77  12
   48   4  45  97  94  80  19  69   8  48  89  78
    7  24  20  98  50  34  12  64  56  34  53  36
   34  75  39  81  81  29
   30  67   8  29  51  47  37  61  83  77  68  11
   16  66  87  24  35  80  38  55  86  63  98  89
   18  88  86  41  61  62   4  84   6  28  49  73
   96  85  13  11  18  82  89  35  99  95  10  58
   93  43  31  55  77  56   5  21  20  66  35  89
   57  98  57  43  35  60  57   9  59   6  51  58
   85  63  54   8  38   6  43  53  45  51  63  17
   90  82  67  43  99  52
   27  19  73  90  26  58  56  95  22  58  51  76
    8  35   1  38  36  41  28  10  75  83  94  31
   36   2  47  54  97  92  69  86  73  28  28  55
   40  73  61  95  83  36  73  52  70  62  83  12
    5   9   7  33  82  94  10  99  99  91  10  69
   24  26  73  40  94  59  77   3  45  34  80   5
   32  38  85  98  52  72  28  89  33  92  70  63
   83  86  43  10  77  75
    2  62  49  76  98  40  32  84  16  29  82  60
   73 100   5  29  19  18  29   8  84  82  27  44
   16  46  20   4  66  37  87  34  12  64  65  43
   74  61  48  32   2  30  62  98  10  31  42  74
   19   5  74   1  97  49  32  95  47  53  74  40
   31   4  30  23  94  64  42  68  74  47  84  93
   33  79  35  19  37  76  23  78  96  32  13  43
   98  32  65  24  42   4
   16  65  74  91  29  51  43  18  36  30  48   1
   95  74  47  50  98  98  72  66  25  88  32  10
   67  95  84  58  65   8  47  96   6  70  56  39
   62  79  24  25  21  24  22  93  56  88  21  80
   19  99  29  25  90  32  67  51  69  41  92   6
   38  55  36   7  86  97  63  98  34  43  11  55
   22  11  13  39  26  82  80  51  64  49  30  77
   33  82  39  71  62  16
    7   6  67  82  55  32  93  71  39  81  65  91
   11  18  44   2  63  56  47  31  64  55  36  59
   25  19  30  83  17  90  56  67   6  26  55  96
   25  23  87  39  67   2  26  35  13   8  88  96
   54  41  16  64  65  67  23  95  56  31  39  26
   67  19  66  72  39  86  77  41  18  14  64  93
   34  88  76  23  99  85  57  25  87  47   2  92
   11  19  69  13  81  68
   22  70  35  56  34  98  62  28  75  90  25  77
   62  32  93  34   5  51   6  53  18  28  28  52
    7  39  99  49  62  62  57   5   1  56  63  64
   90  54  22  83  82  70  21  65  98  59  88  61
   94  38  89  82  52  11  47  71   9  84  35  70
   84  40  11  49  22  44  30  26  89  46  33  34
   63  70  25  76  41  35  40  32  12   3  35  25
   16  16  69  48  32  94
   54  39   2  79  60  89  45  81  81  67  75  55
   22  66  33   9  19  23  60  99  62  92  81  23
   55  27  70  66  62  95  70  40  49  28  99  42
   55  24   1  75  94  91  68  62  33  87  18  78
   49  93  27  58   4  16   6  81  35  37  36   5
   18  18  37  47  85  67  91  82  56  69  89  50
   70  15  28  56  77  98  24  51  74  39  73  65
   34  91  22  95  39  91
   32  62  54  81  25  61  31  81  52  45  99  14
   44   5  18  78   5   4  88  90  50  96  87  50
   37   3  14  21  39   5  49  20  26  92   3  46
   14  32  48  77  31  69   3  45  83  54  67  19
   50  94  85  16  87  21  28  57  96  80  61   6
   16  26  15  84  82  36   1  19  56  27   3   9
   18  77  79  70  49  45   9  43  19  95  24  17
   52   9  44  65  34  93
   84  30   7  88  27  87  95   6  30  12  82  93
   84  55  82  24  98  34  29  50  43  45  42  15
   16  32  26  22   6  22  86  87  65  88  21  71
   82  37  82   7  55  93  49  29  48  87  13  20
   57   1  24  72  49  85  89  89  98  10  81  19
   91  44  35  44  26  49  99  29  73  66  29  37
   23  81  66  23  89  59  11  19  93  17  22  10
   98  47  51  24  14  36
    132   134   143   148   143   133   157   144   146   157   138   151
    132   133   154   150   154   151   135   152   145   143   160   133
    149
