 20 150
  109  33  97  77  90  62 103  27  53  82  88  49
   15  38  99  31  69  44  31 109  97  26  81  12
   64  23  72  91  25  18  73  34  22  20 111  27
  101  75  41  12  17  64  87  73  42  98  71  33
   76  56  74 105  78  92  55  54  34  30  57  26
   22  19 105  25   5  14  37  35   9  27  75  49
   25  22  40  31  96  23  39  98  35 107  49  86
   87  97  77 103  93  47  97  81  58  64 105  36
  104  97  13  50  56  19  48  50  51  22 106  96
  105  92  66  25  19  99  93 101  12 106  27  94
   16  35  90  71  27  61  34  83  71  73  15 108
  116  96  18  50  20  26  26  25  58  93  90  64
   51 115 106  29  46 104
   66 105  24  32  96  68 109  83  52  83 115  96
   30  25  73  78  30 100  29  81  40  73  84  24
   11  83  60  14  67 111  93  91  44  45  36  35
   50  53  75  72  38  34  72  75  90  76  99  96
   42  61  81  74  46  48  57  10  84  32  28  96
   72  88  37  23  53  58  46 104  48  26  50  98
   13  44 103  63  27  36 103  72  31  59  48  89
   89  65  25  23  93  24  70  29  47  88  45  18
  104  91  74  36  76  92  87  43  49  20  29  78
  109  51  22  82  88  78  55   6  61  67  91  58
  107  45  47  44  44  75 100  57  49  28  61  44
   28  58  95  34  55  86 105  13  27  66  59  62
   84  64  23  74  31  41
   21  21  83  44  89 102 104  27  66  66   9  20
   90  57  85  67  87  97 113  69  59  22  60  53
   79 104 101  80  66  83  91  17  47  15  78 118
   46  46  89  52 101  14  98  83  66  37  35  68
   38  39  63  33  54  91  70  34  59  33  61  62
   88  30  69 107  41  48 108  22  92  63  68  15
   96  54 104  82  81  22  73   8 111  44  61  26
   27  93  38  42  59  82  51  97  59  41  99 107
  116 108  99  55  87 106  44  54  50  26  55  74
   50  46  28  25  88  87  52  69  74  35  65  40
   35  26  19  28  53  66  29  19  14  14  79  78
   44  47 105  75  56  35  93  63  33  80  43  22
   44  36  47 102  53  30
  104  87  92  46  36  76  85  89  86  91 105  35
   44  84  62  73  52 112  43 103  27  87  69  57
  103  87  76  15  77  54  27 100 105  82  48  77
  112 109  72  10  11  36  77  43  58  90  78  95
   70  46  98  49  38  92  64  67  46  22 116  56
   63  19  40  88 100  30  78  70  90  53  28  98
   78  84  13  81  99  32 106  68  18  83  19  85
   15  25  31  22  30  91  73  56  22  38  85  65
   35  51  81  41  77 107  93 108  82  20  72  86
   38  11  89 105  98  27  79  23  63  52  47  58
   79  37  58  47  40  76  25 102  20 110 113  42
   19  59  47  56  86  63 109  28  38  29 103  80
   24  79  60  17  31  94
   49  35  54  31  69  29  37  20  78  33  20  39
  100  57   8  35  61  93  31  93  62  99  80  49
   10  46  22  13  69  36  70  16  61  44  30  48
   88  49  44 109  32  61  94  41  19  84  61  15
  103  96  33  69  70  32  34  48  74  68  49  36
   45  61  65  52  32  16  46  45  60  63  28  72
   38 102  92  79  39  31  32  97  23  33  70  88
  101  78 112  32  73  74  55  40  57  65  23  88
   82  91  55  47  87  30  24  17  62  17  45  81
   66  92  70  93  87  43  58  39 101  17 109  92
   73  41  74  33 106  67  37  32  42  47  90  46
   35  90  84  33  88  81  68  17  47  73  73  73
   59 100 109  48  53  68
   58  74  55  78  66  61  57 105  36  36  18 109
   65 107  63  86  36 102  72  37  68  37  59  79
   54  90  52  48  47  70  59  83  55  94  92  83
   77  79  85  27  92  12  83  31  31  41  74 110
  108  95  24  65  82  90  47  18  77  43  40  97
   43  41  94  66  62 104  88  17  28  66  22  21
   89  35  58  36  60  98  55  39 105  68  41  67
   19  14  18  40  56  93  64  75  88  58  39  46
   25  82  21  51  99  44  78  93  57 107  58 101
   99  24 100  58  91  77 102  34  41  45  49  99
   58  81 102  37  24  59 105  93  91  31   6  94
   22  51  71  15  96  70  96  93  16  71  27  59
  113  27  24  18 113   9
   27  69  32  15  76  76  76  97  23  65  82  14
   25  89  14  15  53  10  49  80 112  86  75  63
   47  59  12  52  94  88  88  31  74  16  43  48
   70  76  18  73  76  51  52  80 108  29  81  91
   18  79  51 101  67  25  75  17  17  25  82  97
   42  69  94  45  46  39  49  75  67  76  27  98
   99  19  50  55  36  88  61  85  66  87  20  56
   71  31  63  27  50  59  32  70  60  80  32  63
   77  67  35  94  41  78  26  86  84  99  96  16
   75  12  39  93  88  66  37  59  77  97  43  68
   21  87  20  68  36  54  85   4  76  28  61  82
   42  53  35  94  78  38  31  56  80  10  71  11
   53  60  27  68  55   6
   62  44  75  74   8  34  59  48  84 107  92  23
   65  91  48  55 103  27  29  29 107  83  43  68
   71  97 113  11  61  31  17  76  84  81  65  25
  104  35  54 107  27  43  37  55  37  44  37  99
   30  49  98  93  64  50  61  14  15  80  32 107
  109  66  95 112  49  90  33  78  14  58  45  89
  106  61  35 105  69 106  89  73  35  65  83  56
  102  25 101  64  79  68  97  17  72 101  85  24
   60  48  93   7  57  98  47  40 105  87  39  99
   87  40  60  23  87  47  37  43  25  26  17  47
   66  19  45  84  51  94  21  73  37  94  78  92
   18  17  52  47  30  14  99  26  52  55 102  55
   88  96  11  65  96  73
   39  79  67  28  63 103  95  45  84  82  87  13
   84 106  11  41 101  93  50  20  89  77  73  15
   80 103  37  12  44  83  72  45  54 117  93  76
   85  83  91  32  90  32  24  36  41  70  95  81
   68  32  16  23  14  28  91  73  82  41  21  85
   52  93  74  39  89  68  87  17 103  93 113  19
   74  18  91 108  64  46  25  72  56   8  45  82
  102  85  61  83  18  22  49  90  95  55  65  52
   50  82  40  96  60  67  13   9  96  38  19  96
   73  30  26  15  27  73  28  82  37  46  90  27
   92  42  93 110  36  99  72  31  11 112  59 116
   29  39  36  64 111  42  56  83  67  56  71  55
   17  44  72 106  18  80
  109  17  83  24 107  55  62  31  27  94  25  36
   34  41  76  94  27 100  59  72  52  26  42  68
   70  64  94  33 101 101  78  81  79  46  20  83
   22  17  99  37  14  12  77  62  56  99  87  50
  108  56  59  98  78  16 111  59  68  11  28  84
   51  30  73  19  26  48 107  68  68  29  44  47
   20  93  47  27  10  59  61  34  88 103  27  81
   87  61  14  39  86  98  90 107 101  83  58  68
   88  95  23  27  85  84  85  44  71  37  43  33
   51  51  89  31 104  92  94  87  38  41  76  87
   86  86  37  84 112  60  42  76  10  27  70  21
   92 102  33  76 102  56  96 108  87  75  42  69
   80 102  91  45  49  90
   32  86 105  25  44  53 108  53  19  58  61  84
   32  45  38  70  29  66  36  80  28  72  53 113
   32  57  91  46  70  73  72  12  68  58  33  24
  117 118  36  47  99  50  39  21  21 101  30  24
   81 110  26  36  34  26  32 100  69  98  83   7
   19  76  20  12  91  61  67  45 104  34   4  10
  100  72  59  43  28  95  20  84  53  73  47 108
   34  16 107  21  59  50 107  48  67  86  59  63
   70 100  84  58  49  74  90  12  87  23  83  41
   99  47  41  42  75   9  42  52  53  64  23  88
   50  50  44  40  45 105  32  39 109  34  20  37
   96 106  90  27  86  24  26  67  83  41  72  30
   92  21  44  54  59  74
   50  43  38  43  51  14  32  94  73 114  89  55
   97  40  29  83  90  61  78  78  68  22  17  39
   66  92 101  77 111  40  26  39  55  78  82  69
  104 105  86 100  76  17  43 104  85  27  58  35
   66  21  34  89  17 107  80  61  33  63  31  25
   86  21  64  58  47  45  30  83  29  22 115  97
   83  66  77  20  17  71  14  46  19  19  77  91
   53 110  16  25  76  88 103  38  62  34  24  87
   85  37  13  72 115  50  29 105  56  81 102  81
  106  41  83 100 105  87  79  67  74  84  64  32
   72  24 111 101  98  13 111  91  64  27  54  17
   88 107  52 106  89  31  25  77  76  54  76  98
  101  60   6 100  37  64
  102  46  97  45 102  65  49  30  15  92 110  91
   27  35  89  38  75  67  50  40  13  94  74 108
  114  66  98  69  83  74  69  69  68  40  69 115
   11  26 112  67  45  77  83  44  79  85  76  78
   45  59  79  76   9  46  82  56  62 119  26  37
   25  12  62  37  61  61   3  54  89  95  46  38
   98  80  40  78  73  44  10 100  80  43  44  37
   82  22  42  24  89  33  69 105  33  32  85  75
   77  99 104  19  53  82  34  79  86  87  27  33
   40  84  53  80  94  67  70  26  50  27  58  32
  108  16  76  17 102  66 101  42  29  63  98  69
   36  94  41  66  25  27  28  68  95  32 110  60
   23  65  78  57  42  35
   45   8  46 109  88  25  78  97  83  27  37  43
   98  34  57  13  56  34  88  31  99 101  21   4
   52 107  87 101  65  95  48  76  29  70  30  76
   36  32  33  94  55  84  44  19  46  97  34  79
   27  89 106  56  93  26  66  15  48  84  62  64
   49  23  27  23  14  31  64 109  75  40  27  43
   68  44  38  71  17  24 103  98 106  86  19  49
   36  25  85  28  90 110  27  24  77  87  91  92
   35  95  75  14  40  38  27  66  36  98  86  38
  108  85 108  92  12  33  29  32  61  91  24  85
   76  56   8  96  82 101  46  22  85  39  47  27
   46  79  98  82  54  17  52  57  17  89  18  19
   53  83  46  26  48 113
   87 114  45  43  87  17  93  92  97  70 106  67
  106  24  74  31  53  16  96  74  90  49  85 106
   90  19  24  54  84 111  96  55  46  31  17  80
   34  18  31  95  91  32  97  39  58  80  51  74
   95  70  85  80  33  20  75  85 105  96  61  82
   54  23  23  53  80  72  55  29  54 102  43  81
   83  63  42  52  76  59  66 106  48  67  67  11
   50  81  97  91  47  82  77  86  74  64  63 103
   93  16  92  96  86  86  63  77  52  24  91  35
   66  38  51  57  47  26  72  91  80  13 104  90
   20  53  24  54  81  74  51  35 105  57 117  66
  115  27  62  11  22  24 100  15  45 111  99  70
   97 101  12  88 109 108
   56  96  50  77  62  73  78  46  36  18  68  97
   54  90  30  25  63  44  36  57  28 115  26  93
   98  48  30  63 103  44  26 112  55  36  65  18
   63  86  76  36  77  34  27  31  42 105  86 113
   50  12  81 100 108  61  72  84  85  67  24  26
   85 104  13  29  35  58  65   9  89  45  91 110
   65  14  52 116  14  24  35  44 112  58  26  84
   44 116  19  60  93  46  37  29  59  12  73  60
   32  55  17  10  95  60  87  27  31  48  29  14
   21  53  60  47  50  29 108  48 101  89  66  35
   55  13  71  50  94  95  93  85  15  50  21  99
   51  74  68  80  29  83  77  36  78  22  45  45
   49  94  77  89  17 109
   22  85  83  90  62  68  45  21  38  36  84  46
   74  26  85  25  57  92  71  81  25  62 103  76
  100  39  17  73  56  28  88  84 103  51 103  66
   30 101  64  11  14  76  27  97  43  42 103  88
   88  72  50  38  84 106  39 104  75  92  95  68
   39  79 103  56  42  58  87  21 112  46  53  90
   75  82  53  23  18  86  67  13  88  76  63  30
   26  94  84  32  32  35  46  14  89  75  85 114
   43  10  56  89  24 102  55  60 114  22  84  56
   27 107  37  32  47 107  51  75  38 107  60  74
   60  90  70  23  18  96  92  58  96  69  87  67
   68 118  24  88  39  95  97  29  57  88  70  80
   54  28  71  24  30  33
   34  36  32  49  85   3 102  23  47 106  47  54
  113  42  41  17  80  61  92  16  36  72  49  20
   53  52  75  81  22  50 111 112 100  28  88  35
   73  93  77  79  94  84  93 107  94  71  35  73
   15  87  23  35  54  29 109  43 111  28  18  52
   13  51  67  40  79  15  48  13  72  78  54 105
   52  37  77 107  58  56  74  77  60  40 106  54
   48  45  89  74  74  14  86  78  47  87  89 107
   47  40  34  36  55  44  89  99  27  30  73  53
   30  96  98  60 104  45  87  25  33  23  15  49
   51  71  18  56  99  25  16  93  88  50 103  98
   91  36  88  55  90  90  85  77  44 100  29  18
  101  86 102   5  54  11
   30  62   8  48  85  82   9  37  97  59  99  61
   67  36  41  96  37  18  23  36  76  98  23  18
   21 103  60 105  98  78  41  81  66  88  61 108
   44  58 110  33 100 115  68  54  71  44  96  13
   72  44  87   8  66  73  25  12 101  51  31  94
   81  63  74  65  95  74  56  18  35  64 107  25
  103  42  53  14  53  68 113  34 108  25  13 116
   28  24  72  38  52  46  98 100 100  92  46  57
   32  69  75  14  55  53  44  50  46  93  20  41
   28  66  87  47  21  91 107  26  58  64  75  81
   50  60  92  45  32  19  44  62  17  46  29  98
   83  78  68  31  43  38  93  78  53  86  96  91
  107  17  20  93  70  84
   77  72 104 112  96  96 100  31  70  70  38  64
  104  17  99  12  25  47  50  18  29 106 107  72
   22  79  57  31  40  81  38  54  22  78 111  44
   35  88  53  69  54 106  81  43  34  50  57  66
   14  46  91  58  23  99  77  68  57  10  89  24
   69  90  88 111 105 102  55  61  10   8  86  87
  104  50   6  70  19  28 113  20  46  29   5  21
   84  69  17  71 104  67  42  24  49  95  45  92
   96  92  29  96  66  73  94  55  50  23 105  78
   50  36  46  62  11  95  89  98  42  38  21  30
   29  36  89  80  87  62  66  89  85  88  75  83
   14  69  38  88  98  88  22  22  53  56  51 106
   54  70  85   3  84  87
   10  69   9  31  21  45  12  84  49  23  24  62
   92  79  21  77  50  61  72  11  14  79  35  96
   46  90  31  14  79  89  44  69  95  95   3  88
   15  36  66 100  85  39  19  29  70  18  48  75
   32  61  41  10  25  18  64  55  78  83  56  80
   87  91  15  81  97 100  82  71  93  77  33  70
   88  89  62  89   8  88  75  21  79   3  70  21
   21  19  29   5  27  72   6  29  54  38  10  77
   15   9  97  54  56  93  59  68  56  98   4  19
    4  16  49  86  90   9   9  19  99   7  78  19
   88  83  26  32  78  50  75  32  45  43  96  11
    1   9  93  67  86  90  90  89  55  21  19  47
   65   3   5  76  59   4
   36  14  96  73  20  44   8  35  59  26   4  24
   90  90  45  25  81  11  89  30  68  34  35  79
   91  26  51  96  35   3  22  27  65  71  77  72
   65  66  38  33  73  86  47  42  23  35  10   6
   75  52  30  36  63  59  50  93  22  88  86  23
   31  30  67  86  52  58  68  10  63  79  55  13
   99  62  17  48  87  79   3  42  85  44  64  28
   20  45  86  86  22  87  33  81  68  28  75  97
   14  16  37  78  33  24  28  66  54  93  80  33
    2  67  92  26  28  28  59  97  55  35  12  49
   11  63  56  65  64  41  14  51  67  86  50  71
   89  44  21  86  55  25   6  89  83  41  46  48
   22  46  81  37  87  70
   89  95  22  74  31  14   6  84  38  49  98  89
   27  60  34  42  22  16   5  47  52  82  44  54
   32  10  19  38  50  20  15  88  61  96  24   2
   66  66  31  62   7  94   5  35  48  67  79  48
   69  78  49  85  49  22  50  70  53  72  50  55
   23  81  36   7  62  55   2  97  27  51  34  88
    8  59   2  21  23  90  42  99   3  68  50  85
   76  11  64  77  61  21  53   6  52  75   6  13
    4   9  16  48  23   4  74  49  52  76  50  33
   61  65  82  81  31  20  68  33  44  85  46  62
   69  90  87  75  51  40  82  92  97  92  28  38
   65  59  14  29  51  82  12  56  73  28  62  80
   67  70  64  14  64  81
   15  18  28  67  80  34  23  16  22  15   4  68
   67  33  49  40  57   5  68   8  79  29  35  51
    6  24  31  87  32  66  76  12  14  26  70  30
    6   6  31  99  95  79  29  67  47  26  26   7
   32  69  15  53  69  17  52  43  65  95   1  52
   48  88  65  32   8  73  28  47  30  62  88  13
   36  35 100  35  21  79  10  43  90  27  89  30
   96  92  82  92  79  11  32  61  98  73  26  47
   76  66  29  73  32   8  25  12  20  86  48  25
   67  97  29   3  14  81  24  94  43  59  56  53
   28  74  54  71  62  27  86  14  99   9   4  63
   92  47  68  49  28  39   3  92  67  86  15  40
   81  37  46  99  87  23
   63  75  55  79  36  73  65  95  40  79  93  72
   19  54 100  76  52  13  78  22  41  19  37  65
   98  67  91  89  38  75  46  89  56  66  89  66
   26  58  75   5  79  56  13  70  99  32  51  91
    3  17  73  49  32  86  77  62  37  51  66  77
   71  42  37  56  71  95  63  59  48  45  89  39
   73  10  13  24  68  73  74   7  88  83  43  32
   16  30   8  83  41  36  60  71  54  46  85  21
   33  13  48  57  25  82  80  96  43  87  68  32
   47  28  42  21  32  62  61  69  17  97   2  28
   34  69  46  69  11  37  66  82  63  65  18  58
   81  18  21  76  14  38  52  93  60  42  29  31
   56   3   2  59  58  38
   59  29  53  27  49  57  56   6  67  84  89   5
   48   2  46  30  81  15  43  69  46  76  55  27
   48  28  55  65  58  35  48  37  50  25  10  27
   39  23  27  88  15  94  30  79  84  75  36   3
    8  18  79  39  33  20  58  90  36  66  63  12
   59  70  20  54  46   3  26  95  81  36  85  85
   28  78  53  78  60  14  62  69   9  37  71  37
   92  92  95  77  59  13  48  41  19  52  74  74
   87  30  91  51  20  62  25  16  47   4  48  17
   16  82  18  47  27  39   9  79  69  64  60   5
   59  34   3  70  81  49   4  15  18  73  99  11
   94  69  37  95  15  37  10  15  94  49  93  54
    4  91  85  84   4  99
   82  46  72  91  39  31  42  11  85  48  22  96
   80  23  96  98  58 100  66  29   8  32  36  49
   68  61  98  59  13  17  29  85  37  93  65  64
   45  43  99  35  39  60  66  22   4  75  25  27
   99  32  54  13  43  83  34  94  99  78  35  22
   69  42   8  73  73  73  68  38  44  26  84   4
    8  96  66  50  77  14  52  28  40  27  94  53
   39  88  52  90  65  48  71  44  45  35  79  41
   28  48  68  23  70  42  82  30  27  16  10  92
   39 100  63  14  16  45  74  60  30   6  75  49
   99  32  92  35  75  56  28  98  35  76  49  30
   60  51  79  25  35  80  81  61  23  95  45  95
   63  49  78  46  53  97
   41  72  44  28 100  69  46  58  29  13  14  88
   43  28  63  62  15  84  82  81  11  28  77  46
   32  22   2  92  48  85  98  30  35  27  39  77
   14  84  54   3  88  63  78  57  82  73  83  16
   76  65  19  16  46  67  46  88  98  28  76   5
   11  47  13   5  67  16  80  41  97  56  72  14
   13  57  78   8  44   9  29  31  80  45  30  52
    5  79   2  38  32  41  15  89  47  13  27  80
   43  69  24  96  56  16  55  71   7  22  68  21
   32  62  52  87  30  55  70  72  90  93  99  73
   37  90  70  26  62  13  96  38  66  17  24  25
   94  91  56  55  74  88   3  77  51  65   8  65
   30  23  93  54   9  38
   75  23  48  84  48   5  17  61  20  33  28  91
   21   9  97  72   3  22  58  85  22  43  41  87
   33  11  68  94  72  19  39  74  49   2  16  28
   28  26  14  81  19  74  87  71  66  34  16  33
   35  84  95  88  97  87  24  34  21  70  84  24
   57  14  42  64  28  43  24  96  12  13   7  85
   34  95  11   6  52  67  79  34  46  97  73  29
    2  35  52  26 100  96  65  21   8  54  41  56
   59  20  70  14  48  39  94  96  14  71  97  21
   29  83  88  97  84  33  88  29  82  58  24  87
   19  65   9   9  71  14  33  73  91   7  53   3
   85  77  75  39   8  75  47  37  43  55  39  49
   98  64  40  13  88  30
    4  85  21  78  11  64  47  78  81  10  90  76
   76  63  35  17  83   5  56  43  53  79  61  42
   32  48  24  77   6  12  25  27  35  59  88  22
   91  97  19  82  94  96  37  58  55  19  22  61
    3  61  45   8  34  92   9  55  41  92  81  35
   56  82  40  97  83  71   4  44  40  88  71  64
   92  21  60  77  93  53  44  68  23   3  90  22
   18  59  95  65  19  20  25   3   1  30  49  52
   16  17  83  85  25  29  22  65  40  75  77  78
   61  61  19  80  10  23   9  28  70  71  39  17
   30  24  70  22   7  46  69  33  98  84  45  90
   13  11  87  27   7  52   6   2  23  33  63  40
   31  13  18  67  60  21
   83  26   9  78  66  51   8  63  94  62  42  26
   70  64  71  49  82  39  80  36  84  36  67   3
   87  54  27  58  47  38  47  99  49  58  86  93
    2   2  68  68  15  57  65  98  94   6  89  91
   30   7  76  80  76  84  74   4  46  18  33 100
   97  26  88  92  19  56  53  74  16  70 100  99
    3  36  56  69  88  11  82  19  60  30  67   7
   77  95  10  98  54  60  12  59  48  22  60  39
   50   3  20  56  69  44  16  92  20  87  25  75
   12  68  61  67  35  97  63  52  49  53  83  23
   70  67  73  71  59  12  73  73   8  86  97  74
   24   9  25  82  27  96  82  52  26  62  36  72
   14  93  75  52  52  45
   67  76  70  68  67  88  83  23  44   6  30  56
    6  80  91  35  18  53  25  33  37  90  94  68
   47  21  15  42   3  75  85  73  57  24  29  40
    9  11  27  15  35  94  60   1  29  86  45  73
   38  82  68  14 100   7  31  48  85  48  77  83
   27  94  42  49  64  72  78  31  77  85   2   7
   27  49  26  90  87  32  98  64  90  89  42  16
   57   3  87  80  38  19  15  73  52  81  88  30
   19  77  96  45   4  67  86   5  48  24   6  31
   11  74  34  11   5  31  26  44  35  34  46  70
   36  86   7  15   6  91   6  20  51  93  64  88
   17  11  62  14  29  73  79  25  28  66  29  20
   12  60  97   3  65  53
   16  74   7  62  17  37  69  77  95  19   8  26
   76  78  25  76  36  47  69  71  93  22  29  12
    1  54  13  41  23  30  42  39  34  65  37   5
   96  90   5  44  57  35  23  59  26  21  34  36
   69  44  26  30  97  66  25  56  49   1  80  72
   79  99  52  71  51  43  99  66  17  24  67  78
   11  37  74  24  33  68 100   2  39  76  74  82
   28  89  60  93  26  82  46   9  80  74  32  34
   41   6  15  96  50  36  80  31  31  24  85  69
   71  18  49  23  18  44  38  76  57  90  57  73
    7  98  33  98   1  50   5  75  78  52   9  42
   70  26  68  50  90  93  79  42  16  70   3  46
   80  43  41  61  61  67
   70  95  73   7  23  93  25   7  27  90  74  68
   12  82  59  97  50  71  28  77   5   3  84  99
   53   3  21   8  37  16  58  33  90  41  81  28
   83  73  77  10  57  35  75  94  60  19  80  33
   88  22  13  54  22  84  46  96  62  29  43  48
   67  93  93  83  94  75  54   3  32  62  83  68
   43  72  78  40  95  93  15  16   7  19  85  69
   75  84  31  83  24   6  86  91  31  20  13  15
   73  16  36  98  62  77  83  49  77  19  24  73
   10  24   5  14  95  80  86  88  55  19  81  26
   30  52  95   7  20  10  58  95  21  77  67  82
   65  36  20  21  53  93  56  61  95  28  91  92
   49  23  58  78  54   6
   24   6  64  63  30  97  27  15  22  40  13  46
   12  89  43  71  50  91  22  37  19  64  27   8
   12  90  94  56  30   4   8  47  62  73  87  27
   77  94  71  12  11  76  11  74  48  26  52  31
   19  40  28  29  79  90  41  35   3  10  54  22
   65  82  79  57  32  31  60  88  48   2  64  34
   26  55  68  67  29  50  44   7  61  35  52 100
   56  32  22  18  64  26  42  32  37  54  51  13
   18  89  20  10  28  30  42  42  55  87  21  85
   39  73  55  58  63  85  31  12  35  99   5  17
   82  52  93  48  33  31  60  75   7  60   2  52
    3  91  40  97  83  85   4  88  66   6  20  47
   11   4  99  25   2   6
   50   7  54  39  44  43  35  68  73  93  48  16
   65  18  90  80  47  64  79  63  83   1  90   9
   19  56  90  43   7  58  82   4  54  69  37  85
   56  26  32  76  34  71  90  88  71   2  18   6
   53  94  39  12   6  52  37  35  26  37  86  82
   28   8  97  76  77  62  50  93  26  66  29   4
   51  98  65   4  97  87  72  58   7  44  81  36
   61   2  84  47  18  56  65  80  48 100  41  42
   74  62  97  92   7  44  30  81  81  55  75  91
   99  56  56  69  61  91  12  65   7  28  40  74
   50  93  34  66  21  15  18  31  99  52  85  11
   54  39  40  40  79  20  27  82  32  86  75  67
   71  17  33  30  95  11
   97  32  29  27  56  48  61  90  73  68  31  60
   32  87  18  88  54  13  34  30  89  47  14  35
    2  80  97  33  57  78  22  18  10  64   8  43
   90  14  44  99  97  35  79  14  76  62   8  23
   14  41  55  74  25  14  70   7  36  10   7  36
   76  32  17  49  67  45  33  85   2  62  61  27
   41  32  62  86  96  26  44  93  19  30  48  83
   85  25  35  82  88  79  74  96  22  36  32   3
   68  98  54  28  87  17  60  44   3  81  27  53
   90   3  74  73  66   3  59  28  70   5  56  35
   59  15  49  87  90  15  16  52  12  47  19  44
   46   2  91  25  81   8  23  86  58  14  49  35
   55  83  39  83  77  75
   76  71  82  59  30 100  14  84  56   9  55  58
    4  60  71  91  39  49  13  91  83  32  57 100
   51  67  43  30  88  56   6   2  10  76  22  83
   34  18  40  27  24  28  20   4  23  41  72  47
   91  19  93  83  48  89   7  74   2  83  94  54
   94  69  40  63  36  96  62  90  39  26  55   7
   62  74  26   5  45  47  30  38  44  75  10  53
   71  58  31  33  33  96  23  30  64  29  14   7
   69  74  69  71  60  66  29  17  89  90  42  54
   89  21  13  57  15  61  26  94  70  80  94  67
   59  49  93  50  13  77  96  25  30  54  12  21
   17  81  26  49  21  16  35  43  72   5  86  97
   19  19  11  98  63  98
   85  55  95  64  18  33  98  67  23  60  14  48
   44  82  71  15  71  92  96  67  35  19  95  84
   90  11  44   9   5  27  73  37  45  26  59   8
   67  46   9  86   2   2  47  55  42  66   8  98
   32  58  17  94  51  32  82  95   9  64  80  23
   21  40  45  49   9  44  53  89  77  43  13  86
   12  76  52  97  54  43   6  86   1  89  99   4
   84  96  45  81  63  67  19  16   7  15  58  58
   86  47  39  97  61  59  73  54  64  18  89  63
   91  48  23  62  90  23   5  81  45  49  43  28
   65  57  21  74  72  85  71  48  89  70  77  17
   27  32  50  75  69  64  20  36  64  18  23  14
   11  94  92  14  45  26
   26  46  10   5   6  15   4  76  43  40  78  55
   15  87   3  92  94  56  64  93  90  14   4  47
   87  34  54  73  76  39  78  53  97  29   4  68
   78  27  63  40  66  11  31  63  70  55  60  51
   97  65  20  62  89  18  36  47  63  94  23  82
   43  24  25   5   2  16  54  56  98  99  26  15
   15  62  96  35  92  84   3  85  71  80  97  83
   26  35  86  37   5  38  69  80  65  24  72  11
   16  12  90  24  45  38  22  58  68  97   6  25
   61  80  62  50  94   8  25  11  78  70  85  72
   91  67  24  25  25  42  50  24  20  20  42  26
   97  46  80  23   8  23  87  87  56  47  66   2
   49  49  33  99  27  28
    309   305   299   285   323   287   327   307   297   284   324   286
    297   315   266   312   284   306   313   298
