 20 125
  109 102  22  80  27 106 108  81  12  85  18 102
   43  77  80  23 102   6  17  45  56  71  75  19
   78  47  65 113 109  26  98  84  85  38  96  45
  113  82  56  28  64  73 101  10  76  22  98  45
  101  60  44  23  51  27  21  54  83  37  72  44
   85  23  90 110  41  21 112  51  60  37  30  57
   21  25 102  64  69  40 110  13  81  31  68  69
   54  81  17  84  93  44  72  67  51  94  85  76
   96   5  46  69  48  94  43  75  85 100  71  19
  104  35  50  33  27  75  86  89  32  57  98  79
   93  62  78  53 110
   74  48  54  86 101  19  92  30  75  39  81  98
   18  79  30  13  16  40  91  48  43  48  67  78
   72  62  74  41  55  16  43  38  32  37  16  22
   94  71  24 111  96  49  26  61  71  60 103 114
   67  66  88  21  29  54  71  81  43  40  32  45
   97  18 102  85  85  74  95  63  74  98  21  44
   74  57  89  52  53 102  20  46  10  92  92  79
   86  35  63  48 104  87  31   7  87  20  63  40
   42  82  85  35  90  82  62  32  75  86 103  66
   81  66 112  98  25  40  15  98  80  92  75  48
   21  24  72  34  70
   81  92  42  65  68  93  26  22  33  74  16  61
  100  65  61  83 106  67 114  62  92  72  32  50
   67  89  51 100 101  17 109 112  13  63  30  63
  104  46  91 106  18  18  89  58  37  52  64  76
   92  53  93 101  68  77  98 108  71  92  92  78
   47  27  56  23  74  46  42 115  36  98  59  63
   47 112  89  73  55  11  25  98  68  97  84  36
   84  53  66  47 113 111  29  31  21  22  98  33
   39  33  20  19  31  36  29  28  73  88  38  65
   27  66  81  10  42  47  55  78  55 109  39  62
   31  91  81  18  54
  111  31  80  54  92  49 104  39  26  41  55  27
   55 111 101  39  94  20  45  49 112 105  39 102
   34 101  40  75  41 101  19  19  76  29 109  61
    9  65  75 115 108  59  58  32  77  40  38  86
   49  86  20  89  47  78  10  93  16  18 105  48
   50  53  29  37  52  52 100  62  89  23  29  24
  107  11  85  29  46  30  34 107  95  97  33  56
   78  81  28 101  51  23  71  27  53  72 105  90
   21  21  24 100 114  16  37  74  44  89  27  28
   61  74  84  44  36  13  53  73 106  91  89  95
   87  76 107  22  55
   76  81  34   8  28  59  46  33  15  21  13  24
   83  56  93  88 105  50 100 108  46  27  88  95
   97   8  81  43  14  63  11 101  97  43  89  26
   22  90 100  69  13  76  89  99  29  47  59  91
   12  44  41  88 116  85  52  70  10  30  34  79
   69  23  63  28  38  31  72  37  93  16  85  10
   74  59   7  95  72  27  42  16  56  71  85  64
   36  14  89 101 104 104  22  18  94  26  78 109
   38  61  54  27  23  66 108  57  21  40  72  78
   73  45  72  12  79  48  61 100  81  26  12  53
   23  67  36  42  28
   27  12  51  33 107  88  52 113  95 106  36 118
   38  13  14 106  57  79  51  86  48  67  90  53
   28  23  57  78  92  47  34  53  22  57  74  42
   82  83  94  93  30  74  66  62  32  27  42  26
   67  94  28  29 111  43  28  76  22  85  40  98
   55  67  76  63  49  29  61  24  11  84  59  45
   55  32 109  98 108  66  62  95  11  12  83  94
   78  34  32  56  45  75  15  26 108  22  72 103
   29  60  21  79  29 108  15  34  28  91  22  73
   26  47  98  58  47  44 104  48 106  16  89  37
   18  25  69  23  56
   78  41  35  37  59  93  80  56  35  45  90  92
  104  93  47  37  62  96  37  72  99  55  14  98
   13  35  38  56  59 108  35  96  44  18  95  64
   64  56  94  26  65 113  69  89  26  79  39  62
   45  55  41  42  79  73 102  92  84 106  78  30
   67  56  70  63  50  10  57  19  19  55  89  76
   36 105  20  28  53  99  75  35  82  31  36  36
   89  58 111  72 112  20  79  40  61 106 109   4
   26  21  95  90  66  89  83  19  78  41  16  95
   29  40  36  27  20  26  15  25  56  68  39  10
   24  95  35  37  51
   56 100  22  36  12  57  31  52  94  71  48  67
   64 108  76  76  92  16  28  59  86  38  75  51
   94  53  91  62 105 114  93  63  52  97  99  63
   94  79  63  95  21  19  98  98  32  67 100  64
   21  99  15  88  77  88 104  83  13  96  98  75
   96  49  80  76  86  43  27  27  81  46  77  43
   54 101  23  56  65  52  88  58  72  38  13  37
   28  97  31  70  26  82  22 114  73  24  46  61
   53 106  29  11  29  67  22  13  71  55  30  78
  105  17  87  74  29   4  68 107  79  99  80  33
  108  84  91  82  95
  102  38  63  18 108   7  55  23  86  50  98  67
   81  12  93  43  68  99  94  49 104  83  84  90
   59  18 102  93 107  44  61  52  23  65  57  97
   68  45  25  28  73  35  69 100  96  35  54  33
   15  97  20  76 116  27  74  31  50 106  46  90
   42 114  89  77  64  93  69  44  76  34 105  46
   24  41  11  80  81  40  50  72  39  22  96  29
   65  36  58  73  98  79  90  74  70  79  36 106
   60  15  85  70  49  16  23  37  72 113  84  49
   68  72  29  86  56 101 107  61  23  13  79  56
   85  47   3  46  27
   77  82  19  50  52  28   9  53  52  58  14  69
   86  48 104  83 111  90  15  41  82  66 101  97
   48  37  32  78  75 103  45  36  20  90 107  41
   13  26  30  34  97  64  91  24  67  57  21 108
   61  56  62  24 100 118  32  18  20  76  68  55
   70  96  45  52  70  76  27  16  76  52  76  69
   58  69  87  57  14  25  44  41  46  27  85  13
   61  57 100  62  15  77  26  15  69  10  67  44
   82  93  25  17  40  79  94  97  14  62 105 109
  103 106  39  18  62  73 106  26  97  92  92  70
   12  93  68  93  88
   48  34  24 114  92  87  71  86  40  82  73  95
   35  71  51  78  70  31  70  24  49  40  26  43
   47  84  35  49  53  15  12  35  75  36  43  49
   61 100  67  97  59  85  48  67  44  76  65  14
   78  41  83  76  70  36  74  23  66  57  96  14
   83  90  78  83  59  54  50  44  85  93   7  26
   86  98  28  82 115  47  73 105  13 105  29 103
   30  18  60  66  43  97  27  36  96 101  96  52
   19  83  76  12  69  41  79  65  58  36 104  87
   71  43  89  83  93  20  38  54  67  45  56  20
   17  83  61  63  95
   69  32 108  32  71  75  79  14  24  82 105  63
   55  67  88  30  75  89  95  53 107  15  44  35
  106  72  67  44  25  45  29  86  43  29  99  38
   30  71 103  32  56  63  13  43  90  73  99  83
   76  87  73  73  62  88  48  37  87  77  70  46
   33   8  67  70  88  85  40  46  91  56  55  68
   73  98  19  14  96  93  83  98  87  23  33  65
   42  95  98  76 110  87   6 110  18  47  78  36
   41  90  93  34 105  37  55  99  90  53   9  15
   44  36  21  35 100  58  76  25 103 101  98  50
   29  74  75  92  70
   57  70  99  37  96  95  92 102  62  79  89  88
   30  88  71  72  19  22  24  73  21  22 101  23
   39 108  91 112  20  14  48  72  98  22  87  37
  104  85  74  85  16  15  45  10  71  99 106  24
  108  49  81  25  42  88  51  58  37  23  76  52
   58 109  80  31 104 104  89  28   3  21  24  38
   96  56  65  86  60 108  36  65  36  89 104   7
   20  69  90  90  76 105  76  84  11  55  45  85
   63  83  29   7  22 106  21  93  30  49  91  31
   87  97  54  47  32   6  35  89  42  15  93  15
   44  61  54  43  64
   77  44 106 106  98  79 103  66  15  68  99  70
   32 114  23  65  61  93  80  59 112  91  44  46
   65  75  10  46  42  84 107 108  17  45  51  75
   77  99  16 103  85 101  83 103  39 107   9  87
   95  32  89  50  20  53  43  29  18  74  84  50
   40 108  42  65  33  75  70  62  94  16  83 102
   92  92  44  43  59  24  43 116  99  91  43  47
    9  75  80 112  39  46 104  68  76  18  29  68
   14  41  66  83  38  13  30  42  48  90  99 102
   44  27  32  30  64  39  45  84  89  58  53  93
   83  56  92  14  43
    8  58  13 110  23  62  29  58  65  31  45  82
   89  92  66  72  98 113  57  81  27  26  93  13
   41  67  36  59  83 101 100  92 110  29  71  97
   85  56  60   6  31  71  47  39  37  99  40  39
   97  88   7  63  42  44  45  83  28  67  63  41
   33 116  18  20  49  14  78  30  71  81  38  49
   33  87  82  73  41 116  59  29 102  72  84  59
   39  42  57  51  61  39  26  90  61  29  96  69
   83  64  59  46  17  30 109  90  89  34  35  44
   79  55  53  39  48  97 117  73  51  87  94  18
   34  17  34 107  79
   90  39 102  45  70  24  31  76  35  64  30  89
   44  68  14  70  98 112  86  58  39  61 110  50
   78  68   5   9 107 101 101  19  56  89  57  15
   21 107  58  78  60  47  69  87  59  50  28 107
   60  52  42  68  67  69 115  54  70  63  67  56
  111  49  53  84  93  38  35  23  83 100  34  17
   32 104  24  72  40  90  60  66  56 109  57  30
   22 101  56  39  35  15  81  48  73  88  12  99
   30  68  27  58 104  83  36  42  23 100  70  61
   91  91  88  99  95  33   9  58  49  13  14  18
  101  24  47  20  22
   64  19 106  88  22  84  79  62 104  78  24  99
   58  83 103  43  20  71 108  62 101  53  26  20
   40  49  94  74  12  90  33  98  72  21  23  23
  112  19 105  42  87  59  53  54  69  61  96  80
   39  82  70  16  37  84  31  59 101  82  97  93
   58  55 100  50 109  80  42  82  92 102  77  24
   85  94  73  94  66  20  79  77 101  28  61  85
   80  97  56  63 107 106  98 111  71  70  35  22
   24  93  98  53  82  57  27 112  75  60  19  28
   30  36  21  39  90 111  96  81  99  68  17  21
   42  62  32  19  35
   29  15  30  47  96  31  73  61  85  66  62  96
   15  46  56  47  65  43  43  74  80 104  79  30
   83 110  64  48  40  95  85  34  71  16  52  93
   44  42  37  78  60  41  55  83  58  51  14  28
   69  51 100  27  51  64  61  83  82  31  55  16
   26  43  77  43  36  99  81  61  14 111  28  30
   16  25  32  72  74  35  65  80  77  44   4  97
   96  89  57 114  44  97  87  64  99  39  54  71
   71  89  98  22  91 100  61  25  98  58   8  36
   32  37  49  95  39  99  70  74  45  84  22 115
   16  17  93  81  27
   57  56  91  40  95  12  73  12  30  21  47  96
   99  17 107  70  30  84   7  19  38  80  30  40
   15 103  90  21  31 108  90  85  26  53  10  58
  111 114  49  38  75  25  79  94  57  75  43  37
   57  20 105  23  16  97  75  83  39  30  15  80
   74  72  17  51   5  66  88  92  56  97  58  37
   58  77  46 107  25  23  66  68  20  87  65  29
  116  78  28  56  25  37  57  61  86   4  81  38
   85  45  30  35  83 106  26 101 109  45  35  52
   39  39 115  81  29  33  89  17  75  66 105  52
    6  70  59  61  39
   67  36 108  87  17  81  62 100  52 109   6  40
   68  80  34  41  80  74  48  16  29  28  72  65
   66  49  63  47  94  69  89  76  68  84 113  68
   19  51  95  42  35  32  94  61  29  90  32  36
  109  47 114 110  83 104  17  97 112  31  80  87
   79  58  40  84  36   8  67  42  28  54  88  84
  103  67  71  34  90  49  23  47  58  84  37  64
   47  56  77  27  77  15  30  40  49  35  40  23
   90   4  23  55  28  71  74  76  41  93  88  82
   19  95 100  39  27  82  70  81 101  39  26 100
   63  79  26  17  86
    2  16  87  40  81   8   3  29  96  29  91  12
   64  32  26  83  11  99  85  65  63  39  40  93
   33  62  40   5   7  78   5  26  31  78   7  61
    2  24  60  76  49  36  12  92  32  80  22  68
   14  56  60  88  60  80  85  53  24  82  38  63
   29  83  24  10  62  89   6  60  57  77  87  47
   85  80   5  53  41  79   7 100  30  85  52  40
   56  33  88  34  10  63  45  49  56  12  18  40
   19  99  58  38  72  16  59  39  27  10  44  90
   15  75  54  79  82  38  34  19  72  45  22  37
   14  53  36  63  10
   42  69  59  19   2 100  22  80  42  64  39  15
   88  34  81  99  91  72  16  63  69  64  44  33
   38  57  37  62  60  97  75  74  70  70  86  97
   20  33  80   6  15  55  91  49  49  58   8   1
   43  47  19  85  85  53  44  25  64  69  75  67
   11  87  16  32  30  37  12  42  45  21  93  67
   30  55  15  54  50   6  86  68  96  22  15  32
   29  81  43  61   4  23  82 100  23  83  54  63
   63  37  28  70  17  32  52  83  29  30   2  45
   35  42   8  19  95  63  98  20  40  17  34  60
   98  85  48  79  40
   37  27  69  50  49   9  83  91  77  38  91  55
   16  43  50  33   4  45   4  49  15  47  77  57
   47  21  62  20   7  96   2   2  96  45  81  57
    5  70  13  11  90  96  25  55  74  52  51  29
   22  60  13  12  35  25  13   5  36  22  17  26
   59  79  46  90  33  72  60   3  72   6  51  41
   64   5  23  47  54  98  83  13  35  15  34  68
   35  57  51  68   4   2  78  80  99  80  14  72
   81  69  93  98  88  74  85  90  34  22  70  41
   90  45  33  94  77  69  51  31  50   3  77  58
   84  23  33  93  66
    3  76  23  48  22  57   7  78  91  63  57  80
   61   1  13  63  15  89  60  70   3   6  76  18
   86  17  62  34  69  18  84  92  37  73   9  54
   96  49  40   2  11  54  61  79  39  76  65  28
   70  19  97  23  65  41  92  16  90  93  11  64
   59  53  75  77  65  67  10  48  22  85  77  92
    2  99  18  86  68  78  83   4  23  11  76  53
   31  36  89  19  68  88  40  92  55  30  10  14
   92  88  80  10   4  96  73  29  67  28  84  80
   56  37  24  70  76  92  53  41   5  20  22   9
   24  33   6  97  60
   37  31  77 100  81  54  67  74  92  84  90  93
   19  55  20  29   2  69  17  12  67  84  18  22
   14 100  25  76  93  46  93  13   8  68  15  84
   88  20  10  39  90  44  13  14  75  65  58  17
   98  74  73  20   2  19  57  41  93  86  78  35
   45  96  54  82  68  84  40  72  11  91  22  92
   41  51  97  19  34  75  66  99  60  46  17  43
   74  97  17  10   1   8  94  91  23  85  33   8
   67  54  52  87  96  45   3  57  91  79  44  32
   42  60  41  99  34  57  47   7  34  93  92  52
   82  37  70  68  74
   84  98  55  78   4  20  51   4   9   2  71   2
   69  89  89   3  53  36  54  17  66  39  13  65
   89  82  61  26  15  69  74  65  82  62  43  76
   22  22  17  17  85  39  37  50  87  79  76  76
   43  16  74  74   3  66  77  39  91  35  74  16
   47  45  36  41  56  81  50  79  92  22  59  60
   54  79   2  15   1  40  44  15  92  95  22  10
   25  86  77  63  69  36  94  91   8  88  39   4
   73  46  93  32  83  11  96  76  82  15  81  38
   76  63  11  61  68  69  15  63   2  93  31  80
   90  78  39  97  64
   27  74  79  75  58  19  36  54  75  64  23  15
    8  11  63  72  45  12  81  38  19  61  89  12
   90  80  73  61  45   9  84  15  69  87  20  50
   47  49  19  76  41   3  44  26  85  27  69  42
   69  50  72  64  27  43  14  15  22   5  34  89
   38  50  34  46  66  97  63  84  90  55  13  44
   76  10  95  81  58  16  40  67  28  78  70  67
   21  44   5  31   2  90  31  80  56   8   2  99
   77  89  21  16  50  23  28  92  41  70  89  17
   87  62  83  83  82  81  88  84  61  51  72  96
   91  23  74  69  61
   57  19  84  83  98  46  78  51  24  40  68  37
   47   2  29  42  12  91  80  49  27  75  31  61
    8  53  11  40   8   5   9  39  63  19  15  45
   24  41  50  17  96  99  14  18  76  53  11  56
   90  20  95  23  31  24   9  30  94  23  13  45
   20  53  31  31  23  64  84  82  39  56  29  64
   56  18  93  49  53  63  18  52  39  71  89  74
   89  21  81  33  83  29  89   5  43  89  68  59
   67  10  73  99  73  47  91  98  32  49  86  37
    6  88  31  37  86  98  43   8  32  20  30  74
    5  25  20  22   8
   14  82  55  87   9  96  52  87  18  57   8  51
   26  99  22  67  46  13  20  68  11  24  36  25
   56  86   4  22  10  70  45  56  80  45  52  21
   44  70  80  87  31  81  33   3  16  80  49  69
   99  18  93  36   4  86  39  83  52   4  59  14
   65   3  13  37  38  18  34  58  36  71  15  67
   79  65  98  22  30  63  64  39  80  81  14  81
   39  75  60  45  21  29  17  46  32  36  80   8
   60  97  24  49  58  99  79  74  36   7  29  55
   43  47  89  23  62   3   4  55  91  91  24  60
   33  60  99  68  84
   39  32  93  55  58  75 100  62  68  47  88  48
   25  64   5  27   4  22  88  62  38  36   6   5
   61  75  85  28  36   6  62  69  98  19   9  64
   95  77  75  86  16  50  29  82  35  47  86  12
   50  61  58  82  16   2  78  90  82  34  48  56
   36  17  71  61  32  39  92  86  36  60  31  50
   60  42  24  45  97  90  59  76  67  93  17  97
   43  56   2  49  96  39  85  96  34  96  43  67
   31  13  86  87  73  41   8  21  92  40  15   6
    5  11  64  90  46  36   7  76  13  17  19  48
   96   9  40  18  23
   69  70  83   2  19  24  39  24  74  35  39  18
   68  48  63  24  49  74  50  91  67  71  83  63
   64  36  84  60  60  91  95  77  41  71  66  61
   45  11  47   7  53  32  70  37  72  33  42  95
   29  75  26  31  48  68  34  88  50  60  14  92
   30  26  33  37  50  50  69  71  27  21  98  91
   16  11  81  22   4  70  47   9  89  11  89   2
   77  94  46  46  63  22  89  70  19  18  16  68
   83  20  29  91  49  66  30  38  50  82   7  33
   47  69  17  24  17  91  78  62  41  61  55  96
   89  31  49  54  13
   41  74   8  79  46  29  25  88  85  27  12  56
   55  46  25  86  33  24  16  58   5  95  68  71
   12  31  38  76  79  73  84  19  64  76  13  70
   81  42  13  71  50  56  91  63  26  29  14  33
   42  31  39  45  45  28  59  78  32  25  36  70
   87  97  39  45  25  32  80  59  17  63  57  36
   40  10  84 100  11  15  35  21  17  80  76  44
   64   8   8  34   7  33  99   8  87  64  27  76
   77  22  14  76   7  71  61  14  12  66  93  96
   64  81  92  77  11  53  31  85  15  14  19  66
   89  33  32  21  34
   63  50  19  76  14  14  27  14  57  30  25  32
   81  18  35  45  89  80  88  46  85  96  11  94
   64   6  11   5  94  94  66  36  14  89  17  74
    7  35  44  25 100  92  63  96  46  18  12  92
   12  55  34  94  66  21  69  51  66  94  40  66
   47   2  40  87   8   7  22  90  99  94  80  70
   11  64  46  23  60  12  70  42  77  20  11  97
   94  45  21  28  35   5  39  27  97  63  70  29
   44  25  82  99  89  14  84  23  88  68  22  85
   22  22  59  68  83  98  67  30  71  91  16  99
   70  58  54  59  44
   25  63   6   6   7  32  12  47  92  45   9  48
   76   4  94  45  42  14  27  46   7  20  64  67
   53  45 100  72  72  28   6   9  97  57  60  43
   41  13  95   3  35   5  28  10  67   4  99  24
   19  85  15  70  99  67  76  87  89  39  25  59
   74  12  73  51  82  44  49  53  22  86  28  11
   20  19  73  68  59  82  71   4  17  23  71  64
   97  28  22   8  77  59   9  37  36  94  90  41
   97  67  40  28  66  95  77  64  64  29  13  15
   69  81  76  76  53  67  63  19  18  45  67  19
   33  46  19 100  74
   97  60  95  10  88  41  81  53  45  85  70  23
   26  23  45  47  11   6  58  21  93  93  18  92
   69  45  75  52  19   4  15  17   1  81  40  20
   35  55  58  98  89  45  72  81  74   8  68  72
   21  19  97  44  75  68  72  22  84  40  44  71
   80   2  98  86  71  96  41  77  31  24  80  58
   79  33  22  33  75   4  52  82   5  43  25  57
   63  64  53  58  50  78  90  27  49  81  24  35
   21  40  59  68  88  82  10  18  24  82  80  63
   40  50  58  65  71  15   1  47  68  19  21  86
   77  98  75   5  37
   21  77   3  58  37  81  75  34  83  52  73  22
   76  40  95  46   8   4  34  57  75  44   7  70
   30  48  99  99   4  19   5  98  54  19  54  97
   96   5  57  39  47  65  42  17  56  58  91  13
   45  50  78  36  48  51   5  59  46  53  40  53
    6  70  58  31  17  71  73  79  28  20  79  99
   86  14  86  43  76  19  60  49  53   9  55  85
   82   1  59  80  78  96  22  66  40  17  99  11
   89  37  90  59  10  31  72  71  80   3  36  55
   19  27  31  11  11  83  95  59  57  99  97  90
    5  83  72  92  84
   42  94  14  31  82  34  25  42  13  33  88  17
   58  32   3  60  90  47  11  43  18  49  83  84
   71  55  12  45  95  15  86  13  32  99  96  88
    8  88   8  74  25  55  53  63  46  56  22  25
   81  21  43  91  80  33  80  49  13  26  10  21
   61  62  16  59   6  28  72  29  14  15  36  95
   26  12  29  18  44  89  29  28  19  90  56  23
   36  14  59  52   6   6   7   4  49  43  70  93
   86  27  15  50  24  61  84   6  41  51  90  79
   77  80  99  68  25   5  22  35   7  39  94  92
   72  42  75  92  83
   83  96  79  59  17  72  33  52  23  54  45  15
   96  57  50  58  48  74  66  37  38   7  35  87
   19   9  53  63  71  18  17  73  40  98  55  20
   70  76  67  36  52  76  63  24  48  60  96  89
   40  65   8  83  58  38  56  36  27  77  61  97
   94  68  38  71  77  20  36  55  93   2  74  78
   98  84  84  37  29  76  40  33  34  58 100  13
   18  24  46   2  72  17  18  44  18  66  50  40
   39  27  13  82  26  15  46  95   4  45  99  71
   79  72  69   7  73  21  35  42  58  32  96   1
   97  91  16  21  82
   54  58  25  63  20  91  29  98  86  99  55  10
   21  94   4  38  75  18  99  99  73  33  87  73
   97   8  12  90  80   4  12  17  86  65 100  44
    3   6  60  78  27  92  26  24  51  41  72  74
   55  94   2  97  89  16  36  25  64  76  95  36
   37  39  95  51  98  50  27  13  63  22  48  78
   54  28  69   5  92  80  43  35  82  27  48  90
    2  32  82  52  86  67  45  54  22  98  24  65
   24  71  90  81  35   4  76  11   5  65  70  61
   79  75   2  30  91  78  25  87  44  43  14  67
   99  42  45  54  70
   37  66  11  28  88  33  45  20  62  11  99  71
   41  31  86  63  25  32  55  99  74  92  32  42
   42  71  57  55  13  41  22  33  43  33   5  48
   94  64  12  77  76  86  11  52  75  16  72  83
    4  70   4   9  26  14  90  23   4  85  29  23
   31  44  69  36  69 100  47  66  91  57  26  26
   12  47  33  76  27  68  94  63  55  25  78  55
   69  60  25  83  40  98  89  73  67  80  80  87
   22  98  91  62  83  41  43  43  74  21  21  23
   99  20   9  81  84  25  32  21  11  63  89   3
   55  40  94  86  27
    234   254   245   255   276   269   265   239   241   251   261   239
    268   246   264   255   236   263   269   256
