 20 400
   91  47  16  98  66 105  67  61  25  95  24  92
   71  48  95  42  15  41  17  42  70  90  85  42
   92  69  38  90  69  26  21  38  46  53  34  32
   12  50 105  76 101  80  24  79  15  82 117  59
   24  29  92  33  76  45  42  20  93  97  89  70
   56  42  85  65  12 105  18  76  43  40  92  94
   53  39  66  53  51  69  27  98  95  60  67  14
   10  82  85  83  33  64  30  45  45  19 109  67
   54  18  79 104  41  72  88  79   9  38  80  86
   79  87  64  63  61  84  78  35 104  86  59  37
   98  17  86 105  54  17  50  47  42  17  72  51
   60  90  97  75  72  51  21  95  38  36  90  60
   85  10  54  70  42  32  66  82  19  84  17  89
   79 116  31  28  23  51  25  53  96 109  79  49
   92  44  78  72 101  56  47  89  54  67  66  39
   55  83  49   9  97  60  10  31  39  77  95  58
   64  32  12 101  50  54  75  22  37  29  64  35
   28  27  39  58  36 103  89  93  62  35  67  55
   62  91  77 103  49  78  85  97  49  87   4  93
   37  40 110  99  51  33  51  38 111  47  28  50
   59  12  34 107  42  50  64  70 102   9  73  42
   28  18  22  94  29  30  14  42  92  47  26  48
   23  69  13  53  55  57  52  71   9  40  73  15
   49  25  41  97  64  38  26 101  72  56  86  90
   49 105  14  42  95  17  63  10 100  83  77  15
   88  75  36  25  50  96 116  71  82 102  64  20
   32  94  91  37  18  55  62  53  95  27 113  69
  102  47  63  70  49  86 100  78  15  42  25  16
   54  15  19  32  56  81  69  44  37 103  61 101
   63  11  31  24  37  40  68  75  90 118  70  14
   36 108  73  80  49  57  74  48  65  19  90  49
   70  20 101  54  63  96  44  48  25 104 114  69
  101  39  71  98  76  89 104  66  28  80 106  93
  107  99  93 107
  101  92  84 115  47  37  55  38  54  19 105  23
   87 115  69  84  74 105  79   5  80  65 105  43
   59  85  20  71 102  57  26  95  35  18 102  18
   42  43  98  44  44  11  33 108 102  24  45  98
   57  38 105  71  34  26  12  35  96  17  48  80
   81  64  49  80  43  98  82  79  43  56  64 103
   95  51  52  16  42 110  53  23  16  81  88  46
  102  79  63  41  14  67  78  31  28  63  92  85
  110  50  51  19  67 105  96  35  78 100  20  86
   89 103  14  33  99  35  39  53  21  33 101  50
   94  36  21  28  57  82  42  22  86  51  83  45
   49  22  35  50  56  40  45  85  95  34  89  83
   75  78  84  97 104  18  86  82 103 101  86  57
   84  54  95  24  36  80  88  40  27  33  24  81
   97  83  20  38  77  46  21   9  46  90  82  83
   75  81  41  26  29  44  46  58  48  23  76  47
   66  20  60  67  76  87  41 103  88  92  54  65
   34  73  71  19  42  50  40  14  63  53  46  21
   18  41 112  38  61  39  45  64  24  65  87  90
   54  34 108  51  95  66  41  54  19  42  78  31
   86  57  70  32  69  62  23  37  74 110  77  98
   63 111  43  29  93  78  83  35  94  82  69  98
   84  83  90  46  31  83  68  37 107  88  64  23
   46  58  12  47  47  94  31  46  50  72 112  96
   43  74  39   4  78  62  84  19  23  22  74  44
  105  62  20  73  91  44 113  88  92  48  77  89
   21 108  85 103  75  84  96  39  38  34  64  40
   77  40 113  64  15  82 105  35  79  73  72  12
   24  84   9  57  45 102  78  34  63  33  50  55
   39  43  71  13  65  17  32 107  72  45  61  72
  109  42  74  42  28  98  53 106  54  26  81  48
   20  47  37  56  41  47  80  44  57  32  44  69
   91  23  54  53  96  88  25  35  71  80  91  69
   28  33  56  33
   97  27  24  68  51  19 101  31  18  70  91  54
   47  55 100  42  79  68  41  68  18 101  87  25
   52  48  42 102  16  66  93 112  43  10  48  35
    6  72 102  54  22  31  53 104  62  40 105  16
   80  65  32 100  91  24  69  95  85  98  95  15
   86  15 101  92  29  54  98  86  72  97  35  52
   39  53  35  19 104  74  96 105  11  43  40  19
   92  81  77  48 107  98  89  23  69  89 105  62
   50 103  37  68  80  85  93  59  84  93  59  62
   27  31  10  63  84  67  52  71  31  65  87  38
   80  92   9  12  13  21  96  43  87  36  50  26
   61  46  29 108  56  98  28  39  91  41  56 106
  102  75  25  61  93  69  72  79  37  20  15  69
   65  81  28  87  77  75  77  84  78 108  97  21
   34  26  67  36  49  94  72  55  25  49  66  55
  109  40  67   9  39  58  92  79  58  20  55  30
   80  19  24  51  82  65 110  48  34  37  99 100
  109  22  28  58  85  30  78  61  25  32  81  63
    5  71  64 107  73 108  88  68 109  89  32  91
   84   9 102   9  18  93  47  38  39  95  99  55
   46  77 104  40  71  91  73  77  30  99  72  44
  102  58  64  58  31  50  87  11  67  66  45  54
   21  72  32  31  87  44  76  62  25  52  50  64
  114 114  92  66  94 102   3  88  16  80  72  36
   76  76  31  74  44  51  14  85 101  80  61  49
  101  79  95  94  97  16  54  35  66  90  34  69
   97  43  16  90  79 101  50  17   8  13  68  86
   79  52  81  37  61  13  75  77 110 111  49  28
   66  29 102  38  10  66  50  18  36  79  96  55
  101  98   8  36  42  37  58  97  24  82  21  81
   15  14  76  20  62  14 107  76  45  32  39  42
   76  97  15  68  90  73  87  48  31 116  98  49
   75  54  68 109 104  51 101  98  41  43  73  24
  105  34  10  58
   37  75  23  31  13  62  50  99  79  32  18   4
   73  40  81  70  81  43  27  99  27  36  76  36
   86  43  26  82  30  86 108  76  46  53  34  47
   26  19  51  84  93 105  72  35  56  87 108  63
   28  80  34  38  79  59  45  84 107  10  47  34
   60   7  50 105  66  26  70  55  45  34  54  56
   46 101 101  80  50  30  38  94  69  68 105 112
    8 100 100  87  47  17  31  34  23  30  26  30
  106  19  31  48  93  23  47  71  92  20  39 106
  115  63  34  80  58   9  60  38  56 112  46  44
   94  33  34  91  58  73  84  94  24  17  32  51
   16  43  76  11  64  66  66  87  56  63  47  45
   68 105  93  21 108  14  75  77  43  59  14  38
   90 107  73  95  26   7  53  79  30  46  89  17
   93 108  78  72  96  43  23  68  73  47  25  90
   28  54  89  85  27  83 108  82  41  32  59  93
   51  91  30  40  63  49  54  86  75  50  15  69
   95  59 110  27  83  98  33  59  35  92  21 108
   78 108  95  54  55  20  90  50  27  38  42  84
   55 107  18  63  98  58  52  88  58  47  78  66
   54 101  53  56  54  43  16  46  47 103  92  46
   70   5  16  25  87  69 105  81 109  56  29 104
   38  74  89  44  26  60  52  81  56  85  64  73
    8  61  42  22 110  88  17 105  76  45 100  96
   28  35  19  64  90  49  37 111  48  46  61  61
   22  35  40  95 100  91  82  38  55  84  65  51
   57  33  47 104  30  34 112  27  58  74  79  79
   98  23   6   5  37  59  28  52  70   8  31  28
   25 106 108  81  83  63 116  57  63  21  99 111
   56  67  62  76 111  37  24  98  57  12 105 102
   80  57  46  28  12  31  30  99  56  97  38  94
   54  17  42  40  98  56  74  98  96  59  34  24
   80  46 110  54  29  70  43  28  51  85  74  19
   67  21  66 107
   80  70  49  16  71 107  72  96  21  19  76 104
   73  67  69  89  27  29  29  91  14  91  46  40
   67  70  25  50  38  23  39  17  82  10  32  72
   26  99  41  24  46  58  28  87  64  56  71  26
   87  73  72  24  42 104  66  62   4 103  29 103
   86  98  56  54  69  62  37  31  76  78  77  36
   87  91  30  67  27  43  88 101  22  83  71  90
   77  64  34  27  96  14  21  36  69  51  92  59
   21  50  31  39  30  20  39  48  28  45  21  11
   88  33  55  37 109  98  30  59  52  98 101  31
   26  64  69  15  36  37   9  30 115 113  37 101
   20 113  77  76  42  36  68 101  97  22 108  65
   12  63  35  77  55  83  25  29  70  93  93   9
   77  48  56  84  13  98  59  28  71  33  31  39
   92  31  96  72  66  62  20  83  26  36   8  14
   38  88  40 101  71  28  99  82  60  94  70  38
  112  42 101   5  35 107  71  16  57  48  90 106
  102  83  43  91  12  23  53  33  28  27  20  63
   46  25  75  83  77  30  23  89  55  89  33  17
  102  91  33  58  36  33  72  52  57  59  97  43
   68  81  39 102  55  70  78  33  74  90  23  99
   75  66  53  74  59  62  92  95 102  75  90  68
   70  25  10  76  57  62  72  98  38  38 104  89
   29 109  12  27  77 104  46  58  66  93  93 107
   82  22  67  23  64  53  61  59  57  67  44  46
   95 103  85 113  18  51  39  40  79  39  51  60
   92  70  48  64  78 104  38  71  87  88  42  50
   36  96  17  31  76 100  43  46  39  54  30  84
   68  25  26  43  37  49  35  34  61  29  19  47
   42  54 101  19  54 109  41  41  28  36  92  18
   88  49  29  87  78  10 101   9  87  40  68  26
   29  31  36  80  63  43  77  92  84  52  39  30
   79 101  49  84  52  25  63  20  92  55  68  94
   81  58  93  42
   97  93  46  73  67  86  26 103  66  26  76  15
   64  74  71  20  45  46  85 100  82  45  84  25
  103  92  96  67  85  39  65  96  65  92  19  64
   46  54  80 103  26  47   6  54  42  28  24  31
  102  42  18  26  75  65  72  10  90 105  45  28
  116  47  36  25  96  86  61 109  29  59  83  13
   46  94 105 104  47  47  18  20  41  84   9  86
  108  20  42  49  83  46  22  48  27  65  50  89
   24 116  27  93 108  95  38  84  56  73 111  30
   19  23 115 105  89  34  68  68  80  19  34  43
   49  58  20  61  52  24  69 109  75 105  50  98
   66  73  68  37  85  43  76  80  96  83  82 104
   76  34  15  57  51  37  70  24  98 100  54  69
   51  94  78  98  98 114 107  96  62  82  95  86
   63  84 112  59  20  22  42  51  50  22  19  19
   36  83  21  30  80  96  19  21  85  72  83  96
  105  84  68  50  14  97 107  68  36 100  18  35
    5 111  19  62  40  43  75  39  97  68  45  59
   23  27  65 101  91  62 105  17  61  76  88  46
   99  48   8  81  55  52 101  72  32  61  15  74
   76  75  99  68  34  65 108  26  74  94  31  77
  109  79  52  96  77  33 103  33  79  26  36  61
   29  99  80  38  78  65  36  66 105  25  64  89
   23  87  55 105  46  98 105  17  38  95  25  51
   83 113   6  95  72  21  99  22 104  84  47  20
   29  32 104  10  57  69  41  70  63  21  67  57
   84  61  28  23  77  20  47  98  44  41  49 102
   38  27  82  22  14  51  56  64  75  54 106   6
   43  50  87  77  17  82  71  36  20  24  87  25
  102  28  23  55  73  76  85  55  91  54 107  37
  102  37  62  75  99  42  82  85  46  91  56 115
   79  58  68  77 100  30 102  27  96  65  56  38
   17  62  74  84  77  93  80 105  82   6  36  20
   82  50  19  53
   74  70  20  49  48  62 102  50 108  91  83 100
   90  94  79  68 111  77  18  46  12  88  41  95
   76  48  56  75  53  60  55 110   9  94  52  34
   96  32  58  10  90 114  12  10  77 106  68  90
   59  46 100  47   7  25  91  30  91  60  54 100
   29  85  21  69 111 101  89  11  46  95  50  42
    7  42  90  51  16  34  22  51  54  20  27  29
   46  43  62  32 107  75  13  95   8  49  24  68
   38  44  46  76  41  92  66  74  71  66  75  88
   64  99  47  37  24  60  49  72  69  11  19  68
   17  62  84  45  86  53  93  37  56  77  40  94
   59  10  69  56  91  39  82  53 103  27  89  74
   43  33 105 111  19  88  86  68  48  77 105  45
   29  21  51  43  19  90  24  96  62 108  66  17
   62  37  30  10  39  40  36  95  41  17  91  88
   91  99  30 100  73  30  74  12  54  75  46  96
   74  41  37  46  72  54   5  41 110  30  68  73
   66  23  90  48  28  81  65  39  13  28 116  91
   23  37  64  24  43  41  82  82 114 100  91  59
   88  27 106  42  11  93  38  21  28  36  20  97
   75  82  57  43  59  18  34  90  90  11  91  63
   39  39  47  93  31  41  26  33  51  92  23  63
  109  81  52  55 103  85  91  74  33 111 105  97
   55  89  64  27 101 103  91  44  19  74 104  33
   53  37  93  29 103  14  55  57  80  83  48  70
  117  74  28   8  93 105  28  81  98  50 114  68
   50  88  80  48  44  52  41  95  72  43  74  81
    6  91  70  68  35  56  79  66  29  44  75  63
   64  71  58 113  33  39  32  43  28  21  96  72
   38  32  61  43 100  31  58  52  37  33  55  48
  102  70  44  40  16  19  41  90  41  47  34  72
   96  43 100  99  81  92  90  32  80  18 113  47
   48  94  46  76  38  79 112  41  92   2  79  72
   41 102  71 117
   53  35  55  86  41  40  86  24  34  64  43  97
   36  98  81 110  52  76  49  78  75  42  88  92
   21  25 100  51  32  50  65  47 103   8  39  57
   19  68  61  25  32  89  91  34  10 107  54  95
   70  15  55  29  70  20  70  38 103  34  59  64
   97 104  87  89  18 101  55  35  73  62  30  57
   53  99  90  76  49  99  50  63  96  86  17  33
   94 104 111  46  88  33  57  39  12  32  29  35
   85  46  64  13  25  40  41  40  53  84  97  60
  103  90  98  53  68  42  29  81  49  29  23  94
   27  49  37  52  60  67  40 107  27  87  46  63
   23 117  85  95  86  69  58  75  16  80  92  91
   56  30  17  30  19  75  51  69  56  70  75  94
   31  89 107  30  75 111  62  76 108  56  77  50
   86  23  69  97  31  65  60 101  61  96  95  89
   91  78  89  13  32  24  18  19  27 115  66  61
   84  31  72  28  30 107  60  43  89  94  90  17
   74  63  32  23  55  28  91  11  71  16  47  66
   86  79  60  56  33  46 105 106 109  47  56  70
   10  36  10  97  51  31  64 106  10  72  98  60
   74  52  98  90  43  87  54  34  39  63  45  22
   36  75  72  90  49  72  73  15  15  74  92  57
   86  98  87  58  64  71  88  75  51  21  59  17
   92  29  41  76  62  81  68  46  40  41  59  53
   94  73  84  53  68 102  80  25  52  45 105  28
   84  94 114  89  25  95  57  27  24  18  99  98
   91  24  57  82  29 102 115  37  45  17  51  21
   20  39   5  44  98  40  93  85 110  43  86 109
   67  48  48  50  23  54  55  23  61  98 106  23
   90  97  14  46  71  49  52  10  89  79  92  52
   47 109  13  64  93 112  52  74  75 104  12  21
   75  54  23  91   9  31  77  24  10  21 100   3
   12  23  66  11  65  42  55  60  48  22  46  77
   33 102  84  28
    8  33 108  77  66  75  98  37  42 108  38 102
   97 103  19  58  62  75  96  34  97  49  60 105
   28  48  37  68  65  40  79  15 108  20  49  86
   64  57  70  80  39  10  25  10  12  56  47  20
   80  56  25  63  47  24  97  78  85  65  99  38
   63  39  91  95  12  82  87  20  35  76  54  82
  107  59  28 105  50  59  31  30  26  42  60  51
   40  88  60 105  29  90  21  36  67  72 104  10
   29  78  59  20  20  37  78  18  41  90  29  51
   14 100  18  53  51  86  20  34  36  47  76  80
   16  74  16  42  36  46 103  83  31  60  43  84
   58  27 107  33  11  41  44  43  66  99  58 103
   89  26  37  51  38  86  53  70  52  55  83  16
   96  99  58  49  30  65  94  75  93  66  12  60
   28  65   8  42  29  65  34  91  68  33  91  84
    9 108  36  65  31 103  39  35 106  81  33  34
   78  45  92  69  69  42  58  27  83  33  20  29
   62  79  95  62  44  44  21  12  89  38  93  16
   28  58  20  83  71  35  58  48  90  75  71  49
   24  57 108  42  34  84  95  81  70  29  28  28
   27  13  21  13 101  42  73  50  33  52 102  36
   69  44  37  41  35  71  31  90  64  19  17  38
  105  53  52  80 115  55  61  37  91  92  10  65
  107  60  60  58  19  77  28  74  86  95  99  24
   25 106  87  57  68  28  65  42  56  31 105 103
   20  26  79  99  46  21  22  33  12  44 102  89
   16  51  89  59  22  12  50 104  33  34  57  45
   41  72 102 103 112  34  38  93  43  62  51  27
   64  68  37 110  72  50  67  74  76  47  23  68
   77  77 100  34  49  90  57  16  61  56  95  94
   12  17  99  67 108  52  24  65  37  72  90  43
   34  30  22  40 113  80   9 100  78  16  70  40
   68  32  85  47  34 100  93  99  81  34  92  84
   59  99  81  44
   42  48  51  53  54  15  88  63  38  98  22  81
   66  90 105 101  55  40  68  15  44  20   2  44
  105  40  15  13  74  75  11 117  32  85  22  24
   34  56 102  11  30  36  20 101  53 106   3  85
   80  94 112  54  36  39  80  43  45  31 111  61
   11  94 104  99  50 102  66  82  25  93  85 104
   99  33  68  37  14  90  75  54  98  69  89  76
   27 102  93 108  78  13  50  88  59  75  86  74
  106  44  39  19  66  39 102  89  58  70  82 113
   27  32  51 106  83  51  33  29  40  81  41  24
   96   8  80  23  63  73 107   6  76  11  19  84
   21 108  40  97  18  74  99  62 116  50  18 104
   61  80  63 105  36  30  74 101  11  39  22 111
   63  42  70 106  85   9  60  23  29  75  63  72
   69  65  53  13  23  16  60  62  89  42  30  71
   75  22  96  86  13  74 108  67  21  37  23  41
   26  61  79  66  32  93  42  30 104  13  43  31
    8 103  25  43  15  42  15  75  81  92  56 112
  112  53  39  37  77  31  52  87  74  53  93  25
   92  54  40  49  33  76  84  29  30  67  99  42
  110 102  72   9 114 114  20  22  83  82  50  68
   91  77  24  61  57  27  39  84  50  95  44 111
   29  40  33  51  15  60  68  41  68  47  99  39
   17  44  72  12  39  83  55  73  90  30  22 104
   46  49  12  36  66  69  23  75   4  11  86 111
   21  55  99  18  98  60  32  94  30  51  99  82
   66  42  75 115  50  64 116  35  55  79  68  30
   64  32  58  78  66  10  80  58 109  91  39  72
   93  66  88  24  33  92  52  92  76  82  62  90
   94  33  54  32  75  86 105 109 104  72  98  79
  109  40  30  38 105  56  93  82  45  69 101  38
   30  22  11  59  64   7 114  82  66  89  57  73
  114 110  59  89  28  28  34  38   6  29  54  79
   47  87 108  44
   42 100  80  69  55  70  27  87  84  20  51  22
   79  78  28  70  48  66  95  90 104  87  23  86
   59  21  53 101  56  64  71  97 108  33  71  83
   98 103  41 102 105  18  33  16  73 109  56  12
   37  70  85  92  45 101  28  55 112  56  14  46
  101  37  32  40  85  83  45  64  45  52  83  79
   83 105  45   9  60  84  84  33  38  43  61  76
   95  87  65  88  77  62  20  38  37  48  50  30
   96  72  69   4  48  66  30  41  25  67  37  34
   97  28  27  35  92  72  32  32  32  17  18  83
   56  47  20 106  17  68  22  75  63  50  73  48
   81  64  98  68  69  72  37  63  75  87  66 101
   88  40  85  69  42  88  81  47 109  57  61  61
   15  98  31  90  90  19  23  71 100  62  86  20
   24  24 112  25  66  84  97 107  83  33  49 101
   84  55  55  72   5  16  94  77 103  91  89  81
  102  28  48  85  95  35  56  57  90 105  74  12
   26  52  19  80  65  36  51  39  31  35 117  86
    4  89  26 101  39  63  60  45  20  99 115  18
   39  78  22 102  31  86  87  53  27   9  12  76
   55  18  61  89  34  46  66  66  28  46  45 108
   10  51  79 104  67 101  35  42  69  47  83  53
   12  52  84  40  24  25  91  77  77  64   8  29
  106  60 101  57  63  86  78  26  73 108  24  39
   69 100  74 106  94  59  39  35  92  69  28  83
   26 101  38   7  72  58  57  23  64  73  38  34
   51  82  75  44  19  34  76 108  27  81  62  83
   51  30  67  44  97  59  51  94  70  74  48  62
   29  86  20  25  17  43  37  41  95 114  65  94
   83  79  49  58  83  50  48  84  30  34  66 102
   12  52  99  65  28  75  22  83  84  36  44  46
   21  84  96  39  41  54  14  52  59  66  26  45
   24  70  97  39 104  67  34  73  77  71  22  25
   75  24  56 113
   63  76  62  60  99  97  54  71  76  51  68  35
   36  87  43  14  66  42 103  45  89  61  73  15
   35  38  58  80  78  24  72  66  15  73  37  42
   68  87  72  58  13  91  57  72  85  39  51  53
   63   9  12  54  64  30  44  41 107  24  27  87
   80 101  17 107  68  71  63  75  73  87  75 114
   73  68  96  36 108 104  73  31  34 107  74  44
   91  86  64  71  44  88  97  80  39  47  71  25
  103  77  47  81  63  17  93 109  59  90  89  79
   68  10  82  87 113 113  32  11  36  72  88  93
   82  83  75  31  17  40  10  87  39  23  28  11
  102  15  60  48  84 105  78  60  14  50  54  90
   81  54  71  32  26  67  29  89  99  99  19  76
   46  58   5  98  50  99  30 101 104  42  70  15
   48  88  88  73 111  88  94  26  36  60  73  22
   48  32  56  86  94  65  53  49  92  44  47  46
   94  37  95  86  52  98  94  14  48  84  39  92
   92  82  61  18 111  22  38  51  32  28  45  29
  104 108  81  87  25  59 110  29  32  64  28  23
   13 105  28  29  83 105  55  54   4 113  28  13
   89  86  91  23  25  51  67  41  87   7  64  28
   70  98  70  20  59  92  88  45  18  44  38  50
   88  64  97 111  50  24  84  34  66  50  75  24
   14  27  16  10  81  23   7  38  96 107  95  39
   33  30  80  87  33 110  22  58  24  68  69  81
   23  91   3  66  77  37 112  56  45  51  63  19
   81  32  49  41  50  63  82  52 111  91  47 106
   86  29  30  61  25  48  93  20  25  96  77  96
  101  61  25  72  49  86  82  74  87  79  35  69
  100  27  99  66  94 101  91  36  63  97  57  41
   90  14  33  61  88  80  80 109  58  31  55  45
   92  73  64  41  97  79  68  95  93  60  41  64
   15  73  75 112  15  74  75 105  99  75  70  58
   60  41  66 111
   10  67  37  37  64  92  31   4  69  86  26  38
   35  92  87  41  48  47  27  25  91  86  34  38
   17  52 100  19 103  26  16  37  34  62  16  34
   34  87 108  43  56  75  63  64  58  81   9  76
   32  45  50  39  26  78  90  43  79 105  55  51
   57  25  38  74  71  70  94 103  89  64  95  33
   97  45  87  84  87 103 107  24  51  20  39  35
   91  42  26  87  67  56  94  55  57  95  41  27
   48  20 101 102  86 102  70  33  13  29  90  54
   40  20  28  26 109  21  21  43 108  94  78  73
   82  72  64 102  76  37 104  73  47  96  65  58
   61  38  31  45 110  28  24  82  71  82  48  44
   93  32  24  55  30  51  69  65  93  37  58   5
   51  67  26  57  92  50 116  45  85  87  39  16
   54  90 110  41  53  91  48 100 107 102  62   5
   28  12  95 102  41  81 104  52  36 101  49  80
   51  64  65  35  76  48  74 101  87  66  67  24
  102  64 106  37  56 117  79  42  19 110  58 108
  111  88  52 102  83  56  87 107  64  69  40  40
   26  37  95  47  95  39  21  21 111  15 102  96
   41 105  88  21  76  28  96  25  89  11 111  81
   48  50  85  74  98  67  72  51  50  90 101  54
   64  58  18  26  96  45  97 100  70  54  20  35
   56  19  90  93  98  28  92  44  67  78  22 107
   77  91 108  22 104  88  72  85  14  90  51  12
   14  87  88 108  26  30  81  71  92  79  19  56
   42  74  61  83  13  79  93  51  86  25  41  82
   61  62  49  82  35 101  70  86  33  23  18  29
  114  78  23  24  58 108  82  37  89  33  13  10
   21  31  63  61  32 115  98  85  56  35  48  84
   29  59  83  45  92 104 102  37  40  67  73  86
   71  41  38  95  80  71  72  94  44  87  89  44
   14  31  30  44  44  99  31  98  99  29  42  39
   44  31  84  39
   29  62  63 100  78  20  63  65  66  26  30  10
   70 107 107  96  12  49  89  62  69  40  50 110
   80  95  25  77  13  21  75  92  74  27  60  55
   17  74  86  83  44  13  87 111 110  68  46  50
   47  97  47 110  72  69  69  41  44  11   5  74
   76 107 111 102  44  42  48  65  95  93  83  65
   83  83 103  52  80  99  70  62  63  47  68  22
   53  21  56 105  35  93 118  41  21  73  60  10
   73 111  89   5  37  92  62  32  77  66  72  42
   21  39  70  91  37  51  50  46  80  13  77  44
   88  90  88  35  70  35  70  75  53  66  83 102
   27  88  88  27  79  84  74  90  97  83  95  99
   99 107  74  55  78  77  43  83  77  69  51 102
   45  49  87 102 100  89  88  12 106  99  75  27
   62  68  90  89  35  85 111  10  47  69  19  42
   49  16  82  98  57  33  64  16  15  11  42  89
  108  70  23  82  63  78  69  58  45 100  98  32
   55  44  12  99  30  99  62  16  17  62  63  15
   98  12  30  69  19  57  64  60  13  72  64  68
   18 105  19  79  35  70  97  28  63  96  45  76
   84 106 103  69  85  52  95  92  58  29 106  71
   81 103  82  55 102  63  93  96  77  35  35  33
   71  43  66  50  63  59  56  36 103  34  41 113
   60  84  27  72 107  14 111  96  69  69  45  35
  114  30  89  44  44  83  45  61 104  85  83  28
   59  48  76  81  25  71  16  20  62  94  86  17
   82  70 104  72  43  69  80  44 104  38  33 118
   40  68  19  23 110  63  48  35  74  97  54  77
   16  81  63 100  79  17 104  66  57  64  85  92
   69  40  20  21  63  35  37 111  71  24  63  61
   42  63  39  81  32  27  80  80  54  35  27  65
   52  51  11  45  85  46  32  47  90  16   9  26
   25  26  47  17  61  49  30  18  54  52  36  59
   98  69  41  34
   17  68  54  64  83  26  96  46  93  39  44  61
   79  30  70  43  83  99  87  30 103  55 113  89
   13  23  67  49  72  29  78  18  43 100  65 114
   56  65  83  98  34  87  99 104 104  18  89 103
   61  95  98  56  34  22  13 105  48  21  13 105
   26  68  17  77  88  94  39  70  68  96  33  74
   52 115  39  33  71  15  75  49  82  74  43  28
   36 103   5  72  84  87 100  17  24 113  69  82
   65  31  33  57 102 105  93  30  46  82  22  89
   67  50  59  33  47  53  97  14  94  89 105  65
   91 103  33  29  53 111  81  21  15 106 108  96
   47 102  57  38  52  25  30  78  94  53  31  31
   27  10 105  73  17  85   4  35  68  64  30  24
   96 110   9  49  68 101   9  93  86  75  33  70
   24  83 100  41 102  90  99  15 102  64  26  12
   67  80  31  78  88  68 112  46 103  59  18  42
   63  49  11 108  87  13  33 100  78 112  80  82
   94  91  60  55  45  92  40  51  30  45  58  45
   32  16  42  18  97  86  64  68  34  93  76 106
   55   2  29 102  32  55  45  26  39  85  58  91
   74  94  68 114  74  25  35 110  70 100  79  42
   28  59  94 104 116  89  29  33  37  90  90  31
   59  46  39  92  40  59  68  31  23  49  73 106
  102  51  33  29  20 107  65  44  96 105  82   4
   10  75  66  28  55  88  67  56  36  45  22  88
   62  39 101  31  26  74  34  51  84  88  83  11
   17  30  98  44  89  92  76  57  86  72  11  75
   59  63  92  53  58  71  72  55  93  39  65  43
  103  48  91  88  20  67  57  91  98  68  83  67
   75  33  29  21  62  76  60 100  52  63  76 113
  101 101 113  95  98  60  92  61  89  66   8 104
   63  36 103  43  78  21  18  37  37  90  90  65
   55  66  20  44 101 117 109  73  24  35  26  35
   84  97  55  56
   82  86   6  72  20  61  84  86  86  45  23  88
   43  30  96  29  14  20  18  41  46  56  32  67
   54  14  38  18  74  91  71  28  30  25  85  49
   35  89  73  80 111  44  87  55  11  72  38  78
   58  40  63  54  29  59  41  60  98  88 116  93
   90  80  20  27  32  48  49  99  41 104  51  44
   81  25 100  25  54  49  29  63  65  20  12  89
   80  88  65  19  29  91  39  91   9  75  57  64
   83  89  99  58  46  65  52 107  57  98  12  59
   84  20  83  52  75  16  31  84  46  48  41  28
   23  95  48  15  97 114  53  90  31  63   4 107
   63  78  30  18  17  99  43  73 109  89  59  13
   68  20  24  98  36  99  83  99 104  13 112  75
   29   6 109  50  31  20 103  45 101  83 102  62
   23  58  81  85  61  81  87  90 105  22  77 105
   64  44  66  38  71  92 116  92  49 108  98  94
   82  72  46  83  72 104   7  68  53 109  91  93
   50  37 108  34  64  77  76  26  37 107 105  53
   83  14  45  27  53  28  54  87  28  74  37  45
   23  64  13 102  51  48  98  76  86  80  54  93
  106  97  27  38  88  50  57  31  20  83  21  31
   86 104  15  96  29  16  60 105  46  86  57  96
   94  61  86  70  97  52  81  52  93  36  11  75
    7  56  56  99  26  38  12  66  24  62  31  53
   81  73  23  83  70  31  58  33  64  24  40  70
   95  56  24  22   4  65  17  22  41 105  56  27
   75  88  22  70  12  42  23 102   9  17 109  75
  105 101  87  61 100  10  47  60  90  53  37  87
   96  96  48  90  99  83  92  80  32 107  18  19
   80  50  61  33  29  40 102  98  45  23  61  12
   82 109  92  72  93  50  55  78  35  84  90  80
   79  33  84  88  75  67  23  31 104  25  63  70
   63  96 110  34  55  55  17  69  71  78  98 106
   52  66  96  79
   52  47  45  96  49  58  62  28  33 109  54 109
   86  23  84   8   8  83  35 103 108  55  74  65
   56  83  46  57  22  91  94  31  58  79  90   8
   25  49  42  75  51  93  85  60 104  92  55  88
   92  54  28  19  94  25 102  16  11  72 105  34
   74  36  47  70  18  84  57  53  17  36  29  18
  100  27  44  95  76  76  22  99 106  39  78  53
   99  36  87  89  21 101  64  50  15  91  73  33
   64  44 102  84 109  67  35  11  74  69  71  25
   68  87  40 110  50  34  94  74  88  56  36  23
   66  30  61 110 109 107  64  38  97  52  52  41
   52  15  15  89  12 102  90  67  48  71  99  61
   37  83  54  24  10  76 103  86  64  37  24  19
    8  93  76  76  33  54  47  10  12  46  77 109
   27  85  64 109  82  60  14  82  67  82  60  87
   32  27  99 100  50  83 107  97  94  97  38  82
   89  47  10  93  70  90  96  24 101  36  92  58
   21  62  35  68  94  13  94  68  18  55  98  35
   20  87  22 114  35  32  21  93  81 108   2  79
   61  40  82  68  88  92  59  95  29  89  94  36
   97  53  41  54  40  52 110  46  93  70  41  74
   59 103  99  81 109 102  66  89  68  61  90  16
   85  57  85  46  89 107  25  57  93  44  79  65
   40  66  90  67  84  48  73  98  71  63  83  81
   88 105  23  29  42  46  49 101  91  71 111  76
   36 109  76  50  99 103  32  89   9  28  48  57
   94  83  77  73 103  39  47  67  35  97  16  64
   63  24  13  80  42  49  44  29  53  43  84 105
   51  90  41  12  92  47  75  65  56  55  95 103
   37  43  81  55  67  76  87  17  64  41  90   8
   36  34  80  88 106  99  76  59  27  68  48  73
   56  53  62  48  68  43  32  93  41  22  78  19
   82  65  58  93  49 110  77  36  87  24 105  59
   25  46 108  47
   31  59  97  35  73  99  43  61  88  46  73 110
   87  84  94  83  35  32  25  69  82  43  75 103
   32  78  34  57  10  87  61 106  84  85  80  28
   87  74  92  46  13  87  93  43  66  47  46  76
   52  14  95  66  88  93  88  47 102  91  97  53
   31  30  21  45  21  48  84  44  18  20   8  91
   74 103  71  42 104  14 114 108  80  14  29  81
   25 104  94  90  67  93  29  24  96  97  11  53
   78  93  70  51  30 115  79  60  86  23  88  41
   72  44  90  63  36  62  62  47  78  36  21  41
   24  14  51  59  91  85 104  74  53  53  77   9
   75  22 100  17  68  94  86  32  35  54  66  64
   20  89  39  38  34  86  42  80  26 100  24  75
   65  75  13  75  82  55  69  67  55  37  61  86
   56  30  25  33  95  86  71  35  82  43  21  27
   39  54  49  54  91  65 109  68 103  64  28  97
   83  66  86  99  37  40  73  89  46  74 108  35
  105  40  77  60  26  49  50  50  62  80  54  66
   38  72  31  69  89 112  39  28 106  79  71  43
   69  48  27  35  92  57  17  92  27  30  76  64
   83  43  85  97 105 101  48  18  80  34  47  72
   73  20  60 105  35  58  65  72  57 101  17 102
   94  12 109  60  48  98 100  50  71  67  50  88
   18  77  40  17  55  80 100  92  59  63  99  19
  103  35  29  57  46 101  50  56 106  99 111 110
   37  63 101  41 107  54 106  12  85  87 104  65
   79  75  50  42  75  25  13  88  47  39  22  53
   43  42 102  63 105  16  62  80  76 102  10  41
   28  32  94  25  75  30  70 105  88  14  41  38
   46  19  29 102  82  98  68  95  75   6 102  44
   49  46  25  40  17  78  15  37  47  31  74  98
   70  83  92  23  79  79 112  70  99 106  39  99
   26  61 109  76  48  89  41 106  34  61  57  64
   59 104 111  88
   31  22  62  59 102  74  80  24  71  61  29  71
   97  93  85  86  25  11  25  87  96  82  12 107
  115  55 107  50 102 107  76  27  82  65  56  26
   13  86  71  64  49  43  13  26  72  92  18  72
   72  23  55  29  38  56  22  25  21  56 107  14
   98  81  69 101  69  95  29  89  89  69  85  47
   66  40  41  69  39  15  99  72  70  87  26  92
   65  89  55  16  47  71  63  40  16  39 101  93
   19  42  17  83  71  63  25  56  51  62  90  15
   98  42  74  54  84 111  24  95  57  24  39  85
    8 107  84  47  16  20  61  51 100  95  31  25
   97  30  16  78  71  84  31  39  67  33  30 101
   24  91  88  73  51 101  72  20  67  75  24  71
   95  86  72  75  42  48 106  68  44  49  79 116
   39  54  99  37 106  10 105  21  58  35  29  61
  105 101  99  85  75  69  39  48  72  97  55  54
  109  48  16  30  11  41  39  20  17  62 107  46
   30  72 105  76  15  71  98  78  38  48  26  67
   60 116  18  93  25  96  33  54  16  51  52  47
   93  68  98  73  55 101 108 100  22  42  73  39
   62  74  54  74  28  37  54  70  52  90  19  81
   51  43  31  61  27  21  50  35  76  30  98  81
   85  21  55  56  95 100  92 107   9  73  86  51
   55 110  44  43  34  39  12  90  32  97  51  60
   71  15 100  49  71  28  46  10  70  72  41 109
   30 106  25  52  42  79  48  81  55  14  83  71
   20  36  89  92  81  21  37  18  15  60  96  24
   59  43  62  65  23 106  22 115   6  82  57  76
   90  82  95  79  86  22  93  57  76  10  87 107
   81  73  74  57  88  69  55  75  39  54  52  93
   28  93  86  91  59  29  27  48  81 112  38  64
   49  77  17  70  11  71  79  67  29  97  22  27
   42  51  84  42 108  85  76  81  97  83  72  73
   48  84  43  33
   58  76  13  34  66  16  80  87  68  38  44 107
   24  66  68  69  60  57  91  64  56  67  75  82
   19  30 101  94  72  81  95  64  28  76  25  31
   78  69  29  42 102  26  59  84  88  50  94  92
   33  57  23  26  96  84  61  98  40 100  39  82
   67  47  97  53  64  49  75  46 101  35  79  60
  115  57  42  20  32 105  44  13  81  89  76  76
   27  14  37  90  59  20  58  52 107  52  82 103
   47  95  48  61 109  95  11  31 108  63  57  77
   45  55  19  60 107  89  17  14  19  41 103  50
   81  24  43  82  26 104  49  45  78  86  73  33
   77  56  41  22  24  62  55 116  85  83  31  26
   36  94  93  99  65  53  75  27  26  66  43  16
   33  70 112  69  83  58  98  43  56 103  67 106
   85   9  81  98  59  96  82  57  27  38  53  76
   38  53  36  11  39  65  27  50 103  53  56  86
  102  46 110  16  77  23 105  32  34  58  24 100
    4  59  70  65  85  74  65  22  11  25 114  32
   41  93 101  26 108  40  92  65  59  85  37  66
   76 117  38  91  94  44 110 104  50  77  92  42
   52  41  75  17  76  58  77  20  75  47  72  24
   23  33  21  57  77  32  47  34  63  55  79 112
   68  83  89  50  49  38  83  16  31  71  32  22
   87  35  76  66  63  21  69  23  37  18  41  12
   96  19  68  84  90  56  45 106  37  51  28  20
   76  23   4  18  84  21 100  95  55  80  90  81
   30  11  41  46  25  82  86  58  42 102  85  94
   53  92  18  84  84  80  73  69  22  56 109  39
   33  24  33  19  34  41  18  14  95  91  53 109
   77 108  38  89  37  99  47  22  41  64  30  93
   54  90  93  65  62  88  60  27  83  17  73  33
   17  41  57  55 104  96  53  57  51 105  91  32
   22  63  83  51  89  59  63 106  69  51  17  80
   66  41  72  73
   15  58  99  19  50  14  40  43  81  21  82  27
   35  67  13  67  95  71 100  66  49  26  35  69
   26  42  73  13  47  92  83  68  62  58  86  83
   99  65   3  29   7  37  92  38  94  32   3  56
   81  89  10  78  38  73  62  97  26  17  27  46
   51  63  28  43  96  14  96  30  74  66  11  24
   65  65  41  56  64  40  91  16  24  51  48  95
   95  34  17  35  78  41  73  61  58  89   2  39
   55  98  41   7  62  41  27  29  94  79  39  30
   32  15  41  48  57  29  27  69  10  29  60  80
   19  88  27   7  56  94  67  55  73  88  31  64
   49  14  13  41  31  54  99   9  82  81  14  49
   21  99  57  48  66  85  54  35  85  34  97  31
   31   4  87  92  89  57  80  51  23   9  30  61
   12  63  33  42   3  64  70  21  49  35  52  80
   53  25  60  95  14  51  97  84  70  40  22  48
   39  79  98  16  68  50  41  87  72  81  52  78
   80  86  73  61  79  11  22  16  55  74  41  62
   42  14  38  16  59  30  33  23  60  28  98   9
   74  62   6  20  51  82  68  66   3  73  83  70
   49 100  79   3  61  55  56  35   5  96  32  74
   84  94  83  16  87  77  91  78  26  69  87  57
   83  41  92  57  54  48  63  46  93  78  36  92
   56  94  70  12  40  74  90  10  35  61  33  25
   59   3  89  75  12  95  48  98   6  31  38  98
   24  36  75  88  52  20   4  33  28  14  42  92
   85  20  25  69  95  52  46  50  13  77   5  46
   16  65  48  43  56  27  15  41  97  61  79  96
   58  96  93  72  62  39  36  76  75   9  47   5
   53  91  82  90  82  76  48  43  27   2  50  91
   71   3  36  32  61  47  38  70  51  85  18  62
   47  93  12  62  48  15  69  64  94   5   4  46
    7  72  31  13  32  31  16  40  86  32  12  22
    3  18  13   7
   17  15  22   2  64  70  58  71  59  92  11  95
   32   3  42  19  41   7  23  97  40  54   6  72
   45  20  88  38   7  62  90  11  75  96  12  97
   72  62  12  64  59  94  69   5   3  89  58  11
   48  73  13  38  84  76  94  77  17  91  65  22
   30  54  54  38  62   4  25  31  72  54  48  17
    8  64  64  87  72   4  58  84  96  25  26  62
    9  30  42  61  98  38  29  75  89  57  28  17
    5  52  64  93  41  11  20  68  31  16  97  33
   17  12  93  79  16  74  66  60  90  80   1  65
   20  74  82  86  63  37  63  88  31  56  31  74
   56  96  79  58  57  64  71  33  14  77  18  36
   31  37  36  22   8  93  24  28   8  14  28  46
   29  56  14  90  68  32  29  63  93  77  78  28
   14  25  89  75  42  67  82  93  70  28  36  36
   36  33  62  89  89  73  68  44  63  81  30  64
   43  91  58  50  33  18  69  16  27  13  53  51
   77  44  39  92  62  62  71  93  54  64  69  89
   91  67   6  70  44  76  66  48  82  53  24  26
   49  81   6  63  25  41  64  50  97  74  42  73
   32  53  42  83  39  52  97  67  42  10  42  15
   48   8  73  84  15  29  26  78  22  34  39   9
   35  26  26  61  80  22  42  74   9  18  51  96
   68  60  99  64  68  17  80  66  53  38   4  11
   67  35  67  99  27  40  22  91  84  82  41  76
    3  52  91  36  20  69   1  23  19  56  26  20
   97   2  22  15  37  34  11  68  67  85  51  77
   42  65   6  53 100  25  11  82  41  29  44  98
   90  23  94  51  68   2  31  73  57  80  70  52
   76  59  46  95  42  96  79   4  44  74  44  33
   10  68  38  71  75  19  50   2  50  93  33  71
   93  64  65  64  74  67  27  65  48  79  62  33
   19  81  54  66  12  31  88  70  41  28  25  33
   80  85  64  84
   13  76  88  40  62  90  12  78  86  37  28  63
   55  65  20  75  34  36  62  52  85  14  28  84
   59  63  67  11  86  43  14   4  74  93  71  74
   96  39  11  57  92  76  61   9  57  70   6  99
   35  44  74   9  15  80  40  16  25   7   7  98
   22  95  11  21  91  55   7  33  35  22  69  58
   68  58  78  94  15  44  21   2  94  68  79  98
   26  27  27  55  13  14  22  87  40  15   3  51
   70   3  75  34  32  31  17  51  20  26  61  40
   81  81  96  50  19  51  56  40  73  47  19  69
   28  27  93  94  96  92  19  60  16  81  57  94
   44  60  85   4  52  22  90  63  16  73  62  13
   12  36  87  50  14  34  46  27  77  90 100  37
   46  23  91  17  34  33  33  34  26   3   5  83
   69  88  46  80  70  15  48  56  80  65  53  48
    1  79  40  95  66  47  24  34  44  98  50  89
   29 100  82  69  33  51   5  58  79  70   8  12
    2  97  86  50  30  81  33  50  91  77  30  43
   98  39  45   4  47  12  25  46   9  27  87  19
   21  97  17  95  86   9  57  73  65  15   6  61
   65  29   8  76  40  22  46  38  81  10  43  62
   11  56  47  54  76  55  27  99  45  36  71  65
   95  48  75  84  17  59  38  58  91  50  57  43
    4   4  21  48  19   3  99  30  89  24  46  81
   38  29  82  31  60  59  97  33  14  30  41  62
   11  25  13   9  16  87  63  68  36  16  82  41
   18  60  94  23  38  10  53  96  99  90  34  31
   24  60  28  68  45  98  35  26   4   4  60  80
   42  83   6  71  93  53  62  85  83  26   9  60
   14   5  99  68  66  83  62  16  89  32  90  39
   95  96  39  91  51  88  12  42  75  82  64  68
   32   8  91  49  20  41  22  59  71   3  14  62
   44  50  48   6  14  67  19  13  70  66  32  78
    8  73  97  61
   65  28  88  87  92  55  53   9  26  84  97 100
   38  75  36  45  38  63  76  11  88  81  39  73
   25  74  79  31  73  24   1  26  70  62  76  61
   80  93  69  20  18  12  46  84  61  17   3  57
   75  38  77  73  27  52  73  27   8  97  72  83
   50  97  60   4  44  78  41  58  62  86  57  49
   72   8   7  26  59  87  66   9  42  47   4   2
   94   6   2  16  63  94  75  85  85  81  88  88
    9  83  77  63   9  91  63  31  10  83  76   9
    2  48  72  34  59 100  49  79  63   1  72  74
   13  75  84  20  52  33  33  13  84  86  81  60
   90  66  34  99  51  46  50  17  60  56  66  66
   49   6  12  90   3  95  30  35  76  48  97  71
   21  13  39  12  93  95  51  32  80  71  16  87
   18   6  26  32   6  71  95  40  32  71  86  19
   84  50  22  33  76  21   9  23  62  78  53  18
   55  20  80  62  48  64  54  28  31  69  97  40
   11  52   6  87  29   6  69  47  80  21  93   2
   33   3  16  57  47  87  21  64  91  67  66  34
   64   4  95  56  12  46  62  23  44  56  42  42
   60  19  57  59  60  68  91  73  68   2  13  60
   48 100  88  86  25  48   5  32   2  48  86   6
   80  45  16  65  79  42  52  39  49  18  45  38
   96  50  61  82   2  27  97  13  34  74   2  17
   74  68  91  39  30  56  71   8  59  74  55  50
   85  69  80  11  15  13  30  69  60  24  49  62
   56  87  65   1  78  69   8  88  61  39  23  39
   21  86  98  98  69  43  76  62  34  95  74  90
   79  11   8  34  22  50   1  47  51  90  13   7
   50  42  51  35   8  67  95  16  46  98  12  11
   31  58  74  83  96  80  80  13  63  21  74  18
   52  86  63  69  10  46  35  14  22  53  79  91
   35  62   6  52  75  49  59  77  65  31  45  97
   45  81  43  12
   33  34  56  97  47   7  43  18  92  97  28  10
   33  40  49  20  91  79  80  24  99  14  69  78
   37  39  88  56  77  92  74  94  31  97  71  40
   89   8  77  87  67  47  88  28  49  59  37  90
   31  45  41  87  63  13  49  56  99  17  76   5
   32   4  55  54  43  55  78  83  44  33  39  71
   24  20  78  43  84  66  25  11  95  36  45  20
   28  42  79  92   6  98  93  70  42  61  14  56
   91  69  77  64  87  93  76  56  85  75  96  91
   14  76  64  65  10  14  89  58  67  13  11  73
   80  45  38  87  84  75  96  87   3   2  67  19
   91   2  39  30  78  78  43  12  12  97   3  43
   98  40  74  39  56  37  92  86  47  19  12  93
   31  58  53  33 100  13  47  84  32  69  76  78
   26  87  18  39  50  45  90  30  85  77  98  98
   67  26  72  17  31  80  12  26  56  22  34  82
    8  66  17  97  83   8  36  87  53  67  18  10
    7  28  77  13  94  86  62  74  76  91  99  52
   56  92  37  21  35  77  88  20  50  22  74  95
   18  29  69  46  82  77  44  62  52  59  11  77
   51  30  63   3  56  46  25  79  46  17  88  15
   42  37  64  33  51  43  19  14  12  45  24  39
   39  80  95  33  63  50  41  12  77  68   3  21
   82   2  96  84  26  14  64  45  50  13  12  10
   35  89  51  90  39  67  50  53  47  38  71  57
   13  13  18   1  99  64  77  65  29  68  64  55
   19  46  64  48  35  16  79  35  26  26  69  61
   73   7  95  76  32  11  69  73  75  59  89  33
   41  80  87  71  68  58  76  77  50  76  86  61
   69  57  17  95  48  11  72  63  88  75  12  94
   16  62  90  17  26  99   6  95  26  76  34  77
   77  84  83  38  43  65  32  20  29  50  73  79
   27   9  60  33  59  86  46  94  24  53  34  25
   38  47  15  73
   21  25  73  36  50  21  84   7  43  92  32  94
   40  37  31  93  72  65  18   3  25  75  20  85
    8  21  23  51  26  76  42  10  45  11  87  54
   65  52  37  17  81  60 100  48  62  90  92  79
   11  68  99  94  36  51  47  95  24   6  70  76
    3  68  83  86  13  19  47   3  76  48  37  95
   66  26  13   3  72  71  87  91  73  20  97  32
    3  91  67  63  19  65  81  67  75  38  53  28
   87   2  92  10   2   9  74  22  63  42   8  85
   87  80   5   7  26  72  51  41  38  99  69  66
   57  51  95  49  59  87  41  11  35  12  64   4
   53  38  40  71  35  61  26  23  20  21  35   2
   34  77  99  50  59  76  45  82   5  16  53  50
   69  20  36  14  19   2   1  10  47  38  22  22
   48  35   7  44  85  95  67  55  61  89  84  86
   79  25  82  87  25  13  92  96  21  36  28  13
    5  24  43  57  97  12  12  51  67  17  90  74
   99   6  90  44  72  59  44  77  15  48  71  59
   83  92  55  18  27  40   7  85  58  30  30  73
   20  59  97  36  56  58  17  42  77  54  96  46
   33  40  18  49  78  47   3  76  44   9  80  40
    4  34  62  10  43  72   2  83  30  84  71  53
   80  12  26  75  33  43  74  37   8  83  47  31
   87  24  65  15  73  13   8  89  66  19  84  63
   24   4  98  18  40  90  21  82   6  31  57  99
   80  75  14  96  62  41  71  48  54  83  50  53
   35  58  77  95  28  98  63  22  67  77  59   1
   67  78  37  98  95  65  50  44  36  52   5  99
   59  67  30  30  94  25  45  67  94  96  29  85
    6  74  88  64  36  44  26  62  26  50  10  80
   16  70  45  35  14  77  37  26  66  13  63   2
   25  53  43  35  17  80   3  84  13  49  50  67
   95  56  36  28  30  10  29   5  30  96  82  99
   29  52 100  50
   37  49  89  62  67  56   5  57   4  16  21  12
   27  21  37  48   7  42  94  61  99  23  65  15
   44  72  48  36  50  60  65  10  95   9  50  69
   21  85  45  93  20   3  96  97  36   5  43  30
   55  65  14  63  98  79  24  88  18  60  60  11
   90  27  84  42   8   5  21  92  74  16  52  69
   99  72  12  64  92  72  81  52  52  91  78  84
   66  77  57  79   2  44  96  20  98  65  96  43
   64  68  70  39  68  26  42  39  35  54  36  16
   38   4  70  70  91  50  56  31  48  96  84  43
   87  57  25  66  18  58  18  67  59  30  67  12
   47  98  35  59  20  80  36  59  17  78  29  40
   66  73  14   7  84  17  22  34  69  28  14  57
   90  85  67  70  85  21  78  18  53  12  47  85
   47  79  79  99  70  77  74  17  68  89  20  19
   21  19  88   8  40  88  30  97  61  28  63   9
   37  70  71  62  30  48  97  72  10  83  36  41
   43  82  24  55  90  30  42  72  98  84   3  21
   92  68  42  93  72  64  23  37   5  10  16  50
   20  87   5  74  99  22  71  91  77  72  97  12
   28  26  50  71  61  92  80  28  19  97  19  49
   65  77  63  11  83  69  78  87  66  10  84  50
   11  25  55  54  17  28  11  41  71   7  10  23
   52  24  42  84  13   8  27  71  85  46   5  85
   65  79  27  79  12  95  56  52  37  24  55  36
    3  30  83  99  15   3  89  33  13  59   4  46
   68  29  36  64  74  51  63  16  44  69  30  32
   99  26  38  37  69  49  39  42  79  58  33  42
   51  46  58   5  87  79  84  68  76  90  12  34
   75  73  58  59  11  72  56  50  72  80  47  60
    2  32  75  77  90  94  77  24  72  65  82  45
   20  64   3   7  31  25  24  86  31  93   7  69
   60  17  72  40  73  40   3  77  27 100  30  48
   77  18  34   2
   51  81  62  17  70  79  31  86  70  38  77  21
   80  19  31   4  64  34  67  30  36  64  23  23
   83  79  14  52  81  57  54  56  16  98  79  55
   97  50  58  77  84  22  18  69 100   6  55  21
   50  93  64  82  43  98  49  82   8  69  43  47
   13  14  31  20  87  14  63  76  36  47  78  48
   58   3  20  41  71   5  55  48  23  25  93  76
   15   7   9  58  20  78  52  77  99  79  75  79
   26  72  47  98  94  65  74  71  50  27  19  58
    2  13  15  58  40  74  90  33  61  84  86  22
   80  54  73  62  51  52  70   7  87  22  65  45
   81   1  31  18  18  41  47  42  99  25  17  22
   62  85  87  74  91  28  66  44  46  42  42  24
   74  28   2  73  33   8  50  36   6  51  30  58
   22  89  38  13  75  37  46  10  46   7  19  20
   13  33  31  95  76  88  89  84  79   2  50  50
   20  75  36  92  75  12  56  64  19  20  26  92
   37  46  85  92  51  83  17  92  34  96  64  48
   30  39  51  63  74  69   1   8   8  72  55  36
  100  77  92   7  68  77  44   1  92  47  19  42
   35  61  17  12  64  15  50  72  65  40  59  82
   67  28  38  18  54  43  43  87  88  46  23  56
   29   9  27  61  50  37  30  30  58  86  52 100
   12  82  71  40  41  38  49  63  67  73  44  50
   18  35  33  67  48  13  31  84  59  60   6  92
   20  13   2  26  77   7  54  78  85  97  12  22
   16  79  52  26  82   3   3  77  57  93  58  97
   87  73 100  61  18  76  17  17   9  68  19   2
   52  65  59  66  93  54  56  88  48   9   4  92
   23  10  97  70  32  65  51  99  16  25  15  60
   63   5  92  55  26   1  63  29  41  11 100  86
   44  49  86  11  96  72  36  82  95  92  13  99
   98  94  47  93  42  63  57  50  54  91  65  29
   81   7  20  78
   95  74  10  42  42  27  20  77  60  11  80   4
   22   1  94  47  42  34  24  68  20  57  43  11
   84  69  71  42  39  67  29  96   2  86  70  22
   51  47  34  22  70  96  83  99  92  53  55  99
   38  51  95  56  68  83  10  32  19  47   4  66
   51  81  28  16  92  21  24  97  79  30  62  38
    6  52  90   9  61  54  77  78  76  64  54  51
   68  23  58  11  84  20  81  67  42  45   7  98
   79  26  58  93  91  74  41  98  78  30  87  57
   90   4  97  59  66  23  86  78  81  72  28  22
   91  38  93  69  75  56   3  20  75  51  61  34
   47  78   9  78  99  77  60  68  42   3  51  15
   20  76  80  62  70  32  52  39  54  51  25  95
   11  16  50  53  90  45  18  42   9  44 100  51
   81  43  97  67  76  47  77  20  50  74  22  27
   94   2  70  37  83   9  63  72  11  22  87  73
   38  58  16  44  37  67  53  92  36  78  84  76
   57  39  11  48  67  65  97  96  18  79  18  89
   90  58  95  21  37  74  51  54  28  39  41  62
   95  50   5  75  73  31   9  22  45  76  88  75
   84  98  94  94   2  65  31  70  86  50   9  68
   51  71  77  70  74  37  80  22  45  89  90  73
    7  50  56  27   2  58  48  74  12  23  98  46
    7  59  48  55  84  34  87  37  16  13   5  95
   86   1  22  47  46  86  47  63  47  84  15  16
   88  84  26  19  62  88  97  75  95  58   5  18
   95  58  21  52  90  98  67   5  77  80  50  61
   63  39  13  17   7  85  69  13  68  54  58  84
   47  45  78   7  30  64  38  32  32  72  94  37
   40  27   3  70  59  25  54  89  55  46  23   9
   96 100   9  42   2  66  81  45  78  40  27  63
   71  73  83  71   4  26  95  17  24  97  49  69
   43  82  19  56  85   9  14  15  30  79  18  28
   51  20  34  75
   64  59  56  60  55  89  28  47  65  11  95  39
   41  29  13  10  55  80  35  96  70  95 100  67
   11  71  87  90  30  39  91   3  80  33  89  78
   81  60  10  96  87  66 100  14  59   7 100  28
   29  17   4  51  71  76  34  74  72  81   7  41
   97  13   3  12  62   5  38  35  95  11  26  16
   14  78  52  81  90  12  41  57  19  45  26  27
   85   7  14   9  39  93  60  17  55  34  31  39
   12  61  78  96  49  81   3  18  47  37  28   7
   87  84  63  11  28  54  79  89  66  27  70  83
   13  96  27  83  55  42   4  98  31  95  88  26
   95  11  69  19  87  32   5  55   3  63  93   5
   59  35  40   3  66  76  28  15  96  81  83   5
   49  77  48   6  24  95  45  89  86  40  51  34
   39  54  60  89  88  89  58  53  14  77  87  33
   37  95  16  17  91  37   8  45  89  79  91  75
   91  52  27  52  75   9  76  77   4  91  72  77
   96   2  86  71  94  70  97  43  31  24  61   5
    2  54  77  70  29  87  61  21  36  55  10  77
   13  57  72  64  84  35  19  81  80  41   5  74
    4   5  48  99   1   1  90  93  28  22  68  45
   20  43  84  59  60  93  72  31  52  24  67   9
   82  74  75  68  90  47  41  77  44  69  17  66
   98  67  32  98  72  30  60  34  14  84  89   5
   67  57  90  77  46  49  86  27 100  99  20   1
   81  59  21  93  18  55  80   9  77  61  12  33
   39  69  28   3  64  52   3  71  58  37  43  81
   47  72  59  32  41  99  30  45   5  17  73  39
   27  51  16  91  87  25  58  13  30  29  50  15
   23  85  51  74  36  22   7   9   7  35  13  40
    6  66  83  66  12  61  26  28  73  47   2  79
   83  96  99  53  46  98   4  35  42  25  63  29
    3   2  59  23  77  76  72  66  98  86  57  29
   56  31   5  76
   78  15  23  39  61  41  85  19  28  92  69  80
   26  33  91  48  63  45  24  15   2  30  90  34
   49  92  58  15  55  43  32  14   4  84  48  30
    9  11  70   1   3  98  76  91  38   2  63  92
   74  45  29  10  74  17  74  62   1  62  95  73
    4  82  73  65  21  19  72  53  66  57  31  36
   27  12  58  96  56  29  26  87  66  70  59  33
   24  15  39  15  41  49  85  71  73  62  58  90
    9  38  49  99  64  49  74  67  79  52  70  86
   10  79  84  77  20  37  72  77  78  92  88  35
   51  71  82   2  94  52  92  30  48  58  35  65
   34  54   6  36  42  35  67  54  30  24  45   4
   16  65  21  37  70  17  29  64  11  45  44  57
   96  18  80  29  21  98  86  41   5  41  31  87
   93  79   6  94  47  29  13  11  34  72  62   3
   29  57  65  48 100  90  23  30  11  29  30  29
    5  76  57  21   8  76  55  63  16   5  40  98
   91  63  93  40  55  76  52  68  84  81   3  27
  100  24  77  14  67  53  44  73  83  11   4  96
   74  30  83   7  89  27  27  60  93  93  92  35
   60  94  45  28  68  56  48  46  91  64  60   2
   97  57  29   6  35  18  81  62  33  68  22  61
   93  65  21  72  83  89  16  40  29  45  96  73
   10  50   6  46  54  30  29  85  30  11  90  68
   40  17  46  11  16  60  75  69  10  36  78  28
   92  18  67  95  42  47  62  97  41  32  81  72
   69  37  38  60  97  80  34   4  80  26  52  35
   52  73  49  73  19  59  53  20  50  46  54  46
   79  17  97  94  91  68  80  66  17   6  44  18
   29  36  65  55  36  61  55  27  73  75  50  18
   99  52   3  41  88  44  80  35  23  73  58  56
   90  28   9  70  76  52 100  50  55  43  89  66
   87  43  12  80  10  35  82  44  34  33  81  83
   36  78  53   5
   48  26  57  53  14   6  58  47  32  57  52  73
   78  31  69  91  38  73   3  68  22  53  33  98
   82  71  44  23  38  86  42  48  89  31  73  60
   35  30  47  53  95  21  49  38  29  70  64  67
   49  94  91  50  48  78  66  75   9  91  78  26
   31  12  89   1  44  38  52  32  29  15  30   3
   35  45  15  68   1  16  45  74  72  10  28  74
   20  30  53  49  59  16  17  24  68  60  34  90
    9  32  64  24  41  92  27   3  45  14  19  23
   40  99  34  23   3   3  84 100  83  42  16  27
   29  26  29  74  96  64  96  25  79  95  82  97
   18  96  60  62  23  11  33  59  93  57  50  21
   38  57  31  85  85  48  74  20  14   5  87  36
   62  58  97  13  52  12  75   9   6  62  49  89
   64  19  28  37   8  21  17  76  72  56  38  88
   71  81  50  34  11  38  62  69  11  75  59  62
   23  65  16  19  50  22  17  93  65  23  75  15
   27  25  54  97   3  84  79  69  86  75  64  80
   15   9  26  31  87  49   3  83  87  39  74  84
   98  10  82  83  22   6  47  50  98   3  82  94
   26  25  24  84  78  64  38  66  23  99  47  79
   40  14  47  82  43  17  23  64  95  58  69  66
   30  50  13   3  68  87  24  74  37  61  43  94
   92  81  92  99  30  94  99  75  14   3  16  70
   84  82  31  18  87   2  96  53  86  42  43  31
   81  14  99  47  33  76   8  56  74  60  48  90
   34  77  53  75  54  49  28  55   9  19  70   4
   21  73  86  50  86  62  12  92  86  14  30  20
   10  55  89  30  71  34  27  46  30  32  78  39
    9  86   7  44  11  10  13  79  42   8  59  67
   27  96  87  47  27  22  36   3  62  80  60  73
   28  37  49  76  14  41  47  25  22  49  71  47
   88  40  28   5  96  38  36  12   4  27  42  53
   50  71  39   3
   97  52  77  71  49  14  75  99  45  21  86  73
   85  22  29  70  67  60  89  85  28  20  68  75
   90  65  20  99   3  87  97  66  85  47  99  75
   73  18  10  61  63  32  45  38  49  23  93  43
   77  66  64  80  79  30  27  65  25  12  58  64
   56  86  82  45  43  48  19  16  15  55  23  69
   13  72  32  30  30  16   5  91  57  97  72  68
   23  66  76  32  40  55  12  60  52  21  76  78
   69  92  10   3  22  12  39  85  94  76  21  59
   76  87  87  76   6  89  89  59   6  15  40  39
   37  31  55   1  37  77   4  30  64  17  46  50
   43  74  81  73   6  82  86  38  38  25  65  59
   22  79  89  65  78  63  42  46  14  76  62  97
   62  42  88  60  27  57   3  68  29  31  74  91
   48  27   4  79  63  15  63   2   5   5  46  98
   89  98   8  17  70  28   7  61  75   3  54  31
   56  51  53  69  29  66  43   5  19  46  45  93
    3  43   4  66  55   2  34  70  89   7  60  12
    5  24  64   4  27  46  27   4  51  35  72  65
   91  68  11  72  18  77  85  92   4  97  13  14
   70   7  27  92  27  74  24  93  18  98   8  37
   65  57  29  42  12  46  33  66  65  23   3  57
   44  56 100  88  17  63  14   7  50  57  99  76
   51  88  24  23   8  91  12  73  40  25  85   6
   36  20  11  86   1  18  42  22  97  21  63  92
   90  29  32   7  94  88  26  35  10  36  84  62
   74  37  51  24 100  35  20  56  25  93  79  36
   47  40  53  26  76   7  47  18  75  79  90  74
    2  39  80  79  54   3  28  72  16  72  98 100
   95  74  57  57  75   5  13  28  52  74  61  33
   80  51  28  74  19   4  13  73  71  45  37  21
   33  77  80  16  32  35  30  15  75  29  22  68
   88  88  86  72  66  10  89   4   9  90  78  74
   71  86  25  63
   89  50  53  13  27  85  48  44  41  94  87  92
   47   5  10  10  98  54  20  41  49  66  64   1
   25  15  92  41  93  92  31  15  32  84  47  52
   92  30  25  22  76  96  25   6   2  46  60  64
   68   6  62   8  30  35  50  61  63  93  97  37
   33  12   6   3  65  60  66  47  13  17  36  52
   27  34   2  62  23  13  50  48  50  64  36  81
   62  85  54   1  84  23   1  79  82  45  52  95
   29   7  25 100  78  24  48  88  30  37  35  64
   98  80  44  13  82  55  57  65  35  93  40  72
   30  30  17  68  32  68  35  45  65  50  37  14
   80  29  26  82  27  31  38  16  20  28   8  11
    7   8  39  60  38  39  74  27  39  42  60   8
   72  59  20   4  12  19  18  91   8   9  33  86
   58  43  26  19  76  32   5  93  60  48  97  69
   61  97  22  18  51  87  47  98  92  95  70  25
    9  38  82  33  49  40  36  53  61   3  14  74
   58  70 100  16  85   5  48  95  94  47  46  97
    7  91  90  44  83  54  52  60  96  37  46  43
   96   2  97  34  78  35  17  85  55  20  59  27
   22   3   4  40  28  64  12  19  45  83   6  47
   34  14  30  61  15  43  23  23  38  69  84  82
   48  68  49  55  56  57  47  81   8  72  79   5
   51  27  85  33   6  90   9   9  34  50  68  82
    4  81  28  74  64  22  61  50  11  29  26  84
   52  61  28  31  83  38  91  93  53  13  31  92
   30  38  14  32  73  41  33  73   3  82  75   1
   65  35  91  89   6  46  62  76  33   9  66  28
   90  30  55   9  25  98  14  50  56  56  35  19
   42  63  87  88  51  71  81   5  31  87  42  53
   73  46  72  34  87  76  28  25  66  73  82  51
   56  61  96  57  25  70  87  72  30  95  97  80
   90  76  60  87  50  56  75  93  53  56  71  59
    7  43  77  73
   91  41  51  50  31  81   7  65  21  79  64  45
   32  90  44  77  37   8  19  85   4  58   3  22
   90  92  44  58  39  80  25  85  65   6  47   3
   58  55  33  13  70  22  15  16  12  86  30   3
   47  21  15  48  82  80  96   7  66  90  92   5
   79  50  96  34  28  19  76  45  42  14  69  44
   63   1  72  83  42  92  37  56  31  36  65  90
   77  13  99  41  20  29  20  88  78   7  37  25
   50  86  83  56   3  11  11  89  69  24  80  28
   39  64  59  69  56  58  14  91   8  13   3  54
   20  12  69  88  53   8  39  91  96  14  11  18
   56   3  48  78  55  94  80  30  23  57  88  71
   91  92   4  33  89  35  98  77  34  47  82  87
   24   7  95  62  37   6  99  10  22  44  76  42
   88  20  18  70   9  26  20  92   5  44  78  94
   42  36  81  40  30  39   4  64   7  60  98  67
   39  69  94  12  17  91  87  12  39   5  33  29
   18  28  44  65  63  20  79  58  83  69  44  73
   75  92  75  98  20  24  42  39  71   9  39   6
   58 100  74  17  73  54  71  85  65  17  55  18
   35  24  52   3  31  92  78   8  40  15  40  73
   81  52  19   6   1  29  74  71  66  26  30  87
   59  74  73  22  70  48  46  82  88  62  37   9
    4  59  78  73  90   9  41  67   9   1  22  99
   95  37  44  88  57  23  48  55  66  70  84  19
   50  79   9  87  92  40  77  57  18  26  37 100
   94  82  22  61  22  27  44  50  24  37  91  39
   50  48  21  50  60  47  45  55  24  63  38  66
   13  63  18  29  93  48  47  20  21  40  24  36
   36  83  78  88  54  35  60   2  62  56  41   3
   11  11   1  13  10  57  26  47  19  38  99   5
   46  80   2  62  37  86  92  71  71  28  17  45
   53  36  92  59  11   3   2  43  84  67  92  71
   24  15  64  61
   27  24  96  46  98  57  30  29  33  64  97  31
   66  84  24  78  88  82  95  78  66  64  85  40
   57  95  67  88  30  20  36  91  85  78  26  71
   73  31  32  26   9  69  22  47  97  41  65  42
   47  65  40  49  91  53  64  54   6  26   2  18
   28  33  92  85  76  70  64  10  68   4  52  70
   38  80  20  88  58  53  77  52  54  96  98  30
   28  28  41  89  74  23  64  21  97  36  50  49
   34  22  19  58  68  47  50   8  54  18  99  51
   31  91  20  55  44  97  77  19  61  59  74  91
   96   7  63  91  21   2  67  27  89  52  99  12
   56  33  84  84  90   4  69  30   2  27  50  95
   50  88  87  11  75  17  24   6   6  98   7  28
   82 100   2  67  79  84  15  66  16  32  14  47
   81  58  38  23  51  31  28  21   6  91  35   3
   51  74  47  77  35  21   3  26  66   3  12  15
   35  39  73  20  30  15  95  41  59   3  15  24
   64  74  11  77  45  28  31  90  75   2   4  55
   19  92  61  80  55  79  57  16  91  36  83  66
   83  53  90  13  58  57   7  31  25  28  58  10
    2  17  81  70  29  68  51  82  91  37  90  88
   33   3  95  17  81  97  53   3  59  18  55   8
   12  45  25  39  16  63  28  65   9  81  97  38
   97  48  48   8  84  73  98  46  83  43  86  63
   38  45  91  25  41  80  49  73  53  85  75  45
   22  52  79  89  99  42  85  89  63  11  54  75
   34  23  93  49  90  72  87   2  96  98   7  30
   13  11  31  55  17 100  68  45  26  64  70  29
    9  20  56  21  12  28  27  32  71   8  85  93
   37  60  58  78  89  80   9  13  57  81  59  98
   37  11  12  34  11  70  60  30  69  35  17  29
   24  69  25  23  31  49  82  76   7  79  57  39
   51  11   5  69  58  62  92  50  45  38  14   9
   61  44   7  38
   68  59  71  18  54  61  42  92  73   2  51   4
   16  88  33  99  99  25  72   5  12  63  46  55
   54  37  65  47  83  14  22  78  60  36  28  95
   88  62  64  33  61  15  23  60   2  21  47  23
   13  57  81  90  15  94  11  95  91  40   4  80
   36  80  61  39  90  30  54  64  93  68  73  85
   20  88  67  20  29  40  89   8   7  69  42  66
    5  68  18  22  93  16  45  65  98  20  34  85
   45  65  13  21   5  53  81  98  37  48  46  79
   35  18  70   4  67  84  15  30  21  57  79  83
   48  88  53   1   8   7  52  67  10  66  65  66
   59  90  99  22  99  16  23  41  57  31   4  58
   82  27  61  81  98  37   8  31  40  82  87  86
  100  14  27  33  72  57  72  98  93  56  41   4
   93  17  56   2  30  51  98  23  39  22  45  20
   74  81  14  11  57  22  12  22  13  17  70  33
   19  61  97  18  46  22  16  94   6  75  11  61
   91  55  68  45  22  92  26  45  86  63  11  74
   86  31  85   6  82  88  93  15  36   5 100  24
   51  64  37  43  23  17  46  19  78  15  24  74
   20  63  66  55  69  58   9  69  14  34  72  37
   46   5  10  30  11  10  44  14  47  56  15  97
   32  63  25  74  28   6  77  61  19  59  28  50
   62  41  20  47  27  56  34  16  40  39  30  25
   30   2  89  88  69  72  62  10  20  40   9  26
   75   2  41  53   6   4  72  29  99  84  56  54
   11  20  31  41   1  66  64  51  80   5  98  46
   56  86  90  26  73  71  59  73  58  77  26   1
   66  22  62  90  19  63  29  42  54  50  25  11
   65  59  27  57  48  43  33  87  43  73  12  96
   77  81  38  16  14   7  44  52  88  36  58  35
   57  51  51  59  43  70  79  26  70  92  28  92
   21  41  55  10  67   7  37  71  22  94   7  53
   78  63   7  58
   72  44   6  85  41  20  77  46  16  74  33   2
   15  30  17  37  78  80  79  51  35  66  44  17
   70  40  76  56  96  33  54   6  22  29  32  86
   18  30  15  72  89  24  24  61  41  56  68  37
   50  96   8  47  31  10  28  64   7  22   8  59
   77  88  84  68  85  67  26  62  90  85  97  14
   34   5  34  68   8  94   4  12  24  98  79  38
   86   7  10  21  53  18  83  80  11  13 100  51
   39  25  39  54  85   2  29  59  26  82  14  63
   40  59  25  50  78  52  48  64  28  71  91  77
   85  93  56  59  25  22   4  44  62  64  26  99
   30  93  11  99  43  22  17  86  67  66  36  44
   88  20  65  66  82  19  75  24  82  13  78  36
   46  30  97  36  30  52  37  41  52  75  46  24
   63  87  95  76  16  30  38  81  34  68  83  82
   78  64  63  49  20  41   2  49   4  52  83  17
   21  52  25  18  78  63  37  23  62  45   2  73
   13  64  34  53  90  62  54  53  42  23  57  43
   75  44  78  40  23   4  64  76  13  30  42  68
   37  70  85  84  19  59  87  18  86  85  26  48
   36  65  31  19   2   9  60  96  28  85  61  48
   33  98  42   6  82  51  41  33  54  13  94   1
   11  93   6  49  64   8  15  58  48  44  66  18
   84  36  75  97  53  30   3  13  59  52  20  92
    7  78  74  53  58   5  66  61  14  15   9   7
   72  46   6  70   4  62  11  92  17  22   4  38
   29  43  56  74  31  78  98  29  63  78  93  66
   76  62   2  54   7  86  49  31  39  15  98  77
   80  84  18  80  27  78  48   7  32  89  71  71
   74  93  81   3  29  15  52  14  36  97   6  71
   65  73  78  62  90  29  97  66  56  76  41  22
   43  23  11  94  41  34   3  46  17  12  71   6
   82  53   2  35  64  28  78   1  68  41  50  40
   56   5   4  30
   71  90  52  59   8  35  31  83  41  53  85  37
   14   9  26  25  82  96  82  30  20  35  93   4
    4  57   1  62  14  12  43  81  23  49  50  87
   89  20  37  52  58  66  95  88  44  19  92  39
   36  83  58  77  80  46  82  94  85  55  11  97
    6  22  34   2  42  13  84  22  31  43  29  70
   44  70  63  50  73  89   4  45  35  22  84  16
   54  17  49  94  64  39  43  78  98  64  11  22
   84  73  86  30  38  48  89  56  54  58  17  91
    7  64  40  59  35   5  93  12  45  90  72  21
   95   3  27  72  97  82  52  60   7  25  84  81
   14  76  96  28  45  22  88  79  48  86  81   2
   92  24  14  35  58  10  34  91  35  40  93  47
    9  20  39  35  62  60  11  43  66  71  33   2
   71  55   8  82   5  99   9  89  61  73  78  52
    1  18  15  24  37  42  72  70  37  19  52  64
    9  72  95  83  99  77  77  97  89  50   5  68
   81  45   4  40  98  45  16  32  76  56  94  37
   59   4  95  11  87  23  72  66  99  53  68  70
   20  36  12  33  54   2  11   6  82  68  44  71
   58  34  57  42  92  70  53  49  55  17  92  36
   67  74  79  58  91  97  60  71  32  90  16  25
   20  99  56  61  16  10  13   3  96  31  32  51
   52   2  72  76  81  74  93  14  79  16  54  58
   40  96   2  54  41  83  70  92  44  40  71   4
   84  13  88  51  68  30  72  26  62  92  32  38
   92  70  30  14  32  92  77  84 100  44  24  87
   54  59  55  53  81  14  86   2  96  22  53  35
   30  24   8  35  29  87  13  52  44  96  32   1
   29  45  28  55  28  33  55  40  75  59  51  25
   87  16  32  22  54  78  86  72  37   6  69  47
   56  29  94  36  92  46  29  46  75  17  88  87
   77  56  29  77  11  27  39  26  17  37  39  32
   66  27  69  79
   53  42  98  82  47  99  31  19  49  80  64   3
   82  40  35  34  48  56  15  47  47  47  36  23
   94  88   3  13  41  33  18  52  92  31  93  82
   25  46  75  70   9  76  60  24  21  70  14  15
   69  49  89  92  10  24  49   8  63  14  78  29
   36  64  10  58  38  68  35  58   3  81  32  60
    4  46  77  92  76   5  67  93  32  20  35  31
   82  95  74  24  54  93  49  58   8  54  24   5
   61  12  71  42   2  16  98  73   8  50  63  41
   71  51  91  53   9  26  98  95  86  69   6  55
   38  86  61  34  79  11  56  74  33  20  47  70
   42  56  70  92  90  47  62   4  25  20  82  77
   69  26  24  20  44  53  41  83  87  51  60  90
   72  43   5  50  25  51  10  74  46  12  42   2
   24  93  22  13  60  18  36  50  85  78  59  37
   74  57  74  94  72  45  91  61   6  59  62  16
    9  65   4  87  34  90  13  84  78  49  87   4
   98  55  48  55  28  43  49  81 100  89   5  70
   64  27   3  80   3  68  28  55  53  20  76  45
   27   3  75  24  25  73   6   8  58  39  15  75
   68  77  40  85  42  58  25  94  33  57  39  79
   82  78  96  52  32  73  73  80  47  55  28   5
   35  24  22  61  63  77  33  95  77  40  79  83
   21  72  34  52  52  92  47  94  67  99  63  90
   15  85  40  26  15  58  66  10  80  59  83  95
   34  81  98  97  26  90  12  10  57  40  26  26
   90  92  72  57  78  38  26  53  72  14  24  15
   50  19  86  23  31  38  35  46  90  58   8  66
   86  86  83  96  73  70  97  98  21  15  61   3
   36   5  79  23  76  17  70  83  76  46  84  27
   58  19  23  44  54  16  55  84  28  86  41  78
   88  71  46  55  13  19  60  63  61   6  21  85
   98  53  26  62  13  48  56   7  33  61  93  26
   47  63  39  37
    827   827   793   812   853   790   814   814   849   807   811   780
    804   778   780   801   770   767   807   813
