 15 150
  110  51  34  36 102  98  86  40 101   5 109  15
   28 104  88 107  23  24  85  64  44  98  55  65
   61  22  97 109  34  56  41  18  95  68  19  24
   41 100  79  24  96  82  92  76  67  73 101  44
   50  13  39  58  46  14  95  80  91  62 106 100
   49  38  59  83  43  98  67  31  85  95  53  37
   60  49  53  18  39  21  74  20  14  94  33  69
   68  70  64  16  27  41 102  11 101  22   9  44
   57  58 107  22  65 115  88  21  54  45  12  63
   60  25  52  17  27  27  71  32  40  41 104  36
   60  36  39 104  79  79 110  77  80  57  95  42
   84  85  18  42  56  35 108  97  15  33  38  68
   93   7  40  23  30 101
   83  25  89  49  64  54  98   7  32  18  43  97
  105  73  37  37  52  90  54  26  75  45  65  78
   48  30  93  39  19  99  52  10  97  79  97  63
  107  35  23  41 101  33  70  21  79  47  13  99
   28  78 103  19  28  24  25  92  76  77  76  95
   15   8  52  25  80 106  90  46  62  34  38  22
   84 100  67  20  21  88  92  20  95  78  28   8
   71  24  94  87  65  20  80  67  65  36  77  84
  112  54   8  74  69  44  90  79  21  14  77  52
  100  50  81  50  70  25  92 103  37 116  46  49
   37  47  54  59  20  92  46  81  43  40  44  34
   29  75  41  89  76  72   9  45  42  44  97  77
   54 118  29  28  56  95
   87  82  28  25  49  57  39  66  97  42  50  36
   44 105   6  30  83  77  95  61  91  42  88  91
   47 102  59  95 107  62  70  96  51  58  25  23
  111  20  56  85  20  34  22  63  90  26  63  89
   91  51  38  79  18  10  46  65  11  44  91  21
   46  19  62  17  30  86  40 109  14  29  94  85
   31  77  36  64  91  20   8  70  95  82  89  87
  111  18  27  83  25  85  91  49  65  55  98  46
   39  96  39  73  22  25  70  46  84  49  34  80
   85  62  27  61  50  30  47  63  57  55  62 111
   91  90  77  87  30  84  38 110  74  22  61  66
   56  58  77 111  28  77  67 107  63  88 106  29
   53  49  51  31  83  23
  103 100  74  24  44  53  31 100  25  77  93  99
   35  11 105 108  42  72  62  34  46  23  15 108
   81 106  59  31  50  56  16 100  76  15  29  67
   31 111  77  49  19  94  87  54 107  31  37  44
   66  91  87  56  66  72  81  96  33  90  93  60
   63  85  47 100  47  58  64  39  49 113 100   6
   23  64  67  99  88 116  41  42 102  91  27  43
   15  65  43  16 110  19  40  96  37   4 104  35
   79  76  18  62  95  81  77 103  41  50  56  28
   42  70  35  42  31  76  96  67  26  56 102  85
   28 106  82  63  27  74  81  30  30  15 100  72
   75  46  55  67  49 101  20  60  83  36  59  11
  103  27  13  28  56  31
   51  15  35  52 106  52  33  41  76  70  30  32
   70 101 110 107  19  84  24  39  36  37  90 109
   50  90  15  53  95  96  29  87  17  65  39  58
   72  28  34  69  53  36  33  55  25  14  40   9
   25  24  24  14   2  72  33  19  21  87  32  96
   86  90  29  42  93  77  19  52  47  79  68  33
   32  58  34  56  88  87  28 115  37  38 109  86
   49  53  94  75 110  23  43 106  20 101  93  37
   49  62  28  23  51  17  16  61  49  78  55  93
   60 112  35  97  46  54  13  64  87  64  37  52
   10  43  60  29  68  57  31  53  63  22  17  28
   62 100  91  17  34  72  18  76  90  67  90  57
   72  52  78  19  94  36
   86  69 106  31  99  45  55  29  51 115  16  27
   14  18  76  84  39  62  35  19  70  11  68  91
   37  11  26  26  36  51  55  52  81 110  11  43
   30  46  27  30  74  51  91  45  62  95  64  54
   67  93  73  48  66  70  85  80  33  33  81  38
   97  77  39  22  96  59  48  36  61  80  36  38
   43  79  93 100  61  79  38  85  71  45  26  77
   67  78  92  65   9  41  56  33  35  68  68  18
    7  52  75  70  90  28  67  39  63  90  81  31
   70  32  73  42  39  44 108  23  26  26  27  48
   35  40  20 103  33  52 100  46  77  88 106  83
   32  25  70  21  34  46  85  16  97  79  88  96
   41  44  67  21  67  51
   62  88  89  70  59  58  99  81  55  28  36  71
   74  40  14 105  84  27  32  29  56  88  77 106
   34  25 104 100  16  15  25  13  87  24  98 101
  100  90  29  45  30  43  25  85  88  74  96  25
   21 100 106  92  56  59  81  87  34  39  47  78
  113  53  44  72  47  22  82  98  62  95  27  13
  106  20  93  10  22  61  49  57  64  57  65  79
   51  86  64  96  90  62  55  68  84  57  33 100
   41  75  95  23  67  61  94 100  23  40  49  39
   31   5  63  79  19  86   9  51  22 110  39  42
   30  78  21  88  71  72  64  18  42  79  73  73
   36   8  30  75  24  57  88  45  89  71  71  13
   60  89  43  85  52  52
   76  45  59  79  41  29  45 106  86  97  12  63
   35  55  29  60 108  93  36  30  53  81  22  88
   67  55  94  65  94  87  40  58  22  98  79   8
   70  15 107  88  35  83  17  69  63  51 102  46
  104  11  50  58  66  45 108  24 115  46  87  80
   39  37  95  30  24  98  58  67  62 110  39  59
   70  63  18  58  28  83  99 103  92 109  81  48
   32  64  80 105  38  75  60  35  53  90  59  23
   59  46  56  25  49 112 100  80 103  49  26  46
   24  25  17 111  53  60  48  93  98  31  29  59
   35  87  17  41  18 108  35  36  70  74  16  70
   17  27  39  63  54  92  14  68  77  26  27  15
   29  37  33  35  30  32
   22  71  44  12  50  51  84 102 106 111  64  12
   58  82  85  45 102  94  43  88  31  17 103  24
   33  88  33  71  27  81  34  98  69  26  54  58
   67  56  19  57  73  15  97  85  98  42  51  30
   59  85  54  20  42  42  86  52  24  70  39 101
   71  19  29  88  66  66 112  31  86  83  12  37
   40  55  85  66  59  99  93  75 113  45  47  85
   55  95  47  81  85  68  82  21  87  70  34  50
   53  58  45  76  51   8  77 112  30  76  31  48
  117  86  45  23  41  81  13  70  64  32  64  15
   26  53  78 108  76  73 104  70  38  26  25  82
   79  47  15  83  33  88  55  57  73 107 109  99
   65  36  45  40  99  47
  104  43  26  64  17  86  79  97  88  77  88  63
  116  83  83  45  79  26  61  67  63  67  28  41
  115  42  98  61  42  69  52  33 104  92  33  90
   72  53  85  46  98  99  67  38  23  72  49  43
  110  63  66  27 100  67  13  38  15 113  35  43
   26  60 109  69 101  98  26  11  61  16  76  16
   16  63  90  83  31  38  79  76 104  27 110  38
   96  47  21  83   7  39  74 110  93 105 100  23
   44  11   3 109  77  35  41  66 100  63 112  52
   43  21  18  30  82  38  82  75  82  53  37  82
  105  21  23  71  95  68  60  48  64  66  13  45
  110  82  60 104  26  48  55  43  43  46 108  66
   93 112  32  94  29  52
   40  35  23  14  40  49  78 108  36  13  81 101
   25  88  90  91  12  15  75  55  97  79  64  77
   22  74  27 108  33  51  35  29  21  21  64  95
   31  66  38  18  51  86  35  46  41  23  89  70
   23  91  67  69  71  24 107  59  83 105  90  34
   11  98  62  17  28  38  67  26  71  60   9  35
  114  68  56  42  72  12  50  11  64 104  18  57
   13  53  74  47  63  48  50  44  58  76  68  55
   54  44 110  49  70  41  19  58  83  30 102  24
   83  95  80  36  24  96 101  27  70  65  86  92
   33  88  51  78  53  33  37  81  14  45  40  77
   25  50  38 114  45  90  82 104  41  16  68  86
   41  95  81  69 106 110
   41  48  38  70  30  45 108  29  34  20  13  71
   72 103  34  43  17  92  40  86  46  76 104  96
  103  34  14  63  94   6  64  81  61  13  75  82
   54 111  77  69  40  16  46  99 106  52  29  36
  102  95  40  97  84  99  35  45  34  75  47  66
   83  67  68  80  33  11 115  12  33  47  58  19
   49  33  35  65  22  15  29  21  30  84  32  40
   36  53  66  37  14  77  50  81  29  31  76  14
   74  98  17  99  73  60  70  78   6  14  42  68
   42  28  71 103  62  62  20  57  94  52  77  27
   21  16 100  93  78  66  72  48  33  22  83  50
   29  70  58  34  64  69  96  93  17  13  68  78
   57  66  51 102  54  55
  110  44  48  63  27  73  34 106  18  71  30  31
   70  79  61  37  36  38  38  45  40 100  43  45
   27  13  72   4  34  55  40  84 110  34  49  28
   95  52  45  55  43 104 104  80 102  65  50  22
   89  87  19  17   7  99  34  88  42 101  57  16
   76   9  81  41 105 115  11  30  70  60  34 100
   49  71  41  91  96  88  21  70  88  52  65  89
   84  17  61  65  89  89 103 102  69  22  92  88
   66  84  41 105  86  70  14  13  32 101  25  52
   33  45  79  30  30  14  73  86  88 105  78  46
   91  63 108  12  77  61  53  29  29  11  27  63
   54  59  82  20  72   6  20  47  54  70  40  50
   70  88  79  78  98 104
   63  71 107  37  50  45  54  75  84 103  43  12
   50  67  57  54  69 105  21  53  32  66  78  76
    6  37  81  36  54 109  95  67  35  44  21  42
   21  33  54 112  79 106  51  30  86  36  32  68
   88  55 103  71  32  29 100  11  50  60  86 107
  102  58 107  85  36  54  99  95  14  48  21  61
   59  48  55  94  16  17  32  66 100  67  81  69
    6  63 114  78  55  75  79  47  67  91  90  46
   61  73  77  45  27  32  53  13  99  78  71  91
   20  84  68 109  29 105  73  78  52  10  79  54
   14  39  73  20 108 110  84  81  47  25  23  13
   88  63  48  30  71  92  95 110  87  25  71  99
   60  67  13  29  67  59
   24  83  75  63  47  88  15  99 112  77  59  36
   87  45  49  91  48 106  83  98   9  25 112  34
  100 109  26  41  45  18  57  38  30  49  36  79
   67  21 100  44  47 117  20  72  31  28  86  53
   42  89  74 103  38  13  73  38  84 105  29  44
   37  54 101 113  52  58  52  39  23  63  52  47
   55 105  33  82  88  14  95  35  89  38  58  92
   84  19  30  33  21  68  85  32   5  58  85  66
   70  39  85  14  14  16  39  63  32  14  44  50
   55  52  91   4  23  54  19  65  96  41  54  55
   30  33  33   9  42 115  71  70  43  42  40  48
   57  85  28  58  98  80  20  60  88  29  21  41
   18  97  17  33  98  54
   10  64  70  84  13  18  30  78  12  98   2  88
   92   4  29   8  88  95  27  41  74  20  47  50
   51  81   9  10  72  54  61  88   8  46  89  92
   71  11  30  84  19  31  17  27  42  34  14  58
   63  97  68  45  61 100  19  31  22  49   8   6
   53  74  44  36  63   8  35  75  31  22  53  83
   58  70  60  85  64  90  43  94  88  14  86  39
   52  48  41  95  81  69   7  92   8  90  99  73
   54  55  10  86  54   4  18  93  64  75 100  52
   44  92  62  85  78  79  38  72  76  75  11  84
   55  84  75   4  34  32   2  37  35  59  21  69
   35  26  98  73  48  71   9   8  92  77  71  35
   27  99  80  83  88   9
   37  95  23  58  50  53  21  98  83  84  76   5
    9  38  70  78  55  18  50  91  28  66  45  36
   63  81  22  80  94  12  67  94  15  23  11  49
    4  71  88  76   7  81  48  83  36  56  97   4
   79  30  13  88  90  84  82  14  39  32  27  10
   94  98  59  86  38   8  21  65  55  86  68  83
   18  13  47  90  95  15  19  98  19  34  74  98
   33  83  15  24  47  92  27  50  38  83  25  27
    6  62  98  34  39  72  30  39  89  97  25  67
    7  58  22  57  44  81  16   2  82   2  71  61
   79  71  55  43  87  24  59  35  59  78  58  85
   78  34  61  14  36  36  96  58  78  61   8  28
   65   2  81  80  59   8
   16  27  78  88  57  45  66  37  11  61  61  75
   76   9  96  82  35  31  24  46  11  74  31  20
   61  11  46  18   6  52  48  15  63  57  86  80
    3  82  52  35  85  78  82  42  12  90  40  25
   21  63  71  36  96  97  67  47  97  76  22  99
   69  96  40  86  79  19  71   2  97  90  13  18
   86  39  84  46  25  91  98  32  16  23  24  29
    8  86  91  26  85  32  22  57  55  59  10  61
   81  14  80  40  93  80  34  74  29  69  74  33
   32  58  77  58  62  84  66  46  47  48  56   4
   19  24  40  18  80  34  75   1  40  90  42  52
   46  58  30   7  84  39  35  10  48  30  12  74
   56  65  66  75  20  83
   15  10  39  83  71  57  85  11  91  27  10   9
   79  97   6  10  64  32  45  73  61  90  96   3
   34   9  61  73  65  47  91  18  29  91  88  46
   88   6  28  62  92   8  24  48   5  85  79  63
   41  24  31  53  45  40  37   9  76  17  13  52
   45  31  65  15  65  47  39  73  57   7  11  98
   81  47  47  11  22   4  79  62   9  27  92  68
  100  53  77  93   7  85  70  15  76  99   5  76
   38  40  99  50  10  33  25  17  62  61  60  86
   65  39  84  75  87  33   8  41  92  56   6  20
   87   7  38  41  75  42  35  83  76  87  20  39
   42  62  55  42  57  19  86  46  36  82  61  96
   17  84  99  75  51  77
   52  98  72  59  11  68  72  69  32  47  74  85
   49  14   4   4  89  30  96  73  71  72  23   1
   67  29  92  52   9  12  87  19  89  46  66  58
   47  78  68  45  63  67  80  52  85  98  74 100
   89  93  89  97 100  39  81  99  84  28  75  11
   28  25  82  77  21  37  99  63  56  30  44  78
   71  55  68  52  29  20  76   5  74  75  10  30
   64  62  16  29   5  79  64   5  84   4  26  73
   60  51  84  88  59  96  95  41  64  34  50  22
   59   3  70  23  72  65  95  55  24  51  78  58
   98  64  50  90  45  59  80  58  50  86  87  88
   54  19  25  95  78  41  93  41  30  43  21  54
   39  67  40  98  17  76
   25  43   4  86  16  70  48  79  60   5  95  84
   93  97  32  24  80  55  80  92  41  95  41  25
   75  99  85  94  82  51  50  66  30   5  99  67
   82  72  91  85  32  69  16  73  42  16  38  61
   52  17  34  57  53  36  27  29  79  86  25  64
   22  33  65  94  24  50  63  67  46  24  83  73
   75  36  14   3  59  23  65  32  34  59  88  26
   41  33  23  49  94  79  60  75  84  50  52  85
   96  55  42  46  25  83  39  63  42  21  29  85
   38  82  33  70  63  71   2  88  94  81  77  60
   67  63  88  16  81  55  15  74  33  23   1  21
   78  83  41  81  75  73  18  87  10  34  26  15
   68  70  45  85  43  55
   49  19  22  39  44  61  21  39  54  80  66  40
   29  70  96   6  22  76  71  84  55  17  34   2
   76  77   2   8  96  96  93  98  17  93  10   4
   12  29  76  57  76  66  84  33  18  32  19  79
   90  19  13  11  59  54  21  17  82  66  55  38
    4  66  68  45  56  91  29  13  41  18  78  94
    9  86   9  93  96  59  54  50  46  47  38  26
   60  20  55  11  20  43  52  36  26  56  71  13
   73  36  16  83  41  53  21  12  95  71  70  77
   76  97  53  31  95  30  95  54  94  10  66  75
   86  36  86  18  48  34  40  95  77  39  33  47
   76  98  72  31  84  45  26  58  21  35  41  99
   51  23  64  33  53  56
   39  57  54  31  61  83  67   9  20  14  94  57
   84  55  73  59  10  27  82  87  66  30  95  23
   49  58  17  40  16  23  71  59  94   4  39  98
   42  87   5  26  72  25  95  37  42  51   8  65
    8  97  61  54  54  66   9  89   3  65  28  23
   78  81  21  90  88  13  57  52  50  10  75  57
   36  51  90  61  83  24  12   3  22   9  25  63
   72  56  39  11  69  45  53  67  61  15  50  87
   43  65  60  89  69   7   9  31   9  59  90  71
   83  82  89   9  56  43  71  27  11  83  85  56
   83  18  98  79  95   9  79  74  44  45  89  33
   97  92  72  52  57  22  98  37  33  90  79  95
   80  83  86  82  76  86
   88  39  71  90  67  57  28   3   3   1  47  97
   56  23  30  72   2  10  74  23  71  97   7  86
   87  26  87  49  81  30  77   8  36  78  59  48
   47  57  93  46  37 100  15  22  22  75  51  86
   54  25  50  99  61  65  21  65  84  48  63   4
   47  84  86  14  48  46   4  71  26  21  94  69
   72  65  28  49  53  10  24  38   3  66  70  33
   61   7  56  35  18  35  29  93  26  39  69  68
   58  54  58  41  58  99  40   5  72  38  76  68
    2  16  57  82  69  30  91  49  42  81  45  98
   88  63  29   6  32  43  11  46  74  81  78  27
   31  57  89  27  78  26  56  61  47   2  11  17
   53  77  70  65   4  61
    6  73  88  50  99  25  33  23  32  31  19  57
    2  19  23  71  30  81  53  47  50  51  81  63
    3  73  11  58  60  34  58  78  12  19  83  25
   38  53  35  73   4  12  48  67  91  36  70  73
   10  54  39  84   7  39  99  72  99   2  80  64
   84  51   6  49   3  20  84  99  46  97  41  91
   86  48  15  28  87  70  24  40   4  81   2  73
   13  61  91  34  97  64  33   3  15  13  12  82
   70  93  99   2  34  75  68  36  19  39   3  54
   62  85  93  78  21  70  30  40  26  50  81  31
    2  98  87  40  18  47  44  60  45  38  98  61
    3  33  49  13  77  65  63  64  75  71   3  48
   14   6  78  18  91  65
   74  78  81  89  71  53  33   4  74  92  25  19
   95  27  15  18  90  92  39  51   7  27  47  40
   98  46  89   3  76  55  81  85  96  88  46  19
   83  50  71  93  56  30  74  59  78  79  13  50
   88  25  38  46  45  87  13  60  20   5  20  73
   91   9  57  92  78  69  51  77  41  42 100  81
    5  45  54  75  42  92  63  93  55   8  93  60
   89  65  44  56  39  56  52  60  57  36  43  48
   49  64   1  62  43  71  99  52  22  80   1  93
   27  16  39  74  93   6   1  75  43  46  33  20
   86  15  60  26  64  84  77  34  88  59  77  37
   92  67  77   5  64  19  29   7  73  90  42  34
   62  24  30  37  11   7
   61  67  67  43  83  70  11  86  77  82  89  47
   44   6  84  66  90  23  80  29  70  34  15  15
    4  69  97  42  15  96  41  22  59  95  27  34
   64   2  37  51  72  95  68  11   1  56  81  66
   16  24  77  20  24  17  76  65  81  45  72  42
   36  44  42  31  86 100   1  93  86  72  58  88
   62  84  77  49  87  96  88  83  85  33  72  66
   81  64  45  68  90  27  69  31  74  86  32  96
   28   8  88  14  40  57  46  39  99  98  62  35
   73  87  37   5  43  52  82  46  15  50  35  77
   91  94   7  20  35  37  37  68  84  96  30  61
   82  33  59  71  51  46  11  19  92  96  46  41
   47  38  69  17  63  54
    2  64  71  55  84  43  74   5  93  46  85  80
   37  24  51  67  84  64  74  70  63  19  67  64
   81  96  32 100  74  56  64  22   5  79  66  85
   16  51  62  52  76  15   2  40   6  49  61  96
   21  31  93  96  95  16  70  17  75  16  54  86
   32 100  35  68  11   3  91  84  40  55  85  18
   71  31  66  16  15  26  93  34  24  55  49  26
   26  91  45  39  16  27   4   9  37  80  21  19
   52  36  72   7  34  38  92 100  80  14  78  60
   70  64  35  90  89  96  43  33  17  12  41  73
   20  57  10  90  35  41  58  76  90  97  85  46
   52  47  33  90  33  96  91  64  60  43  72  67
   40  30  28  33  13   7
   49  40  12  81  59  60  55  44  30   4  70  90
   61  44  59  61  36   7  85  50  86  45  34  37
   97  79  25  75  54   3  20  48  80  69  84  65
   82  80  53   7  36   1  63  83  30  81  79  40
   18  56  11  42  81  78  20  91  53  54  25  10
    9  54  10  26  80  51  21  22  89  63  93  51
   55  57  58   9  86  92  87  50   5  52  34  37
   96  44   2  26  61  27  31  57  50  29  19  65
   45  31  43  74  88  70  49 100  15  35  43  17
   87  21  38   1  85   2  32  34  60  94  36  64
   97  74  38  94   4  10  33  25  57  77  84  98
   28  41  61  76  37  24  18   9  31  87  49   5
   42  39  98  87  43  58
   92  23  39  51  71  18  93  13   8  31  52  69
   17  57  66  14  64   8  36  17  98  86   8  69
    7   2  89  66  61  94  55  73  79  68  81  35
   53  82  12  73  69   3  87  39  82  76  32  51
   64  21  38   8  79  91  33  74  25  14  82  65
   74  65   8   3  67  61  59  71  87  56  54  63
   60   4  84  21  30  90  25  81  30  81  50  16
   18  92  73  83  82  37  34  88  99  57  29  52
   38  76  28  95  97 100  70  48  77  93  68  69
   57  61  24  99  94  60  88  37  11  74  65  47
   75  75  81  97  60   1  38  49  75  78  67  60
   57  20  84  61  16  23  88  52  14  89  86  67
   93  18 100  81  13  62
    421   410   409   399   455   435   408   425   399   391   419   442
    417   393   448
