 15 150
   92  59  35  28 102  21  43  38  40  27  30  58
   29  27  28  66  90  54  84  96 102  10  81 110
   18  92  83  90  68 102  56  22  66  57  34  78
   73  90  98  34 104 101  61  79  24  74  50  68
  104  40  68 102  53  42  73  41  69  37  36  61
   11  38  72   3  35  99  48  15  29  90  64  38
   58 106  45  89  20   8  44  60  44  49  32  27
   29  79  72  57  38  28  58  48  41  98  79  83
   61  78  63  65  63  76  30  45  59  97  64  44
   54  26  88 102 112  66  93  57  19  60  56 109
  109  24  78  33  56  40 103  46  92 103  11  60
   40  52  91  83  60  59  92  30  28  61  48  33
   33  88 110  81  62  18
   32  90  31 106  12  90  73  44  85  20  21  95
   35  76  64  39  84  95  34  72  12  73  83  46
   56  68  67  78  72  92  20  88  36  47  57  49
   77  33  73  96  84  40   8  77  53  44  45  21
   74  32  25  67  25  41  98  10  29  93  38  79
   36  77  22  88  57  26  77  39  70  58  92  31
   26  71  28  54  53 106  24  22  39  64  99  51
   98  69  97  40  22 110  35  56  49 102  99 106
   66  90  72  48  49  28  78  27  96  47  84  50
   42  38  86  64  77  43  74  16  65 101  58  50
   19  62  40  98  14  30  94 107  48  57  52  78
   27  78  98  31  95  96  77  36  48 100  18  97
   51  80  86  36  62  23
   91  13  51  38  83  79  33  40  36  84  14  45
   66  56  32  28  29 100  22  87  39  36  54  69
  109  76  59  43   8  73  54  29  97  39  57  75
   66  25  76  34  80  54  92  86  41  23  55  26
   72  71  74  82  39  44  23  69  48  98  62  33
   82  20  43  61   8  50  28  37  98  19  66  50
   69  15  21  63  39  95  26  50  79  52 106  16
   97  22  69  46  79  62  77  21  57  95  21  25
   61 101  59 105  75   7  76  82  79  70 102  63
   81  80  78  74  28 101  35  59  73  72  82  35
   69  23  82  70  55  54  52  37   6  57  83  38
   50  70  93  54  31  26 110  91  19  18  59 114
   52  47  71  79  68  14
   11  63  62  96  24  19  25  47  13 105  73  89
   95   3  83  54  19   5  30  72  91  61  20  20
   34  66  50 115 103  63   5  88  92 103  57  80
   69  68  90  43  43 108  79  69  88  35  30  87
   64   8  38 108  65  92  13 101  54  22  13  42
  108  47 109  64  50  77  37 101 110  65  57  65
   96  48  35  77  91  73  51  93  70  31  90  67
   41  23  65  64  25  72  17  76   4  17  39 101
   19  92  20  24  19  35  37  62  47 110  93  81
   93  75  89  48  67  24  70  88  61  52 104  85
   46  79 105  31  53  54  40  41  59  20  32 106
   67  73  76  48  57  33  54  21  47  29  48  76
   51  54  47  92  48  77
   27  17  41 108  74  12  15  36  23  67  98  63
   25  58  74  28  27 103   5  88  70  86 101  72
   59  15  81  38  90  63  80 102  10  97  34  31
   41  95  60 100  93  24  19  48  15  37 106 102
   91  90  23  83  97  39  24  77  85  37  53  96
  101  40  69  48 106  32  19  42  60  30 100  38
   44   8  21  76  32  18  90  57 115  95  13  14
   43  86  79  82  92  80  49  38  99  85 102  32
  109  98   5  78  62 116  70  64  26  50  28  13
   94  58  42  10  79  75 105 101   8  28  99  79
   89  58  23  64  33  92   3  60  39  51  99 109
   28  67  93  33  87  93  67  11  22  49  65 113
  103  33  95  35  98  81
    4   5  14  51  64  48 104  31 108  28  95  57
   72  81  63  79  14  49  42  88  26  98  43  21
   80  29 101  27  42 110  52 100  80  65  87  76
   41  59  22  46  79  90  83  98  87  99  87  84
   98  67  69  55  58  70  75  94  82 107  73  85
   40  80  88  90  77  68  49  38  60  70  56 100
   22  78  16  56  69  47  59  42  30  88 115  88
   32  28  65  67  62  54  55  52  27  72  74  85
   66 102 103 110  64  90  90  57  98  19 101  24
   89  59  37  43 102  85   8  57  57  44 105  35
   79  65  23  52  70  48  89  28  88   9  96  45
   78  71  27  86  93  42  44  61  56 107  80  71
   70  68 100   5  81  89
   88  16  10  21  67  28  18  66  51  27  45  31
   99 101  71  61  28  99  79  72  26  28  67  24
   55  94  49  65  51  82  27 100  60  54  24  53
  108  11 104  35  96  71  99  87  47 103  35  36
  108  40  93  10  33  28  42   9 101   7  56  45
   51  64  34 114  33  71  37  33  18  92  34 113
   56 108  16   9  98  90  68  42  63 109  15  67
   27  14 106  87  11 103  35  60  48  59  22  89
   49  16  80  38  83  53   4  20  40  48  25  61
   46  87  57  23  62  79  56  38  45  30  77  67
   27  51  53  43  86  33  51  49  44  45  52  97
   66   8 106  91  29  53  94  88  75  30  71  23
   85  39 102  50   9  15
   78  76  23  11  27  65  89  81  30 109 115  41
   78 101  80  37  64  84  21  24  31  80  80  31
   94 114  74  31  19  34  49  66 101  81  81  59
   64  33  85  57  97  42  67  49  71  74 109  87
   91  83  48  10  96  80  43  41 103  90  73  88
  103  11  95 108  54  90  73  25  48  44  68  50
   11  42  38  48  98  88  67  85 105  33  29  15
  111  33 116 102  70  78  62  86  29  53  62  29
   39 103  60  60  86  17  41  22  93  85  84  83
   32  24  51  36 113  38  71  78  99  79  68  38
   54  95  57  69  69  33  80  19  63  14  80 107
   79  87  76 113  79 101 100 110  27  66  48 103
   44  82  86 102  74  60
   80  88 104  26  15  54  52  48  98  14  73  60
   21  14  78  46  21  32  91  54  35  51  88 113
   88  29  75  48  69  50  77  60  53  69  82  76
   98  66  89  20  17  64  30  80  17  48  88 116
  100  28  48  51  93  14  22  97 109  51  84 107
   77  79  61  35  90 117  82  77  55  34  33  67
   85  76  95  66 103  13  11  95  45  66  76  22
   70  50  84  87  94  70  18  33  18  88  87  23
   85  22  20  85  33  89  77  55  50  91  54 103
   95  96  98  14  56  60  56  75 101  54  21  89
   28  36  19  28  19  73  95  68  83  73  85  40
   93  44 108  39  23  32  82  71  98  58  90 108
   51  19  71  90  32  70
   12  68  95  43  52  89  19  52  38  14 100  52
   51  21  11  86  98  78 113  91  58  74  16 100
   79  19  66  15 108  80  80  56  80  85  86  23
   69  12 109 102  15  19  47  69  93  91  49 109
  111 103  25  39  63  50  56   7  90  84  40  47
   42  76  96  74  63 105 104 104  31  58  21  86
   46  40  83  16  39  49  50   7 102  14 103  68
   66  73  47  78  64  85  16  44  75  22  97  60
   68  56  41  80  49  63  94  69  64  87  87 106
   38  57  76  96  13  46  29  83  72 101  29  82
   88  91  74  32  78  75  54  91 110  61  52 101
   54  67  68  53  99  36  79  40  79  54  68  74
  108  15  51 102  18  40
   22  87  91 109 104  70  32  81  96  53  55  97
   59  42  41  71  51  59  88 109  48  15  75  26
   32  99  66  15  18  13  69  15  21  52  82  42
   77  37  43  44  85  45  63  26  91  24  97  95
   46  65  11  43  83  11  70  86  40  72  85  28
  103  16  22  22  97  94 100  11  22  63  87  98
   63  36  32  83  41  83  42  30  86  54  76  90
   99   6  65  48  40  76  77  40  30  65  74  47
   38  74  27  12  55  18  58  78  30  96  36  99
   29  21  94  81  89  58  54  35 114  36  76  43
   26  63  24  69  35  15  80  26  91  97  62 104
   59  47  35  71  76  81  54  47  89  68  36  66
   79 115  77  74  86  21
   66  22 108  71  24  93  30  36  56  21  40 101
   37  28  79  96  49  83 100  49  74  30  95 104
   57 109  10  56  80  73  25  84  33  51  29  77
   41  65  20  78  46  79  58  73  76  75  17  88
   20  83  30  42  36  93 106  32  66  39  62  44
   38  35  22  85 101  57  65   9  63  65  59 104
   41   9  69 116  15 108  77  69  47  29  72  57
   71  89 101  26  18  72  58  87  58  43  88  26
  108  76  52  42  34  26  53  64  20  95  48  17
   80  75   7  48  16  69  33  82  43  54  73  39
   12  99 107  49  75  64 105  12  46  74  45  52
   14  72  26  61  43  50  27  53  36  37  44  80
   18 102  24  64  95  19
   29  98  73 101  26  99  99  61  36 103  77  94
   62 112  37  76  30  49  83  24  25  17  54  59
   89 112  75  27  71  21 107  30  31  35  70   5
   32  74  87  44  15 101  36  39  34  99 106  38
   82  13  53  40  48  86  64  31  72  84  89  57
  106  65  77 103  12  66 107  71  68  55  14  48
   37  43  89  76  92  83  38   9  74  81  23  79
   12  90  21  79  27  37  27  31  89  91  79  20
   50  69  59  87  86  89 108  39  75  16  26 116
   64  44  65  19  40  77  18  35  17  12  97 101
   30  21  63  44  88  88   9  66 101  33  95  21
   34  40  76  94 111  87  82  79  57  23  62  33
  109  73  65  72  62  38
   45 107  51  15  51  91  71  87  60  72  50  20
   68  22 100  46   4  43  48 107  82 108  26  22
   38  48  90  13  53  55  68 112  76  81  78  39
   50  68  59  96  87  84  67  41  94  87  37  83
   30  33  11  17  83  93  36  88  61  91  78  69
   86  20  53  71  24  47  75 103  19 112  75  18
   24 106  42  92  77  40  43  96  57  48  56 106
   59  58  65  88 104  86  73  13  30 102  23  33
  104  78  59  35  52 113  86  22  14  69  18 103
   36  36  16  10  27  93  69  96  42  99  25  56
   79  69  34  39  39  74  67  22  36  97  96  42
   50  92  87  45  48  96  27  75   9  86 107  98
   87  27  63  29  21  74
   51  57 101  51  11  35  66  87  70  88  19  11
  104  10  39  73  68  60  33  63 103  29 101  54
   16  80  72  44 110  28  95  41  85  73   7  16
   57 107  41  84  90  76  23  69  99  67  15  43
   73  95  82  99  42  35 115  95  16  16  19  17
   26  24  79  24  47  41  36  38  13  80  25  20
   48 107  30  70  59  14  25  85  98  46 108  63
   80  27  67 103  41  29  56  62  81  66 104  56
   64 102  14  33  72  40  40  29  94  39  94  67
   59 105 103 103  33  35  89  35  28  26  26  16
   21  43  27  84  33  49  85  74  68  60  93  92
   18  96  12   4  43  62  81  19  41 103  14  27
   23  22  91  69  60  58
   15  47  77  90  13  92  73  78  67  84  80  51
   88  88  88  48  30  64  24  14  15  99  26   3
   93  25  25  21  40   5  55  92  36  49  74  41
   40  25  15  85  14  18  59  29  83  33  53  39
   11  70  37   6  64  70  39  78  49  74  77  48
   97  75  38  99  68  18  67  88  74  27  42  70
   62   5  72  31  82  98  71  56  74  66  73  78
   86  31  30  50  70  84  51  70  72   4  32  21
   54  33  39  38  56  33  81  69  61  18  45  63
   50  78  26   1   8  45  26  61  93  56  59   7
    3  94  27  69  52  71   2  60  24   1  91  44
   71  59  26  26  54  59  19  81  91  43  61  79
   87  30   1  39  40  99
   75  23  89  13  92  23  35  63  25  91  84   9
   79  29  38  77  32  24  74  34  91  30  35  59
   59  45  35  33  48  27  82  21  83  71  61  71
   39  82  44  22  35  68 100  25  62  67  74  88
   39  78  82  36  79  62  13  99  76   9  73  25
   75  32  82  31  51  81  31  73  42  51  16  71
   79  46  85  59  59   7  79  88  79  55  19  69
    5  47  17  68  82   3  69  55  63   5   6   8
   52  24  41  69  54  75  24  79  20  56  24  53
   74  66  32  50  29  71  37  90  48   1  60  67
   91  53  72  22  88  84  20   8  63  58  58  29
   80  42  18  81  22  20  30  66  63   7  87  12
   65  31  21  76  41  81
   19  93  65  73  36  40  76  74  79  25  95  69
   37  59  78  91  73  20  88  33  78  75  60  41
    5  42  58  68  98  43  53  77  18  79  58  31
   51  80  34  75  33  53  15  28  65  88  50  94
   42  44  33  28  79  74  96  39  70  16  54  85
   32  93  62  41  98  70  84  78  11  99  37  55
   48  99  83  54  73  11  79  57  24  59  12  95
   22  83  48  70  31  49  43  88  48   7  98  88
   43  15  45  14  35  99  37  20  35  48  14  43
   21  27  40  46  85  14  70  51  30  30  38  84
   33  79  32  38  65  59  56  72  98  62  30  69
   57  32  26  57  71  88   4  20  84  93  47   2
   57  61  45  39  48  94
   93  55  50  24  85  94  79  59  95  10  44  28
   15  99  34  49  89 100  81  36  11  51  92  92
   71  45  58   4   4  48  98  26  15   8  56  23
   51  41  12  67  77   9  26  35  18  80  88  19
   42  96  77   5  54  17  94  15  50  82  98  63
    3  65   9  47  61  38  66   2   2  38  58  43
   22  57  83  38  18  33  53  13  42  73  24  44
   72  85  41  51  89  48  94  27  98  89  70  14
   95  20  98  87  99  71  68  42  71   7  26  28
   22  33  27  59  39  87  43  27  41  53   9  30
   72  30   6  80  63  57  62  76  56  91  78   3
   35  44  44  61  48  77  65  83  65  74  62  29
   62  63  59  20  65  28
   90  96  76  12  31  97  95  67  82  36   5  49
   90  61  46  90  85   2 100  16  38  26  19  41
   51  91  35  77  20  42  31  14  95  15  81  88
   68  20  52  12   9  83  97  60  89  73  13  11
   19  23  79  23  14  81  89  37  31  82  62  12
    8  68  42  54  13  71  99  66  53  80  19  70
   58  95  94  33  78  94  21  46   4  21  97  88
   65  22  33  26  10  31  69  73   9  34  14  77
    5  14  98  38  42   3  48  40  92  53  88  98
   26  44  63  93  23  33   5   9  98  82  10  33
   20  55  84  46  87  23  99  57  76  68  11   2
   86  38  10  72  15  13  42  92  93  67  52   6
    2  75  15  83   8  30
   99  98  93  54  52  55   3  89   6  74  17  61
   44  33  49  27  91  54  68  18  94  19  76  99
   31  87  16  88  67   3  53  14  26  49  25  43
   79  58  83  63  34  23  36  21  31   9  26  29
    6  44  33  47  53  50  38  25  36  11  47  25
   68  40  16  19  33  46  53  75  55  47  62  11
   89  37  92  53  39  65  58  70  77  22   1  15
   81  88  49  44  46  52  52  56  92  47  43  19
   38   9  11   8  47  12  24  52  17  83   3  95
   25  52  73  64   4  27  94  63  49  67   8  85
   34  49  84  55  48  68  28  81  17  94  10  67
   27  31  80  25  16  69  60  53  47  10  28  36
   35  37  15  98  27  13
   25  95  96  92  39  87  89  51  57  81  63  82
   12   7  31  58  79  16  31  31  90  91  36  83
   61  17  71  42  69  37  87   6  59  53  93  63
    7 100   4  67  12  41   4  26  57   9  77  72
    8  64  21 100  71  76  69  94  17  97  61  64
   54  42  79   4  78  47  82  82  86  12  68   1
   57   3  86  99  13  19  43  68  54   2  95  43
   82  92  12  30  92   7  74  45  68  45  94  25
   53  95  35  69  30  62  99  95  80  59  84  54
   56  16  57  84  47  24  49  67  57  81  28  46
   83  67  53  75  23  75  57  71  70  71  66  22
   54  94   8  24  86  61   8  21  36  81  40  88
   32  78  15  60  94  89
   32  38  93  98  79  47  16  39  87   3   5  69
   42  13  31  82  47  18  97  86  75  34  27  74
   25   2  41  71  96  76  66  44   8  24  27  44
   50  73  31  57  23  78  41  59  33  37   5  23
   11  31  56  95  19  30  68  74  10  19  36  16
    6  98  10   3  57  17  41  86  65  72  45  60
   98  66  67  54  16  24  49  21  13  69  74  96
    1  87   2  10  48  36  48  25  78  49  49  85
   68   5  55  53  31  88  71  94  22  22  27  31
   78  95  66  83   6  78  46  39  15  33  44  73
   58  16  48  42  41  82  39  96  56  93  38  12
   30  31  28   2  26  15  16   6  86  39  61  11
   67  20  16  11  34  59
   22  23   2  91  91  60  50  54   9  90  35  45
   90  97  29  57  87  87  21  59  77  66  31   3
   29  75  39  64  48  61  29  53  59  45  36  33
   14  49  24  94  91  54  78  27 100  58  23   4
    7  76  69  68  26  88  89  11   7  59  28  13
   25  26  51  85  28   2  29  39  47  73  74  35
   17  40   9  52  14  91  99  10  66  45  28  95
   35  57  34  23  17  32 100  81  89  28  16  88
   20  91  87  28  75  25  36  61  63  15  49  11
   12  21  22  98  55  55  60  31   7  53  82  30
   83  76  86  86  93  30  22  40  20  38  32  65
   22  73  12  65  97  74  37  49  14  50  21   2
   52  96  45  21  85  35
   96  43  10  67  54  20  93  61  76  90  11  57
   67  88  93  26  15  42   2  17  53  29  87  18
   39  94  41  97  11  40  22  61  40  26  18  89
   48  97   3   9  95  93  64  43  16  29  64   4
    5   4  82  66  39  63  50  97  29  31  76  73
   76  38   6  41  56   6   2   3  80  62  83  27
   66  71  29  96  72  56  59  98  16  89  17  41
   39  37  62  29  38  20  95  69  28  84  21  47
   44  56  71  28  63  52  13  42  47  29  33   5
   77  54  37  19  98  65  75  22  42   7  91  21
   28  15  41  85  29  35  66  18   4  41  63   6
   66  44  47  49   6  66  31  74  23  50  37  36
    6  89  60   4  93  69
   86  24  15   5  12  50  73  31  22  50  48   5
   57  72  77  42  51  60  21   3  72  97  27  76
   73  12  54  99  97  97  50  97  99  61  28  76
   29  78  63  72  29  57  49  88  16  81  22  12
   73  55  98  59  32  98  46  25  68  32  23  92
    4  95  97  85  22  24   4  99  96  55  25  16
   41  67  77  29  74  28  71  76  18  61  29  23
   11  97  43  72  72  35  38  71  72  55  40  69
   68  35  93  92  54  92  52  25  79  15  69  15
   88  99  15  31  30  51  59  76   6  83  28  71
   85  56  82  38  68  92  36  82  20  17  42   5
   58  56  76  40  30  38  53  63  30  38  82  50
   26   2  28  33  30  98
   40  98  12  44  82  27  86  78  54  89  73  11
   74  90  34  13  71  27  11  67  30  81  13   3
   61   5  92  64  36  42  78  33  79  62  73  32
   62  37  93  36  74  28  58  31  31  31  97  24
  100  30  90  66  83  27   5  81  52  70  46  61
   71  76  96  23   6  56  40  94  50  37  48  12
   70  98  50   4  97   7  41  43  64  73  48  45
   32  14  17  85  85  42  46  20  49  69  19  88
    9  39  55  64  75  83  59  54  93  14  55  95
   23  43 100  64  93  46  78  30  67  56  38  80
   97  15   4  54  35  52   7  93  61  35  68  63
   96  48  93  48  68  52  86  65  84  78  65  23
   99   6  80  40  14  85
   82  10  33  14  83  21   4  52  81  13  28  15
   55   7  71  33  76  55  35  82  81  87  50  60
   22   4  36  83  42  81   2  81  83  74  34  98
   72  44  23  68  89  16  79  74  85   7   5  71
   31 100  53  73  63  27  49  80  36  27  13  53
    7  44  42   8  97  41   4  43  46  62  98  69
   72  64  31  43  17  26  66  93  31  39  94  32
  100  28  90  33  82  78  84  85  23  16  41  91
   53  38  44  15  16  17   7  63  32  94  89   4
   46  75  46  85  76  39  93  77  98  97   6   3
   83  82  39  64  31  21  95  45  17  71  21  84
   85  78  35  13   9  19  22  41  61  92  49  85
    6  47  49  34  56  69
   62   3  64  89  57  16  36  23  48  35  60  90
   49  95   7  56  99  66  55   7  33   6  79  87
   81  71  30  94  54  56  49   6  40  26  33  63
   58  39  51   8  18  29  35  72   9  22  73  27
   79  78  93  94  27  16  82  23  55  22  33  34
   31  98  55  34  86  59  41  12  97   5  32  96
   96  13  69  16  34  70  76  20  63  59  55   8
   55  53  48  31  10  23  47  98  86   4  91  74
    9  33  51  77  68   4  31  80  91  44  84  16
   77  68  86  92  82  14  43  23  60   5  93  60
   30  51  81  68  77  43  43  91  66  23   6  69
   64  20  28  66  65  18  79  36  99  32   3  19
   25  85  39  79  90  46
   51  60   4  69  92  81  42  21  42  32  92  93
   11  93  70  39  38  48  82  54   8  91  12  51
   87  32  47  71   2  83  11  74  28  38  98  95
   47   9  64  18  16  35  81  38   3  37  98  74
   41  13  30  11  69  74   3  11  86  95  86  88
   88  87  37  89  55  66  82  66  97  31  85  83
   69  10  86  49  55 100  92  18  16  63   5  39
   25  84  41  17  66  78  55  41  24  37   8  64
   52   2  95  81  31  63  76  79  11  64  21  36
   59  13  11   4  86  79  18  78  91  87  92  95
   93  62  84  27  79  63  27  45  50  52  14  18
   96  24  97  98  65  56  33  83  68   6  97  91
   93  98  15  46  53  54
    414   408   435   402   402   373   439   371   391   378   422   431
    400   403   438
