 15 150
  100  34  79  95  29  40  18  87  87  13  18  70
  105  88  47  98  29  74  87  68  48  96  49  23
   19  19  48   9 102  90 100  10 110  93  26  68
   53  24  15  53  55  28  29   8  90  72  18  28
   55  50  67  68  38  76  77  13  65  56  28  94
   50  73  30 103  89  37  84  51  38  60  37  18
   32  61   6  31  19  89  30  18  87  53  31  16
   75 110  88   4  34 108  84  90  26  49  25  41
   38 106 116 115 103  13  74  35  90  34  43  58
   64  49  69  54  38  99  47  84  28  50  70  29
   97  34 105  31  17  19  38  80  85  43  33  44
   71  16  12  57  46  79  17  81  47  49  82  66
   49  78  98  87  44 110
   26 108  22 104  23 107  42  23  74  60  58  50
   36  24  70  60  50  72 107  24  93  86  72  58
  113  44  52  91  33  62  44  92  13  38  99  53
   51 110  62  98  74  28  46  94  77  21  82   7
   15   5  97  91  84  35  33  29  62  64 106 105
   68  93   5  40  34  99  55  19  26  69  96  12
   14  68  36  79  27  22  52 108 107  90  19  57
   33  57  66 104  74  63   7  27 107  89 100  45
   76  78  31  49  96  18  51 100 103  92  48  56
  103  22  78  89 102  14  34  71  92  38  40  81
   33  39  15  55  74  22  65  35  90  78  80  35
   46  91  99  58  44  21  30  79  90  14  69  60
   86  52  31  22  15  18
   27  25   9 102  40  96  39 102  87  43   9  18
   92  69  96  90  34  48 100  27  12   3 102  92
   84  47  85  95  20  24  27  66  81  71  71  55
   17   8  58  37  72  49  36  15  33  80  81  96
   45  60 113 115 111  22 110  80  53  67  22  35
   27  62  38  83  24  24  10 107  27 115  49  62
   30  73  58  72  18  83  66  90  92  63  28  31
   64  74  93  40  66  50  67  60  67  63  21  77
    7  39  63  18 100  50  83  60  36  11  92 102
   54  69  74 102  35 102  98 107  80  71  49 101
   89  76  99  77  36  53  50  92  37  20  46  92
   33  87  34  48  47 104  17  90  26  26  64  90
   23  18 110  93  56  99
   53  89  98  18  46  95  44  71  27  93  87  23
   21  50  37  20  81  55  34  12  35  27  97  73
   36  67  44  45  34  22  85  51  91 100  91  40
    6  36  23  79 100  18  94  45  43  69  27  83
   44  52  83  24  25  22  66  85  29  59  61  42
  114 104  23  62  93  46  37  18 101  88  97  30
   63  94  31  62  99  72 112  57  86 114  66  67
   17  90  75  94   7  62  20  62  20  14  26 108
   41  58  63  47  24  67  46 112  35  63  96  65
   22  56 116 105  62  23  32  53  49  92  96  98
   78  91  58  81  59  32  30  98 107  99   9  12
   80  68  50  95  93  54  72  99  26  86  32  55
  105  47 103  76 116  45
   30 111  22  86  29  50  14  51  28  18  55  20
   97   9   6  56  51  73  48  45  44  66  38  85
   48  93 103  51  61  70  26  79  87 105  12  18
   85  71  48  19  51  39  51  43  27  54  55  60
  102  95  71  49 106  87  41  40  61  98 106  52
   82  34  23  37  79  18  95  15   9 112  80  66
   49  78  65  27  26  43  51  75  69  30  96  70
   32 104  64 106  31  23  85  60  12  86  29  22
   99  41  24  38  22  76  31  76  33  97 107  93
   94  78  88  47  64  88 116  31  39  30  87  15
   50  97  85  23  85  52  88  60  24 119  23  77
   42  23  61  84  28  12  54 108  14  74  23 100
   60  29  66  24  77  96
   18 105  26  47  48 103  87  42  13 105  82  60
   36  14  92  80  21  30  70  31  11  19  35  30
  101  43  21  75  81  55 112  35  60  31  87  91
   93  79  71  23  71  55  75  36  41  26  94  18
   73  27 100  99  30  54  26  87  12  91  26  39
   31  98  53  74  44  17  12  72  51  44  86  87
    2  29  97  93  11  59  78 101  70  73  18  75
   80 109  31  59  19  94  97  32  58  33  34  52
   68  26  19  58  58  78  19 102  24  74  72  51
   86  51  73  42 103  31  61  14  50  54  97 107
   31 110  46  27  28  80  61  51  41  76 106  93
   94  86  61  71  30  90  36  15  82  28  45  65
   27  37  60  46  90  90
   39  98  90  26   9  43  50  37  52  97  43  66
   96  67  92  29  59  65  43  95  17  71   7  52
   54  16  57  89  45  75 110  68  13  32  78  91
   89  29  84  73  88  33  89  31  30  70  50  45
   23  95  27  91  21  54  85  91  92  95  72  81
   53  90  60  40 106  87  41  77  39  43 101  26
  105  86  16 106  75  39  59  63  41  91  74  73
  103  93  15  77  39  23  65  10  42   4  39  90
  109  54  30  39  72  73  50 107  35  36  83 101
   42  84  41  79  52  94  32  72  56  29  78  74
   63  20  25 104  89 103 107  90  72  70  31  21
   66  53  10  53 103  69  88  49  64 114  81  63
   19  20  46  28  71  49
   45 100  27  98 110  68  45  88  94  42  28  30
  107  34  52  30  24  53  97  28  74  59  90  18
   76  63  90  38  80  15  27  24  51 108  25  53
   29 107 113  79  31  76  86  25  48  65   9 110
   15  18 105  36  89  37  55   8  20  68  59  45
   78  20  33  66  55  72  75  21  94  98  80   4
   40  29  90  27  26 100 109  29  84  38  79  71
   66  16  89  86  88  45  38 108  75 104  61  17
   96  19  53  36  93 106  25  99  11  56  94  95
   49  31  42 101  63  47  85  90 110  50  26 112
   42  72  48  95  99  56  20  97  30  50  85  31
   21  73  96  38  50  12  50  42  52  48  23  60
   31 101  52  61  52  43
   93  45  54  31  66  43  16  55  66  73  97  18
   46 112  64  31  33  67  75  21  27 109  94   9
  103  26  57  68  59  36  22  81  75  45  49   4
   49  71  18  51  24  64  21  70  30  57  37  81
   70  80  91 109  97  54  46  68  48  20   7  40
   52  68 101  69  74   9  75  38  67  53  20  81
   69  45  33  74  73  39  88  48  27  19  25  50
   57  30  47  44  18 111  56  49  17  22  57  91
  110  75  92  96  64  65  89  80  92  84  90  80
   32  84  24  48  87  65  69  23  28  44  45   3
   62  78 104  33  17   8 107  39  73  29  57  74
   58  11  68  48  39  42  15  53  95  88  39  59
   81  62  73  36  85  60
   75  48  29  59  91  99  54 107  42  38 108  17
   47  53  18  64 102  60  94  78  53  26 116  83
   30  99  31  61  49  74  56  71 102  15  47  78
   82  48  77 103  90  94  86 103  21  73  31  93
   53  33  82  74  66 117  12  48  99  31 109  25
   52  19  88 104  42  28  50  90 114  77  67  93
   87  90  49 109  69  20  63  95  29  82  99  31
   57  34  20  38  60 113 104  44  90  37  42  98
   46 114  86  25  96  17  88  68  97  89  18  76
  102  85  80  67  69  51  88  14  53  98  98 105
   11  46  66  84  42  28  24  60  74  98  63  37
   33  51  78 100  94  27  16  44  65  57  38  52
   88  53  98 105  53  56
   49  98 104  40  85  47  50  43  24  91  41  57
   69  33  40  37  99  87  90  65 101  70  76  74
   71  66  21  88  77  33  22 101  31  53  50  25
   24  56  87 106  39  95  32   9 114 111 104  96
   91  19  20  17  70  62  20 105  58 103  42  85
   66  79 113  44  11  82  65  49 107  59  58  46
   13  67  99 106  20  63  30  89 100  22  26  36
   48  50 117  98  14  61  53  30  28  85  73  64
   32  22  96  80  45  58  97  78  16  63 101  68
   47  38  80  21  11  38  90  51  72  23  62   6
   24 112  63  91  31  45  96  15 113  54  13  75
   81  42  57  65  44  12  24  45   6  36  61  88
   15  71  49  41  21  93
   13  14  87 114   6  67  48  80 105  49  75  88
   98  86  76  44  94 107  87  77  71  59  69  93
   52  96  49  19  31  18  11  88  20 100  79 105
    4   9  91  41  31  20   7  21 107  77  18  25
   28  93  98  46  32  70  89  95  46  64  68 106
   76  82  98  65  50 107 107  14  51 113  35  46
   28 103  59 106  17  85  37  47  88  37  61  18
   70  94  96  52  28  73  84  13  88  48  20  46
   70  49  33  59  85   8  67  79  42 104  86  35
   59  24  40  76  46  71  59  63  64  19  73  23
   61  33  24  98  90  23  31  85  50 108  38  97
  107  91  64  38  91  41  25 101  24  81 108  14
   36  39  59  74 108  41
   84  75  85  18  53 114  95  46  91  93  86  81
   63 101  72  44  19  42  98  35  40  30  23 108
   15  77  29  72  67  98  94  15  68  81  48   7
   84  46  48  44  20  66  20  98  38  72  43  45
   69  36  47  64  39 110  97  87  16  53  56  96
   22  77  97  33  40  88  51  67  10  29  82  46
   32  47 105  57 107  26  44  59  52  88  63  66
   75  99  72  35  50  53  21  71  35 113  29  27
   51  38  35  40  70  29  33  28  80  29  92  27
   15  48 109  33  27  44  49  68  57  94  72  42
   46  29  74 111  43  65  62 108  87  42  56  34
   42  63  59  14  89  83  73  54  64  40  32  80
  111  79  16  39  39 104
   71  46 103  97  34  23  44 101  39  35  35  91
   64  42  67  74  76  68  67  75  27  62  57 107
   97  98 107  90  53  38 100  93  50  72 111 115
  109  33  36  17  84  94  91  35  87  44  50  66
   96  94  30  34  86  92  78  91  25  28 114 111
   51  62  78 106  45  83  64  20  72  53  44  76
   68  43  57  99  11  81 109  99  90  16  99  47
   52 104  46  19  22  40  21   4  78  75  54  65
   69 108  63  21  86  30  75  26  68  13  96  70
   51  24  68  72  60  70  42  66  14  66  67  48
   27  87  23  33  26  66  16  31 113  36  42  48
   81  18  57  81 102  76  72  21  13  94  44  20
   22  91  79  90  97  16
   34  83  98  52  43  19  32  77 106  79  42  14
   28  14   7 101  28  74  78   7  26  55  67 105
  109  69  31  98 101  88  77  36  46  89  59  65
   98  14  18 105  71  16  24  29  44  36  99  63
   17  56  63  53 106  29  37  37  31  28  63  57
   49  32  63  63  45  31  22  68  26   2  42  62
   38 103  82 111  81  23  34  97  71  43  73  52
   81  78  11  55  42  67  65  50  77  98  66  20
   10   4  31  87  27  69  73  76  28  45  80  79
   60  61  74  88 107  59  82  68  43  18  60  52
   20  53  97  51  96  13 101  13  80  30  86  95
   74  90  68  85 104  26  35  41  76  92  48 104
   91  57  37  41 104  61
   15  68  34  10  74  75 100  17  17  89  84  41
    5  16  64  19  80  38  23  36  55  24  69  84
   95  85  63  97   9  12  12  99   9  11  93  39
   54  87  93  49  51  88  90  99  12  30  89  74
   63  58  40  48  76  40  27  97  46  50  78  25
   64  42  78   6  19  69  34  66  80  54  67  95
   87  50  96  80  97  21  82  89  28  64  84  86
   40   7  14  99  86   2  35  22  92  54  90  71
   80   5   3   3   8  99  37  72  25  70  67  59
   38  58  40  57  64  11  64  21  74  66  33  89
   16  80  13  73  96  89  82  25  32  67  72  73
   38  88  94  58  66  35  97  28  64  56  38  38
   60  42  18  33  59   6
   76   3  95   3  97   2  69  79  39  56  46  66
   71  87  44  57  63  33  11  80  16  16  43  62
    5  65  51  11  85  56  74  23  99  78   9  51
   60   7  46  15  39  85  71  11  43  92  30  99
   99  97  16  14  30  84  77  82  45  44   6   7
   36  21 100  78  85   3  60  86  87  50  20  92
   95  50  69  32  75  85  66  12   4  17  90  59
   71  60  53  12  38  57  97  77   5  17  10  73
   36  37  87  65   8  84  68  14  15  25  65  56
   13  91  29  26  12 100  72  38  24  71  73  39
   72  79  95  63  44  96  48  79  20  42  23  73
   62  11  12  57  71  82  74  38  14  89  35  54
   25  62  85  97  89  96
   85  92  97   5  71   8  69  13  25  67  93  99
   15  50  17  22  70  57  16  86  99 100   3  26
   25  73  21  20  91  79  93  50  24  45  44  55
   87  99  53  83  33  54  67  94  74  40  22  14
   74  56   4   3   6  89   3  22  49  44  89  82
   88  49  64  36  85  87  99  12  77   2  57  52
   90  30  62  44  94  34  39  16  19  47  91  72
   42  34  15  66  54  69  40  52  48  39  88  42
   99  66  48  92  11  58  28  53  81  95  23   4
   62  43  41   8  73  10  15  12  39  36  64  11
   18  33  18  32  72  67  68  20  74  92  74  10
   81  29  69  60  73  14  98  19  93  93  55  13
   84  87  10  25  58  13
   50  18   8  97  63  25  60  37  91  20  18  92
   90  70  66  94  22  60  83  90  78  90  23  47
   76  52  67  59  74  95  29  66  24   2  23  73
   97  78  93  40  11  90  20  66  68  50  84  29
   68  66  25  85  89  91  50  26  82  52  53  62
    5  13  92  41  23  56  73  94   5  25  11  81
   39  10  85  46   6  31   5  60  18   5  51  53
   86  23  41  10 100  52  90  42  89  88  81   5
   63  47  48  66  83  44  73   7  67  50   8  51
   87  62   3  13  58  79  80  51  62  26  14  21
   39  15  54  21  57  87  81   8   3  19  99  98
   23  43  59  17  23  63  42   4  89  19  74  61
   15  72   2  40   4  72
   75   6  96  24  75  66  89  61  76  99  50  94
   23  97  99  55  69  31  71  75  61  44  67  17
   61  20   2  64  46  46  93  39  31   7  91  84
   32  41  63  89  51  72  56  76  83  66  56  42
   11  17  43  62  14  17  75  64  52   9  11  64
   32  77  79  74  31  85  24  91  95   2  32  54
   71  27  55  88  85  72  63  30  49  87   6  41
   88   5  46  11  79  84  34  53  92  30  78  95
   20  63  96  76  94  28  85  35  80   9   7  15
   22  30  29  65  56  32   2  74  65  80  31  93
   64  11  18  96  23  62  14  54  94   1  88  35
   62  88  41  27  76  99  48   4  88  44  89  10
   55  82  48  91  27   9
   87   2  78  73  65  16  29  65  93  15  26  46
   83  97  24  23  84  77  36  71  98 100  69  82
    7  69  90  39  37  56   3  78  59  89  27  16
   26  24  31  83  38  51  35  69  70  86  11  92
   32  77  14  16  82  58  78  25  95  20  87  74
   83   4  62  34  75  86  90  32  62  75  32  30
  100  77   9  25  94  54  35  17  36  38  89  33
   32  11  78  44  99  26   7  81  48  76  82  63
   40  84  95  61  46  24  88   6  78  36  46  59
   33  66  42  66  10  78  59  97  53  62  23   4
   72   6  65  91  88  39  52  51  74  30   8  19
   15  24  50  40  82  24  84  93  26  91  64  38
   81  71  59  65  16  21
   68  10  27  83  97  66  56  71  67   5  68  46
   16  35  13  82  58  39  73  19  87  44  99  60
   64  88  52  20  72  35   5  39  99  74  31  13
   19  81  28  47  19  77  19  74  72  37  53  60
   79  21  84  25  86  49  25  13  10  10  46  26
   59  23  51  72   5  33  70  31  72  65   7  80
   15  29  90  10  45  76  59  50  66  18  32  31
    6  10  94  30  77  89  51  98  69  98  70  30
    1  57  86  67  30  34  69   9  67  73  27   7
   66  20  71  24  51  11  84  35  59  75  37  45
   43 100  86  11  23  12   4  30  33  35  74  92
   45  67  93  60  15  40  23  57  44   2  31  45
   93  94  63  78  37  57
   62   5  89  10   2  52  60  19   8  63  91  84
    5  86  54  81  87  56  15  74  33  48  12  95
   28  56  27  80  22  87  75  89  59   3  84  62
   84   9   5  37  84  28  22  86  61  50  94   2
  100  93   8  73  22  77  59  95  86  38  61  62
   39  86  84  51  58  39  27  90  15  22  30 100
   75  85  21  82  79  11  10  76  19  67  29  48
   45  96  21  17  32  70  77   1  28   5  41  85
   17  90  57  84  25   3  93  10  97  57  20  12
   64  83  63  19  48  67  26  16   7  54  84   8
   77  38  64  14  16  49  90   8  83  64  29  87
   92  38  17  66  60  94  64  69  66  63  79  44
   80  17  59  46  52  77
   18  72  49  83  47  67  97  63  52  32   9  89
   73   6  39  89  74  41  39  98  93   3  16  99
   16  76  54  34  52  83  89  30  28  68  67  99
   54  40  89  63  91  44  81  49  78  52  69  23
   34  25  11  10   5  65  74  35  66  88  95  78
   54  39  19  49  28  94  44  72  42  53  84  21
   41  75  77  45  37  71  20  64  87  84  95  65
   46  81  60  58  89   7  47  58  97  82  59  19
    1  38  18   8  47  44  28  35  24  23  28  27
   87  27  91  66  22  51  44  79  81  62  60  99
   57  24   6  77  97  95   3  76  36  77  56  28
   61  94  43  71  65  74  94  57  22  21  66  47
   24  48  39  83  30  56
   38  71  78  48  15   3  53   3  67  68   7  86
   62  50  99  46  17  55  17  34  63  76   1  27
   90  12  89  43  61  33  49  38  10  94  57  41
   25  72  41   4  20  22  22   4  87  46  72  12
   61  71  31  37  52   3  91  59   9  82   9  82
   56 100  24   1  65  85  67  21   3  39  47  22
   23  27  59   4  48  94  41  16  86  20  10  86
   56  74  91  77  52   1   2  73  18  81  60  10
   65   1  25  86  23  88  15  39  20  28  94  32
    9  30  24  44  37  62  18  93  58   6  17   3
   97  65  39  25  66  88  96  43  39   4  39  65
   73  60  29  15  17  75  94  60  50  45  77  64
   25  60   6   2  53  61
   68   9  12  77  32  67  55  61  87  24  78  49
   45  83  70  71  13  28  21  53  16  47  44  42
   31  42  98  22  33  86  89  10  84  59  56  91
   83  46  18   3  64  24  83  93   6   5   9   8
   16  85  88  97  50  55  85   5  53   8  75  34
   48  39   5  58  92  36  47  61   6  59  57  74
   94  35   6   9  93  39  83  24  18  89  79  72
   69  52   1  18  88  56  53  85  90  18  43  54
   77  93  16  33  59  47   9  27  93  43  14  51
   64  65  32  92  94  75  28  69  48  88  54 100
   94   4  54  26  78  61  17  90   2  52  96  44
   33  65  60  49  58  94  80  69 100  83  42  24
   96  47  70  69  90  26
   99  92  25   6 100  50  66  26   7  54  30  32
   21  33  30  68  25   9  21  36  35  44  49  26
   67  23  71  90  80  99 100  31  89  11  34  12
   99  94  20  62  78  99  96  93   1  28  94  84
   89  10   6  57  84  35  20   7  59  47  48   5
   31  36   9  37  68  10   5  92  51   3  76  69
   79   2  52  14  99  27  76  63  28  67  42  93
   50   8   9  55  77  33  32  98  31  55  82  65
   41  59  82  55  30  94  44  30  64  13  22  85
   53  93  74  37  66  41  59  52  52  99  31  81
   46  71  78  16  13  87  76  26  55  11  81   7
    4  20  48  81  27  64  95   5  88  24   3  94
   70  70  52  43   5  73
   20  33  35  89  67   6  11  72  23   9  34  22
   52  14  39  67  92  76  11  82  71  86  94  12
   97  34  86  41  40  19  20  95  45  36  66  98
   29  59  62  58  88  52  83  22  69  45  74  63
   38  84  55  44  79   8  22  19  92  51  48  18
   89  32  12  75  73  28  60  44  96  82  26  72
   81  58  13  54  13  89  70  60  57  20  57  54
   45   4  36  76  61  55  86  40  73   6  74  86
   60  70  75  67  49  81  83  87  34  86  12  84
   97  63   4  74  83  63  62  34  49  26  33  67
   62  75  31   7  59  51  49   6  16  63  46  69
   68  55  45  96  31  35  47  48  46  74  80  38
    3  36  95  70  73  15
   47  70  14  17  71  88  62  17  63  75  75  14
   56  78  38  28  36  48  35  36  82  42  56   5
   11  20   1  27  52  74  19  12  52  34   3   4
    6  81  82  92  22  26  20  76  29  67  67  49
   18   8  77  77  29  26  36  26  81  78   3   7
   64  52  29   8  59  28  42  82  45  62  64  35
   34  73  46  13  93  26   3  21  15  92  12  72
   63  11  72  94  89  79  88  99  27  45  56  46
   46   6  48  95  21  83  43  88  44  99  18  46
   58  93  40  31  58  34  72  52  97  49  46  69
   84  32  90  69  81  42  93  76   4  75  76  63
   29  98  47  24   9  37  38  81  98  14  65  95
   98  16  35  28  13  99
   83  28  11  66  74  91  82  39   6  27  74  94
   82  99  95  10  78  40  28  95  83  53  45   3
    6  38  76  18  14  27  34  80  66  26  55  41
   21  89  89   9  48  98  88  82  63  84  17  41
   97  55  51  66  11  80  74  74  80  81  46  53
   62  82  51  53  58  86  93  39  81 100  66  54
   70   7  34   8  30  84  77  20  38  77  39  51
   30  26  98  55  71  51  43  53  31  11  38  99
   92 100  80  29  84  49  38  43  77  61  39  36
   43  54  39  20   1  55  20  42  62  93  44  58
   96  65  21  56  18  94  10  89  33  77  22  22
   37  23  34  29   2  86  85  76  42  10  69   9
   12  56  78  68   2  56
    433   421   417   406   427   419   396   408   427   358   421   398
    425   389   420
