 10 400
   97  41  54  73  51  10  31  25  64  45  65  25
   18  37  47  51  55  55  85  35  26 113  69 102
   39  48 104  43  61  22  44  60  20 100  26  52
   92  67   8  70  87  94  61  87  35 110  71  87
   99  66  43  39  58  19  88  56  48  14  64  68
   66  44  58  81  88  35  52  52  28  68  53  54
    5 105  31 112  48  61  92  15  93  39  29  81
   26  52  74  67  73  69  21  68  23  28  54 110
   31  83  43  40  36  90  44  85  64  91  68  99
   13  93  43  79  68  93  20  56  66  31 101  10
   70  71  34  67  97  27 106  96  82  57  57  71
  101  99  53  45  60  47  47 109  98  22  59  71
   99  61  33  72  30  84  88  64  71  42 102 106
   55  36  79  51  40 105  74  22  34  37  64  93
   72  38  94  54  92  68  67 101  30  77  30  76
   85  19  79  99  82  44  51  42  31  57  15  28
  106   4  39  92  69  22  63  80  49  71 116  42
   13  52  55  50  42  98  61  88  52  31  26  61
   30  32  29  66  39 116  64  51  93  75  26  73
   82  47  44  97  35  79   6  56  18  44  52  24
  109  52  41  38  49  40  20  87 103  18  32  20
   67  67  66 105  33 107  29  52  60  57 101  62
   28   3  38  37  74  58  61  68  30  48  69  80
   25  11  60  76  66 102  60  71  42  21  18 104
   22  71  31  68  32  18  97  97 107  61  56  16
   73  53  43  59  60  94 106  17  51  14  95  76
   73  15  19  70  53  81  47  82  64  25  19  45
  110  61 102  71  37 106  33  84  47  92  67  75
   67  19  24  31  43  65  52  54  38  61  59  50
   41  74  84  82  71 106  41  67  76  28  65  58
   48  10  15  58  39  83  65  41 106  18  95  71
   42  81  65  46  49  20  72  56  68  52 103  90
   93  88  56  11  14  18  23  91  34  28  21  26
  114  60  37   5
   85  38  74  25  86 108  77  43  34   3  97  31
  111  81 103  34  34  37  25  64  17  85  32  26
   27  27  80  79  69  79  61  62  94  39  83  34
  100  13 103  60  22  18  51  49 101  93  34  80
   73  61 106   4  72  49  67  94  39  37  85  26
   22 104  58  21  71  71  92  86  83  89  65  93
   49 105  74  10  40  32  53  33  62  79  20  94
   56  42  69  83  62 113  28  47  53 103  74  15
   37  87 104  49  94  56  46  19  96  44  41 101
   22  35  84  58  36  61  61  77 103  36 103  45
   68  94  78  26  69  12  71  40  37  32  61  26
   78  99  44  37  48  98  32 102  88  97  34  62
   33  79 103  52 111  26  15  71  55  15  28  90
   69  91  44  63   9  29 114  98  47  87  33  22
   31  65  92  15  49 110  58  21  41  51 109  63
   48  15  49   6  64  60  15  35  69  71 101  43
   64  87  39  19  79  92  56  60  61  78  17 102
   96  18  14  32  48 101  70  28  56  25 101 108
   22  59  23  37  96  80  57  36  91  45  70  38
   33  14 101  53  37  98  17  34  25  61   8  40
   53  96  31  38  92  71  56  36  37  88  99  59
   97 100  85  16  37  80  37  42  74  73  81  43
   23  92  74  69  39  33  46  14  51  90  15  97
   33  48  37  79  11  64  58 110  90  91  49  86
   53  81  86  45  76  22  53  15  48  37  94  66
  105  25  24   8  73  38  19  96  63  58 109  80
   60  53  19   7  13  41  90  91  37  94  34  69
   54  14  78  23  65 102  29  13  75  79  20  58
   26  28  33  21  12  84  36 100  36  22  62  22
   70 101 105  66  73  20  76  78  67  65  26 107
   15  14  51  18  47  40  36  14  45  43  68  94
   50 101  31  77  27   8  56  20  54  11  86  23
   26  73  42  79  62 100  10  68 100  57  46  58
   43  98  83  99
   25  91  99  57  87  48  44  88  36  77  66  34
   70  79  40  31  39  52  72  46  19  83  38  46
   88 112  22 100  45  43  57  64  98  62  69  21
  109  60  22  37  69  53  18 102 102  99 105  81
   21 112  32  25  82  40  82  89  73  21 100  31
   17 112  88  39  41  81   8  26 117  78  87  53
   11  34  28  46  17  84  83  86  36  46  30  63
   42  33  61  76  35  90  65  38  69  89  50  45
   46  13 105  32  26  28  42  10  65  10  62   7
   24  39  22  80  20  94  21 106  55  50  31  79
   25  23  80  83  89  99  15  97  41  27  61  84
   90  76 106  19  94  84  88  33  28 112  39  59
   82  71  49 102  42  43  43  39  19  54  23  61
   33  16  63  54  52  35  61  74  58  39  92  89
   52  16  26  73  89  81  93  28  13  88  79 103
  112  48  88  58 102 101 108  23  18  97  56  84
   94  72  54 119  37 112  74 100 106  24  71  29
   28  65  91  34  67  90  43  87 115  47   3  67
   82  64  80  30  64 105  23  77 107  68  34  40
   23  43  15  90 108  49 111  22   7  70  27  27
   86  22  57  41  29  65  50  79  90  13  85  44
   45   9  19  49  54   9  58 101  35  17  33 110
   71  46  56  78  98  45  71  70  78  32  64  90
   55  34  57  56  23  95 118  80  28  58  99  58
   60  25  92  97  77  29  80  47  16 104  62  72
   59  83  49  22  95  58  68 107  20  89  35  19
   64  51  76  50  34  71  49  71  43  17  25  59
   17  79  93  82   6  28  26  18  67  68  65  53
   51 101  62  17  75  15  24  76  21  60  21  33
   66  94  17  97  22  47  50  73  53  29  52  72
   31  57  16  19 109  44  49  75  45  86  63  75
   98  54  41  44  25  93  99 112  14  50  16  35
   97 103  47  60  59  31  77  30  68  46  63  22
   78  59  36  46
   98  50  14  80  30 103  96  25  61 104  13  20
   38  14 117  57  90  55  21  82  91  37  73  80
   54  58 103 103  86  89  24 112   8  64  52  17
   20  82  38  11  51  14  85  58  16  39  43  73
   84  59  95  91  79  28 101  54  66  87 101  63
   69  19  92  42  58  36 101  11 104  35  35 100
   69  18 101  36  97  95   4  63  44  51 105  72
   89  74  74 105   6  39  91  44  76  63 111  26
   69  97  80  48 102  43  15  65  75  49 101  93
   70  24  54  23  81  53  40 102  71  48  75  36
  100  97  45  19  64  55  28  14  39  49  22  19
  116 109  13  66  76  83  13  76  99  48  50  81
   44  99  87 107  60  70  88  84 114  12 117  28
   74  85   9  87  53  53  15  39  16  50  21  23
   44  20  41  78  41  78  38  85  14  26  26  13
   36  49 100 115  71  51  57  56  73  40  51 105
   60  60  45  66  89  22   7  30  34  22  64  92
   74 102  27  50  51  51  55  72  66  86  10 103
   35 113  27  50  74  40  76  58  14  63  27  69
   60 102  33  90 107  82 102  45   6  62  67  35
  104  47 104  82  98  25  53  82  64  65  39  26
   11 118  91  55  77 100 100  38  28  82  93  16
   50  34  21  79 100  19  98   8  83  79  24  48
   69  16 113  72  74   9  55  62  28  32 104  73
   72  98  49 106  63  75 104  77  73  57  87 107
  113  42 103 113  88  86 108 113  58  70  26  60
   70  78  72  24 107  98  74  56  12  60  42  17
   56  53  49  34  14  58 100  88  26  25  70  51
   79  49  62  17  34  72  41  96  18  74  84  76
   27 107  21 111  67  46  31  33   6  80  53  70
   32   8  80  99  42 106  36  77  25  94  90  53
   45  80  78  38  76  93  61  18  23  26 105  30
  101  90  19  64  55  63  31  51  94  98  88  51
   10  47  53  78
   53  88  92  52 108  96  26  76  77  36  41  40
   91 114  70  50  30 118  73  12  38  85  36 102
  101  39   5  60  27  24  95  55  90 100  25  15
   97  61  17  68  63  76  14  51  25  99  40  44
   85  48  78  71 104  86  98  95  63  27  62  57
   59  55  49  23  38  18  95  32  84  33  12  56
   20  28  42  50  94   8  98  67  27  40 109  36
   67  74  66  61  83  59  43  99  75  61  31  44
   70  82  26  38  28  17  26  28  22  49  24 102
   76  73  81 114  35  34  16  21  64  75  69  90
   99  68  94  34  93  23  15  37 105 117  65  28
   26  85  58  55  15  70  72  35  52  20  66  16
   27  79 105  84  19  80  51  78  18  39  68  66
   59  24  62  31  52  98  45  22  25  75  92  92
   59  59  39  79 107  17  20  13  73  31 112  70
   22  92  57  64  63  71  20  75  20 112  83  31
   57  94  81  47 115  66  74  65  32  59  65 111
   39  35  50  23  67 105  61  28 101  95  80  31
   74  17  33  80  72 108  48 116 100  54  40  54
   75   7  22  78  24  83  56  97  38  93  92  21
   66  28  33  30  41  56  17  67  25  11  90  65
   96  90  74  88  95  77 107  21  24  27  12  84
   21  49  37  83  51  35  90  70  32  46  39  56
   40  31  25  51  23  70  49  98  73  64  46  91
   52  59  98  86  66  43  84  60 107  79  25 101
   82   7  23  63  51  34  77  67  47  35  71  57
   36  62 102  59  16  58  28  16  39  70  10  57
   34 118  14  25  34  62  97 107  63  21  22  67
   39   8 106  38  97  38  10  34  78  37 111 103
   56  28  75  54  11  38  62 106 100  98  88  88
   40 105  40 105  14  56  84 104  31  92  91  34
   87  24  92  49  66  66 104  77  76  14 101 112
   88  82  86  10  50  36  51  83  43  10  63 103
   53  55  87  75
   12  62   9  63  71  29 114  79  84 112  27 117
   94  28  77   2  96  49  98  41   7  57 103 111
   91 109  39  91  68  35  43  33 108  44  98  31
   32  14  61  86  56  21  27  20  66  73  98  67
   38  21 100  87  88  29  77  93  14  49  86  95
   97  47  92  75  37  25  78  81  64  93  62  90
   17  54  58  61  82  47  62  50  48  77  28  42
   60 101  33  99 116  65  70  57  50  37  98 112
   80 106  74  34  23  48  67  88  89  83  51  82
   56  51  91  75  62  37  82  18  50  27  31  40
   21  22  34  92  52  79  78 106  37  77 100  50
   89  96 109  51  42  43  15  17   8  74  56  35
   87 117  30  86 114  56  37  33  25  64  96  82
   51  34  71  82  42  72  21  76  71  66  87  23
   54  32  64  35  37  51  49  44  57  29  43  91
   70  48  62  63  38  26  87  94 107  25 105 104
   60  28  17  10  17  88 101  25  60  18  23  37
   92  74  91  48  26  40  98  74 102  30 100  20
   68  66  43  58  54  43  73 108  57  47  98  81
   65  80  83  33  67 104  73  45  25  12  87  51
   13  63  38  46  56  27  32  92  58  22  57 108
   83  83  88  98  48  19  80  97 115  41  22  56
   45  72  89 109  35  68  65  25  43  86  72  82
   11  35 102  62  85  63  98  88  79  49  75  73
   52  77  44  63  55  79  77 101 103  96  84 101
   23  96  58 108  29  89  91  23  21  12  42  89
   58  63  31  85 101  21  59  84  31  78  52  54
   36  66  52  27  27  84 102  23  57  54  25  60
   46 104  91 111  11  41  29  24  88  16  88  46
   64  70  71  85  71  87  14  84 112  78 112  74
   59  65 106  95  68  26  71  31  95  30  94  40
   69  75  38  20  35  66  32  51  79  74  69  75
   69 112  85  97  50  35  73  65  68  30  69  67
   78  36   7  48
   34  23  86  36  33  79  58  50 107  98  89  12
    2 110 108  13  59  51  46  31  52  42  13  97
   46  18  22  48  80  52  60  62  39  98  25 102
   37  83  99  31  74  32  53  46  48 103  74  87
   94  72  59  96  94  35  69  38  77  68  36  49
   20  80  58  76  21  34  80  57  51  89  30  92
   86  28  27  68  39 102  54  19  16  28  68  61
   28  39  70  93  21  54  83  78  56  86  52  50
   46  96  80 104  48  36 109 102 105  31  69  43
   94  86  24  91  70  64  45  76  88  34  43  32
   36 103  66  87  59  84  99  93 110  94  99  41
   27  43  12  74  55  34  44  68  27  97  41  63
   96  73  99  36  36  61  38  90  71  51 111  95
   18  23  86  64  11  44  53  39  30  96  87  26
   83  34  24  79  28  80  35  54  74  14  38  21
   38  47  69  70  57  93  52  40  51  30  35  44
  106  24  86  24  88  86  74  21  65  89  58 100
   60 108  91  86  87  45  83  54  44  28  20  97
   30  33  80  70 103  58  79 100  31 100 107 103
   91  47  38  27  98  66  31  21  28  97  28  50
   69  77  47 107  70  19  35 100  31  61  85  76
   59  68  97  84  90  80  67  90  41  99  68  75
   68  18  61  35  79  69  45  99  71  81  84  37
   98  84  84  56  46  69 107  54 107  25  72  16
   88 102 105  22  58  30  16  50  44  79  84  42
   68  52  24  74  74  56  36  61  92 111  30  47
   69  99  82  45  52  74  29  92  46 103 107  42
   92  47 100  50  78  91  49  85  76  74  18  80
   47  41  48  85 104  15  86  77  37  70 103 115
   52  54  83   4  50  70  77  75  37  48 106  23
   71  99  78  53 107  95  60 106  55  45  69  80
   31 109 104  37   7  94  37  99  92  21  30  81
   72  31  68  16  71  93  23 102  46  96  36  39
   73  56  52  24
   18  49 102  92  62  77  52  59  65 108  89  99
   10 107  32  19  27  73  25  80  85  37  99  32
   23  73  80  28  50  89  34 108  27  80  37  15
   65  96  48  10  81  17  97 102  65  17  65  34
  102  58  83  32  49 117  47  53  49  20  76  62
   49  99  69  82  82  93  39  13 110  10  64  49
   55  66  77 113  52  71   6  51  31 111  24  48
   23  41  83  37  97 103  72 113  94 110  30  47
   19 106 105  36   6  28  82  58  87  67  75 103
  105 100  57  43  72  87  38  71  50  32  20  91
   21 108 105  80  68  26  56  29 109  96  19  44
   80  92  86  99  97  15  56 101  19  39  92 111
  101  33  38   9 110  78  74  95  94  64  37  86
   22  11  30  20  41  47  27  15  69  61  45  42
   57 108  91  48  74  83  88  82  28 104 104  54
  114 115  85  29   4  59  88  41  88  76  61  79
   19 106  59  76  96  64  75  98  79  75  82  41
  101  36  83  22  56  87  24  46  74  85   8  79
   30  54  74  79  87  36  42  49  78  71 113  94
   24  90  74  69  23  25  90  70  50  89  84  89
   69  63  59  27  67  90  66  96  69  52  27  40
  104  94  72  18  94  38  52 109  24 100  49  98
   34  72  26  45  79  14  64 102  99 106  70  67
   39  21  43  38  54  19  12  50  88  36  55  17
   31  92  61  21  53  36  29  71  20  78  19  43
  108 109  78  85  80  94  34  94  18  13  99  85
   67  89  47  74  57  50  41  82  16  43  52  34
   32  42  49  68 113  27  48 107  26  38 106  70
   30  86  76  34  33  43  83  42  36  80  30 110
   64  56  38  80 100  24 102  18  26  72 107  40
   16  90  56  46 105  31 115  52  78  11  24  24
    8  57  23  61  13  54  14  56  58  72 111  76
   24  34  13  31  85  26 110  96  49 102  93  87
  101  77  97  30
   69  17  45  17  97  51  16 104  89  63 101  40
   87  63  57 107  55  78  91 105  71  72  19  54
   36  99  68  43  39  97  72  48   8  99  57  95
   21 103  54  16  83  16  95 100  74  41  63 101
  108  76  75  72 106 104  90  46 104  18  77  99
   92  47  87  93  18  26  95  12  25  94  88  42
   79  50  80 108  11  82 100  86  16  74  63  72
   36  78  65  20  59  79  69  73  27  70  72  74
   47  62  60  23  70  63  56  51 105  41  57  20
   58  41  70  97  88  20  18  63  51  79  49  25
   53  44  86 102  81 100  15 106  85  77  32  37
   94  37  64  71  97  29  96  86  36  90  60  78
   60  26  46  96  22  93  85  35  38  93  36 103
   41  42  20  58  93 103  24  63  47 104  63  22
   32  22  80  73  35  16 100  95 108  69  78  64
   57  93  68  50  36  98  14  81  60  92  64  75
   49  25  50  56  81  42  45  98  70  71  54  45
   30  82  67  42  18  54  35  62  88  99  16 108
   34  30  54 104  70 104  84  16  61  43   7  97
   74  70  93  53  82  89  12  14  97 100  23  34
  100  85  96  37  60 112  11  62  20  86  84 107
   16 113  26  75  40  91  43  89  86  36  33  31
   81  61 100  15  40  69  92  15 104  96  88  71
   56  22  40  65  29  57  91 109  41  38  37  43
   82 102   5  45  26 107  31  51  23  34 111  92
   51  88  89  72  75  65 103 101  84  80  17  35
  103  43 107  94  37  61  13  66 109  94  87 100
   86  82  45  76  12  75  43  13 116  66  87  93
   34  56  98  85  98  26  78 113 107  63  32  31
   21  53  90  80  69  17  91  52  43  60  93  27
   93  42  73 104  82  56  51 101  69  32  39  44
  102  43  85  31  32  74  28  92  33  47  14 101
   35  56  61 107  20  25  83  78  25  77  45 104
   67  52  22  17
   86  35  72  97  59  15  33  81 106  62  15  59
   23  87  57 115  74  69 104  44  89  55  47  23
   66  36  96  93  26 102  35  88  25  41  98  69
   93  60  48  87  62  37 112  22  39  36  49  67
   37 110   8  80  47  42  20  31  28  50  82  91
   43  90  66  84  54  22  21  83  78  39  88  98
   64  24  68  38 106 110  39  15  64  65  93  65
  111  76  40  13  35 109  27  72 100  92  53  88
   18  13  29  74  27  67  54  42   9  67  80  10
   80  77  78  88  50  16  78  24  56  31  34  70
   76 104  83  87  83 107  58   8  18  75  27  44
   62  31  61  50  94  14  56  63  55  83  79  11
   45  37  27  91  51  59  14  69  64  96  11  38
  100  61 105  15 101  78  55  38  34  95  90  44
   67  75   7  52  17  67  42  46  34  90  63  22
   38   6  70  42  75  10  92  27  51  37  90  65
  102  48  31  44  48  98 110   6  37  52  27  68
   31  90  92  63 102  38  64  21  20  37  89  84
   31  73  97  42  92  92  70  63  99  23  61  77
   65  40  18  63  55  82  98  96  50  55 100  78
   59   7  65  77   8  64 112  36  78 104  18  80
   90  42  23 113  95  64  31  22  46  24  49  49
   66  57  89  83  35  75  56  29  82  91  67  40
   72  23  35  21  73  22  56  97  57  28  57  71
   20  58  82  78  36 114  65  63  53  47  70  78
   26 103  62  62  33  53  40  69  36  38  49  94
   29  28  91  79 104  84  67  12 107  95  49  61
  107  52  55  47  24  70  95  79  50 101  63  85
   55  51 113  65 100  92  75  67  48  16  77  94
   75  36  47  37  52  32  41  22  58  34  94  71
   14  87  29  85  62  75 108  92  60  17  89  21
   15 100  80  45  98  80  85  76  55  47  21  71
   42  11 106  61  47  65  38  48  64  47  94 106
   40  35  92  24
   13  63  63  45  63  93  88  81  51  61  52  77
   97  82  57  68  55  53  27  77  79   4  36  14
   64  71   4  70  49  94  61  59  94  20  85  51
   22  37 100  41  31  21  52  29  76   2  48  26
   20  51  63  69  51  87  21  64  67  93  39  40
   39  67  47  27  27  75  67  52  80  36  67  52
   97  15  85   7  56  46  19  89  15  63  83  37
   80  58  39  40  47  51  91  51  97  83  52   7
   86  29  77  77  74  23  66  30  46  12  37  10
   91  18  66  40  51  26  93  46  41  89   7  92
   33  49  84  38  17  81   9  18  23  54  58  32
   13   9  50  63  47  56  70  10  11  96  60  35
   19  52  74  40  78  26  14  47  34  69  17  14
   63  78  27  56  62   3  28  93  81  77  46  15
   43  66  21  56  19  34  47   9  79  30  81  34
   18  90  25   5  30  67  63  62  76  63  88  91
    5  98  79  19  40  87  56  24  54  35   1  72
   92  58  48  68  72  20  45  22  55  79  78  44
   80  74  73  45  75   3  53  69  26  42  81  36
   24  73  58   5  76  32  96  56  87  73  59  94
   11  60  70  70  62  65  91  15  16  96  70  97
   49  37  53  11  77   8  75  51  43  45   4  47
   76 100  69  81  32  56  51  48  81  63  37  22
   88  94  52  43  42  16  53  32  64  82  98   9
   84  46  79  43  81  86  21  14   1  59  57  95
   29  60  70  60  49  18   2  92  56  88  25  32
   44  87  96  33  63  28  72  36  47  81  86  65
    1  57  10  43  68   2  69  23  59  14  38  38
   52  83  94  74  61  44  51  57  75  43  50  62
   62  40  32  36  42  14  65  49  36  90  50  51
   72  96  94  62  74  20  49  65   2 100  20  35
   78  33  44  70  70  88  38  54  51  59  13  30
   20  18  57  97  95  96  93  26  84  87  93  85
    4  56  75  99
   20  68  44  79  28  10  32  68  81  99  14  72
    3  23  17  86  85  82  90  44  96  21  87  77
   78  81  26  37  35  24  58  42  21  68  24  81
   15  98   4  55  97  95  60  63  18  24  80  34
   46  59   1  98  35  59  41   8  64  74  19  94
   83  14  60  82  41  38  15  27  23  15  46  15
   65   2  35  99  77  79  63  78  49  36  93  21
   53  78  50  32  47   6  83  67  57   9  38  88
   71  32   4  57  14  60  70  84  17  65  70  14
   88  85  20  51  73  54  44  39   3  69  11  75
   46  10  41  77  51  93  31  79  77  79  54  89
   26  12  60  78  62  13  74  18  32  14  79  58
   70  32   5  56   6  94  95  40  59  98  85  21
   33  25  58  48  97  85   6  13  70  21  78  82
   85  41  28  94  63   8  47  82  68  62   2  52
   62  93  54  99  56  59  87  70  46  37  11  66
   49  31  72  94  34  15  58  60  45  24  88   4
   13  89 100  79  69  11  34  79  48  82  10   6
   85  53  90  73   9  38  54  75  20  69  41  74
   79  94  12  50  74  11  89  81  86  54  94  80
   51  22  80  67  12  48  58  81  68  15  16  52
   14  10  31  95  76  33  76  69  43  38  24  63
   83  26  37  36  65  72  58  93  67  13  89  18
   78  57  73  30  98  56  57   4  30  11  57  21
   58  24  17  70  37  96  55  89  55  66  15  52
    5  90  95  98  44  75  89  10  47  47   5  24
   51  63  85  99 100  74  26  21  81  25  75  42
   48  97  41  90  48   7  79  90  36  28  86  53
   85  77  79  97  91  34  72  16  69  98  44  88
   44  10   3  38  35  88  42  27  39  42  91   4
   97  95  63  84  64  80  84  88  68  61  37   9
   63   6  76  29  76  97  54  91  52  98  30  92
   85  47  78  40  46   7  92  42  12  56  72  45
   71  19  20  11
   79  24  12  55  23  60  59  17  75  28  40  77
   48  37  70  77  68  54  43  68  88  30  81  56
   18   4  93  10  66  77  63  50  18  53  47  92
   11  44  95  69  44  50  92  15   3   9  10  25
   96   7  88  77  22  64  30  27  43  92  12  71
   87   8  20  76  64  30  99  78   2  35  26  56
   96  86  92  61  94  32  21  30  75  68  81  57
   68  75  45  35  78  17  45  72  39  18  56  70
   73  98   1  76  83  88  66  98  55 100  44  96
   79  81  89  34  95  25  93   8  52  55  83  38
   84  81  33  32  16  19  96  13  71  81  59  25
   19  36   9  96  16  33  23  78  88   7  75  53
   23  33  69   7  73  71  72  72  93  61  89  44
   84  98  39  57  63  73  58  37  45  81  21  20
   51  98  79  39  29  31  17  79  97  27  30   4
    7  67  18  48  16  10   3  79  90  17  56  31
   26  47  54   1  74   7  45  19   7  86  40  85
   80  53  23  77  36  16  69  25   4  60  99  49
   35  53  38  81  52  12  97  39  12  46  79  79
   94  66  96  13   5  62   8  98 100  48  79  90
   28  81  58  70  87  44  70  37  12  94  33  70
   62  94  85  60  50  93  44  11  67  91  69   3
   43  64  58  36  19  65  48  33  39  84  42  16
   58  85  61  46  79  12   2  39  90  52  18  48
   44  84  28   8  30  85  31  58  92   9  43  30
   43  28  63  97   9  56  42  13  91  29  77  85
   47  56  34  59  80  45  69  31  70  89  90  60
   96  32  21  29  99  84  88  86  53  36  38  51
   54   7  51  85  37  90  96  42  98  55  92  73
   50  11  88  14  82  56  64  29  52  83  58  36
   86  57  96  88   6  62  56  33  66  19  41  36
   20  64  75  75  94  11  18   3  93  61  96  74
    9   4  57  54  61  71  35  78  50  65  43  92
   32  57  79  60
   20  61  97  25  75   4   6  81  45   9  93  89
   73  98   2  60  22  57  89  29  17  83  41  38
   51  47   6   8  18  27  84   2  97  52  59  89
   84  35  68  96  56  92  25  55  89  71  75  43
   20  57   9  20  41  80   1  55  53  21  13  51
   51  99  24  60  57  66  10  91   1  82  73  19
   37  96   6  73  14  15 100  40  76  60  11  39
   23  35  45   6  98  67  11  61  38  55   3  82
   44   7  31  58  17  72  97  45  29  68  11  15
   32  96  48  95  23  58  65   4  41  62  38  77
   15  21  61  96  53  50  81  99  78  54  80  91
    1   8  95  52  44  31  90  27   7  63  66  26
   69  18  16   1  51  49  22  31   3  92   3  90
   45  18  94  17  56  61  87  69  94  62  94  87
   73  82  71  30  72  33  77  25  97  81  82  97
   83  59  13   5  39  67  47  52  38  64  52  15
   48  59  60  45  17  88  98  76  80  96  52  22
   41   3  77  61  65  64  57  34  42  33 100  10
   76   7  83  65  29  73  38  50 100  50  80  46
   57  12  86  20   5  20  10  71  98  41  39  78
    7  58  11  25   8  81  51  33  41  45  73  89
   93   2  13  53  33  15   4  74  86  34  12  89
   61  76  92  28   7  92  10  94  29  31  87  59
   35  95   7  38  36  93  56  57  79  81  10  30
   41   6  62   8  45  30   2  37  38  63  28  11
    2  77  12   2  16  24   5   5  55  37  82  59
   36  37  44  79  12  21  40  61  96  54  62  98
   51  52  61  86  99  53  15  17  94  90  42  69
   26  53  57  98  71  46  69  12  95  36  24  38
   87   1  87   2  44  63  85  75  97  26  67  37
   86  95  28  18  71   2  72  41  90  12  15  58
   63  35  33  79  39  27  58  93  80  79  13  83
    4  12  88  40  51  52  73  64  13  12  19  60
   93  55  50  34
   62  23  15  63  11  11  89  43  27  79  64  77
   16   5  35  65  84   1  34  90  81  22  79   9
    5  79  99  53  84  86  15  56  26  10  95  92
   22  48  85  38  45  29  98  51  94  20  78  72
   19  64  30  36   7  29  20  13  47  75  43  59
   57  53  65  91  76  98  22  81  35  70  97  60
   87  88  69  57  14  99  18  37  92  63   9  77
   41  46  41  48  25  50  69  17  36  44  86  72
   38  26  85  70  83  98  76  86  96  62  87   3
   26  33  24   5  67  71  98  92  55  33  33  27
   19  45  25  72  13  85  87  80  11   2  52  74
   76  27  47  64  89  32  37  74  58  84  40  92
   81  37   4  35  96  22  58  36  84  76  34  49
   51  80  49  71  68  13  64  85  95  27  11  21
   60  50  79  30  13  92  85  94  45  83   2  32
   84  20  54  39  53  39  92  43  91   6  28  77
   60  20  38  68   2  44  43  54  76  47  48   5
   67  71  56  79  45   9  48  85  16  10  35  71
   28  97  74  26  48  11  56   3   9  57  64  64
   27  96  94  40  81  28  54   8  73  10  20  90
   43  87  70  76  61  49  88  48  91  94  26  44
   11  23  41  30  16  38   9  87  79  81  90  28
   91  71  81  23  59  71  21  48  75  66  73  55
   67  71  78  54  97  48  70  21  45  43  64  15
   53  46  14  29  44  68  33  43   2  33  92   9
   26  95  80  44  55  69  35  51  55  84  42  54
   77  50   5  51  89  49  83  88  70  44  95  55
   77   2  96  86  77  41  20   2  51  95  91  47
   67  95   9  66  19  69  92  83  35  66   3   8
   59  91  29  58  92  66  45   5  15   4  32  31
   63   2  75   9  88  62  24   2  74  18  25  80
   32  85  19  55  53  40  12  37  44  97  10   3
   19  25  28  95  64  67  64  27  76  93  42  16
   63  57  23  27
   98  49  98  50  44  73   6  37  18   3  83   2
   24  84  41 100   9  69  11  79  95  45   7   2
   18   9  78  15  46  81  61  72   3  75  13  86
   81  94  49  33  47  87  79  93  43  37  19  52
   80  96  12  22  28  75  39  25  96  56  23  13
    9  66  23  32  74  88  28  33  49  17  41  19
   93  55  59  44  25  59  44  54  56  26  89  68
   42  19  80   6   3  47  48  59  56  80  15   7
   32  11  38  72  90  58  45  25  22  21  60  29
   55  65  26  29  45  65  25  88  65  82  83  62
   87  85  77  20  59  25  33   8  71  39  13  61
   22  13   3  55  70  75  93  99  94  42  49  76
   28   1  73  30   2  46  74  87  77  48  12  33
   68  73  49  20  62  46  92  35  34  50  28  91
   52  85  47  83  77  51  70  70  62  91  65  12
   32  68  56  48  72  90  25  13   4  78  10   7
   48  78  98  99  94  15  12  86  55  91  81  81
   16  33  25  58  80  71   8  31   9  79   8  86
   50  39  66  49  66  64  36   3  51  59  22  39
   46  25  19  72  44  10  36  72  94  97  22  64
   89  52  80  57  62  86  80  20  60  98  60   7
   26  31  24  19  63  84  32  13   3  74  89  52
   57  30  20   7  73  35  44  88  73  16  39  35
   96  71   3  41  30  48   7  25  33  54  45  43
   57  27  71  52  59  33  38   8   9  20  23  12
   88   7  51   3  87  24  14  87  90  90  76  19
   60  39  80  17   9  84  47  35  75  34  59  65
   79  45  56  92  86  20   5  88  50  51  77  57
   65  11  12   8  98  74  79  93  26 100  31  73
   53  46  49  32  39  28  88  36   8  28   8  37
   53  44   5  16  44  80  31  74  14  85  14  68
   50  30  65  83  78  37  82  58  37  40  49  45
   42   5  27  23  58  77  34  46  49  86  33  43
   30  83  95  54
   79  92  33  71  72  37  60  54   4  17  14  93
  100   3   7  97  52  52  71  87  68  60  96  17
   60  87  88  57  28  55  51  46  81   4  85  14
   69  28   3  71  30  72  64  68  65   3  37  24
   24  43  59  21  14  81  42  74  27  44  72  61
   83  39  48  28  97  70  23  57  58  16  73  15
   30  79  86  51  75  11  64  86  94  88  45  52
   77  79  46   9  86  62  24  31  48  21  57  56
   67   9  40  13  62  77   2   5  10  77  42  73
   25  25  87  25  41  45  60  29  21  69  74  78
   83  17  43  32  49  36  13   9   4  16   5  66
   78  68  90  37  54  77  69  40  80  18  77  55
   15  44  12  75  79  42  68  18  39  59   5   9
   93  93  23  39  96  59  62  80  81  16  18  84
   20  68  78  31  83  37  80  65  42  93  79  90
   64  65  42  34  47  15  59  78  60  79  74  71
    9  84  30  91  20  24  37  90  39  14  59   3
   51   5  20  22  25  74  21  50  61  79  87  11
   78  84  32  35   3  53  25  11  80  10   2  12
   17  72  75  78  20  52  72  85  76  19  90  63
   39  43  65   2  32 100  70   8  79  44  21  44
   51  50   9  34  26  31  46  26  69  15  36  43
   45  95  56  83  25  51  64   6  36  34  21  70
   11  21  30  57  69  44   3  51  12  80  35  91
   32  17   8  97  52  79  97  55  72  33  23  77
   41  50  89  37  43  51  67  53  10   6  81  68
   43  10  26  72  61  29  89  13  64  12   4  62
   14  70  14  60  35  27  60  24  39  38  87  23
   60  78  61  27  14  96  18  25  70  42  17   2
   56  56  29  98  61  36  28  32  76  66  11  81
   40  17  30  52  13  13  54   3  65  72  34  40
   84  11   2  83  98  17  74   6  26  95  90  27
   38  82  51  93  39  21  92  13  70  15  69  68
   29  46  61  92
   90  55   7  25  44  26  58  53  44   4  24  21
   93  13  74  95  77  40  87  32  20  73   3  77
   92  38  26  83  62  28  74   6  86  25  69  96
   46  15  62  94  27  99  21   7  45  99  43  82
   15  52  25  83  56   2  67  49  56  83  33  49
   64   8  33  37  33  24  76  94  10  93  47  69
   65  48  34   5  63  42  98  67  85   2  96  68
   88  63  28  71   8  11  43   5  12   8  90  57
   91  10   4  77  96  92  34  57  15  52  30  16
    2  15  58  76  42  33  65  32  62  75  89  13
   90  11  12  40  48  90  49  77   2  18  98  76
   39  17  18  12   9  88  52  17  89  67  10   5
    8  70  67  93   2  32  37  14  23  47  67  19
   88  93  84  83  74  57  84  99  48  48  68  63
   53  10  19  57  30  24  17  27  84   7  13  48
    2   2  29  91  98  60  17  78  23  28  49  34
   98  10  60  28   9  41  33  15  29  44  21  65
    1  84  20  90  47  16  87  65  37  26  96  37
   88  66  38  34  19  81  69  66  36  37   1  21
   79  28  32  46  93  93  26  40  56  22  34  19
   45  44  55  90  53  26  49  18  35  54  88  73
   15  17  48  90  26  71  54   9  95  13  60  12
   77  37  77  59  23  88  47   9   5  12  50  43
   72  92  70  75  57  90  95  59  30  69  61  90
   80  21  43  99  67  77  87  41  87  26  92  72
    7   6  24  35  26  16  83  19  91  94  17  26
   51  14  66  32  52  53  61  29  87  71  67  76
   78  78  61  36   6  87  63   7  85  75   4  44
   84  27  42  85  83  75  23  62  83  40  79   3
   49  53  75  39  10  81   1  95  88  45   2  79
   88  26  57  62  11  71   1  59  30  92  87  89
   95  54  96  50  98  59  89  63  61  32   4  33
   84  83  91  89  33  83   4  22  66  18  17  17
   14  43   6  78
   39  94  61  91  12  64  91  16  29  51  14  79
   18  42  47   8  56  35  20   1  33  43  92  64
   80   4  47  59  72  23  46  72  94  21  59   9
   81  14  64  94  21  98   9   6  31  70  45  12
    3  44  32  44  13  12  12  70   2 100  43   5
   28  65  15  23  84  91  24  99  87  14  20  72
   27  64  23  12 100  32   5  18  98  37  46  39
   71  38  53  97  60  39  51  44  92  33  45  30
   57  52  43  90  36  45  56  60  15  63  63  91
   51  75  45   6  28  97  87  51  56  39  53  93
   60  71  20   9  30  11  93  11  34  27  82  83
   11  65  48  45  23  86  14  18  84  28  58  28
   51  85  60  19  84  11  24  81  81  26  68   7
   78  61  89  57  13  12  82  54  66   5  44  85
   70  98  35  33  76  87  13  16   4  35  41  55
   51  20  51  59  77   6  93  21  50  23  38  37
   66  77  56  55  37  69  69  20  47  40  57  59
   76  29  51  73  95  54  81  51  27  11  98   2
   76  88  66   8  35   8  21  92  42  71  95  11
   28  41  22  57  20  28  91  90  11   4  91  80
   11  28  10  68  54   2 100  56  82  29  32   2
   94   3  91  40  62  16  63  25  22  75  76  84
   29  52  20  98  80  35  27  91  11  17  27  48
   54  87  70  46  74  52  13   9  67  71  82  71
   25   7  99  72  76   4  81  62  91  77   2  27
   60  24  24  35  30  54  12   3  20  35  92  70
    7  64   4  14  67  49  97  54   3  17  21   6
   22  32  62  26  99  44  69  96   3  45  27  18
   77  48  16  21  22  89  31   2   7  41  76  72
   82  50  17  31  43  92  15  51  66  42  18  86
   19  69  32   3  31  48  52  18  40  84  65  67
    5  68  22  88  79  37  75  19  75  62  97  19
   68  55  46  10  90  89  21  31  89  43  74  16
   48  58  94  90
   31  73  37  15  48  96  78  35   7  54  89  51
   92  33  59   2  34  34   4  63  27  63  67  95
   51  66   9  14  79   3  81  16  80  66  10  51
   19  53  60  31  43  68   4  81  74  78  68  47
   81   6  98  31  55  69  89  80  75  70  34  20
   67  14  47  22  61  86  97  28  32  65  24   8
   50  78  47  65   8  10  78  88  51  40  23  41
    4  40  68  98  82   2  75  30   5  17  61  22
   96  98  74  44  85  44  62  63  96  43  37  98
   31  32  28  17  53  89  38  82  55  73  84  35
   28   7  36  27  19   4  49  94  87  42  87  75
   50  75  46  70  24  94  64  48  61  26  30  97
   75  81  79  16  68  44  96  48  42   7  97  66
   12  42  12  93   7  31  59  71  71  22  21  74
   52  41  97  59  86  45  72  71  80  16  57  81
   78 100  38  74  32  96  13  79  61  74  26  46
    6  55  88  58  71  20   5  98  73  66  77  51
   73  20  20  55   4  70  56  90  92  66  14  22
   77  47  11  73  21  19  41  57   8  79  48  37
   46  78  93  40  57  29  20  18  62  56  11  38
   59  97  38  31  95  40   8  75  35   4  96  30
   18  66  85   5  13  42  86  80  66  85  56  71
   45  60  18  28  67  33  58  87  32  24  38  66
   46  96  76  95  34  86  48   5  53  86  59  41
   94  57  25  41  80   3  39  39  57  69  37  26
   78   6  52  44  85  51  65  33  78  82  53  17
   81  92  21  30   7  19  38  96   4  16  63  43
    9  65  61  66  85  40  20  30  62   4  54  23
   56  56   7  46   2  24  44  48  58  92  43  12
   31  84  73  72  64  80  72  87  47  84  17  48
   98  29  82  35  58  33   4  17  57  90  22  90
   98  18  32  74  19  30  20  33  51  72  90  49
   75  91   3  49  67  46  77  59  40  70  18  10
   80  72  15  89
   1692  1715  1707  1600  1659  1585  1540  1594  1531  1640
