 30 100
   96  80  41  22  31  89  38 103  51  57  16  32
   79  20  67  65 107  32  33  45   5  80  46  44
  106  69  12  53  61  37  96 110  77  10 102 106
   52  96  58  25  44  98  70  91  63  92  49  14
   39  28  77  90  23  57  75  76  63  37  30  29
   83  39  66  34  38  66  37  72  51 100  32  51
  109  49  57  19  95  26  96  50  23  43  72 103
  109  16 103  30 100 114 110  30  64  91  85 108
   58   9  34  11
   86  26  42  98  32  43  88  56  80  76  28  42
   92  39 104  67  65  48  22  13  75 113  47  92
  104  63  51  91 110  74  57  50  85  37  32 111
   87  90 100  55  30  52  88   8 105 107  11  70
   19  98  47 115  65  30  44 110  58  46  35 105
   52  44  53  97  94  52  99 109  44  37  17  15
   87  82  89  24  63  55  21  46  76  25  59  60
   36  97  87  78  50  21  41  55  11  72  92  50
   86  99  31  33
    3  41  77 105  92  77  68  95  48   7  34  20
   91  75  16  34  98  87  51  61  13  85  18  57
   57  75  36  27  89  80  17  60  96  63 111 100
   89  64  74  98  96  56  35  35  52  90 106  53
   80  82  76  49  43  44  16  84  17  11  12  49
   16  90  81  50  87  89  88  34  46  42  69 100
   80 102  73  50 110  31  80  85  69  34  37  94
  104   8  67  16  86  13 107  25  42  77  66  97
   30  81 112 117
   84  41  57  65  78  55 109  63  69 106  40  25
   99  87  25 104  19  39  95 100  57  31  98  88
   53  57  18  45  96  97  43  55  15  96  35  54
   93  78 107  81  42  23  63  25  70  71  94  31
   10  97  36  77  98 109  93  58  90  20  95  84
  103  61  43  84  82  83  20  52  23  72  81  27
   59  58 102  22  58  93  75 110  96  14  53  23
   41  67  10  95  71  79  34  32  59  48  60  36
   70 101  52 107
   35  41  33  51  44 100 100  33 112  43  55  90
   58  61  53  43  88  68  94 103  97  98  91  97
   27  28  53   8  87  83  76 102   7  63  27  62
  107  66  61  28  30  70  43  27  72  92  62  47
   17  88  22  17  47  79  79  72  20  32  84  57
   66  80  53  94  25  15  24  70  91  47  43  22
   51  75 106  26  67  71 104 110  41 107  47  81
   17  52 104  74 102  32 107  90  27  26  80  46
    9  72  74 103
   35  70  45  47  63  55  20  38 111  30  74  89
   70  43  69  29  47   5  25  49  26  88  94  78
   34  15  91  94  50 100 102  38  27  56  58  55
   35  35 101  43  81 102  17  39  22  25 106  86
   45  71   4 109  71  71  82  32  18  59  35 102
   67  66  47  34  71  77  34  65  75  59  61 103
   27  53  91  73  93  93  60  72  70  43  80  30
   19 101  34  99  49  75  23  35  94  82  23  43
   70  39  74  38
   18  65  51  85  12  33  21  45  79  77 115  47
   66  88  70 101  96  41  91  46  41  34  90  13
   18  30 101 108  51  97 100  56  97  76  25  64
   84  80  81  72  25  62  83  72  87  36  35  41
   39  46 104  34  14  78  61  58  20  58  78  18
   90  68  39  39  29  72  59  81  83  53  95  69
   36  68  29  73  93  64  73  47  37  32  30 101
   93  46  61  54  96  61  98  17  99 106  76  84
   60  99  77  94
   89  53  53  47  74  83  96  89  91  40  39  14
   84  43  28  72  60  15  56 105  82  44  62  59
   50  67  84  73  84  87  45  35  46  98  16  48
   72  52  56  96  37  67  73  48  31  25  98  14
   49  77  45  47  25  64  47  99  39  65  42  57
   40  37  11  23  89 109  59  27  33  31  62   4
  102  92   8  37  99  76  17  73  72  75 114  76
   22 104  94  58  21  45 105 100  49  80  78  19
   80  31  51  94
   42  74  24   7  45  13  51  78  14  68  50  96
   95  71  44  46  78  62  79  44  85 103  79  17
   65  20  20  99  97 100  21  66  22  46  87  30
   22  82  44  55  58  15  94  32 100  36 101  78
   70  16  56  55  47  23  17 102  41  49  15  31
   83  57  82  26  51  23  94  21  90   6  57  97
   77  29  41  47  36  64  99  28  96  44  90   9
   44  75  18  75  15 102 106 104  58 105  49  94
   91  98  53  90
   40  26  14  78  73 104 103  56  38 107  34  54
  100  49  72  69  29  46  56  88 118  42  77  96
   93  34 100   9  50  53  11  50  21  91 102  55
   96  89 102  67  70  76  77  90  98  23 106  84
   67  67  68  81  12   9  63 101  80 105  86  44
   58 107  30  95  38  24  56  66 101  85  88  96
   69 103  44  53  80  20 112  72  59  31  29  38
   27  26  75  51  63  83  68  25  50  36  55 100
  112  29  65  22
   99  93 100 108  18  48  97  94  59  88  80  37
   79  84  17  95  88  70 101 110  50  11  80  82
   52  98  37  68  75  26  55  98  32  80  82  99
   41  93  47  13 101  84  72  56 107  33  36  62
   33 100  55  93  56  75  96 110  73  56   7  46
   71  50   7  68  30  76  79  50  57  45  17  46
   81  78  72  71  72  83  15  47  77 104  56  90
   15 112  56  60  95  97  22  77  90  98  30  63
   80  52 111  71
   37 105  63  14  36 106  19  83  42  37  30   9
   40  62  25  71  83  92  41  50  60  22  45  30
   91  81  48  15  98  81  39  52  65  45  67  40
   41  92  23  19  34  40  48  89  71  20  86  87
   33  10  65  81  50  19  31  98  71  52  53  61
   31  86 101  28  43  67 107  39  39  33  93  42
    5  63  48  68   8  41  66  65  89  21  97  82
   38  25  36 107 101  67  19  32  37  66  80  27
    9 102  13  88
   25 113  30  78  74 112  57 103  44  79  50  81
   78  99  91  79  96  15  55 105  45  72  22  97
   50  11 109  60  71  38  67  53  78  71  87  22
   51  95  66  14  45 110  11 112  67  57 105  74
   14  66 105  61  26  23  48  57  49  39  83  51
   44  84  71  91  16  71  36  28  39  71  91  63
   95  66  70  31  65  81  36 100  64  39  92  90
   98  68  56  66  64  19 101 110  47  68  76  98
   92 106 104  39
  103  46  54  66  72  14  65  87  92  50  19  98
    8 116  65  41  18  47  26  31  40  64  44  22
   12  94  32  53  93  67  28  30  79  92  65  61
   57  18  61  21  74  91  42  65 114  58  68  33
  115  61   9  54   6  30  88  78  70  92  31  17
   22  91 107 102  40  75  55  83  70  59  89  63
   52  73  89  25  99  24 100  42  70  40  34  51
   46  68  12  73  86  84 108  99  51 102  78  65
   32  79  17  32
   22  47  67  77  97  81  33  44  45  13  12  81
   68  55  67  77  61  57  70  38  72  26  66  36
   87  68  99  66 106  19  34  26  63  21  28  51
   82  20  24  34  58  22  63  24  43  50  77  44
  102  67  57  75 114  44  40  96  29  59  36  69
   94  63  42  38  11 104 107  35  17  40 108  28
   37  50  45  63  41  46  85  95  49  80  83  47
   60  45  92  87  82  20 112  18  30  51  82  60
   99  43  22 100
   66  73 100  57 100  95  64  87  36  68  19  52
    5  60  53 112  99 102  84  94  97  16 106  57
   73  46  63  60  38  48  66  85  64  64 102  57
   28  28  93  46  62  53  48  51  75  86  31  71
   98  27 103  57  87  17  33  94 110  40  31  37
   95  30  15  63  31  46  58  22   6  72  72 102
    9  69  91  65  38  82  84  11  82  85  77  59
   24  51  62  72  30  44  93  95  47  93  52  78
  105  34  55  67
   29  82  11 108  47 110  43 109  92   8  17 100
   39  92 109  82  96 102  12  81  16  56  62  62
   36  89  46  21 101  56  23  77  16  56  26  43
   48  52  62  51  82  68  37  18  41  68  69  81
   22  76  36  24  65  50  75  92  86 100  71  80
   51  67  75  34  39 102  80 108  31  63  90 106
   18 110 105  30  93  21  19  29  37  83  54  98
  105  31  78  98  36  84  56  24  44  40  63  54
   41  26  57  66
   81  89  41  30  78  39  81  83  24  96  71  85
   75  69  99  18  84 114  98  53  57  53  97  84
   68  93  35  89  64  81  21  35  66  18  39  25
   36  97  75  19 104  38  82 101  96  35  50  75
   93  36  74  21  79  52  43 118  51  58  65  86
   57  50  69  14  93  94  47  57  69  19  31  26
   20  17 106  53  46  81  63  86  46  34  58  37
   44  40 100  32  22  52  17  92  61  13  88  53
   50  45  43  58
  117  56  71  34  79  49  58  73  74  55  13  72
   47   8  17  22  82  50  39 107 106  15  42 117
   25  95  86  86  69 101  79  92  23  79   7  76
   89  85 115  74  22  80  10 108  27  26  81  47
  117 102  97  51  93  22  18  63  32  52  27  51
   16  74  68  94  44 100  18  22 100  33  86  68
   76  78   5  38  99  88 113  27 108  49  98  35
   45  57 104   9  54  15  56 101   9  45  54  55
   17  87  53  81
  100   7  51 103  52  27  25  28 104  25  38  53
   67  55 105  34  57  76  53 106 101  35  57  66
  102  57  67  56  40  39 115  16  87  40  73  32
   33  93  14  24  84  74  52  39 106  64  37  52
   95  59  25  74  51  42  47  69  88  26  97 100
   63  11  89  51  61  53  92  15 100  94  22  99
   24  19  30  88   8  89  22  60  51  13  17   5
   33 102  55  36  73  56  39  92  36  71  81  14
   53  54  42  55
   44  40  39  39  34  96  34  59  67  89  52  97
   34  46  41  63  71  99  29  18  96  59  45  57
   19  15  94  62  57  78 101  24  43  97  30  54
   53  16  93  90  53  46  96  55  34  13  17  37
   81  52  39  71  26  91 102  59  18  90  77  43
   62  25  56  59  30  70  98  63  93  41  96  69
   31  43 108  81  47  13  66  86  30  22  42 108
   96  58 117  13  79  58   9  10 101 100 101  82
   24  82  74  46
   47  44  94  50  46  65  79  75  44  65  77  21
   70  11   8  42  89  84  81 112  38  13  96  69
   57  66 105  74  43 103  14 105  24 105  93  87
   35  40  54  28  30 102  88  60  84  82  61  63
  109  60  28  80  56  36 102  83  37  43  47  49
   15  69  14  72  37  75 112  39  28  79  31  81
   79  60 102  19  82  49  22  81  32 106  99  98
   81  27  20  37  20  46  52  19 103  31 106  12
   57  10  31  84
   48  72  73  37  20  14  72  44  41  41  53  76
   32  34 105  43  66  38  38 115  43  47   4  72
   56  31  62  26 110  21  11   7  42  99  42  88
   20  55  64  82  90  90  94 116  20  63  98  16
   96  16  36  33   6  47  34  68  39  83  13  16
   33  55  85 101  25  74  28  91  96  76 106  66
   86  73 107  26  50  46  21  12  53  51  35  23
   75  73  86  54 109  82  69  52  14  86 107 117
   45  38  15  46
   84  90  45   7  57  83  89  57  42 107  25  47
   53  45  75 104  93   5  33  51  24  45  36  77
   73   7 105  91  78  68  53  39  67  69  51  31
   67  44  80  64  85  55  34  95  90  50  47 103
   49  28  99  15  90  62  25  99 107  91  85  56
  112  39 110  42  32  29  73  48  99  88  48  65
   44  58  63  27  45  63  96  33  85 108  37 108
   44  18  75 100  67   5  69  16  36  65  40  11
   30  92  12  97
   96  50  14  18 102  87  28  54  33  94  45  36
   46  40 108  51 104  33  39  98  20 111  28 101
   91 109  55  37   8  45 102  24 107  18  15  71
   27  15  22  31  99  62 103  90  28  26 114  98
   76  65  46 104  56  94  28  75  79 101   6  98
   85  63  92  47  64  97  57 117  75  17  90  44
   19  85  92   6  51  82  34  49  78  64  71  30
  101  45  12  15  61  15  79  16  27  51  20 110
   72 100  30  29
  100  71  23  51  33  15  49 102  72  22  99  65
   32  59  30  70  59 114 100  78  71  89  28  40
  104  67  79 106 106   5  41  22  17 108  75  47
   91  14 102  17  83  63  46  89  86  40  72  64
   54  57  53 103  75  13 100  18  69  53 103  41
   76  88  72  99  25  51  65  54  40  46  70  57
   90  99  32  68  43 105  57   6  64 100  90  27
   98  66  32  83  83  94  84  45  72  41  48  69
   38  78  15  96
   24  94  25  34  32  52 105  95  57  44  95  92
   86  88  61  29  77  49  46  72  54  62  95   8
   51  84  46  36 117  52  28  83  95  90  73  35
   76   4  51  51  48  92 107   7  72  36  59  24
   63 104  12  73  42 110  57  56  81  53 100  68
   40  60  44  60  91 110  51  28   8 110   6  97
   92  38  26  64  43  36  14  44 100  14  65  69
   24  41  83  65  61  84  31  80  42  86  59  87
  106 107  35  72
   59  82  67  32  30  47 100  34  72  19  88  27
   89  70  75  79 100  39  25  51  56  46 102  99
   19  41  67   9  23 104  46  62  66  49  71  59
   78  92  59  87  25  32 109 100  74  38  21  34
   58  24  29  24  65  99  16 105  26  78  45 108
   19  59  23  85 104 109  10  61  58 113  51  30
   24  89  92  38  53  64  68  13  78  57  77  36
   70  87  52  59  55   9  42  68  36  47  39 101
  106  44  87  12
  107  47  20  90  20  51  16 117  72 100  65  23
   55 104  28  90  67 100  69  66  74  95  91  61
   13 100  20  24  77  27  60  79  70  68  63  15
   27  41  89  84  81  82  74  39  50  50  82  49
   60  74  72 108  77  87 106  76  99  15  48 112
   33  43  40  92  79  23  31  83  96  67  29  51
   52  35  95  32  21  46 103  65 111  89  29 118
    9  69  54  87  80  16  37  66  67  30  33  69
   19  64  19 100
  110  46  10  29  34  74  94 102  46  64  82  70
   68  60  59  84  99  98  12  74  92  29  78   9
   73  43  90  51  32 105  87  84  82  23  15  43
   19  31  69  86  55  27  61  86  39 106  37  16
   46  92   5  91 104  24  71 102  81  58  58  66
   54   9  23  60 106  83  24  70  48  10  91  52
   52  26  99  22  30 112  33 110 105  94  68  63
   56  96  47  99  30  36  46  84  25 108  60 108
   88  84  40  61
   19  28  70  87  71  16  74   3  60  54  86  75
   24  85  35  53   9  75  86  68  98  24  58  76
   11  38  98  61  50  66  22   4  31  94   5   6
   58   9  58  83  70  13  45  23  46  20  71  90
   75  91  37  17  87  54  45  35  50  69  81  84
   22  64  53  79  72  38  83  33  65  13  79  52
    2  59  55  87  25  83  22  54  93  71  36   5
   10  98  13  76  15   5   3  87  45  26  26  11
   51  93  78  95
   29  87  67   5  71  74  23  49  40  35  85  73
   17  78   4  49  53  66  89  95  27   6  70  27
    1  53  61  16   8  34  49  67  31  72  87   1
   15  29   5  56  72  66  25  97  14   4 100  44
   90   9  60   1  41  81  64  10  58  66  77  12
   66  61  49  19  12  58  13   3  60  77  92  90
   17  24  24  79  49  61  86  57  30  81  50  42
   83   8  33  28  59  90  73  50  98  33  11  53
   31  17  83  82
   99  71  34  14  13  40  42  11  69  97  69  85
   21  37  90  84   9  32  65  46  96  17 100  56
   56  32  68  82  26  32  94  51  24  53   3   7
   28  43  28  21  15  58  85  69  65  21   7  65
   31  34  37  67  59  66  94  35  88  97  94  61
   98  21  30  53  30  15  24  86  57  75  35  20
   35   9  33  65   1  89  31  31  37  76  83  18
    5  97  49  86  30  94   6  77  62  26  43   5
   85  39   6   2
   27  63  46  39  35  53   2  46  38  10  65  92
    9  31  91   2  85  80  17  19  58  87   4  28
   67  60  93  66  17  17  75  58  96  21  67  65
   18  37   7  38  62  90  55  91  47  49  18  86
   93  10  75  26  15   2  19  62  19 100  15  18
   14  54  65  22  35  24  92  50  80  36  27  87
   61  45  17  97  60  13  43   5   9  95  52  92
   70  47  93   8  41  33  81  85  59  59  55  79
   33   9  65   9
   84  72  75  56  72  14  19  74   1  65  62  20
   60  43  59  59  27  40  17   3  14   6  26  18
   85  86  60  98  29  30  26   6  96  49  86  56
    1  52  42  89  83  34  73  88  35  27  49  60
   88  22  94  89  63  41  24  43  84  83  33  45
   53  26  57  12  87  90  90  45  21  72  68  97
   68  29   7  93  47  38  16  10  68   9  64  27
   85  64  13  38   8  79   7  22  75  86  34  73
   98  41  46   8
   79  38  69  73  47  61  98  82   8  82  37  27
   36  66  34  86  55  99  92  56  82  25  26  32
   85  91  19  24  55  13   6  66  87  47  62  51
   79  75   3  70  36   9  99  72  95  91   7  26
   57  33  99   5  31  36  28  76  90  52  80   9
   52  40  61  86  49  39  79  45  35  57  50   9
   85  67  11  47  23  23  47  43  50  76  31  74
   91  19  75   3  58  29  96  81  11  34  93  72
   49  81  34  76
   95  52  51  28  90  79  81  69  41  28   3  55
   45  23  49   6  16  75  25  68  68  82  22  98
   89  88  15   5  53  12  18  55   6  31  93  47
   19  38  39  37  91  47  22  36  29  75  84  67
   72  74  11  83  99  36  56  49  83  54  36  85
   15  47  78  75  84  48  46  35  36  56   8  42
   69  48  82  33  18  51  44  58  80  87  84   2
   18  68  46  62  19  58   7  98  12   5  40  33
   60  19  27  25
   13  58  50  70  42  24  15  17  23  63  80  95
   30  68  87  34  56  94  52   9  30  59  49  48
   69  46  18  43  28  31  66  78  68  12  97  70
   39  53  49  17  69  48  36  66  72  85  17  89
   63  37  65  72  89  47  58  19  74  48  72  59
   71  74  96  86  30   1  56  88  78  85  50  99
   15  28  95  72  13  43  94  45  39  38   5  41
   82  15  26  61  98  74   2   5  62  39  25  92
   37  84  68  10
   78  41  79  95  66  98  57  24  91  37  66   8
   16  48  74  65  32  45  35  60  33   9  33  85
   45  96  99   3  18  18  90  45  87  67  20  86
   89  22  59  64  46  97   8  76   5  79   9  30
   48  97  46  62  63  81  86  15  71  64  97  75
   25  58  23  83  60  90  18  93  21  96  51   8
   36  82  68  61  66  47  16  81  11  66  30  98
   72  41  85  29  96   7  11  12  59   3  64  19
   25  13  66  12
   78  87 100  31  40   8   2  53  69   4  71  58
    7  64  48  42  90  67  51  29   2  64  29  12
   13  68  15  97  55  65  97  69  93  23  10  60
   15  30  16  40  35  31  26  15   7  86  13  35
   51  40  50  22  95  95  51   7  27  13  32  71
   53  10  83  19  82  81  49  41  13  33  24   6
   34  17  63  58  39  91   2  32  57  87  88  69
   87  88  30  60  52  23  51  92  64  69  63  11
    2  76  52  89
   16  23   9   2  84  66   7  19  61  29  25  81
   26  29  99  10  29  37   3   1  55  98  34  37
   53  16  82  44  27  89  48  19  87  27  28  15
   71  12  60  96  18  32  38  47   8  81  78  49
   73   9  59  17  56  41  15   4  42  62  97  58
   49  61  99  52  81  37  35  70  46  64  90  57
   31  31  34  35  46  28  87  72  26   7  60  27
   96   1  46  47   7   5  85  28  12  18  85  44
   34  54   6  34
   71  14  48  95  71   8  98  20  64  73  87  95
   71  49  94  37  26  19  68  61  46  95  60  77
   20  33  64  99   5  29  74  63  40  59  50  64
   70  19  96  98  79  65  59  25  43  91  27  33
   87  98  50  26  63  87  71  19  33  59  67  47
   71  27   4  81  70  51   4  69  72  69  27  75
   97  55  62  39  99  78  36  49  21  83  22  24
   73  82  81   9  18  48  96  82  67  39  31  78
   97  18  97  20
   89   6  83  31  46   8  47  10  66  32  64  30
   30  15  16  33  10  95  56   6  59  37  91  22
   59  98   6  59  37  82  53  63  38  34  23  89
   63  11  48  96  72   6  96   8  41  45   9  30
   95  36   6  43  92  85  62  47  71  78  32  65
   69  19  47  26  95  33  70  88  68  34  21  48
   16  54  46  89  40  33  75  13  40  70  22  17
    4  45  51  46  53  89  15   3  60  35  44  17
   24  13   6  81
    3  67  61  48  34  95  55  25  19  62  95  14
   98   2  53  66  98  67  84  83  62  48  71  98
   92  10  72  67  13  44  89  72  39  27  42  45
   60  93  56  91  37  25  70  37   5  48  45  80
    3  44  94  60  96  74  21  40  34  19  73  92
   96  18   4  15  72  42  51  36  42  60  28  55
   68  29  20  78   9  87   6  78  36  74  79  57
   71  48  91  30  27  23   2  19  68  18  42  51
   82  23  94  84
   93  67  50  29   9  30  72  67  64  95  90  22
   44  58  49  40  50  51  37  70  38  85  46  81
   17  52   8  45   3  84  76  81  48  82  89  61
   23 100  79  78  59  98  52  81  67  56  31  67
    3  44  59  36   4  67  62  15  88  61  81  33
   12  57  62  71  91   7  10  68  91  67   2  85
   67  58  68  44  78  67  35  13  60  32  24  72
   58  72  21  30  23  95   3  98  73  53  29  47
   20  74  97   4
   44  44  19  45  18  12  52  18  72  41  89  58
   99  49  61   1   3   1  18   8  18  95   5  58
   39  63  48  51  66  69  50  20  53  38   6  57
   84  86  24  57  47  66  64  65  27  27  83  44
   15  82   3  50  20  97  73  21   4  79  71  82
   23  89  89  56  81  65  53  93  99  47  43  10
   93  33  29  37  70  27  22  92  30  18  34  50
   82  58  52  34  81  62  27  18  65  12  64  41
   11  77  47  35
   90  23  95   1  69   8  59   3  27  96  91   5
   65  26   4  20   6  17  95  38  95  51  47  42
   75  25  61  85  10  56  83  35  87  54  76  75
   71  59  52  69  20  39  80  93  69  43  46  25
   80  33  75  96  37  59  27  11  25  18  37  22
   56  48  37  73  68  17  26   3  77  44  12   9
   97   8   6  78  25  95  92  78  79  35  50  10
   15  71  39  20  82  22  55  86  67  77  40  56
   79  82  58  47
   26  26  68  87  41  68  25  20  82   8  36  17
   36  40  19  86  29   5  13  60  62  51   7  18
   42  19  85  26  40  29  87  81  51  91  78  80
   75  22  33  83   3  71  29  11  19  68  56  33
   20  73  39  87  34  51  66   2  66  44  43  27
   52  69  39  89  13  21  69  52  42  90  72  84
   90  95   5  56  69  22  53  28  63  78  52  68
   59  67  18  74  83  59  96  10  57  92  17  54
   57  71  68  62
    1  56  45  70  26  54  59  34  37  64  93  30
   60  98  98  93  32  58  65   1   2  93  60   1
   95  23  23  20  50  13  26  21  97  26  96  33
   26  21   2  36  88  31  95  12  83  85  28  59
    2  11  20  65  20  87  94  48  75  62  76  51
   89  37  50  14  60  11  85  89  17  84  17  38
   33  32  97  73   9  32   3  80   8  59   6  85
   66  46  11  96  52  96  55   6  98  72  59  47
   94  33  59  26
   18  99  67   2  60  78  86  76   4  90  73  51
   44  56  10  81  47  28  52  10   5  73  45  43
   15  61  52  54  65  64   1  87  29  71  36  81
   81  19  88  96  22  28  51  68   9  53  76  60
    7  54  81  37  54  65  60  46  32  89  21  15
   51  99  20  59  51  51  27 100  13  13  83   4
   80  99  89  21  98  31  92  48  62  94  91  98
   75  18  58  84  29  64  66  14  81  31  32  94
   65  64  70  62
   76  73  79  73  78   8  73  60  42  29  62  14
   75  57  69  52  47   8  82  93  12  44  64  46
   96  95  15  49  54  36  10  86  74  21  89  57
   58  95  21  14  58  59  11  52  77  92  91  79
   32  50  64  32  77  16   5  59  96  12  34  74
   49  86  47  61  84  48  11  49  19  72  18  44
   71  65   9  30  64  95  47  25  87  82  73   7
   24  50   3  94  33  44  99  99  10  11   6  30
   87  36  38  68
   66  64  25  54  74  54  40  38  68  39  37  89
   41  98  99  60  16  36  39   2  66  89  22  35
   54  52   7  32  70  14 100   7  95   9  19  18
   68  71  65  92  73  18  20  51  31  28  42  49
   11  44  83  38  48  84  17  28  80  65  73  68
   90  37  97  43  67  36   8  73  75  41  75  34
   34  50  18  86  22  69  91  22  78   5  16  13
   24  80  94  82  97  59  55  84   1  78   5  96
   55 100  89  26
   63  41  29  77  85  96  45  60  72  62  49  40
   76  86  11  61  39  73  82   5  64  64  99  48
   55  72  48  81   9  81  94  95  76  13  75  17
   85  48  50  21  28  19  20   1 100  53   4  94
   22  92  77  84  99  67  84  51  68  32  93  90
   85  65  32   2  88  37  76  24  24  31   5  48
   25  30  13  85  62  72  92  95  55  60  75  86
   40  37  31  64   7  24  38  59  98  20  11   2
   66  68  90  68
   34  19  66 100  50  19  13  61  67   9  87  68
   58  62  36   2  22  99  78  59  88  63  79  39
   38  95  13  22  31  38  51  80  47  37  65  86
   44  67  36  43  24  64  75  21  15  67  67  14
   59  81  11  98  23  45  86  16  13  17  27  58
    5  66   5  69  84  86  31  65  10  14  66  55
   70  58  46  80  72  53  12  72  29  11  68  12
   66  93  38   9  41  97  38  87  70  50  64  96
   74  13  93  13
   22  53  96  88   6  27  92  52  85  25  66  82
   61  69   9  54   3  81  71  12  91   7  86  17
   26   2  56  71  94  74   7  91   6 100  95  48
   80  93  89  74  12  40   6  26  80  94   5  18
   39  43  60   5  57  21  81  45  24   5 100   9
   22  48  25  61  54   6  49   3  43  91  29  67
   83  25  21  98  62  21  82  70  41  52  36  77
    2  71  91  95  50  97  35  90  84  60  82   3
   32  10  86  82
   15  35  79  54  78  97  71  10  32  96   8  41
   86  55  73  38  48   2  20  26  37  26  84  71
   11  49  24  10   6  97  62  80  88   3  44  72
   20  98   9  92  34  48  74  31  24  64  31  55
   48  58  50   4  41  94   6 100  41  54   6  75
   33  21  41   4  94  68  39  55  67  67  39  51
   26   6  72  44  75  13  59  97  47   8  16  91
   18  52  77  30  33  17  30  64  47  62  54  33
   78  33  87   6
   79  22  86  74  85  63   7  25  60  62  11  14
   31  28  43  82  34  61  64  33  61  49  16  95
   60  20  61  71   3  65  80  29   8  18  29  71
   42  99  60  59  65  25  13  97  47  71  55  88
   50  12  97  43  69   8  60  55  30  66  13  42
   62  58  70  45  25   2  51  88  95   6 100   9
   28  73  76  42  62  78  93  71  12  88  38  43
   94  65  34  41  45  18  82  26  75  25  59  31
    5  12  69  30
   54  29  50  87  85  62  16  71  45  92  27  78
   16  43  36  37  18  80  85  60  56  74   7  14
   86  76  38  99  84   7  59  53  36  61  31  49
   33  19  47  24  85  75   8  10  46  78  97  77
   46  80  76  96  46   7  86   9  91  26  67   3
   93  43  89  19  12   4  94  54  53   3  52  79
   82  18  25  79  51  43  50  91  25  45  33  69
   41  24  51  51  65  94  69  42  67  71  75  11
    5  74  19  99
    2  63  91  30  95  68  88   3  43  14  44  88
   56  10  82  18  35  13  43  39  38  16  26  51
   99  10  93  80  25  90  46  32  35  42  50  97
   82  76  30  30  25  38  32  75  66  68  36  70
   53  35  39   6  41  23   4  44  16  88  58   7
   86  74  71  21  32  88  80  30  16  45  85  63
   59  68  11  74  82  57  15  37   4  18  82   2
   98  48  60  24  33  98  69  43  43  80  70  35
   90  52  96  18
    4  69  97  73  86  45  13   3  61  47  38  35
   37  60  45  36  20  14  90  40  13  77  26  99
   42  74  27  57  85   5  30  23  23  79  88  68
   88  74  34  29  49  86  54  27  80  11  82  94
   66  24  98  23   7  87  45  13  37  54  54  45
   63  94  85  59   7  34  79  45  60  97  20  50
   63  77  14  95  81   1  78   7   3  21  46  56
   48  12  72  19  89  83  72  36  84   2  51   4
   19  29  63  55
    133   126   134   122   132   140   124   139   142   122   115   162
    119   141   145   125   132   133   137   143   138   136   149   135
    135   124   137   132   128   132
