 25  90
   94  76  92  58  31  41  24  28  94  19  36  61
   11  59  65  85  49  28  45  80  41  73  68  83
   20  54  14  89 101 106  33  61  43  99  24  90
   62 102  20  58  59  77  67  98  96 104  82  65
   69  79  62  17  66  67  70  14 104  75  52  92
   13  31  45  73  69  82  37  89  97  46  42  39
   57 100  95  71 111  51  25  62  46  54  69  66
   39  79  72  51  64  40
   94  49  36  65  57  64  75  43  84  23  21  41
   35  89  40 108   8  77  45 101  79  62  15  43
   56  90 102 107  79  89  92  77  43  13  69  76
   15  44  22  73  68  62  24  69  15  62 106  50
  100  86 101  94  98  47  22  87 104  36  62  47
   93  99  80   6  61  42  53  30 103  34  99  21
   42  93  28  65  87 100  59  24  67  48  16  57
   40  86  65  85  94  36
   83  56  59  73  97  79  47  98  16  36  86  55
   96  85  93  44  78  49  98  26  24  20  47  41
   51   9  25  53  91 113  90  85   8  68  28  32
   50  28  82  23  70  98  77  59 106  37  40 111
   37  52  57  37  71  97  66  71  50  41  99  59
   92 100  67  25  78  52  64  28  93  25  16  92
   83  52  49  20  26 100  75 106  13  78  49  55
   45 104  89  76  58 103
   36  59  29  48  23  30  95  42  62  80  36  89
   48  85  74  15  46  42  50  12  39  59  46  38
   36  20  60  89  19  75  38 107  19  20  14   5
  104  18  42  85  54  36  81  64  76  85  14  79
   53  98  89  58  53  20  36  17 104  68  88  95
   69  26  43  98  46  73  96  44  80  93  90  22
   75  70  87  51  88  22  60  32  26  86 100  21
   73  97  54  43  21  28
   23  21  94  79  74 102  59  45  26  38  99  64
   32  83  30  33  60  71  87  80   5  34  53  99
   64  50  90  34  90  80   6  10 107  58  75  49
   17  64  22  91 110 100   9 115  15  99  43  17
   78 105  31  57  17  87 102  18  71  63  98  70
   82  32  44  70  80  80  36 105  77   5  66  22
   32  34  53  56  51 100  19  61  44  84  98  71
   91  90  36  43  92  63
   79 114  86  46  42 110  68  67  81  67  78  43
   32  37  67  84  82  88  72  63  57 111  93  60
   27  83  99  46  16   9  78  70  57  23  82  62
   63  37  35   8  23  93  53  31  63  20  54  16
   83  96  88  95  55  71  28  24 102  84  19 107
   77  66  15  90  73  16  95  15  98  77  83  73
   44  89  77  26 100  52  68  31  33  75 111  40
   43  53 108  26  68  46
   61  75  89  18  46  21 101  36 103  95  92 113
   40  70  40  18  52  85   6 100  40  97  78  75
   73 108  97  12  18  17  32  71  39  29  96  51
   32  77  88  48  48  63  59  22  86  31  26  66
   23  33  18  65  25  51  15  81  59  46  95  72
   48  98  69 107  94 114  46  63  23  62  68  35
   57   7  56  45 111  49  98  49 114  47  82  31
   23  87  87  99  63  47
   71  38  13  32  22 107  80  10  16  17  45  90
   33  89  80  48 115  34  19  98  70  65   7  48
   29  91  66 110  55  64  49 105  72  63  50  13
   43  32  34 103  52  59  14  77  39  42  68  42
   92  34  32  83  85  67  23  39  63  57  35  79
   94  38  52  88  72  25  83  79  94  45  49  85
   63  90  44  24  51  40  19  15 102  55  93  11
   54  88   6  99  35  45
   54  73  17  75  38  19 102  65  43  45  48  94
   62  71  81  70  80  43 104  94  40  53  88  50
   69  12  40  90  24  29 104  65  92 104  87 107
   10  69  64  95  74  95  21  99  60  37  90  47
   16  22  83  76  37  36  57  14  58  69   3  16
   30 100  99  61  87  92  23  14  70  38  45  57
   67  11 106  65  50 107  53  44  73  96  46  71
   28  87  31  91  50  69
   40 104   9  95  96  54 101  42  30  58  90  13
   27  36  59  68  21  60  44  46 107  85  99  68
   74  94  11  90  71  11  83  13  69  96  83  98
   87  26  91  46  90  53  42  77  81  63  45  96
   31 104 101  16  44  22  51  15  91  71 106  33
   51   6  52  25  17  87  45  89  92  76  52  26
   31 107  93  86 117  47  23 103  37  21  75 104
   55 100  37  35  53  55
   25  91  14  31  78  58  23  23  95  75  98  50
   73  70  50  18  13 116  41  20  48  97  94  81
   63  15  78  61  79  26 104  46  98  63  58  31
   83  37  90  14  46  48  20  88  62  25  80  71
   60  46  41  74  50  59  39  75  96  96 116  86
  112  63  27  18 101 106  69  20  38  96  61  68
   71  18  47 100  16  91  41  98  80  37  25  47
   75  30  41  28  84  73
   33  63  45  57  85  44  48  50   9  53  32  71
   73  32  93  63 100  86  27  13  56  37  48 105
   97  48  58  70  25  36  39  15   6  10  50  34
   39  45  83  52  32  30  28 113  28  77  27  55
   27  84 112  69  13  70  55  25  64 108  68  64
   82  52  43  82 116  98  71 104  81 100  94 105
   51  91  87 101  77  37 103  46  44  15  44  75
   10  55  41  15  57  10
   84  95  59  95  53  48  17  44  16 102  34  55
   33  73  74  81  44  17  85 105  46  43  98  33
  101  87  78  30  36  52  61  98  32 106  61  72
   49  30  91  82  61  92  57 108  17  15  54  28
   40   9  30  25  95  34  91  95  63  16  71  86
   91  87 102  35  27  13  95  43  89  95  69  26
   68  41  12  22  61  84 117  98  98  60  51  80
   64  12  82  83  69 107
   76  54  55  40  76  40  96  37  73 113  78  54
   26  99 106  34  70  35  80  31  79 104 111  37
    8  39 102  60  15  59  15  36  40  68  92  80
   70  99 101  32  11  82 117  36  96  18 108  57
  109  59 104  77  95  36 109  42  48  27  89  95
   74  98  95  70  64  24  41  23  95  49  87  15
   17  23  72 100  13  58  85 102  19  39  12 107
   83 100  55  73  17  77
  101 101 110  97  90  10  90  35  14  85  78  44
   44  51  77  53  77  80  40  37  56  49  39  51
   86 112  24  66  22   6  40  12  57  31 110  81
   69  22  40  95  22  43  19 112  85  24  87  81
   72  49 112  65 110  63 104 115  99  28  71  61
   46   9  67  14  60  84  27  40  26  41  51  98
   91  82  25  24  79  23  24  54  26  44  85  70
   66  81  88  14  44  52
   73  73  26  99 102  64  35  92  59  92  21  22
   44  99  74  53  76  59  90  19  68  68  58 109
   23  89  91  68  20  28  43  76  79  19  15 107
   61  71  96  87  27  52  18  37  82 101  89  42
  101   6 101 100  51  28  20   5  90  61 100  65
   93  53  64  59  61  23  75 100  51  27  39  29
    9  80  18   9  89  90  61  47  62  49  22  20
   31  38  52  31 107  63
   68 112 104  70 100  98  37  38   4  82 104  56
  110 100  26  22  42  51  94  63  98 104  42  48
   75  88  52  12  65  76  82  38  58  30  18  52
   25 104  28  86  76 113  97  83  23  56  24  69
  107  91  46  33  99  97 103 112 107  81  87  27
   52  62  93  69  49  37  23  66 105  74  80  73
   42  49  90  34  46  77 102  30   6  45  51  63
   19 103  60  81  85  58
   20  65  59  18  78   6  94  57  39  17  24  91
   47  86  52  71  24  20  84  80  52  81  76  15
   62  39  89  25  47  93  26 103  15  17  37  22
   85  28  78  41  30  19  67  34  28  17  34  90
   69  74  41  48  86  35  66  91  22  66  91  40
   47   8  93  16  62  93  46 100  25 103  73  27
   53  47  88  90  83  87  24  56  58  27  47  21
   10  94  30  41  36  80
   68 110  80  97  35  84  41  61  70  33 100  62
   98  38  62  28  31  56  86  31  39  86  16  94
   98  84  57  21  51  63  46 108  42  49  27 112
   52 106  96  38  16 111  81  95  27  55  34  25
   62  26  58  80  52  49   9 108  92  26  49  32
   30  13  61  96  54  44  23 109  94  97  29  70
   51  31  27  61  84  38  81  93  58  80  75  32
   53  35  66  82  32  84
   91  16  93 110  58  91  79  43 111 111  35  51
   74  71  45  86  24  50 102  91  61  51  22  92
  108  14  57  67  33  41  24  39  33  42 100  34
   39  34  53  55  55  65  60  45 112   9  19  75
   26  98  22  86  79  54  42  82  25  14  54  67
   71 104  71  98  27  87  33  11  90 107  72  84
   35  90  82  91  82  61  51 109  61  97  56  98
   63  24  72  85  97  33
   68  47  59  81  56  68 108  88  50  37  38  85
   63  73  21  25  52  67  83   6  82  41  44  23
   13  43  21  51  99  17  83  66  65  79  42  71
   69  31  77  66  32 112  19  55  34  30  97  26
   76  50  89  33  59 111  79  57  50  72  24  35
   77  22  91  58  75  92 103  32  82  89  69  73
   64  54  52  75  58  89  99  88  35  93  79  26
   90  91  14  16  72  86
   74  33  55  91  30  89  73  70 103  48  24  73
   23  66 100  21 108  38   4  27  36  79  43  78
   39  80  25  81 107  73  10  59  21  84  54  43
  106  95  86  21  44  94  31  47  59  50  45 115
   72  38  11  55  96  85  77  18  49  15  32 103
  113  79  46  20 112  61  81   5 111  95  92  60
   20  68  52  45  29  99  28  56  33  20  85 101
   66  31  83  48  76  38
   32  23  54  54  56 108  32  70  78  94  42  30
   85  98  12  85  85  22  98  43  68  57  63  74
   36  64 108  68  31  90 100  27  36  57  43  61
  108 108  74  92  55  30  35  93  86  88  78  27
   29 107  52  79  99  24  50  24 106  57  39  56
   41  27  40  81  95  40  11  57  52 110  56 110
   35  26  19 108  34  86  60  29  47  88  57  42
   88  83  77 100  86  77
   75  40  94  84  25  24  34  42  86  84  12  84
  112  27 105  96  62  76 109  33  57  29  76  15
    6  24  95  80  79  67  80  56  75  44  11  68
   61  79  85  23  52  20 112  85  11  20  27  71
   52  73  73  37  42   7  64  48  81  97  16  68
   89  98  95  16  43  18  91  82  28  49  90  58
   20  46  65  21  85  25  36  27  43 109 112  78
  105 107  47  60  29 104
   94 102  79  84  17  76  52 115  12  83  61  30
   54  57  54  68  82 102  32  39  39  28  49  84
   34  52 100  53  79  17  87  31  32  43  49  95
   49  29  50  49  25  92  82  59  31  57  51  75
   65  78  13  95  25  42  61 102  64  61  59 104
   19  97  19  12  68  77  42  30  30  79  41  87
   72  71   4  21 101  94  69  48   7 110  46 101
   26  69  58  75  85  46
   11  39  19  50  79  66  87  85  16  95  68  56
   96  48  47  23  63  91  67  25  61  36  45  28
   96  58  99  22  11   6  84  51  64   4  91  21
   40   9  82  49  44  39  48   9  16  12  34  45
   36  29  40  91  41  46  34  89  15  45  67  19
   93  71  68  46  42  37  70  19  23  56  60  78
   48  18  15  47   7  59  85  54  69  51  33  47
   72  38  43  66  54  69
   24  61  70  39  54  47  32  68  21  82  82  66
   72  21  68   2  99  36  67   2  25  47  87  68
   48  16   4  11  39  29  28  38  61  93  44  40
   88  71  81  42  42  57  79  35  87  52  13  68
    7  18  15  24  14  64  89  32   5  77  46  70
   27  12  23 100  49  64  67  75  13  70  21  83
   65  18  75  52  31  19  57  87  44  54  96  60
   80  19  50  30  18  76
   28  60  60  45   6  41  68  13  92  72  22  47
   22  23  19  61  27  53   7  83  89  99  69  79
   63  93  84  52  16   5  20  26  96  40  85  71
   57  83  21  80  46  15  36  52   6  78  80   8
   71  56  54  69  37  15  47  44  52  63  11  49
   28  11  50  91  33  55  47  74  25  89  96  23
   28  50  62  97  84  11  43   5  91  42  57  63
   70  14  22  28  48   6
   73  43  76  54  81  84   9  75  53  34  84  13
   72  26  34  96  61  64  58  96  79  57  71  66
   67  94  42  30  98  30  79   4  84  91  95 100
   14  93  62  18  59  73  27  52  38  20  94  36
   63  21  26  51  64  96  74 100  11  49  16   8
   35  81  75  20  74  40  19  67  23  13  17  90
   28  41  32  56  19  90  51  78  89  20  14  93
   39  14  51  60  84  92
   89  86  14  31  40  17  52  74  88  66   6  47
   82  20  89  85  56  44  18  31  99  74  54  19
   43  53  27  79  20  38  97  93  13  50  36  57
   87  47  89  27   2   6  97   3  93  11  60  92
   40   5  80  48  85  22   9  93  38  57  11  44
   29  76  69  45  30  32  68   7  34 100  41  80
   84  84  52  64  52   3  85  52  74  20   6  33
   20  28  77  60  14  45
   37   2  28  65  69   7  48  52  29  35  35  68
   87  78  37  35  38  26  34  49  59   9  24  54
   89  36  12  62  98  99  38  44  53  94  24  49
   49  67  82  96  93  23  58  89  40  93  55  91
   30  21  14  20  58  40  87  94  17  19  96   7
   29  39  91  19  31  87  20  92  13  27  19  40
   72  15  25  92   8  56  35  87  78  41   5  65
   77  61   7  85  49  57
   58  40  20  93  73  89   1  66   6  14  11   2
   62  45  64  98  62  24  97   3  71  11  26  36
   31   6  14  91  92  86  80  39  77  73  17  56
   83  37  23  54  71  45  56  92  33  76  94  45
   85  86  99  42  92  64  93  24  56  61  25  35
   72  21  45   7  10   6  69  46  93  46  36  77
   50  99  48  66   9  55  10  62   5  63  31  86
   82  30  28  18  42  60
   36  75  93  87  80   5  37  93  89  86  63  24
   87  18  25  63   2  77  95  22  43  48  99  55
   82  29  52   8  47  48  55   2  34  48  61  89
   62  79  77  10  52  47  97  36  70  69  37  78
   22  81  79  22  24  35  83  64  40  54  75  32
   26  65  67  30  44  82  28  30  14  66  57  31
   51  23  76  91  55  73  86  89  13  62  14  95
   60  22  99  13  84  72
   61  38  92  38  80  94  14  46  72  68  56  17
   45  39  32  48  32  64   9  18  73  56  15  52
   49 100  71  25  89  78   2  48  23   6  22   6
   96  47  42  12  33   7  93  19  45  69  21  72
   90  85  30  38  70  76  49  88  59  49  99  88
   85   3  10  46  26  13  83  94  44  73  68  55
   45  91  11  40  59   5  54  70  40  15  71  40
   86  21  88  21  69  39
   73  13  98   8  22  48  16  69  78  46  12  94
   87  82  49  50  97  52  70  58  13  34   6  43
   32  15  97  18  35  99  20  92  34  21  27   4
   32  85  21  65  17  62  71  40  37  46  62  13
   74  10  14  90  68  80  60  95  11  40   4  71
   60  97  54  81  88  30  65  17  23  38  68  88
   86  13  25  18   2  64  93   9  65  97  42  16
   51   7  78  81  53  48
   93  19  99  80  40  53  84  95  24  33   7  54
   47  36  61  93  98   2  65  84  70  15  13  28
   51  97  27  43  31  87   4  63  19  46  50  85
   20  69  15  96  65  54  94  27  48  80  29  42
   58  65  78  35  59  56  65  27  16  15   4  31
    3  57  84  97   9   5  39  96  70   7  54  39
   34  92  63   9  99  24  76   8  39  82  79  73
   32  83  75  78  22  42
   76  49  72  46  27  74  60  70  97  62  82  39
   41  88  11  50   8  25  78  95  49  70  71   6
    7  71  57  39  95  80  63  89  99  99  55  84
   74  61  30  53  88  78  87   6  83  31  80  48
   91  19   5  51  93  35  48  80  55  10  47  40
   22  61  61  24   1  13  31   9  32  16  24   9
   64  23  28  19  32  68  10  57  60  88  74  39
   92  49  73  96  56  95
   22  17  53  22  53  56  96  62  94  16  81  61
   75  42  44  30  61  95  35   4  64  77  19  69
    1  33  26  86  70  52  52  15  75  11  50  39
   54  76  24  30  50  26  53   9  88  92  63  79
   78  98  72  80  24  86  23  15  48  99  36  27
   19  30   2  73  89  89  23  59  27  17  46  86
   49  70  90  90  50  27   2   4  21  46  58  23
   55  92  32  30  45   4
   35  60  56  63  29  70  18  69  45   6  34  61
   91   7  11  83  42  74  38  75  37   1   8  65
   99  75   3  50  96  52  90  79  79  44  16  32
   36  12   7  87  97  31   2  79  23  98  10  45
    2  50  10  43  11  78   5  64  56  90  22   7
   34  15   8  33  49  92  66  88  18  64  23  96
  100  81  48   6  89  53  24   9  90  71  91   6
   24   6  55  38  98  26
   17   6   8  14  23  99  21  70  97  32  33  69
   59  65  34  54  27  31  75  74  62  64  77  53
   24   5  95  39  93  97  65  95  45  81   4  29
   36  89  69  25  84  59  88   2  17  80  24  31
   34  58   6  49   5  42   2   4  11  88  34  57
   67 100  44  97  42  30  85  73  85  67  62   7
   14  21  88  91  37  93  91  52  87  68  24  45
   39  24  16  88  69  59
   45  43  83   5   9  56  76  17  60  26  96  93
   67   4  35  58  43  47  14  92  39  36  45  10
   95  13  19  35  84  78  62  37  32  93  91   6
   52  35  18  31  80  61  99  74  37   7  26  78
    3  96  12  11  53  75  93 100  19  52  11  44
   21  52  46  51  55  80  30   2  65  84  67  82
   93  23  98  94  25  28  51  65  40  64  97  82
   74  81  65  79   4  48
   39   4   7  47  12  22  80  77  98  27   7  46
    9   5  84  97  67  60  12  56  19   8  73  63
   39  24  53  99  55  26  25  82  50  81  98  64
   91  14  91  33  27   1  10  23  93  48  83  48
    4  20  62  72  18   8  14   8   2  33  21  79
   65  55  21  38  67  80  92  45   9  45  33  35
   76  64  21  71  74  34  11  87  97  60  62  51
   87   8  45  23  23  53
   96  52  61  88  33  98  18  62  72  98  91  28
   61  23  67  47  93  83  31  31  66  25  33  92
   40  65  27  88  66  15  81  16  96  95  81  92
   26  82  27  79  75  84  37  85  92  98  69  15
   49  36  71  71  30  76  52  18  91  36  14  80
   71  99  26  97  41  15  65  11  81   2  29  93
   65  58  31  20  34  24  80  54  47  93  73  85
   99  22  81  72  78  31
   40   7  35  23  81  35  79  50  33  80   4  55
    7  80  48  74  79  55  22  86  75  29  96  24
   13  30  54  91  55  42  58   4  75  59  76   6
   65  11  22  80  98   4  33  10  90  61  72  83
   48  90  59  36  59  70 100   5  28  84  66  75
   76  93  57  24  49  74  89  11  24  11  89  40
   62  73  91  47  24  74  30  13  49  25  40  72
   62  82  43  27  79  29
   13  99  10   9  53  15  37  61   8   6  80  68
   35  41  61  25  94  55  15  26  59  62  82  13
   12  99  54  42  79  65  83  79  69  69  17  69
   70  74  62  63  61  48  49  74   6  97  87  36
   85   7  90  24  26  48  68  29  82  97  48  38
   40  15  38   9  84  15  85  97  21   8  46  22
   69  16  22  22  29  59  69   2  42   7  51   7
   40  90  30  35  15  85
   45  58  54  36  63  41   8  32  60  69  81  24
   50  44  89  94  54  49  21 100  29  64  64  87
   91  73  83  63   3  86  33  39  44  23  68  47
   45  74  34  51  86   2  98  48  68  84   9  83
   34  62  25  72  51   3  35  55  54  40  81  82
   27  88  17  49  41  12  15  71  37  31  46  41
   45  53  68  37  47  17  15  32  71  18  37  76
   23  20  99  96  40  25
   30  78  56  25  75  17  37  33   6  61  78  38
   84  53   8  99   8  70 100  80  68  26  68  34
   72  32  86  35   2  30  94  53  88  21  59  60
   10  13  34  81  68   9  89  65  50  55  61   4
   43  78  98  51   7  17  34  92  61  95  79  11
    2  37  66  87   1  50  23  99   8  10  18  45
   98  52  60  59  89   8  87  47  84  94  19   9
   41  83  27  69  38  79
   86  95  56  59  63   4  87  50  34  20  69  73
   24  20  93  18  24  96   4  62  48  55  44  31
   75  39   8  37  81  19  12  86  78  52  63  45
    4   9  44  27  56  85  82  18  19  23  36  91
   88   3  57  26  14  86  61  80   3  53  73  48
   74  84  70  30  21  74  92  56  65   9  50   2
   69  86  87  10  78  23  42  84  59  18  48  61
   31  29  32   8  19  25
   41  72  19  26  90  90  78  66  25  27  98  28
    3  85  15  15  41  32  10  71  51  86  41  90
   98  89  10  27  28  49  29  49  41  65  93  39
   43  31  29  80  68  91   1  34  97  85  79  44
   63  33  34  82  72 100  39  63  34  10  93  36
   23  11  16  96  66  95  20  20  88  70  30  55
   92  63  55  84  21  83  67  91  71   5   8  30
   14   4  62  52  77   7
   21   9  26  33  96  29  55   3  98  27  54  72
   62  57  64  44  31  18  88  81  81  88  57  36
   83  59   7  49  27  99  27  82  72  77  66  25
   68  90  55  66  81  18  20  52  78  54  66  35
   37  28  98  17  84  71  41   9  56  49  53   8
   92   6  84  96  39  31  62  90  73  23  70  23
   41  42  99  92   6  15  35  72  99  10  62   1
   87  34  44  45  21  61
    142   142   144   159   146   144   142   160   141   141   147   155
    146   134   146   148   133   172   151   136   146   146   143   147
    151
