 40 200
   99  24  55  24 110  89  89  50  39  16  42  68
   21  95  94  25  48  66  66  27  74  83  55  18
   19  63  63  68  33  80  51  40  93  17  57 102
   77  62  23  82  78  79  51  30  55  44 102  88
   83 115  40  90  41  33  42  62  63  73  57  53
   31  93  43  71  80  18  47  29  70  83   9  52
   39  50  95  36  44  18 107  84  68  31  93  94
   87  22  74  53 103  62  77  76  57  25 107  29
    9  58  91  89  37 118  14  43 104  54  19  50
   33  83  58  79  85  92  55  86 100  61  97  40
   24  78  53  81  56  21  90  57  61  22  36  27
   24  96  99 101 104  59  91  23  88  86  38  38
   81  50  11  31 106  54  58  68  51  66  48  17
   95  28  76  23  68  53  29  72  95  81  98  76
    4  28  38  18  58 112  56  88  25  52 105  92
   72  47  40  84  67 112  12  65  40  32 111  92
   74  20  35  29 100  42  93  30
   94  20  41  48  29  27  34  10  71  72 108  56
   23  66  90  91 105  91  30  90 100  28  98 105
   22   6  16 118  83  32  80  50 102  89  78  32
  100  32  79  30  27  67  17 105 108  17  48  93
   62  78  34  62  68  23  81 114  84 116  98  68
   21  38  81  54   9  38  66  74  79  46  94  73
  114  22  51  60  95  41 107  64  32  52  99  85
   53  40  62  37  73  61  20  54  73  28  97  56
   54 104  25  61  85  31  38  41 118  40  73  23
   28  81  93  44  31  56  29  98  96  18  83  35
  107 100  38  77  97  64  68  78  43  11  57  50
   62  67  51  14  79  63 103  52  42  59  26  72
    5  48  98  46  19  98  66  30  11  74  75  79
   98  30  95  61  15  16  42  82  28  37  36  94
   58  33  62  91  43  94  64  57  89  13  95  29
   44 102  50  42  42 103  71 101  15  82  40  10
   10  23  84  80 106  40  17 103
  116  92  49  85   5  42  48  25  28  47  89  90
   44  47  89  81  71 103  48  16  93  46  85  54
   50  43  13  26  55  83  71  75  51  41 100  57
   57  78  27  61  63  30  94  44  90  61  96  66
   20  96  81  50  96  46  48  79  45  41  32  62
   98  32  76 108 103  20  24  34  21 101  43  52
  104 100  18  22  39  83  69  86  64  19  24  88
   11  14  45  96  43  44  50  61  59  87   6  55
   67  62  75  92 110  71  30  15  67  57  39  61
   22  31 101  35  58   2  71  26  68  62  13  64
   61  30  82  99  53  65  15  48  61  46  30  49
    7  40  86  65  49  33  73  57  19  97  93 111
   60  45  43  62  29  89  46  37  15  35  27  92
   61  78  97  48  80  86 105  22  43  84  87  99
   84 104  37   8  45  99  40 112 105  42  31  11
   29  92  43  73 102  33  98  58  15  47  34 107
   42 100 116 104  14  23  89 114
   63  34  94  94  70  48  38  27  24  36  79  67
   66  31  70  44  49  47  67  64  64  50  54  46
   58  47  81  72  96  81  45  75  76   8  89  49
   38  61  87  58  73  75  31  69  34  79  87  25
   23  53   6  39 107  21  21  50  64  22  57  66
   72  27  43  16  21  87  17  24  84  50  99  29
   63  61  61  50  25  81  77  21  83  65  49  90
   82  87  88  66  64  97  48  92 105  62  70  28
   87  27  86  89  15  89  50  49 102  85  21 100
  109 108  49  26  83 110  71  68  78  75  46  48
   51  65  44  43  69  60  78  83  48  36  68  57
  103  65  24  71  43  37  41 109  60  35  38  10
   14  42  42  64  67  19  48  89  75  77  95  71
   36  91  94  74  92  67  36  60  21  72  99  88
   78 107  55  32  88  49  71  63  64  33  34  51
   42  28   5  77  48  44  98  84  14  65  55  69
   75  93  98  26  59  62  64 106
   74  61  81  87  60  63  99  73  87  39  70  43
   26  81  54  67  50  90  38  33  82  71  64 100
   13 108  35  31  29  45   7  32  52  91  82  17
  104  42  38  62  71  21  83  12  70  90  65  56
   76 105  27 105  37  60  80  65  21  77  64  94
   62  82  40  48  79  14  34  36  23  61 100  25
   56  96 100  92  61  60  74  41  58  54  91  56
   72  31  45  28  54  98  37  75  65   7  92 100
  103 109  80  55  80 105  38  26 108  67  83  94
   46  58  26  64  76  81  92  66  89  52  25  69
   77   2 103  21 102  99  14 117  71 106  71  58
  108   5  13 110  56  42 101  83  90  49  86  94
   80  71  80  83  18  68  66  20  39  89  24  74
  103 109  67  64  63  73  89 111  90  59  92  29
  102  26  79  43  21  81  84  78 115  34  82  74
  103  46  34  27  21  71  31  23  35  65 101  88
  112  73  83  44  53  81  22  64
   20  16  41  70  35   7  91  22  45  47  55  52
   29  58  77  46  18  77 101  27  48  19 108  94
   66  39  44  28  31  34  62  47   6  16  10  49
   22  18  59  93  48  53  92  93  94  10  24  29
   40  38  53  69  79  11  29  91 108  32  54  28
   79  29  32  68  85  89 103  45  56  78  53   8
   67  21  96  24  65  18  38  43 117  15  91  70
   36  30  20  14  46  66  72  57  91  24  12  84
  101  58  27  61  75  30  98 106  44  73  69  63
   60 106  23  32  73  65  40  91  58  20  57  80
   99  28  40  97  90  77  60  18  55  80  21  57
   23  10  50  12 115  53  34  54 103  96  56  98
   47  31  39  34  50  82  47  15 111  93  60  48
   99  92  80 106  88  61  25  55  99  62 116  64
   88  77  49  37  18  30  23 100  97  14  89  58
   71  76   9  55 103  68  91  34  77  30  52  93
   58  39  81  76  84  88  34  84
   25  51  86  38  11  87  91  92  95 106  44 109
   18  30 112  49  71  96   6  30  46  43  66  85
   33  65  41  54  77  53  48  81  42  41   7  64
   35  34  93 102  52  22 102  66  93  45  47  15
   35  68 116  74  11  27  78 114  92  44  97  80
   87  87  99 100  86  78  22  30  73  39  29  36
   49  47  53  47  35 101  49  88  73  52  33  44
   96  36  91  34  79  98  93  79 113  52  67  92
   72  56  92  51  98  38  34  24  22  98  30  48
   62  37  16  62  21  27 108  99  59 107 102  38
   70  29  65  83  72  22  85  52  96 110  71  43
   70  27  85  47  66  90  28 102  85  26  63  74
   55 107  24  92  54  98   9  63  83  48 107  53
   58  33  14  97  74 100  55 102 103   3  98  21
   97  21  29  89  86 104  25  19  12  90  72  83
   60  43  45  86  50  54  18  42   7  44  86  26
   23  61  21  27  16 100  71  78
   43  53  58  52  39  70  89  98  66  42  91  60
  101  34  82  32  93  71  88  62  79  63 111 107
   72 100  22  84  50 114  64 108  71  76  51  38
   79  63 109  34  73 109  97  99  77  34  65  95
   17  15  70  30  79  52  90  28  49  69  24  76
   60  91  49  26  42  23  55  10  88  31  97  57
   92  82  67  46  73  90  86  50 104  84  49 108
   48  19  59  38  43  50  93  60  75  50  42 100
   63  82  60  76  55  80  62  39  76  71  70  52
   79  34  39  64  11  35  15  47  82  37  72  13
  108  31  84  90   6  43  48  58  24  44  38  91
   70  67  77  89  55  48  79  28  67  96  54  33
   42  93  57  41  33  76  22  40  15 104  84  76
   23  78  44  55  61  83  79  46  25  63  12  79
   80 102   6  26  48  89  62  41  74  15  31  39
   25  48  94  76  90  43  88  89  98  12  97  61
  102  70  38 110  89  94  59  80
   53  41  82 112  68  95 106  44  27  93  86  44
   86 108  87  81  33  78  10  26 102  15  15  31
   62  37 105  65  52  39  10  62  97 100  40  72
   58  34  27  48  61  21  32 101  45  56 100  86
   20  99  13  15  24  48  78  21  48  41  38  17
  110  76  21  17  24 112  86  36  68  70 106  69
   73  30  63  92  21  31 106  56  63  32  78  81
   20  34  90  21  65 100  27 111  61  51  78  30
   61 107  68  52  65  72  30  75 111  86 106  99
   40  34 113  39   9  37  73 111  77  78 101  79
   82  81  23  76  48  92  32  45 111  51  34 105
   79  86  44  13 102  19  30  70  72  77  88  16
   22  65  24  32  41   8  95  59  44  12  69  79
   38  83  43  14  85 109  65  40  89  77  95  64
   31  92  96  51  98  44  16  18  51  78  96 109
   76 106  99 111  36  75  35  85  59  52  62  94
   47   9  92 105  27 110  48  61
   46  59  56  20 104  90  73  19  92  58  43  65
   17 118  23  53  21  43  46  55  96  94  63  46
   57  16  32 109 102  37   9  89  33  88 104  18
   61  69  24  45  10  96  81  70  79  39  73  15
   66 102  81  84  17  40  69  49  14  89 107   4
   31  32  47 104  82  91  90  12  29  96  32  57
   53  22  41  86  21  23  27 114  83  63 102  42
   62  26  43  87 107  99  96  38  12 100  80  66
   35  24  92  46  95  74  19  15  44  92  43  37
   25  91  24  36  97  65  31  47  33  11  89  80
   61  28  77  20 102  66  69  82  92  92  13  21
   38  62  88  22  26 112  29  62  31  48  69  41
   83  31  89  24  73  17  66  35  16  35  34  85
  108  47  35  72  16  53  92 113  41  82  19  55
   18   4  40  83  99  70 101  50   9  83  37  12
   22  66  95   6  93  43  44  76  86  87 100  95
   26  12  54 110  80  75 112  99
   82  29  75  41  62  94  93  69  24  48  81  29
  109  56  59  68  67  19  49  27  64  45  78 117
   36  79  96  46  74  19  33  51  39  14  63  64
   29 106  61  49  30  34  70  61  46  79  73  50
   67 110  93 100  44  56  79  65  73  65  44  54
   92  57  19  48  41  82  21  58  80  27  51  74
   39  10  53  53 104  41  87  69  30  82  85 105
  106  14  98  60  15  22  18  23  51  48 101  98
   22  68   9 101  12 109  79  64  69  93  60 104
  103  72  79  60  50  53  46  76  66  13  74  34
   72 102  99  47  49  90  60  20  42  31  80 109
   40  34  41  14  15  63  74  11  57  34  64  20
   47  16  69  30  21  69  82  66  64  87 102  43
   99  99  12   7  55  23  31  81  61  33  54  38
   91  52  24  86  44  61  39  44  16   9  70  44
   68  99  57  72  66  70  42   8  99  51  87  77
   38   5  42  47  91  83  32  35
   42  81  54  94 113  29  92  26  99  50  41  75
   20  52  29  27  72 105  27  73  88  13  24  29
   59  73 100  77  32 102  58  31  89  57 111  65
   88  84  16  21  28  55  98  52  58 103  64  13
   52  99  97  83  89  90  79  79  59  56  61 110
   17  40  17  84  77 114  55   8  93  15 100  35
   75  46  38  30  66  57 102  43  27  27 109  85
   58  98  52  83  14  83  38  44  44  17  30  20
   79 102 111  95  82 108 101  58  94  15  49  63
   72  84  51 110  32  23  52  69  45 107  75  33
   76 105  44  84  69  20  73  10  85  33  37   3
   64  41  26  43  94  36  87  40 110  74  83  67
   78  95  16  25  79  89  41 100  55  32 109  25
   99  25  53  62  49  77  99  16 110 100  28  20
   31  79  60  53  73  19  71 104  37  38  74  25
   95  35  58  75  23  19  47  19  89 101   6  11
   79  25  12  29  74  39  99  20
  108  97  88  83 107  17  89  28  31  55  29  31
   35  86  24  58  16  99  78  22  65  79  94  20
   66  29  73  76 102  22  66  40  27 110  22 103
   54  60  26  26  86  93  77  52  70  27  91  92
   23  75  35  21  92  41  37  60  93  75  96  72
   24 107  90  92  43  39  86  33  67  32  77  79
   44  18  59  73  78  29  13  34  89   9  29  35
   15  57  36  78 101  49  76  53  58  98 109  94
   45  48  30  20  18  43  26  33  88  94  60  85
   44  61  34  30  28  66  43  47  95  54  57  22
  102  99  79  86  55  42  55  54  58 103  18  29
   50  95  39  37  65  71  87 109  93  68  23  45
   19  93   6   5  81 115  46  37  77  72  72  35
   78  84  89  77  49  55  95 107  91  20  26  36
   42  12  47  56  93  35 105  28  31  38   2  75
   21  70  68  90  57  34  99  49  75   9  60  89
   84  65  31  21  48  78  88  95
   42  44  74  66  39  69  37 115  39  64 106  21
   73  91  34  34  92  83 115  15  24  96 104  10
   37  44  53  20  39  19  53  31 111  70  53  41
   26  94 102  74  81  97  54  67  42 109  89  61
   90  37  19  31  27  32 107  56  53  73 101  28
   88 114  41  46 108  53  53  40  33  78  16  28
   59  25 111  75  23 103  83  23  93  86 105  69
  110 100  20  94  45  40  40  96 108  66  28  92
   73 110  14  23  84  56  34  35  57  51  83  90
   54  53  53  59   8  75  94  36  20  30  98  10
   55  65  53  15  24  17  72  76  43  68  40  11
   39  72  63  17  52  35  28  69  61  44  41  10
  107  60  47  85  91  55  84  79   7  28 101  56
   92  85  76  17  45  83  89  44  18  29  41  16
   66  96  68  95  63  32  51  96  79  26  83  25
   48  82  63  27  37  12 104   8  19  33  81  73
   97  59  84  46  43  85  11  34
   53  29  57  85  68  70  77  12  79  76 102  50
   47 104  24  43  70  29  82  90  77  65   9 109
   73   6  39  58  77  96  39   8  88  87  22  29
   65  45  48  12  99  26  45 102  85  38  89  84
   72  15  27  40  69  54  28  13  40   9 111  76
   73  71  67  28  22  53  30  83  14  98  61  69
   99  96  32  99  20  67  45  97  21  72  82  51
   39  71  19  21  38  98  59  87  30  90  53  50
   69  20 115  84 108  14  16  43  60  22  44  58
   83 108  44  61  33 100  45  57 105  34 100  13
   64  92  98  10  66  51  30 107 110  22  38  28
   29  22  27  85  17  98  75  94  57  60  64  28
   85  94  29  53  81  22 107  22  16  66  25  56
   59  87  77  79  59  41  50  92   9  22  91  76
   63 103  79  85  54 116   4  57 113  69  34  40
   47  48  15  27  24  37  55  25  44  96 111 117
   32  88  31  33  44 107  26  31
   75  14  48  61 105  28  94  47  73  61 114  77
   43  60  42  31  45  80 106  15  20  72  42  70
   24  39  65  88  26  31  73 114  77  72  82 100
  113  80 113  57  90  42  10  80 104  78  92  60
   77  75  27  37  84 100  80  44  72  63  18  68
   45  49 112  82  44  59  91  56  19  37  92   9
   55  64 102  69  65  33 103  20  78  65 110  96
   51  16 100  63  74  53  17 117  67  72  97  48
   64  42  51  36  29  66  39  28  76  55  29  33
   14  94  49  44 102  77  47  66  89  92  56 100
  100  79  71  12  45  26  23 103  92  95  49  28
   16  24 106  71  27  51  96  27  43  55  37  63
   38  27 108  17 109 102  40  63  40 113  53  59
  106  47  77  99  38 111  58  90  52  37  87 107
   59  59  76  61  23 105  58  28  95  41  69  42
   66  35  21  43  85  48  35  30  89  42  31  65
   71  60  70  29  30  59  72  28
   78  98  93  84  47  87  22  87  14  37  65  61
   88  38  31 100  44 110  65  46  51  13  55  30
   62  64  48  18  50  21  31  25  85  63  50  71
   23  88  56  52  76  21  76  15  37  54  98  92
   20  33  31  50  78  34 106  44   8  63  50  79
   82  96  15  92  77  59  90  51  46  88  87  31
   69  13  36  78  77  67  46  14  70  60  71 101
   44  11  83  82  73  25  92 102  78  23  53  62
   15  93  78  90  81  37  20   7  37  58  89  58
   77  23 101 108  25  18  73  86  95  25  96  91
   90  34 105  36  89  85  74  79  31  52 100  16
   77 114  79  45  27 106 103  22  62  68  33  44
   66  74  62  49  78  27  30  20 101  96  51  25
   95  11  43  92   7  82 103  94  96  34  33  57
   25 101  27  33 100  69  86  50  23  72  87  40
   60  78  51  30  93  20  96  35  29  83  25  84
   91  47  16  90  86  96  27  43
  100  31  82 100  40  45  99  32  81  50  59  83
   78  44  76  78  37  78 110  85  26  79  46  71
   56  23  31  59 100  23  20  63  22  85  28  92
   82  36  97  68  10  63  31  88  55  59  39 105
   17  87  92 102  14  44 111  23  50  22  96  54
   32  24  89  68  93  32  63  63  31  99 108  97
   84  13 105  18  18 111  13  71  59  18  94  74
   21  72  65  95  21  87  94  65  59  56  80  60
   19  92  28  36  91  59  57  60  28  59  23  96
   25 106  36  36  83  88  36  75  49  10  85  93
   52  43  46  72  22  78  35  62  38  24  60  13
  102  55  63  79  80 105   7  79  78  84  15 102
  112  26  58  11  40 111  92  77  21  27  77  79
   63  93  71  77  92  12  85  70  87 109  50  74
   82  74  96  55  20  83   7  30  86  49  83  39
   34  82 110  50  32  62  24 105  21  43  15  63
  102  35  24  97 104  43  93  88
   43  51  63  64  49 104  27  22  15  87  87  51
   62  61  82  19  96  94  86  59   9  54  46  28
   34  71  60 101 100 103  61  44 115  68  90  58
   52  64  10  28  22  55  45  47  23 107  82   9
   93 110  56  65  36  56  78 113  75  38 105  78
   62  94  55 102  62  24  13  50  73  31  97  54
   11  80 105  84  14 100  79  96  80  25  20  86
   80  46 114  20  18  80  70  14  69  49  64  39
   79  75  24  42  31 101  72  97  96  79  46  57
   45  56  70  40  55  90  88 104  58  37  35  58
   39 113  14 102  17  44  45  67 101  76  41  46
   38  72  66  91  59  85 119 100  98  53  70  93
   15  84  62  34  84  45  92  47  53  16  88  60
  103  98  53  67  27  22  79  39  91  59  58  14
   14  60  85  13  27  23  77  15  94  25  57  70
   74  69  46  63  76  21  54  65  44  44  85  71
   32  93  20  77 107  77  82  81
   12  82  36  63  17  37  27  31  81  98  56  99
   48  25  80  90  23 108  86  80  58 102  26  84
   53  75  15  74  58 109  99  39  62  68  72  21
   66  27 110  97  38  80  17  53  46  97  44  17
  114  49  28  99  87  36  94  89  94  20  74  92
   97  96  62  44 103  60  27  40  99  81  73 100
   91  46  22  30  57  76  32  56  13  52  20 100
   55  51  97  67  88  85  49  86 105  44  67  93
    5  14 104  98  11  36  23  27  33  69  57  20
   69  52  99  97  44  72  90  74  50  23 103  23
  105  45  74  31  31   6  22  83  58  58  77  84
   84  98  15  70  53  41 116  96  55  94  51  94
   46  97  74  30  30  38  88  13  38  69  59  18
  104 107  81  85  53  43  98  69 114  45  38 102
   24  15  52  50 104  95  45  76  26 101  81  22
   82  88  57  45  57  68  73  16  58  84  35  88
   45  63  97  26  35  61  82  95
  106  64  20  31  71  20  73  48  21  97  48  31
   17  57  80  90  40  42  36  20  46  59  23  24
   70  84  76  66  34  76  94  65  45  60  80  51
   33   6  49  90  40  89  52  28  86  48  72  82
  101  72  92  27  39  30   8  49  39  80  53  35
   42  22  90  24 101  29  67  49  90  83  96  81
   29  91  74 107 105  53  26 108 107 117  99  37
   33  37  88   9  22  93  70  27  41  87  53  37
   25  53  64  74 108  21  79  51  57  37  39  16
   37  98  68  32 100  24  40  98  10 105  28 108
   63  90  74  91  76  55  47  92  62  63  19  91
   16  44  46  81  69 104  32  37  48  90  47  39
   51  58  60  92  37 103  92  73  16  33  11  90
   15  53  99  35  94  43  77  65  97  37  44 101
   29  27  82  36  84  36  46  39  21  67  28  49
   42  95 111  70  38  72  64  74 102  67  76  30
   54  20  86  26  79  47  55  78
   81  13 101  93  53  42  53  42  19  24  51  71
   66  62  31  45  49  64  56 101   9  17  34 104
   32  61  30  49  64  26  91  15  14  67  15  19
   94  53  49  97  18  59  33  66  38  88  51  80
   62  37  77  10  82  26  98  51  82  10  43  72
   37  26  17 104  46  47  49  20  41  51  19  25
   59 108  79  27  32  53 103  94  37  95  83  93
   21  85  33  47  17  33  59  40  94  65  34 114
   85  92  64  55  12  41  40  61  27  95  24  73
   92  19   9  90  78  97  11  52  63  94  60  33
   76  90  57  73  95  28  65  66  68  25  64  46
   48  63 114  50  98  76  94  66  58  87  26 107
   45  48  22  46  34  18 103 111  64  67  39  14
   47  91  71  40  40  65  87  97  90  56  65  11
   60  56  11  27  50  17  60  87  41  87  98  61
   71  73  20  26  39  21  47  84 103  60  72  18
   19  73  76  65  43  44  50  65
   71  28  58  18  88  70  80  79  56  53  82  69
   80 109  54  83   9  59 103  55  39  48  59  59
   55  94  41  40  31  60  14  71  26  18  56  92
   51  85  43  51  79 110  74  23  57  48  98  53
   14  59  88  90  90  17  72  17  54  95  77  37
  102   4  66  28 113  75  81  52  25  30  23  39
   68  98  89  47  57  99  74  42 118  55  51  59
   81 101  52  38  50  55  86  50  67  46  18  14
   34  92  94  92  87  18  16  59  24  15  44  34
   99  78  16  28  84  61  67  75  47  77  92  41
   77  29 101  78 100  47  64  84  98  71  29  50
   71  67  39  29  39  90  36  84  77  83 102  47
   82  75  55  37  65  63  30  23  34  73 102  35
   20  20  23  98  25  24  83 101  56  73 106  24
   51 106  79  12  90  28  47  57  72  30 108  43
   51  73  42 115  96  26 105  36  59 102  89  87
  110  48  70  61  75  34  16  61
   41  59  33  98  13  76  10 100  40   9  41  13
   44  89  58  20  50  68  33 109  79 102  60  92
   19  23  41  19  96  67  47  60  82  74  25 112
   44  25 107  90  16  58  86  69  30  96  21  90
   26 107  99  91  34  93  28  93  57  45  17  44
   34  49  73  26  46  37  18  64  75  23 112  87
   50  57  64  46  51  56  43  51  12  98  52  15
   75 102   5  70  58   6  49  95 108  69  44  67
  104  42  80  43  79  63  16  46  52  79  65  55
  114  22  15  75  97  17  78  51  94  57  84 110
   92  93  72  44  75 100  51  76  51  76 105  22
   44  15 106  53  71  17  63  64  56  21   9  52
   75  51  53  74  60  10  38  89  52  81  94  99
   62  33  84  24  74  92  82  91  45  71  57 102
   22  58  64  48 101 107  16  55  77  54  49  73
   47  52  19  94 106  59 108  14 102  57 115  82
   28 103  66  41  71 102  40  66
   23  44 111  36  48  94  56  88  39  63  44  75
   71  91  16  81  57  20  80  16  93  53  97  45
   11  53  36  39  46 105  74  47  50  51  62  94
   45  95  62  72  41  62 105  72  96  18  69  40
   23 104  67  47 103  87  40  85  88  74  40  43
   42  29  70  94 112  59  80  27  46  11  55  16
   54  88  29  28  41 103 102  22  57  80  91  46
  109  28  78  75  33  33  60  60  29   5  38  18
   35  32  89  20  34   3  98  98  45 106  42  52
   49  15  84  53  64  95 101  77  58  20  42  80
   46  57  61  38  55  78  27 103 104  17  96  18
   39  41  77  53  58  83  29  29  70  78  77 101
   91  95  63  90  15  30  94  29  56  13  11  59
   67  97  22  60  66  59  10  88  44  50  20  42
   42  65  17  24  68  98  31  12  85  28  41  46
   46 103   4  86  10  65  54  54  49  27  29  71
   87  45  12  96  77  17  90  14
   18  95 103  49   7  18  81  30 106  18  24  44
   90  77  87  60  68  85  58  97  40  74  25  90
  101 116  41  62  86  16 102 102 115  52  54  38
   68  77  54  28  35  41 100  50   6  39  57  85
   37  33  91  63   4  87  53  35  35  88  81  33
   76  70 111  79  20  87  50  77 118  61 105  15
   37  96  85 100  93 102  51  93  42  90  97  70
   87  19  72  76  51 103  60  60 110  57  38  51
   72  62  14  67  80  53  57  28  32  68  84  37
   40 107  90  44 105  78  81  77  92 105 102  77
   91  46  62 101  33  94  57  76  93  97  85  88
   95  33  29  92  62 114  57  61  22  77  17  59
   51  56  86  88  80  72  82  20  77  93  31  43
  101  10  74  78  27  33  87   5 100  83  63  47
   49  59 103  34  24  51  89  61  17  46  31  43
   71  40  55  81  30  49  23  43  21  59  27  95
   92  73  40 111  23  82 100  32
  104  21  14  97  76  66  35  69  89  76  22  48
   68  44  94  61  27  75   5  67  96  87  33  53
  111  97  22  68  12  29  55   7  76  37  19  77
   31  17  86  43  61  88  69  38  38  53  64  52
   52  14 108  25  98  18  84  50  57  77  37  32
   67  60 111  34  13  88  41  84  39  16  76  88
   58  26  91  46  20  99  29 106  77  86 105  89
   72  93  69  37  63  97 106  94  34  30  42  42
   48  71  75  18  18  60  97 106 112  21  66  88
   28  80 103  40  83  87  17  80  95  94  86  93
  106  57  45 107  26  33  83  28  81 100  19  73
   62  45  85 110 104  53  28  44  45  12  49  67
  101  35  71 109  21  55  67  52 104  52  69  31
   43  82 108  88  27  75 106  66  89  69 101  97
   47  18  55  64 101 108  16  86  14  44  32  76
    8  70  93  75  52  16  76  19  80  98  56  57
   81 107  36  15  95  66  96  82
   79 111  19  80  31  31 104  38  46  37  55  64
   48  40  57  63  95  22  73  22  24  86  82  57
  108  68  43  86  75  47  62 101  90  50 112  32
   98  67  59  82  94  58  85  40  77  88  86  78
   55 111  59  56  79 105  75  42  92  37  22  29
   79  76  86  38  95 100  87  95 116  78  84  35
   94  79  92  76  34  21  81  46  63  31  99  76
   99  18 110  89  84  41  15  47  28  23  31  65
   83  16  52  62  19  19  70 105  55  14  30 103
   51 110  16  40  89  69  47 117  80 112  41  89
   73 110  93  13  94  80  31  35   9  87  60  85
   35  78  26  44  47  29  25  36  42  47  76  31
   27  99  12  68  89  63  60  15  30  81  47  36
   68 103  93  74  98  23  40  92  15  48 102  62
   45 100  33  40  76  82  38  29  28  32  66  23
   20  59  74  54  46  62  65  69  39  97  12  38
  106  59  45  19  71  98  94  33
   84  91  55  51  90  28  36  62  35  87  69  88
   32  19  69  30  31  76  50 105 115  58  96  64
   47  35  74  59  61  50  78  69  68  64  25  15
   52  95  41  25  57  52  91  98  79  46  73  49
   47  92  63  24  73  35  70  71  17  40  41  68
   74  81  54  75 102  95  65  76  47  69  86  27
   15  69  24  59  80  50  39  94  21  13  70  64
   27  57 107  56 100  20  42  33  84  12  13  32
   36  54  61  48  41  94  37  68 108  64  15  16
   21  78  14  16  35  81  55  54 100  58  75  87
  107 101  42  37  40  89  24  87  32 105  57  29
   19  40  23  59  51   4   9  20  10  77  62  76
   16  84  66  79  65  17  18  29 105  69  52  10
  103  98  31   6  38  94  83  50 107  67  45  85
   24  71  72  52  50  31  31  22  50  32  49  67
   82  65 103  12  75  71  72  35  22  49  82  52
  102  89  43  57  74  27  15 111
   88  93 100  35  60  55  27 104  69  70  24  96
   95  52  23  63  75  47 101  52 110  85  48  92
   55  55  73  31  46 103  51  95  97  53  67 106
   42  73  92 114  32  24  33  39 103 111  35 104
   63 113 105  30  84  38 107  41  72  18  66  50
   60  98 103  43  52  30  80 110  15  80  99  58
   94  36  98  73  93  80  98  19  58  42  18 101
   29  39  51  21  88  99  57 100  97  81  48  63
   75  49  62  87 101  96  90  94  15  10   5 101
   68 100  96  64  82  90  78 104  29 110  58  51
  104  23  86  25  80  76  89  75  89  67  73  59
   23  65  83  44  34   5  28  44  68 110  89  46
   75  80  11  82  44  96  13  59  98  11  76  45
   67   5 104  84  53  70  34  64  22  25 105  48
   74  61  55  62  14  16  97  23  80  54  72  57
   15  34  90  82  56  39  47 100  81  26  96  49
   70  35  49  27  36  79  93  30
   83  70  70 104  54  95  96  29 105  75 100  97
   85  11 102  23  73  59  70  93  57  52  80  41
   88  45  91  49  31   8  58  23 113  66  58  65
   34 106  38  93  97  55  71  48  78  70  21  21
   36  90  36  46  21  96  75  36  47  99  23  19
   40  73  13  59  92  51 103  44  64  96  69  35
  104  36  46  69  87  57 112  48  97  40   8  86
   82  84 106  75  86  24  23  89  33  97  86  74
   19  19  84  78  25  96  69  87  61  19  56  22
   29  52  36  82  90  43  81  10  43  30  57  75
   25  15 108  77  86  97  61  64  27  88 116  25
   68 104  70  30  46  35  83  60  78  89  46  42
   95  92  54  32  15  33  55 113  58  70  60  79
   37 104  51  43 111  36  95  20  52  36  51  95
   91  80  41  60  92  63  98  39  28  89  23  33
  114  88 100 103  99   5 108 110  79  79  72  91
   73  95  37  59  13  68  28  46
   75  49  22  88  19  86  60  33   7  65  20  97
   46  99   8  39  29  80  87  48  72  84  30  41
   68  67   7  36  92  46  87  12  62  41  87  64
   99  76 100  83  84  86  26  45  19  24  99  97
   25  69  82  47  32  34  74 102  27  61  60  50
   94 108  84   7  71  59  13  38  22  37  52  26
  104  87  92  60  36  75 104  82  48  90  41  47
  100  61  15  42  93  21  42  80  10  80  81  14
  109  18 106  99  57  62 103  13  22  59  13  78
   67  21 113  64  86  34  55 104  87  36  62  31
   61  76  82  56  25  55  84  23  51  82  23 102
   78  23  30  37  44 110  74   7  69  56  78  17
   14  74  94  24  63  34  87  43  21  59  51 111
   33 102  32  88  66  67  52  74  93 109  37  70
   42  97  33  40  66  51  28  47  21 117  35  80
  100  24  62  65  42  81  21  37 103  96  50  18
   29 103  84  50  55  75  81  19
   45  24  64  14  99  27  14  41  64  31  15  64
   40  44  48 103  21  55  20  59 109  55 111  66
   82  95  29  94  21 103  15  74 102  75  94  73
   28  74  92  90  19  60 116  10  93  78  89  29
   72  27  98  94  20  73  70  85  93  52  89  69
   39  17  67 105  75  63  47  60  67  78  77  74
   35  24  84  95 103  86  80  63  94 108  90  29
   34  59  26  12  22  98  15  41  87  76  43  59
   92  35  26  56  82  25  32  55  22  67 107  67
   17  94  69  93  52  49  65  46  96  44  25  28
   15  98  62  92  12  30  90  43  19  40  40  91
   20  42  21  64  63  20 110  73 117  88  40  65
   92  14  82  94  55 107  33  44  35  19  66  50
   97  42 112  61  19  60  72  30  47 111  94  85
  107  84  79  80  17 113  22   7  62  48  74  38
   76  62  98  45  49  86  27  82  73  58 117  42
   23  23  89  39  27  85  96  63
   54  79 107  86 115  36  95 103  39  55  75  97
   52  69  11 111 109  45  18  70  73  65  47 101
   44  85  64  35 107 111  26  51  19  32  52  65
   48  20  81  28  56  88  40  24  49  61  21  26
   52  21 116  70  15  98 107  79 115  24  73  15
   34  18 100  69  71 114  83  50  95  66  14  24
   78  95 109  40  37  62  56  93  31  56  97 104
   64  86  26  75 102  49  98  93 100  61  30  50
   54  30  47  82  81  59  16  65  27 103  85  29
   60  75  93  53  33  17  20  96  81  69  25  11
   26 102  60  95 110  27  53  35 106  20  44  82
   25  78  26  59  59  30  30  71  75  78  19  11
   15 100  24  87  67  69  45  26  46  86 100  42
  107  93  94  29  34  25  32 108  67  24  69  42
   80  36  62  84  66  54 107  24  19  90  94  96
   64  26 106  43  84  61  40  53  29  45  11   9
   93  64  18  65  33  40  65  40
   69  75  65 111  72  96  23  90  73  64  63  48
   18  93  68  19  65  81  65  98  69  54  59  28
   95  77  89  86  25  17  46  81  65  82 109  94
   63  32  97  83  55  77  78  36  12  23  93  10
   94  66  56  21  99  36 112  55  56  56  45  15
   24  61  44  26  18 102  55  98  24  18  18  85
  101  82 101  82  86  43  93  67  98  62  64  83
   99  66  10  71  97   7  28  39  80 115  34  37
   62  51 117  56  71  52 118  74  11  56  33  25
   35  51  62  72  73  23  88  59  82  63 103 110
   21  63  33  39  12  57  73 111  93  45  92  28
  100  69  78 102  35  14 103  38  76 102  98  56
   52 107  25  84  49  23  55  50  18  99  59  45
   52  40  96  45 110  80  98  66 109  29  12  31
   34  90  94  60 104  55  98  97  16  32 107  57
   11  61  79  25   8  36  23  38  79  39 100  53
   10  53  47  32  14  85  53  92
   26  61  20  25  83  71  93  87  22  70  58  36
   90 110  88  96   3  39  87  71  59  17  25  34
  108   8  16  80  65  66  21  60  89  30  53  82
   27  83  65  27 112  77  19 113  68  74  45  63
   98  53  58  27  97  70  78  71  27 100  95 106
   51  92  85  95  24  50 107  94  67  19 110  22
   84  96  29  67 108  39  47  62  82  58  26  53
   87  83 104 100  79  22  63  64  36  73  69  17
  103  96  75  94  34  87  64  81  45  18  61 104
   46  94 101  66  64   5  22  23  21  47  93  31
   40 101 106  60  71  62  24  80  96  40  29  91
   79  23  15  39  31  13  25  99 108  14 100  64
  115  22  59 107 106  50  36 113  97  90  97  29
   69  69  58  91  96  89  75  59  96  51  55 105
   50  73  90  40  49  67  79  48  92  62  25  16
   79  64 102  41  24  81  47  99  80  66  27   6
   93  97  70  67  53  30  58  70
  103  24  52  90  68  53  23 104  75  12  19  72
   27  74  50  64 103 113 108 105  40  99  34  80
   50  36  48  80  17 100  41  58 105 108 106  83
   29  30  63  78  65  85  98  95 114  61 101  33
   86  28 108  96  94  79  41  68  97  60 100  49
   76 112   4  74  22  73  25  90  12  73  27  83
   40  61  95  14  95  20  47  36  89  45  97  40
   94  71  31  93  52 108  93  57  52  19  21  47
  100  82  54  75  19  95  95  49  30  84  57  32
   36  94  51 118  95  69  40  65  43  82  51  20
   45  47  13  87  27  66 101  44  86 105  62  65
   61  99  19  41 115  40  85  75 100  37  80  31
   51 109  83  41  49  80  48  96  78  23 102  85
   32  23  31  11  65  85  93  44 102  12  62  23
   28  76  89  31  36  27  98  54 104  33  74  29
   97  31  87  88  60  20  93  82  51  50  73 112
   63  90  16  62  28  20  71  43
   53  56  43  38 105  50  78  51  28  43  44  60
   35 101  81  40  14  92  95  97 100  60  82  43
  100  85  63  82  87  32  36  65 103 101  78  35
  102  93   7  61 102  50  37  23  97  85   4  23
  101  44  41  48  29  17  41  38  34  61  37  92
   83  72  75 109  31  66  74  11  83  53  34  12
   15  65  50  68  65  55  64  19  48  93  46  55
   85  29  59  15  65  89 108  47  46  60  77  44
   16  72  88  21  54  28  83  23 103  94  84  22
   63  33  84  65  92  27  92  40  10  57  77  51
   34  28  63  89  18  36  20  92  61  41  46  88
   73  62  93  38  93  95  98  23  31  76  89  84
   58  22  61  62  45 104 100  33  65  61  60  38
   20  20  25  75 105  15  47  54  45 113  86  95
  103  71  18  93  88  90  96  37 103  82  73  43
  110  14  86  19  95  68  41  99  74  53  93  50
   73  32  71  22  26  67  86  99
   10  36  88  52 104  93  89  34  24 102  51  23
   94  42  95  56  82  57  39  39  68  21  58  62
   93  35  12  84  97  49  67  79  17  18  38  40
   24  32  51  29  11  58 112  21  50  40  86  12
   86  84  55  70  66  28  75  52  72  55  45  59
    9  18 101  44  70  75  35  82  16 113  18  61
   98  88  37  37  31  45  18  88  26  71  68  87
   86  30  44  11  81  61 110 103  74  43  43  77
  106  39  96  57  97  96  25  28  63  73  57  89
   97  75  84  63  74  95 111  24  44  17  84  69
   35   8 101  30  93  22  69  77 103 107  19  19
   65  35  49  45  39  64  54  73  84 104 103  71
   33  73  46  56  19  89  28  27  32  89  37  54
   63  88  14  59  75  76  17  25  97  26   9  27
  107  21  61 104  86  53  88 110  34  17  23  21
   62  63  36  97 105 104  31  57 114  20  73  20
   21  62  89 111  48  66  17  52
   62   6  83  48  49  34  64  76  91  78  62   9
  101  83  46  34  74  58  75  46  39  48  97  41
   59  86  55  53  46  61  84  80  62  89 107 101
   25 102  23  37  41  41  16  31  91  99  27  66
   63 100  69  46  80  81  83  99  75 107 105  74
  114  63 100  61  73  74  27  69 101 104  70 114
   37  88  16  52  53  52  32 115  51  28  64  65
   65  53  26  78   4 100  88 115  23  86  46  44
   70  49  30  22 108  30  61  77  70  28  53  79
   78  48  50  34 107  34  48  73  28  34  18  28
   74  72  14  13  78  40  89  21  42  87  10  51
   98  87 103  19  31  33  99  66  39  43  73  34
   27  89  75  44  78  34  46  61  59  95  34  92
   76  77 105  44  61  61  37  46  61  12  71   9
   72  57  46   4 105  25  35  84  79  83  36  48
  104  24 102  29  29  41  41 108  83 106  84 104
   98  78 101  80  88  33  33  57
   13  79  53  94   8  19  15  61  79  96  65  51
   89   7  17  85  54  49  41  89  46  27  60  96
   90  50  54  42  69  31  54  66  18  87  51  15
   26  43  85  38  39  26  55  90  56  66  12  31
   33   2  63  25  77  73  70  40  54  29  49  51
   80  18  70  35  31  95  59  75  32  23  96  59
   66  65  16  79  72  91   9  33  41  75  18  22
   19  97  43  51   8  40  37  32  62  92   9  81
   94  47  21  19  69   2  91  70   7  59  92  64
   81  27  51  35  22  16  49  24  14  42  22  72
   94  28  62  30  59  98  16  50  54  85  81  90
   82  23  16  14   3  51  28  86  27  16  82  81
   21  64  99  74   7  51  51  48  60  36  68  87
   14  81  33  84  52  55  82  33  16  31  12  33
   98  85  65  90  52   2  47  15  79  65  13  19
   40  68  74  23  48   7  98  50  71  82   5  28
   33  98  69  89  11  68  23  73
    8  89  74  55  89  85  76  94  42  42   2  53
   97  39  15  15   2  19  90  28  12  82  17   1
   94  96  91   2  28  83  22  61   1  29  28  70
   13  79  39  80  76  43  98   5  11  87  58  18
   51  42  80  52  39  97  39   6  31   4  21  34
   91  73  21  54  97  80  45  46  36  57  13  47
    6  98  53  59  17  62   5  43  87  63  18  21
   50  79  56  76  47  50  91  53  31  74   6  55
   66  12  95  50  28  85  65  64   1  77  32  84
   82  30  22  61  81  49  73   4  15  97  37  81
   13   4  71  27  17  52  47  33  76  93  48  52
   56  36  66  99  29  48   5  50  78  61  79  41
  100  68  16  67 100  21  49  89  95  33  29  26
   15  78  14  56  96  93  71  21  91  74  83  23
   59  78  40  24  72  25  46  49  14  90  12  82
   76  18  63  69  65   8  35  17  96  21  72  92
   95  80  33  25   2  72  85   2
    2  22  61  20  98  71  67  77  76  64  29  23
   67  60  21  37  44  14  64  93  24  68  22  59
   62  61  94  90  60  22  32  39  60  72  19  47
   46  25  88  49  45  86  13  72  26  55   6  37
   98  21  24  52  17  65  68  23  75  64  79  45
   13  83  41   6   8  83  78  84  83  14  60  55
    2  19  96  81  71  33  38  19  38  84  81  18
   94  94  63  19  73  73  61  55  49  26  96  52
   39  49  33  27   2  31  76  89  40  53  73  42
   96  87  15  78  58 100  32  85  52  49  98  40
   50  82  33  15  63  42  91  72  46  63  76  67
   96  71  30  46  53  84  38  49  96  14  27   9
   51  61  66  47  82  23  69  80  98  84  88  19
   48  27  20  60  24  20   2  98  60  28  16  19
   35   7  83  96  65   5  69   3  12  62  81  96
   79  11  68  34  12  75  22  58  97  72  75  10
   66  12   4  16  88  94  27   1
   54  85  14   8  40  68  64  84  85  78  37  37
   53  86  44  59  56  60  47  41  53  64  55  74
   52  64  26  46  12  21  65  45  35  97  28  55
   78  53  17  60  41  45  83  43  76  30  27  84
   81  63  96  64   5  98  88  58  42  86  48  43
   38  77  68  94  84  22  92  83  24  65  10  82
   45  53  59  61  86  30  29  87  34  38  55  28
   24  18  20  48  39  10  58  11  11  50  50  79
   20  76  25  13  95  22  60  70  14  21  84   9
    2   5  70  84  32   2  41  52  28  42  70  63
   60  52  76  68  49  57  29  19  60  80  45  61
   12  44  89  42  68  68  75   6  42  73  67  95
   94  75  74  54  37  90  57  21  27  34  22  34
   70  17  25  31  25  52  71  47  92  48  14  16
   26  13  53  70  25  54  41  40  40  75  73  54
   68  81  98  41  55  72  12  27  95  49  55  36
   32  11  22  90  55  54  53  12
   40  46  35  22  51  42   6  30  28  65  46  75
   84  31  58  37  62  30  72  71  33  37  52  17
   96   4  85  89  84  60  95  87  57  21  32  85
    4  75  73  42  46  94  31  90  32  30  43  48
   41  11  79   9  82  48  38  48  93  32  48  21
   45  30  67  61  33  93  83  82  84  50  15  78
   59   8   7  24  42  56  37  69  50  61  13  50
   30  72  70  76  58  16  74  42  40  98  21  18
   12   8  36  55  37  10  73  84  11  49  19  19
   59  53  85  47  35  26  19  39  22  53  91  46
   34 100   8  96  15  11  99   1  37   9  31  47
    4  97  93   4  46  62  10  20  27  65  31  23
   38  48  40  21  99  35  46 100  64  28  92  30
   13   9  48  55  54  38  14   3  29  59  19  79
    8  90  24  70  89  35  18  41   4  72  20  37
    9  61  78  83  93  43  72  83  76  37   9  23
    5  42  27  66  57  36  92  55
   87  99  70  36  68  95  13  88  69  69  62  58
   85  56  30  70  95  26  15  88  67  84   2  14
   52  74  59  79  87  75  44  58  97  99  97  57
   93  98  49  18  69  57  12  21   8  98  84  80
   77  80  53  48  30  95  90  11   6  75  53  89
   31  84  84  45  17  26  14  71  60  36  58  99
   45  88  17  94  40  93  77  61   2  95  15  36
   69  77  85  93  70  54  37  45  20  81  98  36
   14  48  87  49  39  77   7   2  66  33  46  48
   51  10  79  79  38  41  67  20  54  96  56  32
   15  80  79  14  21  34  54  98  57  34  86  57
   97  92  66  93   1  58  68  50  10  16  57   4
   55  85  79  69  54  24  70  94   8  23  49  65
    4  12  22   4  16  53  80  65   6  49   3  44
   18  34  53  69  84  80  80   5  23  97  22  53
   37  27  97  50  17  50  15  68  37  82  68  18
   59  74  37  42  31  16  86  22
   77  66  17  78  94  15  27  12  11  14  69  11
   97  84   2  54  46  17  97  90  65  64  48  34
   77  51  61  65  26  67  63  34  70  70  96  54
   85  83  21  11  67  98  15  53  24  74  70  98
   85  38   1  31  95  81  34   4  17  65  17  34
   29  18  11  10  28  32  97  82  29  72  73  73
   62  65  54  71  76   9  70  29  36  65  72  70
   24  66  25  83  41   9  14  25   4  58  36  19
   45  47  13  56  18  75  77  94  89   8  81  58
   47  79  95  41  92  91   6   3  46  12  15  68
   45  74  45  33  44  83  34  57  15   9  37  69
   46  86  26  66  44  21  91   9  31  82  39  28
   49  11  93  21  54  12  96  51  22  57   6  50
   45  87  97  17  31  11  63  17   8  99  14  83
   18  96  76  17  22  11  95  83  98  18  32  20
   42  61  64  26  66  50  89  70  98  63  20  91
   87  45  86  90  95   8  35  39
   61  59  59  62  63  47  23   5  38  62  29  51
    6  75  35  82  12  31  25  57  26  48   2   5
   38  16  94  27  65   2  55   1  45  43  60  76
   40  50   7  78  35  11  18   3  40  81  40  19
   86  95  42  72  32  58  16  79  54  48  78  31
   57  18  68  90  66  92  49  96  31  72   7  59
   25  30  51  64  44  12  17  67   9  36  58   2
   63  96  56  71  72  60  16  54  28  66  61   2
   43  28  46  40  56  33  42  67  26  40  47  54
   37  83  81  47  96  71  90  64  37  82  41  98
   11  71  24  16  96  66  54  54  96  67  69  27
   33  49  31  19  56  58  24  91  37  17  56  75
   69  20  59  78  72  34  88  80  88   2  24  34
   82  37  64  64  43  29  38  74  82  40  92  35
   36   4 100  94  62  30  57  73  45  99  82  64
   89  69  19  35  25  67  32  27   4  96  12  53
    3  33  70   2  22  25  45  34
   64  78  26   2  48  16   4  67  88  25  17  73
   18   9  26  28  75  26  95  89   4  89  97  75
   50  67   6  54  67  81  99  51  14   9  65  45
   49  81  90  71  41  86  70  17  60  63   2  27
   83   9  89  98  90  72  40  84  66  61  67  93
    3  33  87  86  91   4  24  80  34  42   2  47
   33  72  52  13  97  72  13  59  42  76  24  21
   83  72  30  88  45   2  81   7  53  62  33  76
   41   7  44  51  46  41  80  39   8  28   9   6
   74  82   3  68  94  74  42   1  26  32   9  30
   28  33  89  40  65  13  78  66   8  61  71   1
   29  23  70  91  10  95  81  39  32  34  16  98
   85  46  88  82  61  95  21  54  59  98  38  34
   81  28  69  97  33  11  49  74  28  30  16  48
   82  20  16  56  17  73  94  93  57  36   7   9
   35   7  11   3  83  42  68  35  45  52  48  17
   62 100  20  15  86   7  61  51
   73  52  47  90   7  20  46  87  19  62  60  46
   99   2  84  67  96  73  73  65  22  21  43  66
   46  99  70   5   3  75  94  29  83  27  12  94
   43  41  83  72  97  18  30  41  23  66  33  91
   54   9  34  25  92  76  38  53  93  13   9 100
   80  70  71   1  31  16  12 100  89  23  78  54
   56  80  78  29  96  84  80   5  35  43  16  68
   55  77  75  21   6  17  10  73  93   4  32  47
   85  88  17  74  13  35  98 100  64  19  73  78
   90  24  96  75   6  46  86  65  81  92  22  39
   51  82  41  91  11  42  45  35  16  14  95  87
   82  46  14  81  88   3  84  58  73  54  49  72
   37  86  15  85  38  91  47  74  98  76  73  25
    2  57  79  33  89  60  17   7  67  25  92  65
  100  99  79  37  14  45   8  64  95  32  70  96
   93  42  21  98  16  68  73  42  34  15   4  11
   76  96  48   2  37  39   3  21
   26  87  28  74  54   8  12  33  93  55  25  79
    5  59  51  38  43  91  65  75  54  65  36   2
   76  35  22  68  42  99  75  69  72  98  40  40
   84  14  53  58  83  69  43  45  71  32  30  63
   39   9  26  16  69  53  38  52  40  55  62  59
   19  52  88  68  65  21  98  54  34  81  65  32
   69  93  55  58   7  63  27  35  77  35  30   3
    3  97   8  46  94  82  94  92  61  61  17  11
   98  49  95  11  98   3  40  46  42  22  55  12
    5  47  35  46  53  62  69  28  46  94  37  79
   35  10  11  64  62  20  55  89  65  75  26   4
   70  72  72  95  96  47  36 100  58  77  50  91
   59  86  39  86  94  36  21  45  53  32   6  67
   17  21  94  99  58  94  83  26  43  83  56  74
   28  63  93  17  62  49  64  64  88  99  32  71
   41  16  53  36  45  41  72  95  19  60  32  34
   73 100  61  72  12  31  84  76
   72  39  49  25   2  81  23  85  14  61  61  45
   98  61  78  84  42  14  86  35  32  96  94  74
   52  39  13  30  85  17  48  77  14  56   6  40
   18  28  90  92  74  55   4  54  61   9  48  93
   53   6  23  31  25  15  24  31  47  50  50   8
   90  75  94  26  25   4  51  95  18  96  12  78
   34  61  65  81  38  57   2  62  93  89   7  26
   60  14  66  26  99  31  65  64  68  94  84  92
   24   3   5  10  20   6   5  62  10  98  64  47
   47  26  57   8  80  83  58  38  58  13  41  78
   29   3  76  19  38  93  35  96  28  71  83  99
   43  73  89  63  23  83  19  69   7  34  33  50
   33   7  95  86  37  30  66   7  54  82   4  88
   18  90  66  56  58  28   9  86   6  20  84  98
   89  37  48  66  36 100  49   7  69  77  37  89
   15  84  60  30  93  89  65  92  26   5  96  91
   32  92  96  86  28  63   8  89
    6  10  31  23   5  93  17  92  71  57  86  83
   82  18  81  53  95  21  24  86  46  41  16  98
   52  84  37  35   8  85  49  68  89   7  93   5
   53  44  88  77  34  21  35  50  45  90  13  16
   81  36  80  97  19  70  77  47   9  35  23  48
   86   4  14  12  64  76  30  80  35  86  27  25
   71  93  44  47  26  90  96  76  30  95  82  73
   95  61  78  29  14  65  40  63  55  20   4  25
   71  62  83  93  92  62  76  78  28  18  55  17
   68  59  77  77  82  43  74  59  20  57  61  89
    9  20  33  24  58  77  60  52  56   8  98  88
   70  16  79  80  48  38  15   4  18  42  97  65
   85  22  98  98  37   4  70  70  40  42  44  74
   40  21  30  35  62  56  19   8  13  90  80  75
   75  98  64  52  17  82   2  80  80  76 100  34
   89  44  50  16  49  75  19  56  42  94  55  20
   32  52  87  96  62  31  23   8
   73  74  40  43  64  37  76   3  66  54   3  92
   47  22  79  73  11  20   4  94  94  15   8  92
   75  60  58  86  63  95  60  84   6  44  54  77
   85  18  16  46  21  12  55  53  68  11  23  50
   17  81 100  74  93  79   9  46  62  44   3  75
   21   2  74  56   3  65  50  68  80  33  95  78
   58  88   8  38  79   3  23  84  23  30  13  44
    2  14  84  24  66  80  80  23   4  45  79  20
   34   8  97  83  18  53  84  68  46  53  28  14
   51  65  50  44  96  33  11  72  85  85   4  94
   56  39  60  95  80  94  45  43  68  39  63  92
   66  45  51  86  54  73  84  50  50  67  73  98
    8  59  62  29  16  65  36  27  99  88  11  63
   20  18  41  94  73  28  18  64  94  79  65  99
   50  19  47  17  47  79  59  16  25  78  37  81
   60  21  49  88  66  97   2  94  90  84  35  44
   19  44  29  66  71  24  94  77
   60  82  52  26  52  42  34  95  36  37   9  52
   57   2  83  64  32  84  32  15  43  55  95   5
   38  97  80  53  36  15  64  95  19  25  87  85
   38  64  60  92  12  88  60   4  26  66  29  24
   32  87  80  75  50  56  90  95  68  95   7  41
   38  45  41  86  83  60  72  20  91  18  49  51
   18   7  84   3  85  36  60  19  85  31  25  57
   73  35  95  94  74   8  53  25  79  26  49  58
   49  84   1  23   7  94  92  64  48  85  75  44
   32   3  69  42  85   9  60  54   5  84   2  95
   51  27  13  96  53  51  83   6   8  89  66  88
   78  89  84  27  94  19  28  21  56  60  52  87
   27  14  80  61  39  98   4  92  91  48  81  51
   52  16  37  23  54  69  63  10  98  96  20  32
   53   2  35  27  54   4  99  49   3  42  77  70
   69  71  95  79  91  65  50  82  71  12   3   3
   82  19  84  80  62  10  92  72
   30  92  55  42   6  84  11  61  46  50   6  28
   69  42  69  81  63  39   2  87  93  41  78  32
   95  71  48  25  79  77  33   2  29  30  28  20
    1  24   1  59  27  75  95  24  10  27  27  43
   28  42  84  67  31   9  30  70  44  39 100  51
   64  67   4  32  63  51  25  56  84  73  18  93
   48  39  15  35  44  76  17  96  37  37   1  16
   65  96  18  56  42  54  90   2  51  31  17  63
   52  75  65  71  75  53  81  84  29  60  81  79
   89  10  56  60  10  43  70  52  17  23  61   6
   10  35  39  94  60  89  88  14  15  20  68  84
   92  81   9  49  87  56  15  75  65  47  65  52
   66  80  12  95   4   7  77  40  64   2  63  48
    9  59  39   3  69   4  52  13  54  76  20   7
   43  47  35  41  90   6  62  92  24  66  42  63
   44  67  87  77  26  71  82  81  15  61  87  50
   35  46  35  75  78  57  32  77
   38  21   9  29  68  33  81  25  96  83  41  59
   15  73  82  10  69   8  55  57  64  94  64  89
   55  48  68  98  54  88  80  79  26  39  70  34
   92  26  60  66  29  84  29  88  65  51   8  14
   86  69  84  62  32  84   1  59  96  48  54  33
   29  18  94  18  32  54  28  51  65  23  16  75
   40  94  73  40  26  43  70  96  43  50  32   3
   70  98  36  20  39  78  19  14  35  83  67  57
  100  12  26  24  30  66  91  96  74  56  19  60
   39  92  15   3  83  94  40  21  23  82  14  14
   26  82   6  83  17  28  43  41  74  54   7  98
   31   1  31  74  75  14   9  90  50  44  83  76
   52  45  54  62  34  77  76  84   2   6  59  86
   18  96  65  14  97  25  14  17  12  69  78  51
   86  12  86  77   2  41  20  59  91  48  17  68
   46  30  68  77  10  89  22  67  81  32  78  19
   14  69  92  23  17  16  77  71
    6  87  29  11  78  65  13  75  26  55  61  33
   31  60  35  40  83  42   7  17  85  24  59  42
   51  91  85  55   5  90  90  57  80  28  89  11
   25  69   9  39  94  45  86  26  58  44  71  15
   94  17  22  14  92  73   8  87  53  87  12  65
   88  91  25  35  21  79  50  46  83   7   3   9
   22  89   6  95  90   4  96  38  55  87  22  29
   95  41  39  24  96  22  16  37  60  52  34  45
   95  12  81  84  23  46  62  53  75  56  87  11
   94   7  80  77  36  24  76  33  63  93  20  19
   52  62  67  39  89  40  84  56  73  93  52  94
   12  55  57  41  24  14  99  41  41  22  91   3
    4  93  54  92  65   1  20  42  87  79  33  39
   45  25  48  37  24  93  30  47  19   3  55  41
   37  32  13  54  97  19  98  81  29  65  24  78
   69  32   9  61  71  41  83   8  95  75  91  57
   15  79  84   8  13  59  27  22
   66  59  43  47  66  12  90  91  97  17  29  56
   40  58  36  96  18  13  29  61  94  51  69  90
   77  34  60  18  16  14  46  66   1  37  17  52
   66  42  99  86  88  58  67  69  84   9  35  93
   14   7  57  45  81  59  33   2  29  66   3  34
   45  17  49   3  57  95  98  63  38  77  17  61
   98  30  13  36  96  13  40  18  29  78  90  31
   35  69   1  88  97  25  49  99  40  70  55  64
   29  28  82  72  73  11  35   9  24  24  59  50
   72  64  45  64  56  21  24  13  51  75  68  46
   76   3  93  11  94  68  59  44  10  29  63  74
   67  38  49  24  56  35   1   7   6  56  45  27
   89  29  50  83  22  71  27  67  60  94  30  60
    4   4  53  37  93  92  34  64  14  50  52 100
   89  56  30  97  88  83  32  98  22  95  63  39
   42  49  72  47  42  93  51  42  60  70  31  36
   74  12  87  33   6  43  38  31
   93  29  72  48  92  80  83  85  31  22  53   6
   62  86  35  15  86   8  30  22  53  17  85  30
   63  41 100  43  60   9  21  63  42  46  40  89
   50  78   1  23  77  27  95  58  65  14  63  92
    1  59  92  19  23  80  19  30  17  94  29  16
   16  17  54  67   4  60  77  72  12  37  30  15
   18  58  88  81  52  32  82  54  89  65  85  16
   55  64  23  44  23  33  67  20  14  74  38  18
   98  88   6  14  94  75  88  82  70  34  52  94
   41  58  11  21  70  45  29  32  70  86  17  92
    2  75  35  71  73  99  91  31  44  50  43  34
   20  13  96  42  54  72   4  15  51  13  68  11
   61  18  40  85  85  67  18  93  70  40  50  90
   14  13  32  26  61  64   9  51   5  66  71  14
   88  92  63  62   2  15  72  41  82   3  38  95
   20  24  47  66  48  45  33  95  53  32  79  22
   66  48  20  83  69  55  33  16
    3  51  98  81  46  85  39  70  98  17  63  73
   89  51  40  13  80  73  69  88  59  50  80  81
   44  27  31  51  85  28  11  37  61  57  38  59
   80  99  60  17  78  20  55  87  25  60  30  31
   16  45  22  85  78  76  97  68  68  38  53  77
   73  91  15  88  10  78  38  61  21  23   9  30
   83  24  42  12   2  63  83   3  11   3   6  78
   75  81  14  94  89  21  42  85  76  21  54  66
   89  59  42  31  12  96  30  54  56  72  70  89
   65   5  44  71  12  91  65  11  95  11  74   3
   51  21  43  19  37  59  73  12  45  42  93  12
   96  67  66  33  41  10  81  65  59  27  57  79
   59  55  45  27  82   8  23  38  95  81 100  22
   99  52  16  69  22  71  37  49  20  76  62  11
   82  79  20  82  27  75  65  72  99  36  87  70
   78  16   3  43  69  47  56  38   8  41  26  83
   61  91  16  84  25  69  61  30
   34  93  13  15  53  72  55  68  99  90  64  40
   49  41  86  66  66  52  51  19  99  89  79   6
   87  53  72  71  49  80  20  95  92  45  98  92
   13  54  70  16  87  53  80  52  82  23  63  25
   49  79  39  94  25  76  12  55  33 100  72  39
   81  77  98  14  67  66  54  82  70  64  87  83
   57   3  32  92  81  51  11  21  81  12  29  16
   82  26  80  59  94  69  43  70  15  54  82   5
   25  27  47  53  94  71  75  41  78   9  89  32
   15  93  96  24  32  18  92  52  42   9  56  87
   42  29  54  35  17  79  39  37  36  94  47  73
   56  45   5  56  19  40  21  37  52  20  90   3
   69  65  96  73  71  91   6   8  43  48  73  99
   55  23  37  78  67  39  23  11  22  54  43  98
   48  64  94  78  61  98  60  25  62  24  11  46
   40  43  99  88  66  95  69  34   2  53  46  98
   88  29  43  37  61  67  59  37
   36  87  57  93  22  39  35  35  51  66  22  35
   34   3  59  36  95  49  10  48  81  72  50  45
   53   8  75  71  89  56  98  37  85  86  49  19
   55  35  73  62  28   5  35  80  52  67  16  50
   91  59  14  19  29  86  43  99  62  20  38  74
    9  99  47  88   2  32  39  59  90  89  95  68
   44  15  20  64  47  14  30  64   2  64  61  52
   27   6  67  79  59  50  18  63  52  73 100  89
   77  19  19  10  23  97  95  45  93  88  69  81
   12  38  95  74  18  56  48  43  67  26  17  77
   36  91  10  32  13  69  52  31   8  40  84  63
   46  52  67  86  71  22  76  26  42  31   6  71
   35  31  65  83  46  39  84  86  86  39   7  74
   84  83  94   8  86  90  28  14  54  47   4  87
   69   7  36  90  29  88  55  52  47  81   9  67
   56  39  64   2   6  85   2  84  61   8  23  15
    6  63  44  56  40  76  99  41
   78  58  77  14  95  33  93  17  78  95  72  96
   76  18  48  88  61  47  81   2  29   4  54  17
   98  81  71  90  13  48  64  51  37  44  83   1
   62  83   7  17  99  53  34  46  86  15  86  14
   82   3  12  15  71  25  80  19  58  62  85  68
   75  69  43  81  74  75  93  46  34  80   2  26
   53  60  54  59  56  64  61  54  90  13  56  95
   27   2  98  41  60 100  67  19   7  51  67  36
    9  68  27  67  29  42  96  64  57  35  52  52
    5  82  90  28   5  94  33  62  17  53  26   1
   23  16  36  60  27  12  56  33  58  43   2  84
   68  88  11  51  33  95  46  46  50  90  93  54
   44  67  61  34  59  98  81  18  64  27  11  11
   53  70  28  92  41  19  37  15  68  37  63   4
   96  62  56  58  13   5  88  51  27  50  58  29
   72  56  84  11   5  53  10  89   6  46   2  33
   77  14  51  78  48   8  71  42
   93  73   2  69  63  20  48  28  68  40  74  34
   48  19  96  24  46  94  36  87  11  61  18  72
   95  67  73  77  58  14  37  59  62  60  50  26
   73  18  56  44  64  54   5  31  12  89  49  62
   97   1  49  65   7  20  68  24  30  31  73  76
   63  75  38  14   7  47  40  85  65  96  60  92
   48  29  86  92  68   2  10  94  47  29  27  67
    6  79  38  31  73  77  49  60  83  98  70  85
   72  77  16  91  83  99   7  19  62   8  65  60
   62  97  23  65  39  22  12  38  53  85  70  36
   70  50  43  73  61  30  75  16   2  94  21  87
   70  70  37  64  52  35  84  79  36  24  32  17
   17  25  48  20  91  81  10  83  63  92  98  59
   42  11  97  50  39  43  98  17  70  52  95  75
   60  54  88  92  34  22  79  94  24  80  79  58
   64  11  99  18  97  49  60  61  68  86  82  31
   27  66  93  24  28  89  27  93
   98  17   7  71  97  96  39  84   4  93  87  61
   27  28  19  51  38  28  58  13  68  35  92  19
   11   1  71  50  18  87   2   1   4  68  54  74
   45  28  59  84  78  61   9  57  98  74  56  30
   66  84  14  50  99  20  58  76  78  20  22  78
   43  33   5  35  96  22  61  39   2  57  11  92
   81  23  33   9  22  11  67  11  66  27  15  35
   24  86  39  28  60  17  60  44   5  53  65  54
   46  46  97  36  36  54  62  78  84  47  28  82
   63   7  21  61   8  25  30  36  10   6   4  40
   25  61  55  19  69  18  53  28  21  10  32  32
   16  86  83  10  53   4  63  50  93  31  85  50
   57  47  26  21  26  44  23  83  41  22  73  70
    8  93  37  24  88  82  33  97  11  23  43  57
   59  61   8  77  81  51  30  46  85  62  74  59
   41  71  64  27  77  67  86  67  86  51  85  12
   19  32  70   2  88  33   9  88
    8  96 100  16  36  54  71  42  19  36  91  64
   43  70  17  57  85  29  97  37  18  24  75  63
    3   9  84  35  95  80  50  95  43  79  92  31
   85  86  21  67  53  24  38  75  71  58  38  66
   55  97  10  93  13  90  32  54  45  31  75  86
   44  52   5  69  94  31  74  27  74  86  34  24
   51  79  23  66  87  12  73   4  37  31  11  29
   44  23  51  73  48  18   3  14  77  86  69  69
   56  45  41  97  96  48   6   4   8  95  41  30
   87  26  16  63  26  24  91  34   7  14  25  13
    6  62  60  12  90  78  37  87  21  16  86  37
   48  66  31   1  16  66  85  60  62  94  58  40
   15  70  48   6  93  56  48  67  13  58  41  73
   76  22   3  20  82  36   3  39  20  33   1  10
   70  86  50  51   8  11  95  26  97  63  73  36
   99  46  14  29  62  99  38  92  29  10  60  58
   35   1  84  96   7  44  11  24
   32   9  83  40  74  84   2  70  67  67  49  51
   66  79  53  53  23  91  40  97  88  25  37  51
   12  45  65  32  42  69  49   6  25  61   8  86
    5  36  60  36  25  53  24  65  27  24  16  33
   52   7  49  47  37   8  36  64  21  82  89  88
   37  35  18  73  20  18  29  20   2  31  31  76
   14  23  27  44  85  92  21  67  43  84  14  43
   14  93   8  13  21  63 100  70  88  84  88  55
   37  96  68  57  86  87  33  12  55  94  75   8
   60   2  86  76  16  44  55   2  35   2  70  15
   32   6  17  95  15  35  79  70  93  16  42  18
   75  25  85  61  66  86  89  73  69  72  33  78
   87   4  91  44  22  49  42  89  72  28  57  82
   36   5  10  38  11  95  70  21  89  62   7  42
   66  18  86  62  32  22  77  91  78  82  41  87
   91  56  42  56  61  48  42  51  70  14  98  77
    5  53  70  84  45  18  15  73
   32  14  59  66  13  84  75  48  69  17  44  29
   74  92  50  81  75  27  58  11   4  62  13  49
   68  71  37  59  57  58  36  33  40  53  92  93
   65  20  70  92  59  50  12  11  32  63  40  60
   69  12  56  81  38  76  43  45  86  68  62  52
   40  26  55  32   5  20  42  44  67  50  24  77
   91  45  81  51  25  64  74  16  90  95  42  47
   93  58   5  55  19  98  61  76  30  96  90  79
   69  57  50  60  62  19  79  47  11  47  95  95
   97  40  96  91  84  22  59  52  15  49  40  22
   10   8  77  75  70  13  85  20  78   8  61  88
   94  68  80  46  59  99  98  85  92  33  50  32
   94  34  50  39  44  94  93  88   2  39  53  93
    6  19  84  96  75  17  20  70   8  45  72  17
   81  45  35  66  54  88  80  81  63  75  61  52
   27  38   9  98  40  35  35  73  80  59  31  54
    4  27  68  51  45  90  96   4
   16  18  17  73  45  61  88   3  35  32  92  13
   11  59  97  51  36  57   7  50   6  27  62  28
   56  54  40  88  56  12  54  23  11  58  51   8
   62  38  17   6  88  80  71  63   1   2  71  15
   51   6   8  81  23  77  11  69  39  93  44  69
   54  13   7  60  64  81  36   5  96  31   4  53
   17  78  17  42  25  29  21  91  59  70  93  10
   91  79  53  90  31  18  49  14  22  32  70  43
   45  56  40  32  17   9  18  16  89  95  98  19
   52   7  15  49  29  21  33   4  80   1  57  61
    2  94  25  90  26  37  13  43  22  50  32  58
   91  40  29  61  76  98  86  62  51   7  23  57
   30  27  94  30  58  10  91  49  21  92  40  67
   37  97   4  27  62  33  80  53  89  93   5  58
   44  59  47  40  91  95  14  84  29  55  47  59
   93  75  26  22  55  81  64  15  23  82  12  63
   37  74  54  84  79  39  15  75
   28  36  50   8  59  15  12  91   4  28   9  17
   23  94   9  86  41  51  48  23  54  54  28  62
   23  73  20  62  74  98  58  92   5  36  50  45
   77   8  64  25  22  55  40  57  34  36  83  83
   79  25  67  61  89  13  31  66  62  11  82  90
   64  44  95  46  28  55  13  58  53   7  42  71
    8  76  58  48  26  58   7  66  10  65  97  22
   29  26   7  29  18  88  79  16  81  16  29  32
   89  89  33  40  79   7  38  24  56  84  58  81
   91  54  73  29  26  65  31  99  65  86  47  44
   82 100   5  31  20   9  51  44  83  30   4  86
   49   1  47  76  60  73  31  51  26  17  74  64
   22  21  63  87  92  87  48   7  50  40  50  30
   72  16  56  77   4  72  20  89  58  82  62  23
   15  37  73  52  21  42   7  67  90  24  86  78
    6  23   3  11  15 100  12   6  33  32  38  24
   44  10  74  43  98  46  78  56
   36  54  89  21  94  28  50  87  97  40  92  18
   65  20  97  78  88  24  21  60  33  29  87  79
   38  36  99  71  17  70  31  99  54  79  30  48
   11  34  18  25  18  31  87  61  83  87   9  14
   86  46  22  60  79  71  43   3  89  52  59  65
   18   1  32  98  36  53  98  75  92  67  65  88
    7  26  16  60  72  36   5  32  57  26  61  69
    2  49  87  62  20  81  60  24  98  22  27  89
    1  93  13  21  59  45  12  99  82  43  93  32
   51  84   3  50  20  83  55   6  18  81  40  77
   46  41  21  64  79  51  35  90  66  21  91   4
   30  85  74  74  63   2  42  96  37  50  24  87
   93  36  24  89  47  85  19  66  87  52  60   6
   77   9  73  20  52  53  54  42  22   9  74  32
   69  19  78  71  51  53  85  63  95   3  84  39
    8  82  43  49  63  31  98  68  12  12  62  96
   76  10  19  56  56  33  28  92
   73  84  45  91  10  78  98  68  50  85  97  48
   67  60  69  12  90  64  92  49   1  60   3  51
   36  20  88  15  88  17  96  42   4  30  23  40
   83  43  23  19  83  45   4  94  15  28  30  86
   42  89  18  22  86  33  40  29  22  65  24  42
   77  97  50   1  38  47  57  49  41  34  34  35
   81  85  28  13   7  32  38  39  20   8  21  77
   77  53  85  94  93  13  96  63  33  37  74  58
   19  77  90  63  27  95  75  62  88  52  13  47
   87  17  38  13  66  62  46  60  19  65  84  92
   95   9  54  21 100  78  12  59  91  66  68  25
   84  69  91  43  47  87   2  41   2  27  73  51
   26  96  38  13  54  13  79  67  71  94  37  61
   22  66   6  46  99  57  34  79  57   2  26  21
    2  36  40  37  91   5  88  98  43  55  39  79
   26  40  14  60  65  16  90  26  41  45   2  63
   86  94  31  69  89  34  23  41
   49  40   7  22   5  75  14   5  79  50  41   6
   51  38  93   4   6  71  90  37  42  46  59   8
   69  18  42  75   9   3  86  62  90  78  56  53
   57  84  24  90  62  20  72  79  68  46  96  86
   52  82   2  39  98  13   4  24   4  80  30  90
   76  88  20  48  35   4  21  68  10  51  93  80
   40  19  10  79  78  53  51  18  86  64  11  10
   38  21  91  31  18  56   9  18  20  59  88  66
   51  84  66  36  29  44  91  46  81  14  22  75
   47  29  26  65  76  85  85  18  30  40  91  95
   79  13  46  24   8  82  62  85   8  88  63  26
   85  32  86  53  56  75  76  34  45  41  90  97
   91  14  96  32  43  39  73  88  58  21  11  78
    8  27   9  73  73  84  80   7  47  83  47  73
   32  71  43  27  41  60  13  83 100  21  12  22
   45  85   6  77  23  47  71  50  90  61  98  99
   17  43  85  47  82  66  43  72
   41  31  45   9  43  16  91  21  34  56  49  58
   92  13  42  98  41  35  40  16  43  66  52  74
    7  42  31  29  77  91  70  30  48  33   9  19
   51  79  23  28  61  35  36  81  95  95  10  99
   14  51  50  90  16  80   5  56  48  59  63  90
   94  50  58  80  84  12  63   5  87  93  95  33
   16  38  13  29  25  77  16  48  12  40  48  36
   14  43  94  34  15  96  82  72  36   4  81  75
   43  60   3  59  45  51   2  32  92  58  72  93
   75  52  54  38  29  95  28  48  31  45  16   2
   98  48  81  68  93  46  34   9  19  71  22  77
   19  47  35  18  83  90  10  70  39  12  20  63
   60  11  83  20  60  81  61  54  94  10  55  73
   62  71  10  75   5  39  12  51   3  73  90  84
   82  28  17  51  12  51   5  18  98  80   8  45
   95  46  25  84  96  72  95  79  36  73   3  67
   93  58  69  75  89  25  62  26
   78  54  84  95  19  44  25  23  98  44  58  73
   13   3  28  19 100  68  23  31  52  86  81  80
    7  99  92  34  49  51  91  59  16  81  62  21
   89  31  38  82   3  36  99   7  35  34  75  52
   15  58  45  79  21  43  34  45  77  19  18   5
   59  16  19  13  88  63   9  21  36  87   9  81
   21  13  87  44  12  63  60  55  25  62  94  61
   24  29   4   9  24  82  49  39  83  40  42  94
   15  19  42  15  76  32  56  39  74  92  42   5
   63  12   2  45  48  98  90  96  81  62   9  89
   62   9   6  55  41  42  80  23  15  66  80  21
   30  83  99  73  79  94  81   7   7  96  19  43
    5  87  51   3  11  62  68   7  14  16   8  73
   51  40  54  19   7  25  43  57  14  62  56   4
   56  37  25  70  62  37  28  65  11  46  95  99
   31  48   2  79  95  23  72  12  31  52  80  98
    9  14  48  44  49  84  45  49
   12  81  59  29  47  58  88   4  38  91  92  36
   81  30  61  42   7   4  10  14  69  21  86  25
   58  69  68  30  88  16  62  60   7  10   3  28
   89  77  57  25  42  27  21  25   1  43  19  77
   30  92   6  14  24  23  66  46   9  57  16  64
   37   4  98  37  94  45  86  17  92  47  83  31
   75  54  24  90  17  90  69  82  18  60  13  77
   12  46  75  23  60  11  11  47  55  98  99  57
   19  31  53  40 100  11  12  64  81  19  46  76
   73  19  57   2  15  50  74  48  75  35  58  99
   57  72  96  22  86  45  10  61  24  11  46  42
   56  11  84  69   4  64  31  27  14  69  26  78
   63   7  36  68  60  33  57  19  41  86  18  34
   73  86  73  95  52  29  11  67   5  92  45  89
   86  33  24  85  82  87  20  56   9  72  39  82
    9  83  17  25  58  96  17  25  60  67  33   3
   50  29  89  57  89  98  39  68
   56  48  68  70  14  53  31  56  83  75  76  57
   76  19  33  67  91  19  17  16  11  49  29  71
    4  21  57  36  25  78  73  47  17   3  38  80
    6  12  95  44   6  58  77  86  14  33  99  89
   17  58  66  70  84  97  64  82  73  48  70  18
   27  41  45   2  74  45  33  94  28  67  69  95
   90  47  70  39  48  61  42  92  72  22  74  63
   22  78  43  92  41  15  11  57  60  52  26  71
   95  46  23  83  49  89  20  80   8  10  25  82
   47  72  30  46  27  76  12  65  92  59  34  69
   75  90  47  22  93  80  86  25  50  72  74  16
   36  46  18  66  26  16  10  85  80  36  30  18
   49  91  45  44  63   9   5  81  43  44  47  81
   94  95  94  32   7  93  57  59  58   6  30  23
   13  34  92  18  17  20  14  77   8  36  44  69
    5  95  25  98  16  44  79   4  33  65  20  61
   35  78  40  83  85  37  25  18
   98  75  31  67  12  10  29  84  88  10  61  93
   25  70   8  49  35  53  67  69  50  87  54  44
   19  69  99  28   7  62  52  41  94  97  79  74
   84  71  64  84  92  51   7  93  52  66  25  94
   16  19  54  43  51  74  45  66  45  65  69  55
   98  94  12  69  34  30  76  37  86   6  84  51
   13  26  74  72  82  59 100  29  85  42  35  18
   28  79  69 100  33  43   8   7  41  70  76  35
    9  67  16  47  12   7  84  77  42  29  57  22
   10  41  28  48  39  18   6  87  75  99  18  42
   78  95  10  77  26  83  41  30  14   4  91  99
   54  68  57  57  76  55  50  37  27   8   2  43
   69  38  59  46  85  26  87  83  73  18  67  61
   48  26  97  49  43  32  96  88   7  84  95  84
    7  96  46  12  28  51  16  10  70  98  89  87
   53  54  69  20  13   2  74  50   2  93  42  86
   89  47  25   6  63  47  94  53
   55  99  22  64  54  69  46  42  29  37  43  97
    5  31  74  69  30  48  28  67  79  63  14  76
   49  21  63  54  58  42  34  32  51  19   6  15
   94  18  83  80  78  78  92  80  17  15  84  40
   46  13  33  58  28  34  34   6  45  11  10  29
    6  50   5  46  41  34  84  50   6  15  42   6
   75  21  91  52  54  52  70   3  64  84  40  43
   55  63  86  32  98  11  16   4  87  23  61  62
   43  65  76  89   5  80  42  38  40  83  58  34
   35  63  52  77   5  80  71  42  82  70  87  75
   28  41  98  96  24  76  22  99  75  31 100  52
   13  33   1  95  89  86  12  43  79  65  47  81
   84  20  43  73  26  72  58  52  52  20  77  26
   31  31   6  76  57  49  74  57  48  91  37  97
   43  46  70  98   6  77  75  35  23  22  74  56
    7  90  16  83  89  66  70  12  30   6  32  11
    8  40  19  23  28  73  70  62
    201   207   203   205   192   214   197   198   200   215   215   211
    217   207   218   203   206   206   200   191   210   220   206   202
    213   187   194   199   221   187   189   207   209   208   205   188
    192   202   215   204
