 25 100
   99  50  29  64 113  19  89  60  54  53  88   7
   64  97 111  44  94  12  22  49 111  89  29  14
   90  88  19   8  34  70  16  89  56  94  61  50
   79  64  53  28  94  57  75  41  53  26  90  75
   58  48  42  33   9 102  47  69  21  84  78 100
  106  64 112  80  59  22 103  74  26  68  52  83
   34  35 117  29  61  13  91  72  49 113  14  46
   97  58  14  52  69  48  45  45  66  67  99 115
   61  80  29  39
   25  24  75  85  43  31  37 102 108  41  59  42
   42  70  44  61  77 113  76  72  11  71  22  23
   90  40  35  54  28  11  21  57 103  47  49  63
   79  56  11 108  70  44  38  23  32  63  43  37
   58  76 103 108  37  77  35  60  93  37  92  95
   36  40  37  79  18  63 115  31  29  50   7  93
   75  72  82  77  50  80  82  62  89  80  38  27
   51 104  90  94  33  99 111  79  49  49  44  63
   22  50   9  79
  112  99 111  71  23  39  17  81  41  54  82  63
   81  81  40  73  32  59  63  59 104  72  57 102
   93  14  86  33 111  77  30  58  58  95  50  60
   94  76  23  61  51  99  77  62  84  57  73 112
  101  88  33  76  76  60  57  62  39  10  14  63
   18  20  65  62  38  79  46  93  36  23  47  42
   20  95 106  60  27 108  93 113  40  43  80 110
   83  81 105  82  30  67  44  56  72  26  39  60
   85  18  54  44
   61 100  53  52  94  55  83  80  24 107  57  52
   52  21  86  19  89  17  42  90  21  49  20  54
    9  87 100  27  42  85  11  70  99  24  78  24
   88  74  39  81  24  65  45 103  21  89  23  32
  110  93  59  16  16  67  23  67  46 102  13  37
   84  62  17  67  55  28  48  67  69 109  45  15
   43  59  51  40  77  82  24  82  94  74  31 106
   42  39  80  58  56  46  22  32  96  85  38  45
  114  22  15  30
   97  95  34  77  68  90  65  40  16  30  47  47
   37  66  42  20  90  41  23  90  37  57  31  35
   37  42 100 114  59  15  37  29  64  22  94  14
   69  89  99  51  92  98  31  37  81  35  66  35
   52  47  93  91  62 110 104 116  35  77  16  94
   32  10  59  68  51 103  20  89  47  69  84  32
  100  61  45  83  49  15  79  25 116 102  45  26
  100  53 110  28  74  98  21  92  84 103  62  59
   70  24  65  95
   79  70  96  73  14  11  64  41  39  65  72  70
   60  98  92  97  14  28  34  91   5  22  81 103
  102  14  14  83  64  67 102 100  50  84  80  63
    9  44  45  79  12  42  11  48  64  94  74  39
   64  78  59 119 111  36  23  55  71  54  89  80
   32  43  58  36  10  99  99  41  20  96  10  21
   72  81  62  45  91  13  14  78  80  20  26  17
   93  87 110  95  81  33  62  26  77  78  28 110
   93  21  87  94
   75  27  36 114  74  18  42 112  87  60  41  13
  102  44  42  92  30  76  60  62 112  32  90  36
   17  18  42  83  12 104  77  24  70  62  45  34
   74  41  20 100  46  58  92  62 100  18  37  19
  102  67  21  56  53  86  19  88  41  67  17  14
   38  49  33  26  79  85  92 113  90  77  91 101
   80  92  39  42  75  57  54  34  61  60  27  86
   84  82 106  41  43  78 100 106  39  56 101  88
   61  37  78  91
   69  17  48  31  88 107  54  47  91  91  26  43
   48  39  53  69 102  99  97 112 106  81  80  33
   44   6  23  67 102  51  61  40  79  79  51  71
   69   4  54  79  50  99  85  58  10  29  84  96
   49  16  97  31  40  75 104  23  72  70  45  62
    9  19  16  81  60  16  78  47 103  64 105  34
   89  63 116 114  90  43   8  24  52  86 108  69
   27  34  51  55  17  25  44  46  54 100  82 109
  103  43  41 104
   73 118  90  66  88  23  65 103  95  31  58  75
   35  69  15 112  77  76  72  85  21  82 108  29
   26   8  85  83 106  18  62  59  44  41  55  54
   72  18  24  33  28  54 101  92  92  14  85  32
   47  50  48 102  51  43  15  70 105  97  54  44
  100  67  75  74  34  39  12  45  52  42  70  51
   98  59  33  43  34  87 100  15  25  42  25  96
   24  64  67  65 105  62  84  42  96   9  38 100
   61 100  75 110
   48  94  33  58  85  89  78  26  96  28  69  55
   84  71  71  51  64  98  70  86  65  19  77  35
  111  24  68  63  35 101  24  25 107 115 100 110
   38  91  33  56  74 107  46  76  42  93 106 103
   92  75 112  65  87  28 110  35  19 112  39  27
    6  14  53  39 101  95  23  89  81  89  16  30
   56  96  42  59  97  66  97  99  19  71  81  83
   39  90  26  87  15  75  44  36  73  47  92  89
   22  94  12  56
   74  56  89  26  78  26  11  41  67  27  61  63
   92  38  84  45  63  72 111  19 107  33 103  64
   40  85  67  81  97  81  52  70  77  47  56  79
   76  44  19 102  46  76 104  63  81 109  17  86
   93  79  50 110  19  95  62   6  38  38 103  27
   64  83 109  76  18  68  82  41  18  59  27 107
   58  47  45  61  94  15  47  24 104 105  34  77
  107  44 100  87  43  75  39  33  49  34  36  95
   59  51  64  75
   60  57  11 106  38  46  71  70  28  81  43 103
   63 100  12  39  35  98  37  44 102 100  45  34
   64  29  94  28  95  72  28  58  47  66  25  28
   47  42  34  91  99  82  27  77  29  78  39  28
   22  97  68  38  16  21  35  48  59  86  66  37
   17  63  53 100  54  96  99  98  92  39  80  81
   59  37  30  57  39  94  67  31  59  90  75  68
   56  12  67  28  58  84 102  96  92  95  64  54
   61  77  69  78
   53  14 102 102  47  21  95  45  47  13  62  11
   62  95  34  82  63  39  48  75  43 105  89  41
   69  93  97  66  31  35  41  51  73  46 108  83
   13  98  68  38  59  63  32  32 100  29 100 105
   35  75 109  61  64  93  92  93  59 108  75  25
   16  23  41 103  38  99  61 103  69  53  59  52
   82  82  46  68 103  76  59  43  85  44  66  55
  105  99  59  18  72  43  25  36  29  26  89  31
   82  96  46 107
  103  74  63  35  55  75  93  48  54  81 107  80
   60  49 106  68  44  47  94  33  45  41  26  75
   80 107  46 102 112  43  74  94  82  77  62  40
   52  31  84 107  65  14  36  92  97  64  52  15
   90  75  51  83  86  58  95  75  47  22  81  19
   21  13  50  87  69  98  82  79  19  46 110  64
   25  52  99  78  63  76  35 101 113  64  41  27
   19  27  30  14  41  46  85  28  53  23  51  57
   88  62  15  83
   63  20  31  38  31  56  26  61  60  90  56  81
   66  90 105 110 111  99 102  39  70  27  45  26
   52  35  43  45  35  46  82  83  35  23  69  11
   28  94  89  63   8  92  23  34  46 109  67  86
   71 109  27  11  50  37  87  35  58 102  35 115
   84  74 105  44  11  27  29  23  36  58  32  74
   98 101  43  70  23  35  13  64   5  34  23  87
  111  43  83  59  61  84  30  82  77  69 118  66
   73  99  99  65
   94  82  26  49  43  45  50  53  25  19  18  57
   78  87 108 108  21   7  28  45  95  42 104  43
   78  28  99  76  23  97  19  41  65  30  62  98
   34  82  22  46  28  41  40  73  61  47  40 103
   36  26  30  25  52  36  71  43  32  46  33  89
   79  26 104  23 107  46 103  52  93 111  41  29
  107   4 114 113  39  36  86  42  23  97  89  31
   90  13  91  29  30  92  50 105  88 113  48  43
   48 115  14  35
   73  83  60 100  45  55  26  43 104  21  75  58
   53  84  88  60  40  34  80 112  36  55 106  57
   36  58  69  79  88  28  16  69 111 107  43  59
   54  44  84  80  37  45  79  69  29  91  83  64
   32  98  65  61  81  57  57  31 100  23  23  26
   84 102  54 116  37  94  92  42  92  37  19  65
   28  87  97  70  62  57  35  90  25  29  24  34
   42  80  58  27 103  20  32  96  41  69  84  84
  100  13  30  77
   53  38  33  50  60  59 101   8  90  48  24   3
  107  70  39 104  45  50  86  80  37  36  24  54
   60  78  36  80  96  37  54  70  88  65  19  80
   57  74  76  27  41  13  90  65  56  97  19 106
   95  90 100  68  48  52  87 108  52  84  19  49
   34  61  88  55  85  27 103  48  47  45  26  34
   37  23  36  19  47  93  98  27  24  86  24  39
   35  61  83  17  50  76  98  18  95  97  20  43
   86  39  64  65
   70  60  65  79  63  76  56  11  15  40  40  46
   59  79 109  21  41  20  25  55  27  30  81 107
   49  39  32 113  88  91  21  91 101  19  44  82
   85  88  79  71  84  48  27  89  78  44  20  97
   87  12  67  88  86 103  52  54  69 119  56  20
   38  63  64  70  68  39  57 112 102  99  10  55
   73 117  86  22  62  92 111  30  82  86  23  33
   56  18  13  72  82  80  99  32  81  30  72  17
   66  58  94  93
   52  64  70  78  20  41  98  86  48  31 115  73
   40  24  50  84  78  47 102  44  93  23  48  81
   28  54  98  50  64  42  80  15  69 108  32  77
  108  46 114  42  22  52  48 116  94  42  46  78
   70  16  85  67  54  54  54  50  27  78  21  88
   29  35  89  40  86  16  48  44  28  32  66  43
   32  69 105  85  74  74  77  43  17  76  27  89
   79  62  50  20  64  56 103  68  52  43  24  11
   96  73  52  50
   21  23  63  35  40  89  20  10  18  51  37  82
   71  53  57  83  32  51  36  43  40  95  75  69
   47  70 104  81  69  20  62  81  76  87  70  52
   65  12  77  97  22   8  93  44  82  64  35  38
    2  43  76  19  42  78  77  42  82 102  48  86
   39  90  55  72 111 105   6  32  62  62  90  59
   54  65 103   7  93  95  59  91  61  41  59 103
   75  56  46  41  72  11  53  95  13  55  48  25
   27  88  32  59
   61  25  36  63  46 117  41  43  29  26  72  67
   90  29  24  15  71  86  94  36  79 107  66  14
  112  73  53 113  29  81  85  90  75  43  59  57
   66  46  49  36 102  69  78  99  78  72  66  49
   83  53  60  89  16  77  73  28  32  75 110  25
   18  70  41  55  30  23  63  51  58  52  89  60
   57  37  76  71  75  80  55  41 110  89 105  72
   67 101  77  54  25  86  49  16  59  66  64 103
   73  87  64  80
   46   8  75 102  69  52  94  98  16  40  64  32
   13  42  62   9  96  98  97  73  36  30  87  20
   78  34  44  46  75  91  33  35  73  95  34 108
   34  44  78  21  20  96  56  80  80  86  62  54
   32  66 101 105  33  84  87  79  55  19  73  46
   22  31  30  65  99  21  52  81  81  31  28  55
   34  44  18  24  22 105  30  60  31  82  49  87
   35 103 103 107  61  90  42  72  88  93  36  23
   38  73  29  42
   47  81  72  71  20  27  43  83  63  77 105  28
   72  78  16  26  74  38  70  60  20  67  51  50
   76  81 109  29  73 100  41  63  62  83 119  44
   66  60  19  54  89  92  89  24  55  45 103  99
   54  49  27 113  37  29  62  19  72 110  14  96
   51  11  39 104  17  68  30  43  98  46  52  27
  111  44  58 103  32 100  70  95  31  42  45  32
   11  33 112  71  33  72  44  88  58  72  85  27
   17  40  49  64
   50 106  47  78  35  75  83  64  35  29  91  94
   79  49  42  39  19  44  25  31  30  97  42  96
   32  36  19  25  98 100  83  49 106   9  32  48
   59  61  22  71  70  52  34  58  63  21  87 108
   38  17  93 102  44  11  78  21  59  44  98  29
   18  26  65  20  29  54  96  88  52  54  24  23
    4  38  23  36  25  76  78  19  16  80  42  93
   12  98  39  33  36  88  75  34  34  22   9  58
   69  63  71 111
   15  64  78  49   2  99  30  53  55  49  16  96
   49  15   3  72  19  96  82  55   4  15  82  90
   15  14  94  99  80  38  88  24  55  19  42  57
   38  44  49  83  17  60  30  71  57  85  23  45
   56  54  69  79  96   6  71  37  94  28  39   2
    3  43   1  25  53  86   4  37  86  43  64  30
   69  83   3  85  55  92  29  42  57   6  94  68
   19  58 100  53  42  69  62  66  47  44  17   4
   50  36  90  74
   83  80  32  27  76  83  83   3   2  71  47  63
   69  42  59  57  27   7  40  44  98  48  96  93
   12  70  73  59  82  98  99  53   7  67  56  47
   32  52  95   5  48  74  70  95  86  57  63  77
   51  41   8   6  74  43  77  55  26  70  25  13
   72  73  70  29  96  46   4  76  90  58 100  20
   37  32  28  30  64  38  31  56  22  32  73  90
   52  15  30  21  85   9   6  34  61  62  73  50
   93  68 100  36
    5  17   4  34  86  78  91  37  65  63  38  42
   36  25  80  38  88  59  46  47   8  45  51   2
   27  95  16  82   6  30  77  50  61  20  61  54
   11  32  94  57  62  17  27  49  18  53  36   4
   10  15  72  44  44  57  47  56  77  97  99  42
   89  86  46  45  81  33  58  13  66  97  61  69
   84   7   8  43  90   1  19   6  72  76  38   8
   33  26   3  28  86  39  62  47  33  82  70  48
   19  99  61  60
   49  14  58  63  25  48  20  24  81   4  58  61
   58  84  34  93  22  99  64  18  89  66  94  53
   99  31  20  88  61  26  98  34  12  87  35  79
   22  46  69  39  78  38  58   4  83  15  80  75
    4  25  53  94  95  44  91  53  56   9  93  83
   21  53  93  41  52  83  61  40  38   9  73  90
   61  48  69  75  42  34  84  20  18  45  88   6
   68  72  30  59  47  61  89  84  24  26  68  60
    5  88  98  85
    6  16  85  34  42  24  47  70  99  85  61  68
   76  45  63  83  13  70  85  21  71  58  80  80
   69  77  20   3  49  98  67  90  47  91  18  96
   37  18   9  59  20   9  88  74  35  68  52  74
   53  72  26  27  45   6  16   1  68  30  96  16
   71  94  61  37  66   2  97  23  65  35  28  77
   17  57  66  27  55  95  28  83   3   9  58  82
   18  63   4  80  40  13  93  13  28   3  56  53
   44  92  51  23
   29  50  16  30  91  95  47  75  73  40  35  43
   47  15  11  23  99  75  72  26  97  93  30   4
    1  93  97  36  41  36   7  17  70  25  24  56
   95  72  66  27  93  69  91  68  44  13  44  77
   52  36  61   1   3  74  86  64  40  48  22  35
   84  59  61  75  94   7  14  70  91   7  92  88
   39  21  56  59  11  95  88  33  31  91  93  96
   23  23   1  15  38  74  56  77  28  33  85   6
   10  84  26  16
   28  81  70   4  41  97  63   4  20  58  69  99
    6  76  77  19  79  40  48  54   7  88  15  79
  100  99  61  19  97  16  33  80  33  45  65  76
   28  79  90   6  72  55  10  58  10  91  74  94
   13  46  94  63  55  19  85  20  65  36  88  93
   72  58  85  81  29  30  10   5  20  26  15  11
   38  11  69  63  38  57  62  86  59  51  75  23
   21  24   5  64  63  34   4   8  72  56   8  17
   44  79  29  12
   40  93  66  85  16   3  57  62  29  26  88  60
   54  76  54  49   9  20  14   5   9  38  34  74
   69  96  96  45   5  56  50  62  32  23  51  38
   42  99  55  23  54  12  29  46 100  75  28  17
   54  92   5  89  71  27  16  82  38  46  68  54
   95  96  87  27  49  89  42  62  14  51   6  76
   22  39   2   6  29  67  98  95  54  28   9  45
   86  82  56  61  90  83  63  65  57   8  33   5
   13  72  62   2
   38   2  29  53  32  92  49  11  16  85  58  32
   76  33  93   2  40  28  42  23  85  22   3  78
   84  98  21  27   5  91  46  59  70  71  53  58
   41  95  79  81  84  57  17  23  12  97  22  71
   58  53  65   4  57  76  97  49  14   6  49  63
   14  42  36  32  69  79  99  58  52  66  40  52
    5  44  78  65  77  25  12  95  95  73  83  18
   91  49  43  40   7  57  20  60  15  95  69  16
   45  20  37   8
   64  16  80  47  34  31  32  85  22  85  39  56
   33  32  34  52  47  10  40  22  48  94  28  71
    4  89  51  43  76  11  83  78  10   1   9   6
   64  28  71  54  39  10  57  40  69  27   5  17
   28  39   3  47  20  88   1  78  99   5  72  86
   99  94  49  64   2  12  91  23  37  18  91  89
   51  14  76  43  11  53  22   9  96  31  30  27
   63  28  88  19  92  41  59  83  36  60  19  25
   80  20 100  55
   31  61  13  77  28  92  98  70  47  79  48  50
   17  78  28  70  56  38   8 100  10  82   7  52
   78  26  38  28  20  34  57  33  36  69  54  36
   35  62  88  10  67  33  15  41  24   2  99  34
   16  33  61   7  97  16  53  97  74  66  15  84
   40  26   2  31  94  47  38  65  93  56  82  11
   59  58  63  51  21  95  73  86  16  15  76  32
   10  61  13  18  70  41  66  73  57  85  76  15
   52  57  41  30
   43  47  99   6  82  71  42  47  82  27  77  15
   49  16  99  79  77   5  80  60   8   5  71  82
   54  74  25  80  20  32  82  57  55  46  86  76
   59  78  82  15   7  36  75  30  80  36  77  83
   93  14  35  80 100  88  76  56  48  16  41  65
   97  49  56  19  51  19  19  20  15  72  32  34
   43  77  75  50  81  21  43  83  57  24  39  52
   46  93  52  83  50  32  14   6  20  23  53  49
   58  36  47  29
   58  95   6  11  68  96  22  67  67  90  52  94
   52  16  79  29  40  64  63  32  68   4  22  76
   34  15  18  52  75  73  78  64  33  72  12  21
   90  12  50  82  48  39  83  70  18  79  17   1
   83  42   7  50  43  21  14  16  53   2  40  77
   91  83  61  17  76  12  44  13  43  58  60  60
   21  28  60  37  14  26  56  59  20  76  49  52
    1  17  57  84  41  66  91  83  86  84  17  79
   29  23  59   4
    8  38  50  68  60  45  16  59  57  24   4  34
   60  67   7  39  62  61  12  69  61  70  76  40
   40   3  69  10   2  73  42  11  20  32  44  75
   61  88  29  12  50 100  73  18  18  41  67  92
   15  33  69  25  25  53  12  28  62  92  39  89
   91  90  63  16  45   7  20  37  85  71  10  42
   79  59  19  25  41  38  76   3   6  41  74  91
   84  92  89  92  73  67  27  81  65  90  52  54
   29  56  98  20
   44  93  81  66  89  57  87  45  60  23  54  31
   46  20  13   2   6  12   4  76  46  87  58  83
   50  82  62  68  72  58  37  28  68  79  40  91
   86  19  27  52  95  28  81  68  57   6  51  27
   38   2  85  98  56  83  32  72  55   9  81   5
   20  34   3  61  98  85  78  95  70  53  79  36
   12   1  68  35  97  70 100  38  98  80  92  33
    8  72  27  48  52  36  76  38  32  40   2  42
   41  12  19  51
   23  37  93  54  74  71  56  62  86  97  91  48
   36  16  10   3  99  95  78  59  22  64  15  73
   33  92  12  28  90  14  84  61  43  85  55  10
   81  32  84  62  89  70  65  30  42  60  70  12
   72  77  89  84  63  69  40  70  70  61  78  20
   36  92   7  79   6  56   6  58   9   5  72  75
    7  99   6   2  69  78  21  69  94   7  22  84
   28  90  26  84  80  18  66   1  25   2  63  61
   65   3  92  84
   33  33  52   7  73  61  94  63   7  95  33  51
   61  26  17  53  74  78  31   4  75  61   6  59
   76  53  39  25  23  91  89  49   3   5  73  61
   54  76  23  30  74  72  40  36  76  11  19  46
   85  18  46  50  30  45  61  86  12  92  94  91
   22  11  62   4  74  26  25  67  28  66  95  50
   75  24  20  38  56  47  82  15  89  76  84  72
   67  36  47  89  17  85  73   7  64  42  31  33
    8  93  89  25
   51  64  84  61  59  44  10  99  17  55  83 100
    9  46  74  11  59  62  22  40  81  84  78  53
   57  42  67  36   8  73  55  35  14  47  91  24
   47  28  35  83  68  97  23  45  57  14  92   6
   21  16  11  34  67  63  24   5  63  22  97  64
   76  58  27  61  32  93  14  64  56  59  93  77
   65  88  75  92  62  20  20  80  80  27  95  69
   71  46  29  94  53  36  16  84  19  23  95  67
   22  65  41  50
   49  57  42  34  39  39  58  97  89  65  65  67
   50  27  10  92  78  90  91  59  92  76  38   2
   62  72  76   1  22  16  98  14  14  86  59  25
   34  29  24  43  20  59  90  31  25  71  93  13
   27  92  38  26  24   6  59  61  50   1  46  82
   79  46  44  44  43  67  61   3  18  15  96  59
   34   3  19  98  49  11   8  86  22  23  92  83
   55  95  92  31  34  38   6  77  22  86  35  86
   49  56  10  20
   50  48  40  33  99  75   8  19  63  72   3  47
   72  78  54  29  25  66   2  68  20  92  65  24
   74  55  13  61  51  70  39  97  36   5  71  32
    3  59   3  66  87  67  64   2  21  78  59  24
   48  97  35  51  59  65  51  67  86  25  98  18
   82  82  30  76  28  91  71  67  89  81  46  62
   82  51  14  17  45  40  40  77  87  30  85  26
   24  49  60  85  51  56  10  52  68  73  81  93
   22  41  53  61
   97  89  46  75  66  16  84  96  89  56  71  30
   42  62  50  25  84  58  73  68  63  20  30  42
   55  35  11  28  38  84  55  21  35  22  42  57
   46  97  43   8  81  99  19  66  34  55  74  72
  100  66  42  85  72  31  26  75  34  13  68  29
   67  13  65  40   9  15  98  83  52  48  13  44
   51  41   8  99  19   9  61  22  57  63  57   3
   33  60  57  72  33  93  53   7  98  48  55  92
   93  19  75  54
   52  78  82  40  72   2  77  63  80  91  45  36
   21  89  80  88  48  29  11  78  41   1  37  91
    5  33  54   3  77  23  35  26  41  72  60  58
   52  65  69  68   4  48  40  15  27  43  51  55
   28  59  45  31  97  27  38  81  73  29   2  84
   87  47  67  62  85  95  57  65  58  68  15  60
   57  65  35  35  36  23  52  67   9  26   5  39
   42   8  26  61  83  28  69  93  45  41  44  13
   46  22  51  24
   74  95  37   9  37  57  15  13  95  69  47  81
   99  78  50  97   7   5   7  30  71  89  24  99
   38  83  61  65  32  24  76  84  39  16  76  11
   82  67  33  96  89   8  53  38  36  25  48  52
   81  46  11  14  78  18  24  40  58  91  30  60
   91  80  78  42  16  86  60  30  34  74  86  59
   69  75  85  91  90  15  81  55  81  37  54  24
   79  12  11  12  51  27  78  32  25  17  66  92
   65  42  83  67
   71  25  44  41  95  91  65  32  54  30  10  86
   31  34  97  85  32  82  47  59  86  38  60  54
   34  37   5  86  35   9  79  46  40  30   1  70
   54  56  92  66  16  19  13  95  61  59   3   4
   54  67  93   4  71  89  49  91  35   6  92  24
   54  98  81  13  94  48  89  73  15  64  55  87
    8  75  48  14  79  10  34   7  85  75  68  72
   96  71   8  35  77  48  67  26  55  39  21  80
   93  79  60  51
   61   5  56  25  82  32  24  55  76  77  20  10
   32  62  77  70  92  58  89  72  89  14  61  19
   76  79  99  78  15  14  35  62  14  98  77  65
   59  51  83  46  46  67  68  44  40  87  15   7
   81 100  18  13  75  92  27  90  57  60  17  82
   88  80  40  88  77  59  14  18  67  66  79  82
   99  65  83  83  86  36  33  94  95  28  62  13
   99  19  66  69  69  15  44  82  85  86  99  44
   34  57  41   2
    163   168   152   179   163   158   156   157   158   150   154   169
    157   153   165   167   159   170   156   171   165   153   169   170
    180
