 15 150
   87  29  22  47  25  97  94 104  92  26  12  37
  103 115  52  30  82  40  62  10  71 107  45  21
    9  68  46 108  27 104  25  62  80 110  17  90
   47 110  23  91 102  81 100  27  28  94  38  92
   38  29  75  90  72  65  88 103  59  42  95 101
   89  66  27 101 104  81  60  53  15  74  84  46
   71 110  34  99  16  56  37 103 106  80  99  67
   65  86  45  62  32  37  79  48  63  23  96  27
   64  87  98  79  37  22  62  39  82 108  69  62
   39  92  74  43 106  68  24  14  87 105  93  31
   15  89  42  51  37 101  81  81  33  51  27  91
   25  54  51  48  87  48  40 108  78  17  46  10
   47  68  64  79  77  53
   36  70 119  54  28  87  98  23  59  78  38  90
  106  91 112  23  49  59  37  57  42  87  67  29
   21 100  69  47  46  96  37  72  85  23  95 107
   89  18  20 100  85  29  53  75  70  69  38  23
   53  10  27  48  64 103  23  82  46  85  91  76
   41  16  96  98  34  43  29  91  61  55  82 107
   11  54  29  59 105  92  57  72  39  11  57 109
   80  72  36 103  93  54  23  30 106  56  72  10
   20  89  37  21  65 103  96  38  26  41  86  87
   25  36 102  94  95  74  81  97  39  74  65  64
   40  79  41  53  70  53  55  58  45   5  84  74
   80  71  50  36  94  64   3  74  90  92  66  85
  100  78  46 109  87  98
  101  98  50  55  68  63  50  43  14  45  55 113
   20  80  98 111  76  60  82  23  85 100  79  86
  101  55  21  92  48  96  79  83  77  33  35  47
  100  22  97  93  59  46  81  88  34  34  87  58
   44  62  90 104  18  62  47  74  15 106 101  23
   88  12  61  96  28 103  43  77 106  26  84  79
   49  67  71  43  73  65  71 100  72  26  55 113
   90  44  76  31  98  65  35  46  13  21  53 109
   70  80 101  62  88  75  94  31 106  64  54  21
   98  74  73  47  41  91  61  54  45  56  18  89
   18  96  49  47  18  81  72  85  52  39  32  36
   25  68  50 111  45  59  46  41  96  90  47  14
   27   8  76  92  66  43
   88  65 111  80  19 105  63  39  97  54  49  75
   64  93  84  59  61  43  14  28  71   7  89  27
   83  99  14  94  80  76 111  75  33  82  93  81
   98  25  93  39  43   6  61  66  81  19 108  90
   73  58  62  75  90  94  79  58  88  65  76  94
   80  17  94  84  53  31  74  28  61  92  56  79
   48  85  12  90  70 102  25  65  75  86   8 102
   75  36  65  53  92  88  87  23  49  55  33  59
   16  87  77  22  40  73  31  96 105   5  44  80
  105 100  60  32  22  65 102 102  28  56  50  61
   68  75  29  70  34 102  16  45  90  57  49  87
   64  55  54  72  96   6 102  53  92  50 112  17
   80  69  26  98  27  80
   14  78  82  53  79  49  62  27  41  90  81  56
  106  40  75  85  19 102  83  98  94  72  82  39
   31  91 103  49  61  83  52 114  59  99  90  83
   68 102  59 104  41  35 109  60  16 106  22  79
   51  22  20  48  52  38  70 103  30  60  36  87
   75  96  48  73  69  56  11  33  40  81  20  29
   91  64  11  59  85  57  75  58  87  56  93  34
   21  14  56  67  37 109  77 113  74   9  25  43
   44  22  76  98  90  14 116  95  71  92  59  17
    2  83  44  36  59  94  23  83  42  75  66  36
   43  18  26  15  36  19  65  54  93  21  37  15
   95  66  95  37  33  66  71  60  27  40  21  63
   18 117  39  88 111  80
   53  53  78  96  35  71  90   6  29  70  36  54
   33  70  75  81  23  20  78  20  94  52  53  51
   15  13  74  37  49  74  31  18  24  47  59  52
   75  40   8  90  79  76  71  46 107  40  79  60
   41 100  24  65  79  16  98  67  24  52 110  28
   61  64  66  38  12  88 109  52  38  56  55  48
   59  30  53  56  31  92  70  97 104  78  63  14
   76 116  31  25 100  81  51  58  52  53  48  72
   19  58  76 114  35  25  57  89  26  27  15  16
  108 100  70  38  59  58 111  44  86  50  25  74
   51 101  75 107  51  72  95  60  87  34  13  42
   56  21 114  48  69 114  98   6  53  63  17 107
   95  97  22  31  53  59
   50 100 106  25  76  33  98 107  97  77  56  15
   47  68 110  98  45 104 103  33  85  42  50  29
   59  33  11  30  37  45  64  77  91 112  84  40
   61  50  31  23  38  55  90  24  67  68  18  22
   41  89  92  69  51  91  19  39  72  58  21  88
   44  37  77 101  82  93  45  47  87  35  34  51
   16  94  43 102 115  44  82  71  84  21  29  71
   43  55  36  42  58  75 104  51 107  20  99  96
   29  96  79   7  29 104  43  52  65 107  87  64
   68  25  41  49  54  90  58  28  17 108 109  84
   57  26  45  33  99  26  46  46 102 103  92  77
   51  66  62  21  11  22  88  52  97  22  95  81
   30 118  28  99   7  47
   20  56  92 107  19 112  45  86  22 105  11  14
   93  47  18  92  26  95  32  72   9  64  57  33
   75  36  92  42  88 107  29  80  48  69  44   8
   36   5  57  40  61  50 108  90  64  25  63  46
   17  26  73  30  72 108  52  79  50   7   5  33
  116  36  89  81  10  71  94  97  65  26  41  72
   39  50  10  44  16  25  50  16  26  97  69  20
   82  44  62 102  57  43  74  39  26  16  25  72
   52   7 102  56  38  53  33  92  51  26  44  96
   66  54  68  39 107  24  58  36 100 102  11  84
   37  28  42  73  94  85  49  14  89  98 102  35
   23  85  49  15  47  20  79  57  19  72  77  58
   50  98  52  70  31  80
   77 101  52  53  28 110  52  92  22  88  92  34
   37  55  74  50  22  28  82 103  32  20  99 104
  100  55  27  27  43  71  46  85  56  63  42  95
   54  59  78  35  18  18  79  66  99  31  72  47
  100  42  30  85  64  78  36  91  85  80  41  66
   38  53  99 103  96  25  49  54  58 110  88  31
   41  46  19  31 105  63 103  63  26  23 108  52
   63  23  38  18  64  42  27  43 107  68 105  58
   36  64  52 114  25  40  93  72  85  65  35  32
   38  29  30  15  93   6 105  86  31  41  62  81
   51  75  32  77  68  75  57  90  93  95   7  25
   10  74 115  45 102  39  53  37   5  55  93  77
   32  64  69  49  64  74
   88  53  83  28 106  31  21  95  49  29 114  66
   30  73  57  52  23  17  93  97  55  75 101  63
  108  44  67  76  96  46  88   8  63  23  29  40
   77  47  54  15  71  71  75 108  21  63 108  99
   30 101  19  66  23  93  50  40  54  97  49  28
  109 108  86 104  36  52  12  50  22 118  95  22
   59  51 102  93  19  31 107  25  75  42  16 101
   31  72  28  79  62  95  26  37   9  86  94  34
   64  33  74  75  55  14  90  51  71  39  77  85
   55  57  73 111  76 101  67  25  88 100  34  81
   79   8  67  51  42  67  68  99  27  72  60 103
   67  18  56  99  14 111  25  57  28 101  45  98
   95  24  91  78 105  82
   18  17  79  39  50  57  32  42  13  30  33   8
   83  41  95  50  58 102  98  86  58  84  23  27
   18  88  73  92  37  80  72  42  64  25  86  53
  116  82  57  45  43  57  58  32  71  42 112  63
  114 100  67  73  68   9  16  17  23  76  22  95
   76  39  16  36  72  43  88  26  16  27  73  31
   50  34  51  44 106  36  16  35  67 107  77  69
   17  84  13  78  27  71  97  55  88  60  16  23
   43  92  43  82  48  33  33  73  44  94  89  98
  103  88 103  25  89  42  48  58  55  35  50  63
   43  78  95  21  87  75  74  46 106  15  74  89
   40  59  32  78  87  94  68  77  38  37   9 112
   70  71  90  29  85  76
   39 114  83  20  89  29  96  39 103 109  17  98
   41  45  88  73  84  39 103 105  13 108  12  23
   57  36  65  58  20  63  28  14  59  66  62  36
   80  34  20  39  36  49  15  15  69  73  66  30
   24  60  32 110  92  51  47  15  36  88  48   9
   97  75  62  81  70  99  59  36  55  34  46 115
   38  67  94  53  49  50  58 103  67  23  39  82
   57  69  18  56 115  35  82  40  50  97  38  81
  104  41  73  40  27 105  86  48  38  31  42  89
   15  70  41  71  30  34  68 100  57  68  75  85
   42  48 103  83  79  84  25  54  64  32  72  33
  106 109 105  95  52  62  86  78  22  16  16 100
   98  68  87  98 100 101
   93  70  52  12  92  62  54  67  75  31  71  72
   57  79  69  87  86  77  65  28  88  65  26  63
   82  53  64 118  94  42  23  40  15  95  94  34
   55  18  77  65  85  93   7  48  99  31  98  23
   58  45  42  77  28  42  59  85  28  96  56  78
  118  95  21  66   7  52 104  76  72   7  85  62
   32 102  25  97  95  56  16 107  35  25  65  29
   72  68  96  83  74 112  29  75  90  25  34   9
   49  13  98  48  44  26  90  91  84  79  73 112
   13  63  62  65  88  91  53  47  23  80  44  39
   49  90  78  83 104  32 102  36  62  22  45  14
   59  51  26  69  90  46  32  21  78  99  76  91
   84  10  24 103  49  13
   91  22  87  44  70  77  58  24  17  66  16  20
   65  72  41  82  91  94  23  32  67  90  21  96
   94  82  25  88  81  40 104 110  69  92  17  87
   84  59  95  44  41  33 108  27 106 112  36  71
   16  83  57  85  19  51  65  37  32  60  79  25
   76  40  34  12  33  91  83  63  79  18  22  93
   33  49  65  94  91   9  27  59  28  67  20  41
   35  31  47  60  39  69  41  55  33  44  20  91
   72  15  20  54  80  57  61  40  17  92  52  50
  112  52  40  29   5  35  88  78  45  37  82  23
   99  22  71  31  37  46  13  62  94  78  44 100
   59  65  76  31  56  15  66  30   6  69  99  46
   76  50  48  55  62  60
   36  26  24 108  22  14  96  37  55  93  72  83
   54  20  72  17  32  69  34  30  91 109  41  61
   63  29  85  17  93  67  63  65  81  97  27  49
   78  33  85  87  23 114  61  27  54 101 102  41
   74  80  75  33 106  48  60  72  65  62  89  66
   24  31  18  89  38  48  58  83  35  91  95  67
   50  22  91  14  34  76  40  43 102  93  57 103
   76  63  89  93  64  53  64  93 114  30  83  14
   34  27  73  21  49  55  70 102  59  91  89  64
   19  51  36  21  29  49  84 102  28  70  36 110
   88  93  93  88  95  21  43  23  97  57  24  85
    8  80  24  20  48  31  69 103  87  71 104  95
   43  55  16  37  29  86
   15  75  84  65  86   5  10   2  18  85  99  68
    6   1  68  85  29  80  47  98  45  10  63  90
   97  40  73   8  89   7  90  41  36   1  99  28
   71   4  88  21  16  34   9  76  74  10  78  16
   79  84  45  21  46  48  22   3  56  67  22   9
   29  38  86  15   3  36  50  58  93  39  29  61
   39   3  73  10  95  58  82  14  14  28  12  44
   38  18  67  52  72  74  32  63  50  89   6  75
   43  15  13  26  72  85  51  72  27   9  37  53
   65  16  33  59  12  41  88  97  16  12  10  73
   88  26  62  66  73   1  38  35  87  61  90  18
   80  54  53  71  25  61  75  12  30  94  58  97
   55  43  43  24  28  63
   74  34   1  50  87  22   7  82  44  37  70  25
   11  17   1  97  57  53  83  45  68  32  48  82
   85  12  39  63  56   6  70  43  23  90  23   7
   22  93  93  16  31  86  50  45  37  47  74  86
   50  99  84  59  47   7  95  22  70  26  12  27
   65  96  22   7  68  69  76  27  46  49  23   8
   98  61  83  45   9  21  49  32  63  92  62   2
   33  41  81  12  26  59  88  83   7  57  33  98
   98  21  74  97  48   5  22  64  91  75  21  31
   80  79   2  20  20  35  26  23  72  29  54  48
   76  27  64  51  44  56  48  44  70  99  22  34
   34  31  58  68  18  46  99  37  22  19  46  18
    6  32  74   3  27  19
    5  20  64  55  38  42  70  73  89  71  60   5
   89  36  19   3  29  47  36  82  29  11  38  19
   16  48  85  10  58  22  23  23  36  78  83  70
    9  95  12  27  46  65  35  27  80  76  33  61
   67  43  30  14  85  45  73  46  87   5  15  87
   14  98  54  21  85   7  75  36   5  91  21  37
   53  42  35  61  34  37  42  19  42  79  58   7
   13  72  28  79  21  55  75  67  98  92  57   3
   37  35  16  47  21  36  13  87   1  39  48  85
   15  39  36  56  78  20  47  49  69  56  93  22
   94  17  57  73  93  33  48  19  52  63  79  84
   84  48  56   1  60  56  65  70  19  22  61  93
   77  94  26  19  47  75
   22  54   4  33  99   7  57  71  23  65  71  37
   56  18  23  54  41  77  93  83  48  96  28  88
   25  20  90  13  23  41   6  38  76  28  15  34
   11  81  20  77  72  98  46  39  26  92   2  21
   46  57  57  43  25  14  36  62  29  38  27  24
   35  91  15  24  60  76  35  84  41  22  56  23
   54  17  99  19  40  17  80  48  32  24  96   2
   45  73  50  51  17  20  23  80  70  65  78  46
   88  21  38  82  62  38  88  22   6  98  59  36
    5  19  47  75  85  39  18   9  76  47  54  46
   46  33  87  44  82   4  93  69  17  60  65  29
   38  63  55  41   6  98  18  57  19  55   8  94
   31  40  94  16  77  36
   90  30  31  55  31  60  43  83  67  24  36  59
    9  64  41  32  97   9  33  21  24  30  35  64
   76  26   7  65  47  34  63   1  43   9  13  35
   49   6  50  13  70  73   8  53  98   9  89  30
   62  81  92  63  63  75  46   3  77  55  67  27
   37   6  65  37  48  57  96  80  71  34  97  75
   22  42  93  60  17  51  33  59  16  55  10  84
   90  93  53  43  78   6  40   4  37  95  91  68
   66  96  40   8  16  97   4  11  37  22  60 100
  100  27  60  78  46  19  81  32  78  32  40  81
   67  89  77  97  81  83  44  60  13  85  77  98
   10  39  18  74  79  43  46  60  85  65  89  57
   95   1  81  21   4  29
   51  53  40   6  67  46  23  96  88  43  73  59
   70  50  33  39  95  97  33  97  25  50  49  60
   87  99  29  81  56  32  74  86  85  70  50  58
   30  64  94  30  32  36  32  64   3  67  23  53
   70   4  87  46  32 100  17  37  82  52   7  89
   46  55  52  73  95  31   7  60  81  62  62  60
   48  77  54  59  76  16  37  15  15  41  46  93
   36   3  85  95   2  28  55  53  50  51  63  42
   98  47  34   4  79  87  57  17  92  77  87  94
    3   6  41  74  51  46   2  71  28  55  81  33
   59  14  39  11  62  31  19  56  24  81  95  60
   48  85   3  58  40   2  19  96  59  48  92  11
   21   8  89  87  64  56
   58   2  13  84  37  78   7  13  22  40  60  94
   59  40   4  13  71   2  11  72  21  65  56  76
   50  78  92  74  79  61  47  39  16   7  18  71
   44  62  72  88  65  63  24  93  52  45  93  90
   71  17  28  35  65  20  90  80  30  48  85  27
   75  70  35  13  23  20  73  67  18  73  73  69
   93  26  73  13   5  59  20  40  29  92  81  39
   68  56  69  60  61  42  13  57  13  83  13   7
   78  23  38  98  85  12  77  66  48   4  18  53
   52  85  64  58  56  19  55  83  96   8  11  21
   49  93  59  87  18  85  64  64   5  17  25  35
   54  45  57  83  97  84  20  57   9  95  11  32
   89   2  88   8  95  73
   93  59  15   4  96   6  64  16  88   8  91  96
   16  63  99  19  93  19  84  42  99  38  45  72
   32  84  21  71  25   3  83  36  70  40  67  96
   71  97  54  71  50  61   2  25  40  83  44  58
   94  78  32  87  34   7  53  33  67  95  97  79
    3  83  14  30  98  33  15  10  50  93  76  42
   75  70  97  64 100  77  56  89  88  13  35  88
   34  62  44   6  49  59  30  71  77  89  77  30
   59  95   7  49  65  54  74  20  55  86  72  22
   53  65  35  66   3  92  50  76   2   9  94  32
   65  91  67  30  26  30  54  92  25  13   8  76
   91  25  56  99  70  89  32  59  93  48  40  48
   53  20  52  40  83  27
   28  14  53  60  85   1  54  22  87  25  23  75
   82  65  44  56  88  88  21   8  80  88   8   6
    3  63  83  84  68  49  58  19  52  47  68  18
   64  61  34  76  93  89  27  46   6  73  39  67
   11  69  90  35  47  24  75  21  27  31  69  45
   77  56   8   5  23  85  63  60  47   7  23  85
   70  72  88  78   4  45  16  49  79  86   9  65
   51  82  78  88  55  66  90  70   9  38   8  48
   66  40  57   5  86  75  19  34  35  45  70  82
   82  90  81  89  24  97   9  25  74  73  57  25
   53  35  73  27  43  27  54  18  13  13  96  82
   93  45   2  72   4  68  63  80  99  59  22  43
   75  49  50  53  50  45
   20  60  33  82  13  75  99  24  60  87   4  51
   87  42  51  52  83  87  24  13  57  36   5  53
   10  67  36  43  17  65  15  94  39  92  73  68
   38  64  57  90  36  48  44  11  83  52   6   4
   77   6  84  46  89  18  57  64  61   9  71  87
    5   2  30   4  79  65  96  61  91   2  17  90
   54  62   6  11  96  88  11  89  33  77  98  10
   78  31  77  31  47  23  91  81  93  34   9  84
   40  80  43  38  57  92  21  59  43  67  40  27
   53  56  29   4  32   5  53  95  16   7  79  25
   30  98  44  64  70  44  37  19  82  39  43   8
   36  92  51  12  94   6  88  60  92  12  68  18
   21  90  24  27   9  28
   95  94  37  69  55  47  86  60  91  85  70  98
   26  72  24  55  56  13  10  23  61  26  79  90
   91  32  33  23  74  30  40  72  42  86  34  65
    4  29  58  66  65  61  57  71  35  77   1  44
    5  12  44  35  41  93  92  91  89  43  90  18
   26  77  87  75  37  63  18  93  89  87  38  75
   66  85  55  65   3  82  94  79  36   7  38  40
   87  25  96  39  80  41  14  63  24  45  95  91
   67  15  60  24  54  74  78  35  67  26  26  13
   13  31   7  79  28  72  68  54  56  77  68  51
   73  28  17  85  18  33  45  60   4  96  40  16
   66  55  84  33  18  19  34  34  78  81  94   7
   38  45  12  82  28  27
   65   5  37  99  22  90  14  69   2  10  87  12
   66  71  15  45  18  80  13   6  98   6  99  79
   54  78  44  58  88  40  84  93  44  48  54  74
   39  69  98  72  69  56  91  92  34  41  53  80
   79  51  77   6  28  65  63  91  72  28  64  96
   17  37  43  27  41  12  60  80  61  74  62   5
   77  44  16  66  71  67  53  10  44  95  63  24
   61  36  99  64   3  76  37  71  60  10  68  23
   11  72  38  66  87   9  22  69  78  82  69  19
   90  46  76  36  85  79  37   9  46  35  35  27
   65  70   9  19  23  19  77  60  47  83  34  81
    8   2  13  19  63  57  30  40  89  99  97  12
   19  45  29  12  17   4
   25  44  50 100  21  45  52  37  45  82  38  31
   55  29  37  26  24  25  40  83  18  37  92  48
   38  54  44   2  23  78  90  79  97  11  13  79
   65  96  32  50  25  16  95  65  12  86  18  87
   46  74  65  34  90  68  43  21  89  24  54  27
    2  23  88  44 100  59  14  44  39  97  34  46
   71  12  79   5  22  61  86   4  79  93  52  73
   39  39   8  31  37   4  90  39  13  93  72  98
   58  99  17  66  62  76  23  12  34  26  33   5
   92  42  47  49  24  11  50  59  86  25  62  71
   57  21  35  25  16  74  14  78  46  80  61  89
   59  54  88  48  14  56  77  83  38  10  37  20
   33  96  88  14  58  91
   20  88  22  65  38  42  47  86  98  43  91  88
   41  41  65  37  29  22  96  80  41  24  85  13
   11  29  92  28  36  71   7   6  42  23  98  30
   28  56  14  65  67  73   7  92   3   2  67  46
   97  22  50  29  83  55  50  69  85  60  35  81
   35  69  82  97  71  19  33  47  39  96  97  21
   78  68  42  26  25  99  79  53  89  38  99  70
   73  72  61  49  66  37  71  56  72  70  91  20
   44  97  87  64  38  58  57  77  86  27  57  67
    3  68  71  78  99  68  30  39  59  71  25  88
   12  83  34  72  75  58  99  52  13  36  67   8
   58  38  42  84  59  98  54  75  97  42   3  65
   39  64  64  51  57  51
   70  89  90   7  91  96  10  70  61  24  43  29
   59  90  47  98  88  49  77  75  16   7  67  42
   41  83  35  95  18  36  48  43  27  12  83  69
   25  79  23  31  89   6  44  81  64   2   8  79
   31  24  33  74  14  57  50  40  46  58  14  45
   93  77  85  22  73  56  56  24  68  12  12  47
   57  94  23  96  72  43  67  62  17  21  48   8
   30  55  29  16  40  60  48  10   6  73  24  89
   74  78  31  88  56  54  43   9  45  11  25  38
   96  53  79  95  75  53  19  13  85  41  74   2
   20  18  12  25  11  92  70  91  23  46  79  22
   98  30  87  95  68  88  50  14  33  35   6  20
   62  47  95  68  81  23
    381   374   385   366   402   419   401   438   407   387   419   400
    395   443   401
