 15 200
  103  76  31  73 100  86  93  24  85 108  39  85
   76  70  44  76  37  21  57  70  61  92  47  73
   85 110  67  95  40  10  57 100  29  84  78  43
   91  23 103  23  87  25  43  93  33  62  35  49
   20  95  64  66  59  74  76  71  83  69  97  49
   37  14  98  21  58 115  95  94  81  51  94 105
   96  67  49  50  34  63  79  57  42  24  77  58
   40  61  60  27  66  60 107  33 110  51  44  83
   99  71  92  17  37  51 104  89  87 105  94  16
   37  65  48  94  64  83  83 104  54  23  10 101
   67  99  80  66  97  14  49  93  12  49  52  43
   91  97 100  83  72  49  57  73  55  46  14  31
   16  47  66  79  43  87  23  81  83  28  42  42
   62  85  49  29  30  97  54  42  33  38  52  27
   64  56  88  19  87  11  19  58  63  83  22  61
   18  92  88  10 108  66  14  60  84  29  27  77
   36 100  54  64  57  16  60  27
   33  10  75  75  50  12  85 101  29  18  28  85
   76  46  52  29  91  40  62  88  42  18  69  79
   61  55  36  34  20  93  32  95  54  74  54  52
  113  21  97  31  85  27  33  60  96 105  51  38
   57  62  71  68  40  83  91  73  92 103  64  54
   41  54  67  21  42  11  15  42  98  29  89  99
   95  47 108  79  53  29  14  66  16  57  80  85
   83  75  83  68  92  70  44  85  55  97  75  91
   13  50  47  16 102  97  43  60  92  94  86  21
   65  62  98 104  83  42  37  92  39  59  66  13
   43  88  70  55  81  50  98  40  43  78  13   8
   28  80  35 107 102 104  28  36  55  84  86  86
   37  97  57  37  91  18  22 116  21  38  78  85
  110  27  58  68  69  88  89  23  93 102  19 106
   15  18 114  94  81  48  41  36  13 106  21  45
    8  41  40  36  45  96  34  50  64  93 102 100
   85  31  71  86  82  62  58  50
   49  19  70 109  55  83 107  46   5  24 104  21
  103  55  57 103  30  75  54  57  11  33 101  92
   55  27  71  51 104  90  31  49 109  88  78  95
   94  96  48  54  91  68  40  28  80 104  68 109
   96  14  84  38  23  89 114  25  95  65  11  91
   64  84 105  37  22  53  49  39  16  65  96  88
   49  44  57  85  89  10 106 101  69  59  25  95
   63  82  58  51  87  64  92  85  50  15  49  37
   49  33  62  79  58  74  71  68  13  93  98 101
   85  86  50  54  18  93  32  21 106  55  57  79
   85  35 103  70  61  43  54  26  29  50  58  84
  101  64  90  59  74 105  44  79  38  63  67  73
   79  60  55  23  90  98  91  27  35  92  60  96
   75  96  87  52  20  27  30  81  80  98  36  33
   48  80  95  53  90  33  77 106  81  60  92  65
   46  92  72  56  81  49  90  23  69  41  65  28
   33 104  97 108 103  51  66  38
   84  68  47  36  57 112  94  77  94  87  54 115
  101  78  96  87  67 101  60  68  70  26 104  89
   21  38  13 101  74  18  48  17 114  70  84  27
   49  77  41  60 105  71  72  28  23  24  77  37
   48   4  73  66  90  51  70  36  16  73  36  23
  110  75  52 104  33  12  85  73  64  75  26 101
   86  24  90  16  19  25  37  18  84  66  98  53
  100  99  44  10  87  93  89 108  62 114  28  37
   56  63  72 106  89 110  67  63  71 101  10  62
  112  53  47  76  93  27  61  52  39  57  22  94
   83 107  85  64  16  14  57  74  49  21  95  69
   38  12  47  21  99 102  49  75  85  71  59  30
   82  79  92  13  26  26   3  13  89  49  69  37
   85 103  52  68  41  28  63  38  49  95  47  31
   30  33  66  78  15  43  48  69  66  75  38  85
   69  83  58  69  42  76  72  13 105  37  52  88
   85  53  98  53  68  79  87  16
   22   8  43 118  67  98  15  99  31 111  57  41
   92  54  15 104  28  30 104  92  47  58  72  45
  100  46  19  68  40  38  51  12  54  41  14  38
   24  37  83  20  63  97  40 101  20  34  69  45
   26  90  52  39 109  46  99  67  49  41  13  99
   51  56  42  71  25  23 108  95  63  23 100  74
   42  85   5  18  47  63  45  73  87  33  19  81
   60  47 107  21  65  74  40 108  27 107  44  99
   87 100  19  25  55  87  85  75 107  22  33  43
   22  45  70  30 106  45  83  36  19  88  11  64
   52  65 103  42  37 102  51  61  75  96  43  17
   91  37  63  78  28  75  98  95  91  20  48  61
   50  35  62  30   7 114 112  53  28  18 107  63
   71  66  53  47  53  44 101  24 104  94  82  88
   88  24  21  67  49  78  16  81  78  75  28  61
  109  63  82  64  62  38  65  37  42  98  39  75
  110  98  51  21  31 114  89  83
   67  81 104  20  47  93 104  74  14  10  87  41
   88  66  98  25  75 100  49  24  29  16  29  57
   20  80  90  32  52  48  75  31  99  51  95  15
   48  61  63  42 106  74  42  75  82  92  64 110
   57  71  65  51  64  63  39  89  21  56  69  53
   82  24  90  19  42  66  78  58  47  65  61  40
   24  15  27  40 100 102  81 103  82  55  27  52
   30  33  40  88 104  12  94  47 104  76  51  53
   82  95  86  65  96  70  97  66 101  48  40  25
   96  66  70  63  52 115 102  59  46  80  91  33
   70 111 102  86  96  76  27  23  87  77  63  72
   99  41  27  61  50  24  44  38  76  79  85  87
   51  88  60  78  30  62  23  40  36  12  21  47
   38  80  24  36  28   6  44 106  11  25  40  33
   23  65  48  27  93  36  21  31  19 102  41  58
   59  76  63  98  95  59  37  32  91 105  54  55
   44  79  90  81  86 111  99  17
   31  48  30  38  26  86  24  36  94  91  79  37
   40  39  21 100 103  99  76  52  29 104  69  74
   84  14  61  32  53  48  18  25  22  56  97  60
   58  57  62  39  22  20  66  50  98  74  49  27
   33  17  93 110  79  11  40  28 105  72  40  40
   80  51  98  76  21  63 101  16  74  89  88  88
    7  38  69  68  60  68  92  78  13  50  82  76
   15  61  36  24  80  61  36  60  17  71  45 111
   72  44  73  32  13  88  56  57  94  71  46  39
   48  10  89  32  79  91  73  42 110  43  65  47
   14  64  33  78  41 102 116  40  45  41  26 118
   32  55  10  26  88  58 103  60  59  99  17  23
   50  35  13  58  94  58  19  76 106  93  22  99
   86  25  33  39  63  67  79  96  98  92  87  91
   49 106  48  53  16   8  75  59  55  91  37  87
   15  66  67  68  57  51  54  99  43  48  31  84
   85  83  44  66  29  26  74  65
   63 100  35  90  54  93  52  20 108  23   9  41
   86  63  46  99  54 101  43 113  83  97  31  93
   83  76  30  57  86  89  98  75  87  41  61  21
   88 104  15 102  21  41 110  41 101  14  81  81
   30  74  22  58  52  10  95  85  58  54  92 107
   24  39  82  58  99  22  71  59  71  42  26  46
   22  24  93 100  87  35  25  56  85  59  25 105
   43  48  90  59  79 116  86  44  67  21  73  89
   87  30  82  53  93  39  56 103  29  64  54  59
   31  24  58  41  41   9  30  63  89  56 102  59
   66  99  25  86   9  85  46  32  55  87  13 102
   92  20  71  27  89  30  40  80 117  53 102  22
  107  53  45  81  26  36  64  26  25  51  54  50
   71  52  30   7  43  96  80  75  26 109  43  32
   89   8  50  10  83  11  78  78 109  20  85  28
   99  43  22  50  53  34  23  63  81  86  52  38
   21  52   5  90  80  49  93  96
   79  61  27  43  80  76  92  21  90  32  50  92
   32  57  14  82  59  25  15  55  67  80 107  83
  115  51  22  96  67  30  94  77  86  89  31  29
   46  49  18  55  34 102  82  17  71  98  12  63
  100   9  70 101  93 104  10 110  57 103 109 100
   94 109 103  98  42  81  44  68  77  58  59  95
   30  98  15  88  12 104  17  45  20  26  20  91
   69  88  86  71  25   2  41  44  79  79 100  96
  109  26  71  53  47  59  33  92  21  26  44  77
   43  18  82   9  59  51  35  69  26  45  38  43
   31   9  71  34  61  90  89  57  53  80  94  90
   82  90  42  85  39  82  32  23  96  56 102  26
   65  16  39  60   7  52  71  37  19  56  57  23
   17  34  21  48  80  88  48 108  63  54  96   6
   52  77  44  50 108  67  26  34  26  18  44  40
   44  59  83  46  44  58  49  70  69  72  74  91
   79  94 104  35  97  17  96  44
   49  60  78   4 115  12  51  86  98  21  77  94
   32  43  64  66  60 106  82  82  19  65  39  96
   20  23  58  63  27  75  82  20  74  13  51  27
   77  24  60  82  50  24  26  86  69 103  97  17
   12  92  65 101  37  89  64  48  51  88   6  73
   81  84  22  49  62  21  15  17  33  41  16  24
  103  94  87  32  31  24  48  66  34  23  56 111
   23 103  69  33  29  75  56  87  83  75 104  73
   18  16 101  12  74  47  75  70  79  72  34  37
   56  57  31 101  80  23 105  22  62  87  39  71
  115  36  58  73   6  49  14  24 104  80  65  87
  106  60  58  11  54  80  53  48  94  91  35 108
   81  44  46  74  19  96  70  15  31  42  33  68
   33  38  74  83  80  72  43  80  44  87  33 112
   89 100  41  79  42  61  60 106  12  20 111 111
   13  33  16  77  90  90  99  52  58  44  59  26
   89 118  45  55  26  66 108  78
   59  54  37  68 103  63 103 104 102  98  25  30
   42  71 104  38  99  53   4  23  31  93  37 100
   33  63  65  89  78  41  86  66  48  20 115  56
   83  24  31  69  42  59  62  48  18  95  36  86
   23 117  41  73  79  98  39  51  96  44 108  47
   60  39  14  82  30  61  82  74  76  78 105  41
   69  68  19 106  31  56  77  70  49  89  18  80
   78  30  61  70  13 107  77  50  89  77  51  32
   64  79  26  84  20  83  97 101  10  49  68  41
   95   6  45  55 108  53   8  54  58  29  55  62
   24  40  19  97  59  23  96  68  39  87  58  22
   88  63  91  30  67  48  66  87  80 101  86  85
  107  56  99  57  54  86  39  31 101 103  95  97
   73  66  45  91  10  43  57  83 109  28  67 101
   75  68  32 113  73  30  74  75  70  85 113  33
   86  78 106  47 102  42  19  56  40  92  37   8
   75  24  37  54  70 102  55  26
   50  90  63  28  62 105  87  55 115  24  84  79
   66  28  83  70 113  86  42  42  89  38  73  28
   68  33  47  36  88  88  52  42  75  83  70  66
   55  86  91  90  55  51  23  78 109  45   2  20
  109  83  94  50  75  93  68  37  97 106  32 107
   78  92  47  91  22  86  71  89  66  35  46  78
   23  15  16  32  28  44  19  58  17  40 102  35
   48  98  50  75  53   7 102   7 115  78  17  92
   39 107  77  35  36  83  62  62  25  35  15  68
   23  45  72  58  90  61  66  91  76  34  60  20
   81  73  30  87 106  40  71  83  50  50  41  58
   97  21  89  75  45  62  86  41  20  84  94  43
   89  56  49  77  86  17  88 100  32  60  24  93
  108  92  76  53  10  79  56  97  24  74  59 104
   73  92 100  58  35  92  44  31  40  91  54  92
   51  64  31  40  16  48  94  66  38  11  26  67
   91  46  70  16  97   9  92  88
   59  67  43  74  23  92  92  17  71 103  45  17
   17  82  42  64  20  85  89  33  85  11  73  30
  108  13 103  33  77 104  65  83  29  29  29  45
   16  87  86  67  98  69  16  96  29  48 109  73
   95  89  88  35  70  70  69  43  35  88  83  91
   42  32  59  66   8  53  16  97  73  89  55 103
   47  38  20  88  85  97  54  60  10  44  89 102
  101  62  56  34 101  31  98  60  75  78  64  20
  101  95  47 102  94 100  49  61  25  73  59  64
   16  27  37  92 112  55  52 117  73  93  28  86
   62  29  37  76  30  99  43  27 107  17  36  87
   84  30  33  85  36 107  47 101  77  24  63  91
   70  20  77  96 110  27  63  28  51  52 113  51
   23  95  77  46  76 104  17  59  43  30  70  30
   16  52  97  37  41  35  92  26  96  34  18  56
   16  74  32  19  21  97  26  42  30  94  85  77
   67  25  96  45  94  97  18  39
  108  91  62  80  79  48 101  13  78  65  91  98
  104  43  90  13  17  56  35  69  82  23  73  58
   43  21  13 109  83 100  29  77  37  57 105   9
   29  68  72  55  31 102  45  48  22  18 106  23
   80  78  67  67  73  39  72  94  56  42  98 113
   60  65  40  54  46  27  35  95  57 101  18   4
   59  32  14  31  82  98 105  80  27  30  63  26
   22  64  93  53  84  41 101  79  24  77  80  42
   80  31  21  58  68  76  53   5  56  55  46  92
   71  81  95  98  55 104  47  95  38  26  42  73
   46  53  73  92  49  87  72  12  97  82 116  63
   26  56  49  41  52  83  95  80  85  25  28  82
   55  62  26  34  57  85  73  80  34   8 107  32
   79 101  28  29  78  50  59  52  32  28  72  49
   97  64  79  37 107  87  58  80  89  57  45  83
   31  17  65  27 103  81  23  77  35  30  96  60
   81  76  54  87  66  39  44  89
   38  64  90  94  82  81  43 113  44  34  81 103
  112  69  88  65  22  74  74  51  61  23  61  55
   77  69  45  35  87   8  92  65  87  10  23  92
   54 117  34  56 105  71  27  24 100  94  38  69
    9  37  90  23  29  82  16  61  32  40  36  24
   19  97  64 102  27  28  61  40  62  24  74  60
   59  35  19  87  49  52 106  76  81 102  80  66
   87  32  21  92 110  51  45  81  20  25  12   7
   56  96  13 115  75  79  70  80  47  80  64  84
   47  67  25  61  20 103  38  29  75  37  39  90
   64  26  20  41  76  95  94  27  12  38  32  68
   67  20 107  86  50  95   6  67  28 106 104  64
  101  42  62  33  21  30  66  33  19  71 112  19
   66  36  15  85  87  49  83  47  37  87  40   3
   20  73  15  77  70  54  39 108  98  26  86  80
   20  78 110  28  21 107  57  38  16  69 118  98
   78  75  34 105  35  76  82  85
   14  40  81  31  19  17  27  87  17   1  75  33
   41  32  71  37  74  86  57  41  44  16  61  41
   28   7  35  22  62  97  49  15  85  35  26  67
   19  83  12  79  19  80  65  18  85  57  70  56
   82  10  39  40  44  37  28  36  27  42  21  69
   72 100   9  98  46   2  22  25  32  67  25   8
   18  36  59  69  76  47  36  55  67  88  32  46
   67  50  42  76  45  46   8  70   5  57  75  26
    6  40  27  87  71  59   8  15  15   9  17  93
   83  47  72  11  53  33  20  14  64  79  98   1
   47  21  31  48  19  98  54  20  98  64  50  77
   29  18   6  32  39  56  48  36  57  71  89  88
   88  65  39  36  68  18  93  35  28  78  78  70
   53  18  55  90  89   8  56  60  75  67  66  81
   51  51  16  83  26  95  97  47  51  24  80  49
   88  20  27  97  11  51  90  44  25  76  92  42
   69  16  61  41  60  97  42  77
   85  97  34  44  60  95  22   5  83  94  83  24
   26  58  59  80  29  68  44  29  67  88  33  32
   55  53  76  80  99   9  84  23  59  28  49  50
    2  94  15  74  19  92  81  51  10   7  57  65
   63  50  48  45  73  36  11  32  12  10  41  48
   77  54  36  98  75  93 100  64  21  86  21   4
   22  64   7  23  60  84  96  46  95  59  33  29
   21  29  23  49  10  42  59  31  60  23  40  24
   94  60  55  94   5  21  75  56  13  21  17  93
   39  49  14   4  33  77  72  14  68  56  37  99
   65  28  48  61  30  61  17  77  67  26  96  97
   83  27  77   3   4   6  86  74  48  36  16  18
   71  17  59  82  13  85  87   3  85  72  40  25
    7  92  54  42  37  16  23  86  24  10  94  13
   96  87   6  25  27  57  70  74  97  14  97  75
   95  62  72  81  68   9  81  61  52  20   5   5
   35  82  48  25  37  55  56  61
   62  86  43   2  57  35   5  74  99  87   6  87
    2  60  55   4  72  30  63  50  92  78   1  17
   54  82  40  65  16  30  71  59   4  29  35  11
   10   6  63  63  21  52  66  83  23  16  52   2
   19  91  35  74  97  21   3  91   7  48  99  15
   53  29   6  70  85  64  60  75  92  45  15  28
   57  63  59  35  15 100   7   7  43  43  90   7
   41  25  44  59  19  47  26  31  56  96  59  71
   59  84  49  29  60  46  46  46  98  20   9  18
   31  29  61  52  97  21  71  88   3  51  49  32
   31  77   6  48  56  68  64  77  77  70  60  23
   19  43  20  60  36  13  66  25  79  57  37  32
   38  51  51  79  17   4  21  83  85  24  55  15
   38  22  30  66  97  93  76  22  29   7  78  77
   64  26  14  62  22  82  34  10  21  51  28  51
   70  27  41  55  31  65  20  97  38  71  46  83
   78  15  14   8   4  54  43  73
   21  43  62  81  59   3  17  43  26  32  66   2
    4  30  12  19  39   9  57  43  41  86  11  18
   87  66  89  18  28  86  56  96   6  39  32  86
   66  38  79  44   2  39  30  82  90  86  39  68
   72  98  30  50  28  60  34  80  95  31  68  92
   10  41  68   9  71  96  20  32  51  38  87   8
   33  94  14  86  92  78  66  96  23  49   7  52
    4   6  71  94  24  24  22   5  49   2  74  79
   56  40  46  11  15   6  39  56  40  10  99  50
    2  58  65  34  14  84  54  54  79  52  90  21
   24  10  26  54  99  96  62  28  68  94  22  39
   76  94  72  88   7   2  57  35  28  33  45  86
   34  35  28  89  78  80  99  98  14  54  46  66
   25   9  64  50  78  91  48  64  67  15  63  84
   83  86  49  34  93  61  56  40  37  31  73  18
   42  27  47  45  76  29  41  98  10  75  52  20
   23  64  17  61  36  28  33  99
   82  97  69   2  48   5 100  17  80   9  50  70
   25  58  92  13  92  78  10  17  67  47  47  65
   15  58  93  34  68  70  63  95  51  63  95  78
   96  66  28  98  53  13  71   8  98  74  38  63
   80  21  56  78   5  69  20  50  64  61  97  13
   59  47  71  40  86  88   4  21  51  82  19  39
   77  18  98  88  69  42  72  46  15  80  95  32
   57  65  10  88  46  28  76   6  90   3  63  12
   17   5  92  78  63  22  22  38  11  86  69  74
   84  72  47  86  11  72  27  72  91  14  95  53
   59  49  16  66  74   7  65  55  45  12  61  91
   12  70  42  39  90  45  20  16  16  90  65  48
   61  78  52  85  99   5   8  55  78  87   7  41
   48  43  59  56  53  71  14  91   4  26  36  25
   30  87  92  52  66  37  87  38  37  44  76  47
    4  48  29  50  55  66  42  66  77   9  80  40
    3  15  56  99  75   6  14  20
   36  25  16  82  57  27   5  38  90  97  33  63
   17  44   7  77  44  11  66  87  88  99  82  46
   95  39  30  85  56  61  36  84  21  54  11  93
   65  52  57  69   7  42  77  45  35  24  55   4
   45  34  50  59  38  42  65  20  87  48  38  52
   30  84  13  94  67  45  37  60  58  55  46  72
   78  96  85  67  20   8  22  10  21  64  92  56
   88  77  62  23   9  91  17  64   3  35  69  53
   36  10  17  51  16  48   7  49  11  56  62  89
    9  50  34  46  50   4   2  54  65  31  17  78
   34   3   2  31  10  35  91  87  25  37  42  42
   10  70  89  49  52  91  75  73  34  37  34  16
   53  31  51  26  83  58  89  68  80  93  96  66
   76  32  78  75  74  96  68   8  97  91  63  79
   88  54  61  84  15  81  81  75  88   4  78  50
   49  41  53  22   8  53  67  88  19   3  48  52
   66  35  17  30  34   8  10  97
   76  70  83  72  91  28  81  82  17  17  23  66
   80  77  92  17  14  20  37  62  86  14  50  28
   26  95  49  77  55  63  93  94  92  53  20  58
   50  61  46  68  84  97  37  62  14  43  58  92
   74 100  25   5  32  93  75  78   6  30  62  71
   25  59   7  44  88  48   5  86  37  23  16  25
   99  65  39  51  46  44  14  32  93  57  27  41
   88  57  76  85  36  52  80  60  85  37  66   3
   38  69  38  73  94  21  64  54   9  31  60  79
   62  97  27  78  23  25  29  68   3  59  42  60
   93  43  74  24  72  13   2  71  65  70  94   2
   70  56  93  76  14  46   8  58  47  15  94  93
   61  76  97  53  22  44  85  31   3  24  90   7
   21  90  74  69  47  46  29  20  15  19  32  24
   67   3  67  64  88  95  39  52  64  28  74  27
   99  48  52  37  46  59  54  16  71  67  73  30
   17  32  72  41  82  89  38  48
   54  13  78  18  59  14  51  99   9  82  93  73
   25  50  67   7  57  10  74   5  29  20  84  14
   26  40  87  54  33  16  19  28  29  68  47  89
   31  13  99  16  98  71   6  74   7  92  30  26
   72  44  89  46  61  94   8  26  52  52  12  11
   93  72  21  53  16  97  39  44  48  62  91  73
   96  94  22  12  27  70  91  54  26  56  92   3
   60  66  20  55  34   4  18  64  40  91  37  24
   19  73  20  64  21  79  64   6  73  47  58  52
   74  90  53  71  77  93  73  46  18  54   6  50
   47  16  92  21  94  32  60  82  57  17 100  12
   22  86  49  75  16  80  71  39   2  60   5  83
    5  56  59  28  92  79  38  87  86  63  61  61
   43  54  76 100  66   6  30  28  93   6  64  74
   24  95  57  93  29  93  25  25   3  97  23  76
    6  68  83  70  62  77  92  48  38  22  62  75
   97  68  97  30  40  64  23  19
   29  50  82  61  27  43  10  90  24  83  66  17
   86  59  95  36  59  83  88  53  49  24   6  28
    4  59  86   7  45  80  18  29  26  24  72  79
   73  57  96  63  83   2  34  92  41  10  98  48
   16  93  49   8  18  10  97   3  60   2  11   8
   10   9  13   5  76  29  70  40  30  62  58  16
   76  21  87  25  98  11  98  75  83  92  94  24
   47  28  21  45  82 100  72  70  31  33  19  22
    3  85  44  65  64  59  85  19  99  78  70  34
   62  91  25  95  52  61  69  43  93  63  70  66
   79  98  44  84  50  15  18  56  61  33  15  19
   26  15  73  29  73  27  79  81  11  49  11  78
   39  92  74  51  95  65  40  72  87  59  48  83
   86  82  92  70  32  21  58   6  40  61  19  98
   51  37  67  68   4  44  90  83  89  98  58  71
   67  50  29  58  73  57  63  39  37  30  31  22
   26  19   3  69  12  96  21  66
   65  45  36  98   2  94  62  21  18  93  29  21
   77  64  45  52  45   2  31  25  95  50  81  11
   96  91  45  50  93  42  34  88  32  91  51  82
   34  87  60  25  69  91  79  27  36   8  19  85
   96  20  54   2  72  28  45  60  51  29  98  38
   21  22  83  67  54  93  96  93  87  61  86  79
   11  23  27  81  89  91  72  53  74  83  50   9
   92   6  50  78  73  36  61  27  24  38   2  31
   95  86  10  99  42  72  32  48  41  43  77  78
   61  54  75   9  36  91  14  88  53  27  70  33
    5  83  46  36 100  69  93  84   9  36  45  22
   14  53  57  98  51  36  49  62  19  11  67   7
   32  73  56  38  94  15  50  90  80  70  82  39
   84  69  31  36  40  34  72  31  63  17  86   1
   18  15  79  34  68  55  52   7  99  85   7   9
   95  69  95  26  25  21  14  61  54  70  49  93
   22   1  75  56  88  52  10  30
   49  56  71  42   5  54  17   5   9   9  82  72
   60  39   5  66   6  66  99  94  88  25  66   3
   77  55  46  22  38  75  22  36  65  82   3  61
   27  90  87  40  64  61  40  64  86  16  70  18
   83   3  69  44  33   7  70  55   8  63   2  57
   42  68  97  30  90  58  25  36  35  40   6  79
   47  38  87   3  88  58  34  42  58  23  98  28
   41  75  57  48  94  10  39  61  22  38  60  82
   52  27  83  24  96  34  13  10  93  66  42  61
    9  98  67  54   7  67  99  56  53  82  57  48
   78  69  89  14  48  84  22  43  76  23  56  95
   28  45  28  82  44  66  47  26  40   5  23  34
    8  63  13  60  65  21  80  89   1   5  13  11
   41  48  73  23  94  68  45  36   2  88  50  12
   43  46  78   1  32  90  31  27  44  31   5  83
   27  25  13  72   8  72  95  62  74  12  83 100
   39  79  82  50  44  17  53  82
   69  19  39  85  40   9  33  48   3  89  21  33
   37  92  34  43   5  29  64  69  22  73  38  74
   43  70  68  67  31  16  60  62  36  37  41  53
   64  26  16  12  62  64  94  25   8  72 100  86
   11  32  12  70  28  25  35  78   6  11  71   7
   26  12  71  11  96  18  35  29  51  77  61  34
   96  91  97  70  79  68  90  52  99  71   1  78
   57  11  70  44  49  95   9  96   3  24  93  15
   72   9  43  69  73  27  57  42  82  82  88  47
   91  70  41  50  29  46  50  17  39  71  52  88
   32  39  83  30   8  70  34  23  55  62  79  61
   19  90  31  40  62  51  16  61  98  21  26  68
   22  60  68  35  19  99  28   6  80  57  90  27
    4  19  36  61  98  31  47  21  92  40  50  13
   47  16  17  47  71  18  60  73  65  18  53  14
   60  43  86  68  88  67  13  36  69  93  86  36
   25  73  41  88  14  96  24  23
   43  35  60  36  93  26  22  96  33  16  75  89
   95  29  64  46  88  30  21  80  19  99  41  88
    6  98  10  86  26  13  46  19  75  82  80  62
   88  24  30  44  15  49  90  23  74  69   4  38
   10  14  25  75  45  33  51  60  69  29  20  22
   67  74  59  39  95  54  91  21  40  21  57  15
   59  67  84  15  28  20  62  47  98  58  30  17
    8  57  54  83  18  71  14  60  36  34  43  91
    9  16  64  13  18   4  65  51  80  39  44  52
   93  85  80  14   2  63  58   2  42  21  90  22
   53  76  78  34  85   5  62  86   1  98  73  32
   18  81  70  35  70   2  55  13  40  89  48  18
   42  92  36  19   8  85  51  76  57  64   3  67
   95  19  34  72  34   1  96  61  66  72  41  89
   96  54  10  65  61  68  11  79  22  77  93  47
   96  31  81  89  88  18  80  73  76  19  29  43
   49  85  15  74  17  15  99  77
    5  23  53  32  25  64  10  98  40  47  23   9
   12  66  22  89  97  60  81  43  30  79  39  57
   75  83  97  11  33   2  87  27  75  49   8  97
   81  43  43  52  71   5  63  66  88  88   5  95
   40  32  41  41  39  66  38  13  59  74  13   6
   59  42  75  59  60  85  84   8  57  10  88  99
   46  75  90  81  25  12   9  39  79  86  55  80
   96  52  25  60  19  68  12  25  78  42  33  77
   32  72  90  57  35  44  52  99  62  57  66  13
   37  36   8   6  57   6  65   8  80  80  65  36
   69  53  40  28  55  17  39  96   7  32   1  42
   85  55  58  67  56  30  19  22  34  90  90  36
   61  49  78  71  58  26  39  32  69  94   8  77
   40   8  92  81  39  63  54  66  73  77  43  70
    5  47  40  72  13  30  61  24  14  55  67  24
   88  86  42  90  16  39  90  39  78  85   6  51
   23  41  55  31  52  77  61  28
   82  52  15   8  30  25  68   2  67  77  34   4
    2  33  27  49  96  41  28  60  57  79  50  65
   28  35  62  81  20  97  19  46  27  94  81  20
   53   1  78  48  11  37  84  96  10   8  73  49
   99  72  18  91  86  28  97  59  79  69  82  83
   95  16  56   1  78  86  50  67  49  81  39  49
   60  72  92  20  55  64   7  37  21  14  27  37
   23  74  87  18   9  61  67  34  86  92  94  99
   46   8  96   1  37  28  41  29  72  34  42  26
   69  51  86  51  94  14  70  81  36  77  75  23
   51  83  91  70  26  18   8  88  91  76  79  37
   38  92   5  27  61  14  97  37  85   5   3  51
   10  60  44  73  99  83  45  72  96  47   8  95
   49  75  99  34  30  53  33  56  76  18  77  99
   92  43 100  36  44  54  72   6   7  84  23  27
   88  30   8  79  87   6  46  77  95  39   1  15
   28  36  68   8  79  37  33  17
    522   528   490   525   558   538   558   543   550   559   508   531
    540   534   542
