 15 200
   97  85  82  93  44  82  20  67  45   6  52  89
   41  43 100 103  67  82 112  84  58  98  26  72
   23  91  43  86  81  31 100 109  60  11  93  47
    8  32  49  52  65  89  81  75  83  37  72  53
   56  11  97  62  46  28  96  48  33  67  96 102
   28  94  72  82  95  15  32  11  74  30  40  97
   13  77  47  92  89  58  75  56 107  25  46  41
   42  78  55  69  62  51  77  56  70  66  11  69
   20  30  27  20  98  80  56  68  64  37  26  22
   61  62  84  83  79  26  16  36  55  56  54  18
   22  53  88  41  34  79  33  70  31  29  19  47
   39  90  38  76  60  55  68  11 106  18  43  98
   29  97  48  32  77  99  72  58  19  64 108  29
   53  98  66  29  81 105  22  38 104  11  20  63
   76  30  85  37 107  84  60  52  69 104  15  22
   16  59  46 102 101  40  32  29  15  19  62 100
   91  58  46  61  19  92 108  14
   68  50 104  37  65   4  22  50  82  30  67  25
   40  63  39  80  39  31  58  16  77  81  33  21
   73  90 102 102  77 103  85  88  13  68  87 113
   42  37  87  68  38  47  55  72  99  27  75  16
  102  39  44 107  56  68  24  76  85  79  21   6
   92 100  46 109 101  33 113  15  77  36  89  60
   36  17  36  80  54  65  27  23  84  41 117  65
   52  99  65  51  17  79   6  71  66  20  33  63
   91   6   7  51  68  86  28  94  96  52  83 100
   70  41  40  64  62  22  96  97  42 108  23  49
   62  91  70  78  91  87  66  57  80  88  53  54
   37  97  54  14  23  28  53  43  88  46 108  65
   39  79  39  68  25  42  57  22  20  80  74  89
   56  99  60  18  77  83  22 105  77  89 109  38
   46  97  40  35 101  59 104  94  87  37   5  81
   53  36  96  58 110  50  91  72  45  21  99  38
   53  89 105  25  21  13  53  31
   62  91  67  82  45  99  62   6  19  18  77  28
    8  59  61 102  41  58  34  61  36  25  79  42
  103  53  17   7  28  26  79  50  61  29  63  28
   86  91  33  34  12  11  33  50  42  40  47  44
   39  40  40 105  77  64  38  45  85  72  76  75
   95  72  36 111  73 105  90  33  82  95  72  37
  111  58  95  30  30  29  95  94  73  88  15  67
   71  72  79  75  33  47  47  73  65  96  66  37
   62  20  75  37  37  38  33  74  85  50  68  60
   66  89  24  91  49  87  81  39  21  74 108  56
   43  77 110 114  17  44  34  94  72  12  22  79
   46 106  36  40  83  43  64  24  96  76  67  59
   92  98  48  70 116  16  48  45  17  35  67  61
  102  41  77 103  36  89  62   6  19  44  12  70
   78  40  51  40 103  64  63  76  41  98  23  97
   30  96  58  29  82  94  35  54  35  28  82  81
   29  49  78  77  21  43  80  84
   27  29  83  71  13  42  48  69  82   6  49  85
   52  99  62  32  78  66  28 100  95  49 105  74
  101  84  93  94  39  54 102 100  33  32  84   9
   32  70  96   4  60  28  83  20  38  44 108  73
   29  90  70  89  56  85  20 111  83 106  77  87
   12  84  18 103  97  66  43  58 115  34 113  55
   35  69  21  60  80  22  53  22 103  46  65  87
   61  27  44  32  15  48 113  42  99  30  29  80
    6 100  75  14  93  45 110  85   8   9  63  19
   24  64  30  21  87  22  71  47  53  19  34  51
   86  75  57  92  48  66  44  98  38  61  44  29
   83  66  21  25  66  46  17  15  68  57  37  78
  110  67  97  96  20  66  97  16  29  88  51  57
   39 109  41  95  23  23  82  33  81  97  33  38
   91  73  96  94  22  58  99  22  47  60  97  90
   28  21  84  43  72  42  80  66  79  84  18  55
   49  43   6  61  44  51  70  76
   20  41  94  49  32  74  38  51  83  84  56  42
   18  72  95 104  98  94 112  45  69  32  62  23
   81  17  85  79  60  45  56  76  19  96  66  35
   84  89  53  51  15  38  49  71  31  33 105  94
   67  20  44  30 105  61  68  41  48  37  15 117
   65  25 103  92  77  22  99   6  22  25  45 102
   11  23  98  99  62  86  23  74  65 110  64  88
   51  42  79  33  19  19  53  64  95  88 102  40
   97  13  65  60  46  89  91  46  59  40  36  16
   17  55  36  75  88  79  63  44  63  97  67  18
   66  89  99  46  62  67  90  99  42  77  93  62
   70  31  45  79  84  96 113  85  49  70  47  90
   56  32  95  88  78  85 102  53  26  78  62  14
   13  27  16  51  70  16  60  48  57  81  90  55
   40  53  77  90  23  98  13  63   5 101  41  74
   75  26  29  51  63  57  96  89 101  96  61  88
   30  81  49  11  79  31  49  28
   75  28  57  95  57  97  23  40  48  29  55  78
   39  95 108  59  49  61  64  19  89  31  77  82
   56  33  51  57  42  38  21  42  23  22  95  26
   29  10  92  81  17  58 100  24 103  69  45  60
    6  30 104  93  58  33  87  71  19  60  92  88
   14  79  56  56  62  74  24  72  54 100  46  27
   40 101  16  79 116  89  28  82  79  85  29  84
  117  90  77  60 105  79  19  20  76  73  98  69
   92  62  27  63  16  16  68  42  24 105  41  47
   46  91 105  94  56  72  20  43  54  14  62  53
   84  85  55  66  48  46  80  60 110  92  42 111
   20  35  77  68  93  98  81  36  77  71  68  56
   66  63  32  91  56  20  32  46  76  28  33  13
   13  85  70  55  93  26  98  82  80  26  24  58
   50  65  19  62  33  82  70  23  90  40  89  46
   59  54  44  12  44 101  39  63 101  34  64  34
   70   6  76  95  74  68  69 100
   17  54  82  18  72 106  55  26  80  35  64  84
  112  75  22 100  34  40   9  48 103  88  96 103
   91  20  40  96  73  49  26  49  11  60  63  76
   96   6  34 106 110  29  69  64  47  94  97  50
  107  31  99  72 102  32  45  93  49  30  12  33
   16  63  27  96  22  53  78  85  21  79  57  72
  112  68  41  30  52  63  70  69  54  87  51 107
   49  84  44  95  37  55  63  79  50  44  64  13
   30  30  10  72  73  31 108  78  41 107  12  51
   60  34  30  12  38  95 108  27  74  11  81  55
   19  29  63 101  67  47  80  31  65  86  44  70
   94  71  82  60  41  20  24  41  56  51  29  32
  115  18  26  73  23 103  64  79  23 100  51  10
   96  83  95  69  73  91  59  13  46  53  45  37
   97  70  30  94 105 102  76  28  84  16 103  39
   16 101  82  62  28  76  33  48  97  17  70  26
   55  75  81  94  55  77  43  53
   62  39  22  98  74  46  87  55  50  71  50  13
   53 104  38  63  20  33  39  31  58  31  74  27
  104  31  30  11  57  97  88  87  31  57  91  96
   74  20  62  29  89  43  39 111  77  37  87  13
   73  42  84  35 100  23  57  54 105  17  50 105
   68  40  27  91 102  24  91  81  25  54  98  66
   80  42 106  73  58  14  60  63  81  36  61  76
   80  99  59  89 105  75  65  50  11  34 101  19
   54  92  12  73  34  64  39  28   8  49  50  61
   71  43  63   4  39  40  89  81  37  62  27  71
  104 101  54  22  44  56  71  47 106  57  65  99
   54  93  34  60  65  39 110  87  25  21  30  57
  108  89  71  40  25  11  32  52  45  49 114  67
   42  96  86  74  96  96  37  98  35  44  37  60
   66  43  62  98  74  27  43  91  52  55  40  79
  104  52  95  40  72  48  21  66 105  83 119  54
   69  50  18  19  94  27 113  79
   89  27  39  65 119  38  74  43  83   4 108  55
   65  59  17  82  37 100  35  15  72  99  67  77
   35  66  72  79  60 108  18 107 109  38  31  14
   64  89 103  18  74  75  30  20  61  30  78 107
   95  55  52  11 102  35  56  21 106  64  88  85
   55  95  62  14  67  83  65  66  89  36  46  89
   40  38  34  81  73  26  28  38  48  80  83  85
   60  80  92  73  70  12  88   8  36  40 106  19
   90  58  54  92  37  72  24  43 106  51 106  70
   20  99  64  90  15  55  88  36  90  66  36  23
   82  46  57  67   9  73  29  53  56  70  45  21
  112  84  80  85  88  85  74 106  20  98  18  15
   37  46  41  82  64  72  52  45  65  61  96  14
   91 111   8  58  31 103  80  14  77  45  41  59
   47  63  11  15  29  40  37  20  16  95  33  53
   27  92  71 102  55  18  81  98  73  17  23  38
   29  78  14  93  17  66  21  48
   96  68  48  87  87  66  57  80  33  46  73  45
   98  42  77  99  62 104  94  77  94  46 114  77
   34  46  78  87  85 105  95  24 110  10  49 105
   72  80  21  38 111  20  73  21 100  82 110  87
   54  16  74  23  98  15 109  99  64  27  80  92
   66 106 103  51  57  40  19  93  78  22  92 106
   45  24  87  60  42  85  80  80  10 102  21  75
  104  21   9  43  66  68  82  51  68  66  18  61
   71  64 105  20  75  32  17  30  56 104  72 100
   15  32  38 110  39 104  76  49  29  91 106 106
   30  55  52 100  45  60  41  20  56  93  35  50
   85  97  83  90  39 105  72  73  71  19  27  79
   60  17  52  19 103  78  74  43  33  92  19  49
   28  19  58  39  44  11  73  66  90  95  81  62
  111  90 106  23  36  85  86  54  73  19  93  69
   54  45  97  63  17  83  94  36  98  21  95  73
   31  64  14  38 109  20   7  97
   49  84  80  87 100  60  91  95  27  62  81  37
   15 114  25 100  73  71  70  20  64  38  62  61
   26  48  64  32  56  37  55  26  89  61  87  34
  112 110   6  20  33  47  55  71  98  39  24  39
   17  61  46 106  64  74  33  96  69  15 102  32
   47  59  36  83  30  43  12  73  23  98  75  24
   96 111  80  85  27  51  43  18  48  20  68 104
   31  20  85  91 103  97  93  22  32  32  32   9
  105  41  52  68  83  25  62  17  43  66  50 104
   85  71  95 107  15  89  50  63  45  86  25  97
   80  90  44  87  75  73  75  35  18  46  14  94
   53  93  14  62  59  45  13 106  52  56  68  13
   49  18  65  54  72  42  24  32  24  46 107  31
   31  60 101  96  51  62  80  80 110  81  30  55
   22  69  77  66  42  98  33  84  51  40 102  71
   98  53  29  85  35  74  49  62  12   5 101  30
   75  41  48  23  68  40  95  60
   48  37  25 102  15  44  45  33  48  29  46  16
   73  89  92 100 100  87  58   5  60  26  69  85
   99  21  90  10  25  34 103   6  84  80  56  26
   17  30  29  21  79  96  91  39  26  99  76   3
   73  28  90  50  88  57  76  28  17  53 101  23
   64  53  59  36  53 110  12  40 118  21  65  64
   89  73  87  96  85  82  35  89  50  74  38  10
   14  44 113  59  54  43  86  46  48  67 100  99
   38  60  57  57  52  60  16  85  95  40  24  47
   31  74  37  69  45  49  47  88  51  23  90 104
  105  58  35  36  46  83  93  76  38  20  72  20
   14  50  20  54  69  53  38  23  55  42  45  37
   57  78  41  54 114  77  70  37  82  94  70  27
   62  91  43  74  79  47  98  43  76 105  48  47
   54  48  90  98  84 102  59  54  81  91  87  93
   83 115  37  79  22  88  38  74  56  82  64  73
   42  46  30  83 100  96  34  72
   60  46 104  71 100  34  15  58   7  49  42 116
   15  55  98  53  45  82  59  36  17 108 102  72
   39  91  20  26  82  17  26  49  68  80  88  32
   35 101  62  23  57  90  44  63  73  15  71  41
   63  50  82  14  48  20  97  41  71  75  68  23
   64  20  84  99  15  22  63  96   5  18  61  35
   87  85  51  23  61 101  47  42  33  82  98  10
   21  28  88  25  48  64  80  89 113 114 104  72
   19  14  14  16  22  80  95  87  79  22  52  88
   56  52  87 110 108  10 101  29  39  27  90  48
   36  82  47 102  95  58  43 101  31  50 104 110
   61  67 102  98  80  38  84  35 101  89  24  38
   37  71 108  48 103  18  69  36  31  28  65  62
   50  20  13  90  70 102  88  46  17  41  19  19
   89  32  26  49  76  59  49 106  71 104  25  80
   19  83  44 104  16  69  76  35  95  33  20  33
    6  88  96  35  36  41  47  13
   21 100  43  64   4  11 101  68  18  16  85  43
   22  68 108  46  69  12  69  71  87  38  69  86
   17 111  68  84  92  95   7  71  33 109  42  56
   11 104  23  66 116  54 108  75  35  59  42  95
   35  46  67  63  90  66  72  62 102 100  95  72
   42  48  51  18  90  88  55  93  25  65  74  95
   18  25  48  53 106  70  71  44  30  85 111  90
   76  83 106 100  85  17  72  38  74  83  81  30
   18  47   6  31  35 101  54  81  17  33 101  86
   49  66  65  59  34  55  74  81   5  44  95 110
   83  66  11  98  42 103  23  37  30  44  29   4
  103  43  10  56  42  68  97  19  98  36 103  87
   24  47  72 103  78  48  63  20  76 101  76  71
   47  77  78  16  24  72  89  37  15  95  41  15
   80  68 100  26  25  40  62 102  76  87  97  56
   46  32  93  24  23  49  90  82  62   8  81 101
   73 109  48  97   7   8  19  97
   81  48  51  99  44  15  29 107  29  75  86  35
   75  47   4  91  61  41  95  99  15  80  41  78
  105  99  33  64  55  80  71  36  74  28  74 108
   92  59  84 105 102  18 101 114  96  33  63   6
  104  70 108  71  40  10  60  58  82  23 105  44
   89  18  57  30 109  12  67 106 108  75  91  35
   36  54  28 112  17  89  47  95 104  96  95  84
  107  16  54  58  42  25  78  23 100 106  72  65
   89  65  28 109 104  57  97  97 104  72  29  55
   28  54 102  30  76  65  72  88  19  29  77 102
   91  85 115  24  84  65  67  99  24  98 109  94
   50 104 105  24  66  83  14  82  33  46 102  58
   12  18  40  42  78  22  45  62  50  77  93   6
   85  55  94  92 101  31 109  86  40  27  97  99
   85  87  82  82  92  15  75  74  91  59  95  36
   72  16   9  27  79  15  77  68  30  89 104 108
  101  79  80  42  97  99 114  97
   10  27  36  19  62  22  92  37  61  96  63  29
   64  70  16   5  53  36   1  20  59  19  86  34
   85  23  59  21  30  75  12   9  51  93  13  58
   99  70  62  60  47  22  38  39  30  83  41  66
   54  99  21  56  72  89  22  57  71  40  15   2
   91  11  45  37  16  87  79  94  44  86  77  19
   90  39  64  19  25  52  35  64   2  85  65  77
   72  33  65  51  53  56  40  53  37  48  98  34
   97  81  85  91  15  26  55  35  43  68  81  83
   42  40  18  36  32  83  92  71  48  47  66  88
   80  54  32  64  77  41  76  33  77  81  94  62
   72  25  77  33  47  57  46  95  14  88  75  18
   73  10  72  80  30   3  39  47  90  46   5  77
   66  19  46  76  30  15  87  75  16  94  90  40
   38  81  27  76  12  18  59  51  45  11  94  97
   88  52  64   6  11  71  85  87  96  91  41   5
   18  44  57  52  86  26   8  88
   43  56  14  82  42  98  96  64  23  79  37  90
   78  42  66  33  81  74  57  90  34  29  82  84
   39  20  11   2  28  11  29  23  92  36  24   3
   66  67  27  45  71  73  55  40  12  77  37  88
    9  65  66  10  58  48  78  37  23  35  86  99
   19   9  61   1  18  75   7  91  30  70  22  45
   84  87  73  29  64  40  88  89  27  78   1  41
   59   8  39  67  94  24  97  38  54  89  87  48
   25  97  99  65  45  29  74  23   7  53  20  15
   48  74  69  49  45  80  12   8  73   2  94  66
   49  15  39  34  20  18  48  59  25  14  65  55
   74  10  53 100  86  92  54  71  25  67   8  45
   73  30  74  50  90  64  54  89  85  26  31  17
   57   3  59  93  29  27  96   8  35  17   9  69
   74  20  62  85  15  48   9  20  27  74  97  22
   54  71   6  60   8  63  27  33  60  90  15  79
   55  31  13  84  94  95  66  82
   54  14  40  29  59   6  58  99  87  93  25  91
   98  56  49   5  79  53  75  50  76  93  41  64
    6  49 100  95  86  79  30  59  56  76  50  85
   21  13  80  71  92  91  79  63  62  68  64  62
   72  67  73   1  33  48  68  68  34  45  33  43
   18  44  66   3  44   7  29  70  35  17  47  74
    6  58  13  72  83  87  11  21  30  28  91  37
   43  35  24  45  75  68  64  43  42  14  42  77
   41  85  29  78  82  77  86  37  27  62  38  60
   37  23  90  14  56  15  27  69  96  40   8  63
   62  40   3   4  90  73  79  10  34  94  91  37
   62   5  67  64  23  75  56  94  13  37  44  54
   22  13  68  36   1  99  57  66  94  81  44  56
   13  63  40   2  74  22  49  97  89  63  99  43
   25  71  61  74  16  44  56  35  61  10  91   5
   76   6  53  79  35  20  76  63  71  74  27  33
   81  56  26  42  92  72  33  34
   85  77  28  46  94  76  56  40  26  97  64  19
   64   6  52  79  27  47  81   9  10  56  13  31
   13  19   9   9  70  58   3  13  81  76  18  98
   80  35  22  99  44  87  29  90  64  66  12  32
   85  21  36  24  50  18  91   6  27   5  34  28
   90  31  90  13   9  51  68  53   5  79   4  49
   80  41  93  51  22  80  54  82   9  68  40  31
   42  77  72  82  94  54   4  69  17  78  83  22
  100  15  34  88  27  62  10  23  97  99  48  89
   87  41  86  86  16  87  49  56  58  92  86  65
   16  44  61  20  63  48  63  15  66  48  70  77
   31  47  98  94  38  73  88  88  44  54  68  41
    8  39  22  18  97  37  22  97  74  14  52  54
   74   5  69   9  96  93  37  82  31  17  83  77
   23  35  13  20  98  44  15  82  60  51  18  23
   88  99  18  63  30  70  28  43  24  30  92  61
   55  64  97  55  70  67  32  26
   97  66  25  71  71  31  68  64  29  29  57  63
   97  37   7  10  21  17   7  74  50  86  56  93
   36  99  26  36  54  66  49  43  92  14  42  82
   25  30  54  62  99  71  65  31  79  79  12  23
   46  99  64  75  14  42  44  66  61  74  98   1
   39  78  16  16  34  83  15  99  83  87  66  10
   91  87   9   3  54  31  97  32  45   4  47  32
   63  74  29  70  98  99  52  53  15  29  16  80
   13  93  48  47  56  21  24  61  44  75  71  95
   91  56  71  42  30  38  44  73  55  14  35  89
   54  15   6  59  49  44  15  20  60  40  16  57
   47  76  58  25  34  15   6  26  55  44  58  13
   50  85  10  29  36  23   4  58  77  37  43  89
   98  79  93  69  45  98  52  61  47  30  19  64
   80  62  26  17  95  16  98  57  97  11  62  35
   44  90  90  64  57  61  11  16  10  18  52  19
   81  21  62  97  38  83  68  92
   29  91  48  23  45  14  88  73  61  90  63  36
   67   7   4  58  63  46  38  96  17  87  29  24
   60  83  59  54  61  67  91  70  96  97  19  88
   79  94  15  23  89  58   4  93  16  46  68  49
   97  80   1  26  53  74  29  40  92  52  14  15
   95  25  55  48  53  35  96  31  63   7  74  92
   63  16  92  25   2  31  77  25  28  26  88  24
    3  16  36  55   3  26  88  91  36  43  22  47
   28  48  86  48  96  90  45  69  85   3  64  56
   62  13   4  11  60  47  94  71  65  94  42  61
   20  17  56  45  71  67  28  50   2  23  69   5
   83  78  37  51  14   5  35  81  40  31  50  49
   52  50  88  13  46  89  71  66  30  78  71  99
   96  33  41  56   9  84   7  29  29  90  83  54
   57  43  96  57  79  20  47  96  15  80  22  62
   53  66  70  94  67   5  64  47   7  69  55  81
   36  99  36  16  45  40  50  11
   98  54  29  88  39  11  56  91  25  72  53  19
    3  43  81  11  68  77  98  71   7  16   8  17
   15  96  78  22  38  66  80  71  94  50  41  39
   19  98  85  10   4  79  45  52  64  21  10  68
    3  85   5  30   9  82  65  18  64  80  96  75
   88  42  80  10  92  52  30  26  88  32  46  43
    3  41  77  77  54  42  34  37  55  31  68  12
   62  19  65  13  68  51  48  35  55  69  55  96
   79  85  92  40  38  83   9  32  71   9  96  68
   42  70  84  99  68  17  10  93  41  98  23  56
   87  85  50  12  40  58  31  82  53  31  70  48
   24  31  33  45  78  88  89  73  61  69  83  71
    2  99  87  34  83   2  45  32  96  18  61  96
   13  28  24  43  33  22  44  98  67  53  70  79
    6  38  87  22  14   9  41  91  29  87   5  68
   93   8  28  49  86  33  80  54   6  97  41  84
   49  42  34  14  55  34  63  58
   48  81  84  18  38  69  20  56  70  39  60 100
   58  10  80  41  95  84  78  80  53  71  34  84
    1  79  80  91  55  14  19  23  78  46  20   9
   33  90  50  76  24  68  69   5  26  78  28  95
   32  61  29  72   8  79  56  53  11  95  58   3
   46  75  78  13   6  90  15  29  88  55  21  51
   31  68   4  36  51  96  52  45  26  69  44  29
   27  15  55  27  11  28  44  61 100  71   8  92
   60  20  94  33  80  47  79  77  94  58  66  46
   40  75  40  98  75  67  27  24  74  43  80  49
   15   3  65  89  65  46  44  65   4  49  37  16
   63  14  76  49  44  72  10  28  80  92  79  58
    3  31  31  72  93  94  81  57  67  62   3  50
   65   9  28  28  22  15  74  13  69  68  65  44
   36  60  42  13  35  88  61  15  60  53  64  30
    7  66  16  77  39  63  87  47   5  35   1  66
   33  64  88  99   8  90   3  36
   18  79  65  42   1  76  28  59  34 100   3  58
   53  57  85  34  70  20  79 100  42  12  51  28
   68  40  47  28  45   2  98  13   2  78  86  88
   42  15   2  98  32  35  81  90  48  72  37  10
   23  60  65  95  10  70  61  86   9  46  21  17
   57  16  44  90  40  23  46  37  27  81  65  26
   79  69  86  35  42  78  75  72  65  39  23  22
   58  30  16  31  38  94  23  97  66  68   8  83
   28  57  64  12  65  40  94  61   4  68   5  41
   91  19  54  30  88  64  29  81  17  41  72  83
   32  59  50  48  98  45  75  53  50  50  75  87
    6  29  28  30  26  20  36  11  93  16  92  94
   72  69  77  26  55  32  53  67  54  47  10  94
   23   6  98  61  82   2  31  95  38  68  71  56
   57  45  99  99  85  68  74  82  87  19  75  62
   84  11  47  13  62  88  28  22  46  90  96  76
   90  40  97  18  94  52  97  72
   15  51  57  22  24  41  51  31  80  58  41  58
   11  60  37  17  57  12  12  40  15  65   5  26
   85  68  38  22  26   1  15  86   7  93  61   6
   40  31  90  80   5  91  30  90  13  38  10  25
   64  89  46  92  21  98  11  20  43  85  31  19
   41  11   7  60  54  69  93  15  40  89  22   8
   63  91  23  58  76  22  26  23  92   1  82  36
   14  91  97  65  45  50  24  65  46  52  86  51
   40  53   8  85  44  79  93  78  51  15  44  16
   99  73  66   8  73  16  38  66  91  25   4  13
   87  65  53  20  68  57  70  89  46  10  84  70
   29   7  31  26  66  14  43  31  32  92  88  41
   44  95  58  92   7  26  43  77  69  26  86  60
   81  96  57  67  59  93  36  38  21  16  38  47
    9  28   2  88  78  24  27  48  43  89  18  41
   64  57   8  41  91  19  16  78  19  83  21  46
   71  51  97  72   1  90  97   7
   65  21  32  21  10  43  11  16  87  46  37  72
   93   6  87   9  38  40  49  98  53  73  53  58
   78  63  44  82  61  70  50  93  30  55  32  83
    4   2  98  97  71  58  56  42  12  75  78  70
   98  49  62   9  46  42  71  13  46  87  15  78
   55  52  68  20  73  70  91  37  89  12  40  79
   12   5  32  26  79  68  67  97  70  89  51  16
   80  92  34  25  17  17  12  90  70  86  87  96
    2  69  65  48  19  94  53  94  65  52  53  10
   17  31  20   8  91  18  65  48  66  20  81  16
   30  19  69  17  33  46  44  81  85  60  97   8
   62  23  97  55  59  71  97   5  60  62  43  93
   64  92  43  60  33  73  91  87  94  68  12  84
   88  57  15   6  59  53  23  38   6  22  72  51
   82  37  36  51  61  16  84  28  59  76  16  40
   22  58  83  19  83  38  56  46  94  97  17  81
   27  61  67  88  48  73  17  51
   70  68  87   1  87  67  68  78  63  84  58  98
   32  30  20   3   6  19  51  97  49  94  42  20
    4  82  26  93  81  68   5  97  28  28  54  90
   99  86  76  90  39  23  20  76  86  21  27  99
   32  77  27  64  32  45  40  89  92  52  15  87
   51  61  43  73  60   9 100  63   1  90  44  51
   17  35  15  24  23  30  83  23  67  34  69  96
   88  65   1  53  57  65  20  60  59  50  10   5
   81  55  53  54  65  51  89  33  16  75  84  57
   87  43  83  42  64  68  60  22  56  81  18   2
    9  54  83  76  66  32  25  33  79  82  45  87
   97  54  84  50  34  58  71  87  52  63  75  68
   51  27  79  59   4  41  41  69  33  20  50  89
   58  15  62  39  25  67   9  76  29   3  54  57
   48  67  25  14  20  10  60  54  36  20  15  21
   27   2  70  32  93  28  69  45  51  28  50  46
   65  56  81  28  19  14  76  48
   46  59  15  42   8  86  92  56  96  69  78   4
   87  53   5  49  60  20  53  69  91   8  17  42
   73  13  91  79  37 100  78  57  51  27  18  72
   75   9  43  85  59  24  73  57  40  98  37  65
   47  61  28  92  62 100   8  71  40  30  51  88
   44  90  27  18  96  88  48   8  98  96  51  68
   26  26  55  93  47   2  56  69  72  24   4  96
   85  74  25  82  57  38  35  25   7   1   1  44
   88  92  93  99  91  37   7  24  24  83  67  27
   56  67  19   5  11  94   2  83  67  79  14  69
   73  33  71   5  17  50  64   6  71  66  11   2
   57  45  13  22  22  78  19  76   7  31  95  66
   78  40  12  58   9  94  35  77  74  87  50  46
   58  86  93  26  32  13  20  71  89  63  87  84
   29  72  83  61  27  53  70   6  32   3  86  31
   98  27  67   8  91  51  30  73   7  86  83  78
   96  17   8  68  74  62  68  89
   82   2  63  42  99  93   3  36  93  87  26  76
   87  44   2  67  51  97  45  44  24  68  34  34
   85   7  38  27  13   8 100  49  77   8  64  58
   93  11  81  41   1  54   3  44  79  58  73  10
   70  70  47  51  21  52  38  41  10  17  13  48
   77  65  63  87  25  25  47  24  94  54  37   7
   96  90  68  51   6  35  34  65  80  29   2  28
   37  21  14  10  24  94  37  69  31  24  32  85
   89  63  97  71  75  15  66  37  95  78  16  34
   53  51  50  57  72  53  32  39  97  63  22   3
   20  42  93   7  64   9  87  73  88  73  76  98
   16  77  94  55  68  41  15  91  14  75  17  21
   90  64  39  16  31  58  52  98  43   4  40  46
   69  32  40  95  93  44  26  67  94  16  76  96
   35  41  12  93  81  68  57  11  33  23   5  53
   70  75  24  92  90  62  13  37  42  99  25  14
   29   9  64   7  97  94  92  15
   39  71  57   5  70  96  81   6  88  33  34  79
   29  69  98  15  57  78  13  11  93  31  62  39
   14  10  84  51  62  35  40  76  41  75  44  10
   17  49  27   6  13  87  10   6  20  78  55  99
   12  47   7  40  70  97  48  46  28  80   9  69
   29  95  51  89  10  98  48   4   4  35  16  74
   77  53  80   8  94  24  55  12   8  21  19  23
    4  95  51  47  68  87  29  92  11   9  34  52
   25  53  83   9   5  51  19  20   7  43  82  63
   80  65   5  79  36  41  34  19 100  75  40  15
   15  21   2  87  18  38  44   7  85   6   5  23
   58   1   1  78  39  25  93  26  70  68   4  58
   99  99  78  64  32  88  71  49  64  25  25  96
   26  50  23  24   2  75   8  23  71  86  14  16
   27  19  32  32  25  99  40  32  21  43  18  75
   37  92  96  79  27  95  37  45  76  14   6   2
    5  36  28  63  13  17   4  23
    563   534   553   546   547   550   552   530   559   508   563   540
    554   536   463
