 10 300
  100 112  91 100  56 106  96  69 109  64  96  10
   95 112  26   8   9  62   8  24  95  60  96  39
   65  78  33  92  28  87  66 109  26  39  75 105
   83 105  89  44  58 104  17  94  18  37  81  85
   97  99  72   5  21 100  49  20  15  42  66  64
   14 108  19  61  77 103  99  38  60  20  76  49
   98  53  47  62  76  31  92  39  25  34  47  93
   49  63  41  52  97  98  54  44  65  31  47  72
   24  72  30  91  21  32  19  16  69  20 104  31
   38  81   9  26 109  22 112  37  76  88  91  84
   31  84  66 103  28  18 113  79  41  71  86  78
   60  58  30  87  32  78  33  45  22  74  46  20
   46  49  27   8  87  64  89 112  48 115  65  80
   11  31  55  27  95 105  37  89  95  61  51  95
   42  23  50  39  94  63  37 115  94  92  69  25
   76  35  87  44  99  76  61  68  77 114  16  68
   44  26  99  84  59  78  34 100  60  11  81  41
   95  68  81  83 105  18  14  86  30  87  55  94
  103 100  58  85 101  28  50  68  72 109  62  26
   30  55 100  34  62  87  63 101  11  42  27  83
   40  21 103  31  41  81  30  93  10  71  80  42
   47  19  22  63  38  91 103  59  77 104  65  39
   73  95  39  31  57  69  93  25  92  48  34  94
   96 105  98  53  18  62  94  42  43  64  66  51
   46  92  13   7  45  31  27  47  84  60  27  83
   46  79  57  67  69  37 105  42  58  59 110  13
   20  79  81  13  84  93  11  76  56  37  92  27
   54  19 100 105  22  78  52 102   9  27  35  95
  105  58  37  36  88  51  83  66  69  76  29  40
   89  22  52 109  67  50 115  29  46  49  66  29
  103  83  22  61  41  37  69  68  82  66  98  88
   56 103  15 101  32  57  71  61  40  70  93  29
   35  40  29  50  19  43  40  17  83  25  16  57
   47  26  61  28  73  43  62  61  47  77  78  98
  115  19  40  99 112  39  72  37  28  46  93  92
   49  91  73  83  26  51  35   7  80  68  47  30
   80  38  66  12  88  78  49  32  61  71  91  86
   15  70  93  63 103  91  28 106  42  40  33  99
   85 106  32  37 104  84  65  44  91  32  86  80
   21 106  83  46  95  28  18  83  63 102  55  87
  106  70  59 106  72  63  15  83  26  84  73  63
  110  83  68  80  30  93  41  26 115 111  73  70
   41  61  13 102  47  22  66  39  55  69 100  28
   26 101  24 101  82  45  12  75  81 110  60 109
   49 102 101  71  91  92  76  92  43   5  68  25
   63  66  42 102  74  43  98  66  97  51  51  73
   36  83  48  27  51  16  91  85  68  72  28  90
   80  37  64  61  42  67  81  44  21  77 109 107
   62  55  71  92  54  34 102  86  23  62  98  87
   62  60 104  51  61  39  52  46  81  24  96  83
   22  97  19  38  20  58  38   7  12  45  34  26
   28  68  92  20  44  62  29  67  43  16  54  14
   23  74  60  97  53  15  34  28  34  79  27  47
   49  60  40  48  26  32  64  26  57  48  45  66
   37  40  62  46  96  59  38  13  57  59  92  40
   64  17 111  96  44  23 102  51  31  79  71  93
   79  89  47  25  96  96  67   3 110  50  81  27
   96  46  84  27  76  81  57  63  41  10  82  42
   89 114  88  51  41  23  31  37  35  57  47  34
   47  44  52 111  76  56  21  45  34  78  35  88
   78  52  75  53  44  18  67 104  89  96  92  39
   65  19  55  83  78 102  44  90  43  72  35  48
   48  11  45  27  31  25  96  78  66  34  18  40
   99  59  26  51  96  57  73  96  82 112  82 107
   34  79  63  63  50  12  89  94  17  41 107  71
   58 101  87  64  16  40 106  48  50  76  42  99
   14  97  23  35  36  58 110  96  30  57  22  33
   39  42  76  23 115  22  73 103  37  95  92  27
   13  31  94  35 101  87  14  19  14  45  78  34
   44  37  61  43  84  75  45  87  77  95  45  36
   16  57  75  60  41 107  14  79  89  19 102  60
   52  18  21  64  96 118  88  28  51  25  84  52
   90  36  31   4  95  53  38  86  53  59  96  45
  104 107  38  38 111  47  84 101  73  24  45 104
   98  33  73  56  54  63  68  82   6  59 106  72
   37  18  39  68  82  88  58  60 109  32  17  33
   39  69  18  57  76  89 107  13  44  61  30  47
  110  50  81  67   5  70  62  92  85  57  53  88
   80  11  76  76 113 103 117  22  99 101  46  53
   70  49  34  32  38  17  81  89  62  88  65  98
   12  21  69  60  18  69  48  83  31  60  39 115
   23  63  69  29  98  55  99  54  88  94  72 106
   73  87  70  41  76  95  32  77  65  49  34  69
   70  62 103  51  33  32  25 103   9  95  93 106
  109 100  77  87  42  92  59  69  61 107  88  39
   21  96  93  14  54  84  64  94  30  33  35  17
   30  35  49  36  78  78  56  84  57  65  84 105
   93  74  81  62 104  98  44  18  40  62  55  46
   38  47  89  12  96  89 100  44  57  67  27  59
   25  94  39  55  72 103 102  92  17  62  77  98
   75 111  54  38  19  30  93  47  23  27  18  93
   75  73  14  37 103  73  53  72  18  22 108  26
   42  77  39  65  13  90  33  81  93  52  81  29
   41  74  33  74 108  82  76  34  65  29  55 110
    7  13  47  20  66   8  28  90  60 106  90  23
   54  26  84  82  69 106  43  36  34  33  84  21
   46   5  75 109  93  79 117  59  89  50  17  78
   60  85 104  94  86  53  27  82 103  18  39  85
   47  61  64  27 100  61  17  85  34  53  58 108
   57  89  64  76 108  45  49  96  71  81  97  72
   18  78  62 102  62  68  58  39  30  26  61  94
   67  29  96  57  99  44  53  59  40  21  17 104
   71  22  18  90  56  70  46  99  58  75  68  36
   35   3  40  24  56 110  94  67  69  77  68  24
   88  74  32 102   5  78  74  60  61  26  30  56
  100 111  48  97  42  22  91  96  16  86  30 101
   27  29 114  96  89  28  32  88  30  48  64  13
   23  20  47  38  62 115  40  41 104  51  42 107
   40  93 111  28  48  97  27  22  80  74  13  94
   60 100  92  30  92  30  87  68  57  73  44  86
   85  26  54  54  18   5  64  45 110  46  85  92
   87  56  75   9  66  39  26  48   4  65  46  73
   70  55  89  65  78  79  67  83  55  78  45  16
   95  19  66 112  87  51 110  35  58  96  92  50
   21  18  66  52  71  29  52  42  49  32  51  66
   64  47  11  13  67  86 102  54  24  72  27  25
   67  51  46  50  34  64  83  69 112  22  35  88
   26  59  49  83 103 111  92  60  83  16  52  68
  100  74  35  72  22  12  34  85  46  16  88  31
   42 114 106  38  22  26  61  94  38  60 116  36
  103  25  20  34  34  13  24  82  90  72  15  79
   95  11  87  46  40 102  94 108  54 108  28  75
   54  59  46  14  91  22  92  27  40  22  16  38
   50  98  88  66  20 104  31  33  80  40  36  71
   62  67  65  76 113  65 104  71  29  80  18  64
   36 117  46  32  26  60  78  24  26  19  62  23
   60  14  26 103  10  79  31 106  78  69   5  89
   75  27  79  64  52  21  93  64  92  69  29  73
   64  67  72  32  66 100  54  43  93  52  59  67
   57  98  37  66  28  70  71  93  76 100  51  35
   98  68  30  68  40   9  45  26 114  63 101  81
   42  25  68  19  48  94  64  83  82  85  21  85
   54  58  42  80  49  37  17   9  99  54  75  23
   73  72 101  82  41  82  40  68  24  49 103  20
   64 112  52  40  41  35  23  91  13  46  44  91
   98  65  89  29  68  11  94 108  58  91  12  87
   15 112  70  52  32  97  50 107  12  33  42 118
    6  89  71  62  33  93  54  49  45  66  16  50
   71  37  84  62  27 103  79  71  20  71  44  83
  100  26  12  31  16  29  46  67  88  62 105  44
   93 113  82  74  71  75  75  80  87 103  28  63
   65  76  98  76  71  84  65  24  51 102  80  72
   62  44  63  43  92  94  17  76  81  68 103  87
   19  67  13  93  98  86  23  69  69  28  92  77
   91  68  86 104  57  39  55  98  56  34 105  73
   63  62  98  46  77  70  51  13  71  76  25  93
   82  57  33  22  23  27  58  75  95  12  90  86
   98 103  91  91 105  43  93  81 102  45  26  70
  107  99  18  86  69  81  59  77  23  96  92 116
   41 110  77  62 103  69  51 102  68  72  46  80
   76 113 105  69  79 102  99  97  33  85  19  86
   62  50  31  20  84  75  58  57  65  30  28  53
   64  34  94  36  97  35  74  21  30  20 103  40
   46  92  64  70  91  35 111  91  53  62 110 108
   53  25  91  93 101  20  24  75  15  73  56  55
   38  73 111  79  73  32  51 105  86 112  86  85
   28  36  64  94  86  73  27  67  57  29  38  34
   42  34  56 104  73  25  86  73  91  76 108  50
   87  73 105  57  66  79  72  43  68  39  63  90
  115  86  29  87  75  25  92  43  28  63  99  97
    5 114 106  62  71  27  46  14  65  19  96  66
   84 100  88  73  57  67 103 102 105  78  98 102
   74  44  77  69  48  34  66  78  42  61  91  39
   54  56  23  63  90  30  79  21  22  91  24 111
   81  88  33  42  28  54  63  82  12  22  26  75
   43  75  51  40  71  72  75  54  86  81 102  79
   51  62  65  95  58  24  65  72  21  48  47  54
   65  88  63 100  53  91 103  12  84  31  81  88
  106  99  34  42 106  15  37  55  71  61  33  78
   76  13  79  73  63  57 109 111  70 105  90 105
   93  87  64  37  92  94  36 116  32  33  87  72
   45  55  56  55 100  98  71  22  91  66  54  62
   69  14 100  77  48  41  83  55  43  41  89  86
   97  28  59  13  61   9   9  46  77  35  12  88
   64  19  55  53  31  82  96  40  48  15  84  26
   49  29  94  48  25  16  33  23  45  60  34  70
   93   6 112  77  76  98 103 104   7  42   3  26
  103  41 100   7  32  29 100  72 108  39  16  86
   75 110 116  62  66  87   4  30  86  93  53  92
   99 104  96 103  88  26  66  50  69  53  98  52
   82  67  83  11  70  46 113  47 106  84  39  52
   99  68  44  87  59  38  60  80  94  74  15  19
   22  19  84  93  15  54  14  38 100  40  47  62
  109  25  22  58  14  14 106  87  40 110 105  89
   81  33  57  56 109  92 101  17 110  71  56 110
   47  30  29 108  30  20 111  95  51  31  58  23
   56 107  19  60  82  95  61 112  96  27  80  67
   44  39  32  13  36  32  38  65 101  50  51  77
   28  26 106  52  67  56   9  67  11   8 101  29
  104  47  96  87  54  15  56 107  67  14  48  90
   83  32  12  47  85 116  66  86  79  14  13 102
  104  22  72  32  37  39  32  39 105  44  71 106
   36  44  58  46  60  97  25  65  74  75  67 104
   97  46 102  66  43  40  96  69  35  36  82   8
   30  44  99  31  79 113  88 101  71  72  12  56
   90  70   6  21  92  78  90  89  63  77  22  58
   40  22  23  43  44 100  91  53  15  30  61  34
   85  16  69  47  59 104  71  23  39  49  83  53
   22  23  32 103  98  46  37  97  28  16  58  24
   68  29  34  39 102  57  84 104  39  78  32  89
   38  32  89  51  24  64  49  91  37 112 109  55
   69  23  80  29  19  73  47  32  36  54  55  38
   66  27  33  86  87  16  53  67  81  27  24  53
  110  29  29  80  97  16  42  47  13 111  11 102
   27  42  62  35  22  59  42 109  56  16  35  74
  113 106 104  59  25  14  78  92  34  86   9  74
  105  16  38  92  95  78  59  82  50  56  90  83
   50  24  74  52  86  79  64  43  39 100  18 100
   70  86   6  84  11  53  69  56  36  73  73  35
   85  60  96  92  90  62  74  61 112  54  11  64
   26  88  12  52  67  93  35  60  15  81  79  54
   92  51  41  73  70  16  53  29  20  47  40  10
   58  11  44  74  37  48  55  89 113  26  56 110
  108  49  29  90  40  93  66  82  77  93  87  27
   82  38  70  38  24  44  41  66  72  53  44  55
   95  56  45  81  15  66  46  39  25  65  83 110
   45  78 103  15  34  65  56  91  52  70  30 115
   32  20  53  16  44  19 103  63  51 113 102  50
   88  90  83  66  65 105  53  38  95   8  81  67
   80  19  10  42  55  69  26  91  35  17 108 108
   94  75  86  51  56  74  88  46  62  88  17  50
   73  30  98  92 103  60  16  46  47  39  98  13
   54 100  83  52  67 104  43  83  32  18  85  41
   77  32  66  99 111  48  44  81  79  22  15 108
   55  86  30  69  54  59  83  81  58  24  40  27
   44  73  14  22  21  81  25  45  44  76 109  60
   78 107 102  64  44  66  36  53  38  18  76  90
   15  43   9  73  30  62  66  81  12  29  38  67
   51  64  86  91  29   7  57  90  61  86  40 108
   90  46  61  98  87  63   6 104  11  65  51  48
   11  70  33  99 115  75  34  34 103  30  80  52
    9  80  88  94  16  82  78  10  83  19  47  22
   32  43  29   6  99  51  16  70 104  50  52  67
   97  36  18  70  62  20  69  11  99  59  99  62
   63  59  37  11  76  85  86  48 110  75 104  57
   72  19  92 104  87  36  80  84  58 107  56  77
   39   9  85 105 103  34  30   8  35  26  51  66
   92  58 116  68  16  91  24  50  88  38  76  61
   69  54  64  82  39  56  25  22  85  40  17  69
   18  50  76  56  17  65  42  64  19  73  73  69
   86  28  26  90  55  44  60 103  30  23  64  40
   25  91 107  87  14 107  57  36  43  38  40  29
   98 107  62  60  43  24  34  66  92  34  21  31
   15   7  19  44 112  64  63  89  71 104  82  22
  106  17  72  76  95  42  75 110  47  96  31  79
   51  30  50  82  94  47  29  74  92  81  62  43
   59 119 101  30  48  49  95  43  45  79  16  26
   79  54  48  39  13  98 104  76  67  18  44  71
   82  80  79  33  49  36  69  30  15  72  26  73
   47  88  83 100  10  40  31  35  27  36  28  18
   16   5  15  17  55   5  22  42  11  47  24  92
   19   2  80  99  98  41  94  87  15  49  17  80
   49  28  82  22  79  24  46   3  80  64  38   5
   35   8  25  60  47   7  92  16  85  80  32  17
   23   3  45  98  98   3  59  91  90  76  53  43
   97   9 100  45  34  15  18  77  44  87  35  66
   19  58  70  51  30  75  20  64  81  86  62  27
   62  41  72  52  21   4  50  65  50  75  61  34
   81  32  86  12  94  74  92  95  42  90   4  88
   76  31  97  88   5  92   4  75  40  22  21  21
   79  25  44   3  83  93   6  41  75  40  27  37
   47  49  84  31  84  41  87  68  97  41  65  85
   71  71  76  96  20  50  17   7  60   1  53  23
   98  80  60  89  22  14  72  31  13  44  52   8
   63  95  65  81  18  48  75   2  12  22  38  94
   35  81  26  69   4  44  50  39  41   6 100  49
   75  78   4  21  51  39  81   9  45  92  35  68
    9  46  28  35   5  94  97  22  73  23  61  19
    4  17  52  19  11  87  54  43  40   9  54  85
   73  65  14  70  48  20  39  19  93  78  75  32
   79  88  11  80  70  30  87  13 100  32  32  76
   55  94  95  41  71  29   8  51  41   5  37  74
   37  13  73  74  47  39  19  88  17  54  86  24
   11   9  17  61  86  50   9  76  73  45  53  67
   71  15  95  97  63  87  89  57  31  60  84  24
   61  31  52  35  35  68   4  71  51  61   6  90
   99  29  37  97  21  12  93  28  56  77  21  78
   61  88  11  13  82  28  55  16  94  93  69  18
    6  52  73  82  16  58  36  53  45  26  82  62
   24  81  67   7  41  58   2  82  63  70  51  82
    2  35  94  56  61  71  41  35  33  51  13  16
   64  16  93  11  80  54  31  55  77  50  10  84
   67  77  81  63  98  76  65  92  27  77  97  62
   59  92  57  77  47  73  46  45  59  25  34  19
    1  85  67  15   7  68  36  77  90  67  11  21
   56  24  33  25  78  51  75  95  40  34  60  88
   30  77  45  92  14  26  60  83  50  39  26  26
   88  40  14  54  17  13  84   4  72  75  81  10
   24   3  86  68   4  23  41  60  15  72  31  35
   90   7  26  58  22  86  91  26  48  16  58  32
    5  46  51  11  38  46  90  26  83  27  41  42
    2  37  41  37  82  16  77  94   3   9  35  50
   61  49 100   1  60  98  36  80  59  51   9  90
   88   1  87   6  26  70  99  28  35   3  51  10
   64  16   8  45  15  20  41  13  63  97  37  87
   51  40  63  15  39  61   4  44  14  54  53  29
   72  28  72  87  53  96  13  23  43  31  92  13
   38  81  47  53  70  52  35  72  96  43   6   4
   50  59  34  18  51  71  15  25  89  47  19  32
   56  46  16  68  50  70  55  69  36  82   9  25
   80  19  97  73  82  46  73  95  96  73  72  77
   92  44  22  94  67  51  75  52  77  91  62  89
   93  36  42   6  61  99  70  89  72  37  79  67
   58  46  78  65  82  77  48  76  59  68  70  45
   73  79  50  67  20  47  65  95  53  52  19  63
   47  94   8  14  74  82   4  55  86  40  49  11
   23  17  60  95  12  21  44  99   6  54  34  84
   10  69  30  88  37  30  54  55  69  96  21  61
   28   6  16  64  68  84  89  66  71  55  66  77
   62  71  57   8  31  52  97  57  70  39  84  29
   28  58  34  50  63 100  51   4  29  10  12  76
   52  87  51  19  36   7  76  15  72  40  76  66
   68  99  63  90  77  89   6  28  54  74  89  64
   18  51  88  65  20  45  39  20  38   7  38   4
   71  35  49  48  55  97  17  24  85  72   2  39
   54   5  21  46  99  68   8  65  69  44  72  19
   94  12  93  74  75  50   3   7  83  55  94  70
   73  63  43  79   3  97  35   7  77  16  11  93
   94  78  21  69   6  25  94  87  95  63  24  69
   65  75  48  64  30  29  71  23  37   8  71  79
   87  51  35  48  70   7 100  32  19  94  14  44
   64  88  95  45  19   1  24  83  56  89  28  61
   16  71  89  98  12  50  67  25  58  59  24  68
   10   8  69  71   5  55  21   6  32  79  64  14
    5  74  43  48  48  50  43  33  96  46   7  39
   66  94  72  37  28  16  45  53  10  74  89  87
   77  37 100  62  26  28   3  89  71  49  72  64
    2  64  23  35  99  41  55  25  19  63  67  23
   25  94  26  35   1  16   2  96  13  18  71  49
   42  61  73  80  73  90  34  23  51  23  52  21
   96  91  46  51  84  50  67  19  89  45  67   4
   86  48  42  73  18  51  21  64  25  24  36  14
   38  30  35  66  31  17  77  37  38  53  75  34
   34  41   8  51  73  83  88  17  99  20   9   8
    7  16  31  26  71  26  51  39  42  10  18  76
   99  16  23  97  65  28  49  19  87  70  75  95
   79  77  55  81  25  28  51  36  45  41  31   6
   26  28  31  57  13  21  74  84  64  44  63  66
   67  71  21  97  17  23   8  76  59  41  86  54
   95  20  68  48  46   4   2  22  85  41  36  20
   28   4  48  72  85  74  21  55  84  86  97  18
   43  34  89  70  16  41  51  41  93  93  10  79
   75  35  72  43  95  23  79  27  13  50  31  73
   69  28  70  28   6  28  33  70  37  89  59   4
   99  94  64  99  53  95  74  21  48  11  25  88
   52  84  23  29  46   3  67  67  76  78  36  96
   70  97  34   2  18  23   3  50  14  67  95  37
   58  24  10   9  28  62  87  30   2  85  76  26
   55  50  48  87  13  47  91  26  68  50  54   7
   59  20  56  36  11  75  62  10  42  27  17  32
   85  28  49   1  49  35  53  75  81  91  43  13
   52  82  10  49  10  71  63  53  73  83  85   9
   32  94  85  17  64  41  74  11  62  35  43  73
   76  99  67  79  61   7   8  45  49  35  39  87
   21  42  79   4  99  39  38  50  51  88  74  51
    4   9  70   6  69  91  13  13  89  34  90   9
   84  81   5  20  22  83  87  17  90  62  39  98
   93  93  71  74  49   1  70  61   7  58  62   4
   75  11   6  88  64   9  78  90  33  44  94  18
   59  11  22  73  15  73  15  34  57  45  65  31
   32  83  57  55  87  97  43  66   3  60  20  19
   29  47  35  97  40  72  88  70  99  52  58  46
   37  64  30  51  41  38  48  20  58  40  73  87
    9  86  52   7  20  54   5  71  58  19  15  56
   87  95  48  58  32  90  64  70  54  77  57  45
   47  70 100  90  35  24   3  64  86  34  84  86
   48  58  56  67  79  48  23  40   8  89  82  14
   94  61  57  34  11   2  22  59  27  88  51  44
   20  36  82  42  82  98  79  19  56  87  25  72
   68   5  12  73  84  84  53  16  78  48   4  75
    2  77  94  85  82  89  80  28  21  32  96  27
   12  91  31  65  65   9   9   7  51  12  88  33
   50  56  70  97  20  85  20  80  72  96 100  69
   63  19  18  44  96  13  82  75  39  69  80  39
   46  36  55  38   6  39   6  43  86  34  95  39
   81   2  66  82  90  44  36  91  80  87  45  95
   59  95  87   5  94  29  88   8  24  47  97  14
   27  88  36  52  50  99  11  45  12  39  90  34
   50  36  48  71  50  10  57  73  21  62  55  42
   45  18  76  38  83  43  33  27  44  10  69  81
   19  38  76  51  72  93  66  84   6  44  13  32
   71  84  50  88  57  24  40  19  36  34  93  33
   62  54  64  29  54  72  93  96  17  55  33  84
   43  46  11  30  66  30  79  51  85  53   8  98
   42   7  54  75  68  80  84  15  96  68  66  22
   22  45  17  78  43  97  19  11  52  27  95  16
   93   7  48  56  84   9  61  12  96  83  60   1
   98  15  42  53  69  23  65  58  63  45  95  63
   44  65  23  45  78  15  38  38  96  35  71  24
   11  94  91  87  92  79  70  35  29  40  13  70
   17   3  37  39  45  39  36  32  17   7  82  52
   51  42   9  42  36  26  48  81  53   3  31  33
   54  67  50  67  13  14  88  36  25  45   8  18
   83  47  95  19  10  22  84  45  47  88  27  25
   21  42  30   7  53  76  62   8  53  71  11  38
   54  40  16  72  27  37  51  95  45  35  80   9
   20  59  69  90  97  83  61  32  11  93  18  26
    4   9  16  20  12  66  16  36   8  74  87  49
    8  14  93  25  45  22  48  32  95  18  24   2
   79   8  32  58  17  43  60  16  45  41  74  27
   38   4   4  45  29   2   4  10  85  22  85  23
   55  56  89  87  27  31  62  55  46  87  89  60
   50  78  25  80   7  74  45  96  72  92  13  71
   62  22  46  41  28  76   8  18  53  50  10   2
   57  90  18  15  15  83  79  36  89  45  63  54
   71  37   4  38  38  83  67   9  20   6  26  30
   81  69  43  17  18  46  75  44  54  79  80  77
   71  73  48  13  32  85  33  31  24  39   3  59
   20  43   5  51  42  26  38  77  43  81  41  29
    2  31  90  28  29  89  14  61  80  55  15  19
   97   2   9  43  41  90  73  97  51  88  12  45
   18   6  26  35  57  41   2  11   9  39  13  18
   38  62  30  39  59  77  46  29  60  50  15  72
   51  52  97  42  17  86  27  84  89  20  81   5
   23  29  73  70  90  57  47  27  93  90  90  28
   71  39  62  70  40  33  28  51  31  35   6  32
   51  55  37  16  46  90  50  37  84  72  57  65
   51  20  50  20  52  15   9  99  33  87  32  19
    9   8  71  64  11  99  80  57  38  59  78  33
   29  91  24  33  41  53   4   4  44  14  27  11
   25  29  46  74  10  21  72   2  88  76  20  42
   66  57  50  54  11  18  39  82  28  45  48  46
   38  99  11  42  70  75  35  62  70  74  15  22
   16  88  52  93  51  94  97  68  26  68  97  14
   55  97  57  58  83  26  15  75  71  90  30  88
   67  73  12  70  88  87  82  92  66  50  85  41
    9  96   2  32  39   8   6   8  99  78 100  88
    7  67   4  95  75  85   8  32   9  71  91  31
   40   9   4  58  47  20  99  84  24  16  53  20
   18   7  14   5  24  85  46  70  50  58  13  56
   38  51  35  96  48  70   7  59   7  31  72  59
   20  45  72  24  44  72  45  29  23  33  94  90
   83  84  18  24  98  62  99  65   8  76  64  49
    8  82  94  59  91  98   9  31  70   3   5  24
   37  75  62  56   5  23  12  92   9  45  62  10
   61  78  90  12  78  95   4  13  61  72  45  83
   52   7  84  58  36  16  49   3  20  80  38  49
   63  65  81  90  80  85  73  37   2  57  64  38
   90  89  11  59  35  51  99  37  92  98  19  75
    4  61   9  24  60  95  55   6  45  97  67  13
   29  77  99  66  30   1  46  34  39  89  95  13
    1  83  46  73  69  69  85  69   9  65  34   6
   76  76  47  72  51   8  84  38  34  38  36   8
    9  58  15  43  65  78  16  44  83  82  24  95
   85  62   3  73  38   3  28  14  36  31  97  48
   30  35  96  95  26  37  27  21  48  32  97  54
   62  86  79  75  58  11  25  57  97  73  42  72
   29  98  42  64  57  15  40  80  79  67  20  63
   84  94  70  16  12  70  70  11  74  97  46  81
   46  80  86  63  11  45  25   3  67  29  80  24
   70  81  21  64  92  47  66  11  73   5   3  59
   46  88  25  74  92  38  64  88  68  55  65  76
   36  84  78  29  15  94  58  50  32  81  82  61
    2  80  79  23   7  88  65  60  93   4  98  11
   82  71  49  78  88  53  68   2  55  92  85  37
    5   9   9  47  90  94  38  13  74  27  96  46
    6  94  68  24  22  30  52  32  57  64  28  19
   60  88  30  65  32  24  42  63  72  16  98  14
   34  25  99  27 100  49  38  46  66  39  39  74
   35  42  18  18  27  47  38  47   2  49  93  56
   90  24  97  55  45  15  85  51  95  30  31  64
   23  58  73  39  39  92  54  81  87  65  78  95
   53 100  69  44  78  72  55  17   2  85  54   8
    4  56  77  13  64  15  47  32  34  18  23  90
   21  73  40  67  84  74  66  42  46  55  61  47
    9  46  60  37  91  52  63  70  77  39  31   2
   72  35  12  90  74  39  57  14  60  48  72   5
   80  94  63  86  67  93   2  39  58   7   5  56
   31  17  26  37  46  15  55  71   8  98  37  48
   38  85  96  76  56  38  78  13  78  99   3   7
   26  45  29  53  46  41  31  66  45  24  93  56
   38  81   7  23   6  59  88  65  65  68  11  93
   56  11  34  66  35  16  68  29  84  92  33  74
   37  88  37   7   6  65  67  23  34  89  93  12
   52  25  80  50  49  50  19  30  59  83  65  84
   69  38  88  86  88  34  83  67  64  29   3  50
   37  11   4  46  61  43  84  57  69  85  26  26
   99  71 100  44  82  49  42  26  93  88  78  43
   68  47  26  26  73  97  45  20  52  21  64  12
   19  60  59  13  28  40 100   8  97  40  57  67
   98  44  69  18   5  36  81  77   9  76  34  57
   97  23  25  19  88  27  25  97  35  85  64  89
   85  61  75  97  14  59  99  45   6  67  61  45
    9  66  93  39  48  87  38  92   5  52   3  58
   47  56  77  95  41  28  21  60   5  40   4  49
   42  98  15  13  29  73  34  26  62  10  62  27
   75  94  17  13  15  81  87 100  79  87  62  50
   19  45   2  51  98  17  88  69  27  79  36  57
   45  62  55  27  72  52  85  89  27  62  97  46
   97  57  41  56  85  47  71  53 100  46  29  36
   30  79  85  13  63  72  49  15  78  86  39  67
   95  27  11  26  91   5  60  75  72  73  72  87
   16  13  46  47  67  88  76  37  13  68  96  83
   93  98  88  71   5  49  52  13  40  16  36  85
    8  87  34  28   9  77  42   5  70  10  78  25
   52  81  65  29  10  73  76  39  14  29  40  65
   50   1  12  83  61  53   8  67  63  25  95  86
   25  64  58  71 100  18   7  30  37  84  68  37
   33  33  28  83  68  83  37  82  90  45  83  46
   66  22  23  20  96  80  76  80  90  80  82  97
   1199  1158  1290  1161  1264  1165  1127  1236  1220  1286
