 20 400
  112  92  54  54  90  97  25  45  84 101  52  98
   77 110  25  91  73  29  76  24 100  22 105  33
   69  10  46  94  99  85  81  30 107  50  92  47
   77  29 101  76  55   9  92  51  88  14  72  55
   63  19  55  67  94  74  35  69  30  67  29  92
   63  96  17  24  46  91  60 110  92  20  15  29
   47  79 109  86 106  37  67  15  37  98  65  49
   79  14  11  97 103  62  22 106 109  86  57  33
   71  24  59  56  26 106  99  61  44  40  71  52
  105  16   8  27  17  69  71  94  12  94  65  14
   32  60  91  27  33   9 100  72  42  30  39  32
   72  61  55  73  66  54  41  37  56 105  28 109
   46  99  23  97  20  71  19  80  39  83  85  21
  103  38  84  65  65  37  67  48  21  38 114 105
   54  28  69  93  89  59  27  86  65  31  24  24
   57  79  48  58 102  37 107  80  54  89 102  29
   99  10  89  33  65  73  61  56  35 102  39  30
   59  32 102  73  98  47  84  85  36  71  88  42
   28   6  68  35  17  36  57  24  86  88  74  17
   76  22  26 103  66  26 102  93  57  58 108  32
  107  37  10 109  28   5  58  15  57 113  72  32
   23  15 101  49  31  43 106  29  47  18  30  12
   71  41  22  96  95  12  26  39  92  41  47 107
   44  31  73  36  50  26  69  63  64  96  95  25
   13  92  16  81  70  53  67  56  93  13  86  49
   44  28  69  57  37 104  64  10  40 104  33  83
  110  67 105  77  92  21  92  89  54  26  87 100
   55  47  76  36  54  83   4  17  78  62  75  85
   61  73  26  63  24  64  53  38 100  41  66   4
   23  20  93  84  79  46  89  37  36  69  37  93
   33  21  99  91  27  67  24  81  90  31  83  79
   88  60  51  79  60  53  20  70  25  65  12  87
   46  57  67  80  63  38 100  29  35  30 101 105
   24  78  49  46
  108  75  46  62  19  17  49  19  82  97  58  70
   97  60  46  51 104  22  99  36 113  42  71  90
   68  99  67   4  33 115  81  46  63  33  87  87
   78  59 103  17  96  88  16  44  96  77 115  83
   64  57  64  46  21  24  90  75  21 103  14  78
   40  15 106  70  43  52  17  10  82  36  61 110
   46  54  37  38  84  39  57  65  50  31  70  42
   21  42  91  71  97  29 105 114  48  29  13  10
   88 100  22  10  24  11  60  32  28  87  68  51
   87  66  25  28  41 112  66  24 102  98 109   9
   77  51  92  91  51  81  51  13  61  21  50  65
   94  48  14  45  65 105  95  62  81  83  14 101
   62  40  20  33  60  81  24  53 103  82  60 103
   58  74  22  90  66  78 106  76 106  30  60  43
   22  99  68  32  57  77  45  50  54  84  34  86
  103  31  89  15  80  18  91  53  60  95  60  90
   98  52  21 101  48  81  97  92  17  25  88  76
   42  86  52  67  96  21  57  63  24  52  22  42
   23  31  37  79  34  67  83  42  85  74  94  58
   94  88  79  23  32  35  26  57  91  98  69  19
  111 102  76  42  32  48  39  66  19  37  63  19
  102  31 105  92  66  99  98  89  93  90 104  62
   88 101  45  91  55  37  95  36  43  83  54  22
  100  24  75  14  47  27  72  32  64  54  48  73
  100  22  96  29  99  76  89  61  47  64  92  39
   86 105  50  28  68  99  61  82  42  84  30  36
   48  56 114  98  87  58  61  11  33  92  55  20
   24  66  87  46  51 110  95  78  95 108  83  59
   92  62  84 101  46  71  57  40  65  99  56  16
  104  69  45  54 103  50  63  77  56  47  97  30
   60  59  80 108  92  67  95  62 112 104  67  59
   24  68  54  93  58  70 102  63 105  70  15  16
   72  64  83  65   9  78  36  77  97  21  35   9
   50  89   4  67
   65  32  20  72  97  84  27  41  78  66  32 105
   74  84  63 106  69 108  49  42  62  77  65  36
   40  62  45  71  23  84  88  18  71  78  31  74
   48  87 102  34  48  30  60  83  22  24  27  66
   68 110  10  32  31  27  10  65 115 111  66  85
   26  79  29  43  15  59  72  89  92  66  94  82
   67  27  75  58  98 102  26  46  37  57  75  25
   95 102  74  46  49  72  64  98  29  34  39  16
   84  27  39  61  90  42  51  78  91  94  94  73
   49  22  30  18  91 116 107  46  15  92  68 107
   51  42  73  92  77  96  67  45  75  99  32  52
    8  63  39  70 110  68 112  87  96  71  66 111
   44  71  23  74  93  98  39  25  58  95  53  22
   92  87  61  42  21  92  45  19   7  35  88  14
   61  64  93  62  62  15 100 101  64  92  99  51
   56  85  54  45  59  48  22  17  61  59  51  99
  113  62  80  43 107  24  27  55  35  18  69  38
   52  38  46  34  92  99  37  56 105  44  61  40
   93  35  58  70  24  12 102  46 106  43  34  49
   99  32  22  85  86  83 103  96  88  27  85  83
   16  24  33  32  65  38  72  40  68  75  78   8
   85  15  45  54  74  33  86  94  22  31  23  18
    6  60 112  76  93  68  31  77 109  85  86  37
   77  71  51  36  23  20  44  26  87  70  27  73
   90 104  34  60  99  82  57  60  50  20  74  41
   92  47  32   8  29  38  74  33  45  12  48  39
   45  70  72  31  34  28  95  93  27  76  75  88
   34 112  74 105 108  43  86  49  89  30  51 107
   46  97  15  60  74  44 110  59 109  97  58  20
   48  91  99 108  56  63 109  37  51  67  21  66
   99  20  51  45  24  99  22  63  33  20  87 102
    5  73  48  89  72 100  85  34  54  46  88  46
   33  21  17  70  72  34  45  68  53  30  61  23
    2  64  90  70
   90  35 105  69   4  62  94  47  95  39  36  41
   94  23  19  31  11 109  44  13  48  58  81  99
   78  94  77  62  93  99  43  82  69  88  75  70
   87  56  15  70  33 109  72  69  25  56  43  99
  107  73  57  96  35  64  10  93  93  21  91  85
   82  49  67  26  73  82  14  92 116 109  47  24
   96  36  53 106  35  96  87 113  95  68  36 102
   59  47  89  42 107  41  79  52  28  87  81  57
   51  78  95  40  73  53  49  59  52  95  34  22
   43  71  71  92 101  36  35  99  56  34  42  82
    9  17  30  84  91 106  87  48  32  37  92  81
  110  97   8  92  52  49  44  36  27  91  20  91
   32  56  44  91  86  17  70  68 103  26  19  32
    9  34  47 118 100  37  77  99  91  53 103  99
   58  60  19  36  22  66  92  27  97  87  37  82
  105  45  20  35 102  50  17  16  77  64  64  99
   86  21  44  20  31  48  19  13  20 104  50  87
   27  28  74  88  81  93  87  56  72 109  29  18
  111  11  19 105  94  44 100  69  57  86  63  26
   45 112  98  53  86  44 109  15  20  66  47  76
   94  70  88 101 103  21  24  70  38   6  95  22
   78  67  41  41  60  75   8  85  33  22  82  89
    6  40  91 102  21  30  93  44  44  42  30 103
   98  26  25  12  49  96  21  14   7  59  45  68
   62  68  71 103  91  39  96  41  61  71  66  19
   43   9  56  28  56   6  47  63  91  20  75 110
   94  63  85   5  18  53  37  89  91  23  26  83
   21  39  41  61  65  96  11  85  85  54  59 101
   80  23  52  88  45  10  78  90  59  44  63  97
   88  19  40  39  36 102  45 110  36  70  97  85
  103  79  13  67  29  37  62  60  82  52  18  26
   92  45  95  99  53  23  47  40  36  27  76  71
   24  84  20  52  36  24  51  68 104  79  46  91
    7 105  51  60
   35  50  76  87  92  33 106  31  42  45  53  29
   22  19  62  11  17  79  74 104  42  83  66  59
   94  52  25 110  98  28  95  55  43  95  54  65
    9  11  95  26  46  81  55  56  67 103  34  30
  114  99  37  76  60 106 100  53  39  60  98  34
   86  67  29  23  35  44  39  15  95  93  53  84
   38  38  98  22  91  37  54  40  55  62  65  41
   32  98  30  91  60  95 104  66  27   5 106  78
   65  94  46  98  55  12  89  33  37  15  26  31
   38  23  30  33  28  86  38  40  80  30  21  29
   31  41 100  32  21 110  54  32  85  64  18  19
   57  52  53  26 110  26  53  44  73  89  75  82
   71 105  95  17  88  46 103  76  87  48  71  53
   57  30  87  17  54  69  35  17  43  63  34  75
   97  89  25 102  22 104  35  96  19 101  56 110
   65  16  68  26  85  96  71  90  58  50  49  83
  104  28  76  56  95  26  99  54  53  22  35  30
   67  53  23  69  44  25  80  28  93  21  65  50
   77  24 101  86 108 118  55  67 109  36  19  75
  102  72  24  72  30  22  47  68  15  64  66  55
   82  41  48  48  95 113 103  41  19  44  24  45
  112  83  29  96 104  30  44  80  68 108  91  85
   65  25  38  58  86  42  95  82 107  19  35  92
   78  40  30  91  62  58 113  28  57  48  86  45
   45  27  32  50  15  79  76  20  29  28 107  41
   32  18  40  24  36  19  87 104   6  85  57  72
   45  80  54  72  83  44  71  84  84 104  22  69
   27  17  46  33  59  49  97  62 110  75 108  54
   41  80  40 105  22  17 113 114  20  29   5   8
   57  37  16  27  78 102  32  38 112  42 107  15
   28 104 105  39  71  63  33  64  76  17 112  57
  109  84  12  53  43  20  81  90  83  12  29  45
   60  33  24  59  53  66  74  77  53 110  92  38
   55  66  60  62
   25  41  50  67 102  16  98  64  13  53 102  38
   61  19  11  74  90  68  67  45  11  13  55  38
  111  32 100  63  16  91  27  63  42  83  21  95
   48 104  73  93  49  66  79  19 102  48  79  38
   29   4  25  27   7  54  69  46  24  23  81  91
   88  84  79  88  43  30 111  33  67 108 104  96
   41  37  56  87  85  38  79  66  20  69  66  56
   73  84  48  53  30  66  95  80  29  19  99  74
   66  76  73  22  35  19  91  26 110  39  80 106
   81  35  25  34  68  45  61  38  46  33  71  73
   97  61  53  86  11  45   7  14  99  59  49 102
   84  17  14 114  60  68  81  33  47 106  97  66
   77  66  18  53  78  22  19  77  50  80  22  74
  107  47  78  17  65  16  54  37  91  89  66  33
   98  44  89  92  53  56  75  42  91  67  84  42
   63 100  70  57  89  84 110  66  72 110 114  54
   49  61  32  65   9  65  13  90  27  99  33  43
   58  33  37  86  74  67  92  27  55  35  41  42
   42  46  68  39  43  66  57  60  91  93  34  12
   11  49  69  81  88  71  78  30  92 102  82  74
   68  80  87  88  88  91  93 105  29  64  25 117
  109  36  41 102  98  66  70  73  49 108  94  16
   49  39  37  92  69  70  88  96  78  43  81  68
   36  75  24  39  18  54 108  44 106  50  24  95
   54  80  87  56  80  90  70  65  70  75  38  11
  104  84  36  64  92  54  40  88  55  35  91  72
   49  72  68  95  11  12  90  30 102  68  35  20
   58  18  12  61 116  61  29 107  72 109  24  87
   47  66  73  31  15  53 117  78  48  97  33  98
   90  87  34  96  27  67  23   6  74  20  80  74
  114  47  40  26  26  34  29  40  52  81  13  34
   72  99  60  66  79  82  31 110  84  45  37 106
   51  73  99  93  46 102  75  18  66  34  19  24
   40  42  32  13
  112  59  39  67  87  69  99  91 101  59  61  62
   26  80  87  84  41  47  67  64 104  92  77  12
  101  58  62  26  87  24  55  64 105  21  35  33
   37  76  41  81  76  69  49  39  67  72  88  55
   83  50  79 111  74  93  47 103  98  79  57 103
    2  40  20  99   6  65  33  26  16 115  90  99
   47  24  28  86  90 101 110  22  35  85  39  82
   82  46  93  23  44  26 100  60  76 103  43 100
   37  55  62  55  42  65 104  30 100  71  88  79
   91  51  11 108  83  64  76  47  65  87  94  58
  105  12  42 107  87  93  66  93  47  23  15  37
   68  43  45  33  38  40  41  70  44  33  70  38
   13  52 100  80  57  94  74  67  85  22  89  81
   28  89  87  80   3  16  99  67 113  27  53  94
   13  80  96  33  49  49  31  54 108  82  23  36
   74  50  14  76  71  66  36  91  77  26  31 104
   28  81  48  15  94 115  90  39  24  55  48  41
   57  77  33  39  37  17  17  88  73  67  70  50
   11  12  73  54  90  65  56  51  86  69  13  54
   62  88  18 104  59  78  24  66 106  97  75  17
  103  89  29  29  70  28  88  68  25  87  51  80
    3   5  25  81  67 106  43  39  56  80  94  81
   85  15  15  83  93  44  81  12  56  43  34  91
   80  29  44  17  64  61  39  24  47  60 114  79
   36  62  48  62  90  54  64  27 107  15  33  45
   91  78  14  64  98  12  60  70  78  69  63  17
   32  43  50  60  62  12  49  69  77  44   3  77
   22 104   4  28  72 103  88  43  99  17  47  80
   17  79  19  37  62  45  25 112 113  99 112  42
   46  56  89  91  97  41  53  39  46  33  74  26
   84  33  72  33  90  39   8  62  94  37 101  25
   66  37  88  89  57  77 101  59  69  76  15  53
   43  78  75  39  19  35 100  26  30  69 115  67
   42  43  73  52
   55  82  96  88  54  45  96 114  50  58  12  12
   47  78  69   6  93  82  73  71  75  94  39  27
   46 103  95  94  79  47 102  72  39  86  81  98
  109  99  71   8  30  89  45  19  44 111  18  54
   67  62  29  39  50  81  35  81  89 111 118  63
   64  73 109  24  23  61  22 101  53  50  95  75
   41  21  61  69  91  51  17  40  68  82  17  81
  100  61  62  63  99  25  14  45  39  49  40  72
   18  46  52  23  64  71  54  80  14  57  91  46
   87  22 108  46  27  63  71  27  92  88 108 109
   86  62  70  67  84  68  57  17  15  26  28  49
  103  56  33  38  96  41  94  96  77  64  40   7
   70  31  31  44  80  73  77 117  60  68  88  81
   61  40 103  55  43  81  82  31  12  57  18  46
   61  94  84  73  38  67  36  18 109   8  46  96
   48  90  55  65  49  65  40  51  48  99  29  85
   33  98  72  14  88  83  13  22  40  42  36  20
   46  22  60  79  56  33  56  16  53 110  45  89
   66  57  61   7 107  40  54  24  93  35 114  64
   93 110   5  83  57  24  64 104  30   4  20  89
   21  33  93  86  58  88  13  88  20 104  86  54
   77  51  50  69  38  17  43 112  87  92  95  89
   29  83  26  57 102 103  99  64  32  49  96  39
   42  54  83  58  41  31  52  82  78 107  15  19
   74  67  33   8  30  38  53  76  62 104  34  82
  106  56  84 102 100  83  16  22  65  44 105  99
   19  59  12  98  32  83  39  89  13 106  17  52
   83 102  82  59  87  47  66  70 103  91  97 101
   37  78  11  99  87  49  99  29 103 112   3  30
   18  49   5  62 104  59  33  58  45  79  68 102
  113  55  54  27  72  64  88  79  70  77  93  39
   88  61  54  23  87  14  77  44  15 116  38  70
   37  87  97  72  56  40  17  39  55  14  36  81
   73  47  76  32
   99  87  65  52  91  33  33  22  40  63  66 109
   25  19  11  68  66  36 108  31  10  69  45  73
    7  22  11  21  45  26  88  99  41  75  32  43
   50 105  29  40  71  72  29  11  79  75  55  96
   99  92  20  14  85  41  63  91  20  80  50  70
   20  91 103  15  26  24  78  92  30  59 106 110
   32  46  27 108  23  58  97  77  89  24  25  17
   21  29 103  66  44  49  52  25 108  90  85  16
   81  61  15  22   7  87  25 103  68  95  48 102
   68  83  80  58 103  40  14 112  13  33  87  80
   27  77  43  21  71 102  78 105  75  17  32 101
   37  53  29  58  65  30  86  80  95  95  44  81
  106  90  82 100  17 112  76  43  54  55  59  13
   43  90 104  71  93 102 104  88  18  33  39  44
   71  18  97  82  22  88  94  50  31  84 100  70
   30  50  93  35  74  31  30  54  23  32   9  17
   84  48  42  15  49  10  97  80  73  49  27  42
  101  25  11  32  79  52  61  77  51 102  79  83
   36  16  29  98  44  25  46  46  14  80  99  56
   63  61  47  57  97  55 111  50 113  84  15  69
   80  23  37  57  95  86  94  72  44  58  47  83
   26  29  26  64  47  12  85  28  62  47  28  92
   34  81  43   8  57  45  47  28  22  26  58  45
   82  29  45   6  25  67  77  79  47  26 106  74
   36 109  94 104  59  66  82  76  28  40  50  23
   84  87  35  13  67  71  78  14  45  43  72 105
   65  74  91  24  42  93  11  62  63  45  17  39
   53  80  34  92  63  42  88  93  95  89  36  46
   49 108 107  18  62  89  35  41 113 105 101  50
   29  90  99  33  77  85  27  67  99  47  43  64
   92  34  50  93  87  94  73  14  69  45  19  92
   54  51  57  34  19  75  78  54  24  99  95  89
   46  43 114  62  77  86  15  93  78  47  23  59
   95  37  88  21
   56  88  52  29  36  59  32  45  57  22  33  60
   26  34  77  40 100  72  59  91  17 102  83  53
   89  88  54 108  51  22  43  98  81 113  63  47
   30  92  62  97  21 106  92 105  60  80  60  60
  112  23  34 108  59  82  65  80  44  17  53  53
   23  59  16  18  78  56 103  77  29  19  68  42
   70   7  97  65  60  30  83  88  44  31  32  72
  114 119  79  93  94  87  61  96  36  32  99  70
   96  34  64  82  71  64 108  11  85  59  58  25
   43  49  70 113  97  14  27  81  22  43  50  29
   49  82  70  58  74  51  38  29 101  27  36 105
   73  80  26  17  19  25  65  26   8  11  21  55
   40  51  50  62  96  81  18  40  54  77  74  64
   88  65  72  50  81 111  31  34  67  75  78  92
   55  79  32  35  27  19  18 103  39  20  89  18
   71 100  25  18  13  73 100  80  97  22  62   5
   99  50  41 108  53  99 112  77  78  44  28 112
   79  66  60  13  62 102  41  52  66  95  50  18
   73  67 104  67  98  32  69  67  43  79  56  13
   68  99  66  78  37  59  86  26 101  99  71  38
   75  95  94  69  96  30  37  76  23 100 112  92
   46  62  96  54  80  41  69  54  45  86  82  15
   19  39  95  97  10  49  94  51  83  78  42 112
   81  35  87  65  27  89 101  97  56  23  43  75
   74  50  91  72  83   8  41  78  86  67  30  51
   58  43 105  90  34  48 111  47  72  58 101  56
   71 115  99  84  29  61  13  47  96  49  16  54
   37  12  45 103  31 101  19  91  26  50  32  45
  110  67  59 116  49  91 101  87 103  56  60  43
  114 108  85  45  30  73  48 102  85  10  75  62
   95  60  36  21  67  60 111  51  64  33  33 104
   67 101  48  49  12  92  31  11  16  92 101  40
   40  84  65  42 101  49  73  32  85  21  91  45
   81  41 106  83
  106  94  54 109  83  97  16  76  62  38  66  35
   81 105  76  47  34  68  25  15  52  14  65  41
   92  92  33  61  54  13  62  58  65  15  91  48
   65  27  83  83   3  28  83  81  28  76 108  47
   50  70  14 105  37  17  18 101 103  62  64  93
   96  37 104  90   8  92  20  65 104  41  52  98
   78 115  25  64  44  34  17  57  40  49  83  76
   13  51  81  60  87  18  22  59  96  62  85  90
   31  69  62  48  50  53   9  59  66  41  93  32
   64  90  92  92  98  67  20  96  13  28 114  89
   25 101  29  79  43  98  60  76  15  25  43  81
   34  52  29  77  66 101  15  88  33  73 104 106
   27  84  45  51  80  58  68 105  15  89 106 103
   24  40 101  97  58  80  66  32  20  51  66  12
   57  21  10 101  82  73  31 100  23  44  83  25
   65  51  34  27  53  28  62  36  66  16  80  95
   77  17  72  85  37  78  95  77  37  77 100  36
   75  85  23  46  83 104  58 101  98  99  87   8
   39  55  17  45  18  16  73  83  32  95  83  46
   36  25  67 109 105  15  93  17  45  37  54  41
   70  27  91  52  45  33  81  80  50  52  92  32
   11  51  32  97  39  57  88  80  44  83  95  45
   76 110  29  91  37  39  97  39  19  53  87  78
   34  41 105  47 106  80  95  63 110  32  49  75
   96  62  46  56  47  82  15  99 111  89  13  64
  100  82   9  58 106  81  88  47 114  38  99  78
   67  79  86  10  45  69  79  31  85  72  42  76
   57  14  15  28  11  28  67 101  64  78  95  33
   16  35  99  45  16  13  53  91  66  29  31  90
   65  57  94  38 102  45  17  27  19 107  53  46
   87  71  96 108  95  38  78  99  60  74  42  37
   22  96  39 104  67  53  89  36  16 102  70  76
   46  44  77  56  83  56  82  90  24  97  60  33
   24  53  66  74
   46  40  42  77  51  68  52 104  51  55  83  33
   42  73 100  48  65  85  32  64  56  53  97  21
   55 116  26  25  13  53  96  98  17 101  66  25
   41  41  20  45  21 109  81  54  82  35  47  58
   53  67  79  78  96 102  49  18 114  62  35  51
   34  20  56  77  79  38  30 112  21  52  64  20
   35  23  44  37  59 113  70  52  60  78 105  59
   98  88  41  57  96  49 102  34 109  30  25  63
   89  74  32 113  95  75  11  28  65  78  34  51
   12  42  35  75  61  22  29  39  65  44  20  83
   90 101   4  64  66  35  88  36  20  77  70  59
  106   9  47 109  86  84 104  30  82  94  91  24
   48 101  45  25  40  87  35  91  71  84  94  71
   60  54  56  37  79  68  62  76  95  26  84  46
   89   5  16  97  77  69   6  39  72  86  55  29
   27  91  70   7  91  87  17  85  99  42  98  63
   45 114 103  74  67  62   8  77  29  82  86  71
   37  57  24 101  46  97  74  81  84  73  57  26
   81  28  23  98  24  51  78  56  68   4  94  86
   63  52  64 102 114  46  32  37 102  57 116  53
   25  83 100  91  37  85  42  28  76  59  95  20
   38  97  45  79  40  56  33 101 106  51  23  64
  100  19  51  65  79  43  92  91  98  85  14  69
   89  66 110  36  67 100  31  98 103  39  47  28
   54  41  53  50  39  75  91  40  61 105  40   8
   88  29  53  76  42  53  67  25 103  49  74  31
   30  40  45  25  23  10  33  45  65  61  17  41
   81  80  75  91 105  72  17  52  94  90  33  69
   27   8  23 109  79  89  18 109  53  60  55  31
   57  63  87  89  81 101  78 105  61  19 105  97
   90  24  62  51  17  24  76  31  45  36  97 111
   62  22  90 113  11  68  23  25  92  35  22  61
   40  48  78  36  98   9  27  99 105  45 108  54
   79 103  51  39
   74  51  98  49  15  29  50  92  79  59  56 104
   87  42  55  48  62  73  44  36  74  46  75  67
   71  44  45  17  41  81  35  55 100  71 109  68
   17  74  69  70  41  20  65  39  88  21 105  52
   71  26  74   9  94  21  42  17  91  28 101  18
   46  30  95  96  22  18  16 102  25 100  69  63
   71  91  75  42  14  85  24 108  47  54  70  27
   34  74  69  39  18  39  81  69  76 108  70  78
   81  89  44  97  70  22  45  89  31  31 109  41
   29   9  83  95  69 100  39  59 107  15  30  72
   95  25 104  21  26  93  76  19  76  51  77  22
   43   8 112  46  79  84  72  61  27 102 102  49
  115  69  46  55  41  37  57  94  38  42  40  38
   39  76 105  14  85  25  19  61  13  69  26  70
   35  52  48 111  55  40  71  85  29  40  33  60
   67  93  29  24  91  16  92  89  48  65  93 101
   51  52  92  62  85  62  39  76  57 115  60  79
   43  12 106 102  26  35  67  80  13  14  76  92
   50  86  83  41  44  18  56  78  90  56  67  73
   93 114  27  64  88  78 114  31  82 109  63  18
   68  94  72  44 106  54  38 102  95  95  98  59
   93  42 105  62  44  15  63  81  48  81 104  50
   64 100  75 113  40 108 115  48  32  45  52  19
   61  21 103  70  68  67  42  91 107  30  39  68
   12  35  68  33  95  55  44  32 106   8  68  95
    9  16  78 110  81  44  91  89 106  91  91  90
   66  62  19 106  96  38  28  15  71  58  84  95
   29  45  82  65  15  57  78  59  34 107  44 102
   94  99  95 103  87  54  55 102  88  83  14  69
    8  92  49  99  84  22  17  54  13  23  93   9
   68  74  45  37  47  74  29  59  68  86  68  30
   98  22  49 101  76  12  33  48  71  69  97  38
   11  92  71  39  41  84  92  18  26  80  19  33
   59 108 107  79
   36 105  44  65  63  71 107  98  32  74  40  64
   75  67 106  49  24  15  15  15  63  99  74  33
   97  17 111 105  86 108  46  92  11  71  73  70
   74 103 105  30  61  48  54  39  79  92  47  49
   82 101 111  32  29  80  83 115  65  27  92  18
    7 101  39  60  75  40  67  45  29   6  85   8
   35  80  55  63  96  89  60  88  46  46  81  80
   99  46  45  35  43  37  56  76  48  33  70 105
   80  38  60  37  68 107  52  47  64  52  55  84
   24  51  94  63  63  25  95  32  73  86  25  27
   61  85  57  83  90  73  62  81  51  41  44  13
   30  60 107  86  17  65  50  68  60  69  11  28
   44  63  28  69  27 111  67 105  65  16  87   5
   32  19  20  89 102  76  54  77  94  94  77 104
   21  17  50  20  66  56  94  83  75   3  15  59
   24  98  73 108  84  89  80  10  31  75  64  45
  117  99  46  79  96   4  82  73   6  14  91  88
   40  83  68  60  30  22  28  88  79  52  52  54
   52  46  93  83  89  55  84 100  89  55  11  83
   61  95  90  72  19  17  49  39  60  78  38  79
   91  43  23 104  75  68  20  56  91  49  97  71
   82  15  20  56  66 103  83  77  22  27  44  56
   73  85  72  58 105  36 104  75  72  10  71  92
   87  56  68  51  56  18  48  79  11  99  56  45
   75  85  38  28  39  45  65  24 114  61  22  30
   77  27  75  63  21 100  10  21 114   8  35  38
   91  34 116  57  53  65  97  68  84  27  27  18
   94  21  21  29  73  84  65 103  69  82  73  44
   45  38  31  71  21  33 107  70  89 100  40  69
  106  40  86  79  85 102   7 116  85  49  53  66
   95 118  42  65  26  75  21  69  16  64  67  35
   98  86 109  47  36  18  91  21  33 115 107  93
   46  58  50  72 107  40  65  77 113  84  40  98
   81  14 102  58
   71  26  56  83  67  12  79  27  67  93  52  86
   93  35  27  34  84  75  15  74 111  61  83  82
   95  61  15  66  46  44  78  67  67  95  89  96
   73  72 107  71 103   3  24  84  53  18  52 102
  101  30   5  28  93  51  15  45  15  25  84  43
   22  24  29  55  88  71  82  28  59  90  68  32
  110  21  82  83  97  20  77  52  40  97  33 105
   94  47  81  39  48  91  69  77  56 107  52 105
   27  90  91  74 101  69  66  60  62  81  62  98
   90  47  29  93 109  54  34  89  74  58  65  33
   90  78 101  49  26  54  33  32  92  41  30  35
   64  31  48 101  84  76  99  90 107  22  72  12
  103  90  24  96  94  43  39  55  51  94  81  76
   91  52  21  83  96  81  34 105  86  20  37 105
   89  78  29  95  75  87  74  20  31  40  39 103
   96  69  83  72  41  97  81  36  99  41  20  25
   30  82  42  49  30  21  82 101  69  44  68  74
   89  26  22 101  23  98  34  90  77  94 105  96
   69  38  97  27 104  45  15  83  43  35  68 101
   54  55  69  55  55  44  52  24  74 101  97  49
   50  17  24  75  41  27  52  93  48  10  87  49
   87  49  91 112  87  76  67  40   4  66 101  78
   16  51  35  43  90  98 108  47  62  70  28  38
   70  68  27  93  69  87  85  78  74  13  19  39
  111  97  57  64  55  76  28  35  83  59  16  47
   96  39 101  44  13  48  98  74  40  61  98  60
   41  21  88  35  22  25  79  28  89  55  72  71
   69  72  69  95  69  84  48 100  74  65  80  51
   69  90  71 103  75  30  51  28  77  87  69  95
   11  43  60  29  69  36  29  21  71  93  78  50
   81  55  67  15  46  82 113  35  85  83  45  82
   37  75  88  21  86  58  47  59  83  35  46  53
   23  80 102  69  57  66  53  85  95  88  91  91
   90  93  85  24
   40 103  50  25  87  58  48  48  43  38  39  40
   45  85 106  18  34  79  56  75  71  53  12  39
   75  88  82 103  71  87  74 109  27  27  88  47
  111  17  77  29  29  94  76  64  97 111  52  62
   38  83  54  62  31  30  35  96  16  68 103  89
   55  30  95  86  74  64  89  23  91  76  52  84
   55  73  32  58  37  76  11  16  29  99  35  64
   97  64  66  19  73  53  14  60  27  36  25 108
   79  26  94  42  47  32  97  73  59  40  68  99
   31  76  13  14  24  91  57  57  75  36  35  28
  105  28  76  53  36  87 110  62  34  80  81  77
   47  64   9 103  95  61  25  77 100  48  47  86
   58 107 103 111  49  42  15  48  10  24  66  77
   23  99  46  10  54  74  12  41  93  89  33  13
   99  86 100  64  13  88  65  34  86  98  13 102
  103 100  71 117  77  86  28  90  55  70  42  72
   77  92  64  66  76  25  79  28  25  44  38  34
   71  78  58  37  62 109  84 103  45 108  96  46
  105  64  43  99  19  17  45  72  56  47 100  48
   58  69  41  89  89  38  97  78  64  34  35  79
  102 108  79  22  56  83 101  71  69  45  84  43
   97  20  47  53  47  22  99  74  83  19  47 117
   47  80  77  70  93  70  25 107  43  43  39 114
   26 103  35  38  83  74 101  47  16 111  77  20
   64  68  83  22  98  73  26  20  32  36  17  82
   27  69  60  57  56  80  62  54  38  86  67  65
  104  82  85  50  59  55  30  12  45  12  69  60
   27  48  89  57 100  54  98 108  69  65  29  37
   60  50  88  51 115  48  49  61  84  37  83  42
   95 104  49  72  60  39  80  84  36  24  29  49
   88 101  80  99  24  38  81 104   8  19  98  41
  107  70  71  84  42  85  53  16   8  21  29  25
   30  98  35  66  11  54  92  23  29  26  25  68
   58  85  90  48
   82  29  87  84  83  79  32  12  32  75  90  13
   19  96  18  49  88  32  45  70  62  46  33  98
   27  42  57  37  63  40 110  37  90 102  93  98
   67  45 100  26 108  80  20  22  61 100  51  27
   59  16  76  36  82  42  65   9  70  82  81  15
   58  29  46  79  73  26  90  92  16  62  57  92
   70  28  62  71  60  89  74  61  51  77  86  70
   20  19  35  87  92  61 114  52  29  23  73 105
   41  55  94  47  71  31  82   5  27  91  52 101
   38 106  71  47  74  72  93  72  71 103  90  45
   88  13  17  50  97  28  40  66  67  43 103  58
   91  22  28  30  53  24  90  14  37  17  74  30
   21  51  32  21  23  79  98  10  68  13  62  29
   10  29  95  70  43  45  52  85 102  56  42  78
   40  44   9  83  96  25  68  21  44  53  19  58
   35  32  26 112  84  92   9  26   6  30  44  47
   61  95  38  11  27  38   7  58  79  22   7  92
   62  54  19  51  55  50  54  81  49  85  40  64
   50  92  13  82  26  35  14  44  13  68  79  13
   42  73  91  22  44  33  22  82  56  70  73  46
   26  77  32  71  89  25  88  12  56  81  54  59
   96  67  89  56  72  98  93  69  36  45  44  76
   43  75  12  69  36  17  19  39  69  90  90 105
   15  72  38  65  74  18  86  72  73  93 102  27
   29  41  94  42  85  60  32  52  53  39  51 113
   28  59 104  57  57  41  47  46  50  15  54  55
   97  34  68  84  65  19  56  89  94  31  84 110
   17  22  21  97  63  80  19  76  73 102  75  11
   80  67  96  72  36  55 106  11  17  84  57  53
   49  65  81  51  25  41  77  53  68  33  77 104
   66  15  32  56  13  69  19  48  14  42  79  44
  113  79  60  60  26  26  48  77  30  19  60  44
   28   7  88  52  83  80  50 101  52  16 106 112
   70  46 101  61
   57  27  64  51  99  36  53  34  68  93  34  41
   90  30  25  49  76  48  88  55  11  12  96  16
   84  15  63  48  66  55  37  79  18  60 104  91
   13  72  98  83 100  61  92  14  19  29  76  51
  106  37  35 115  39  33 106  19  39  74  91  22
   48  61  25  22  14  68  60  26  64  38  91  26
   82  21  99  84   8  30  25  44  19  99  89  66
   74  72  49  36  19  57  76  57  11  49  23  61
   40  54 101 102  77  67  98  40 101  38 111  82
   99  25  35  24 105  63  72  90  44  41 106  82
   51  87  56  83  17 106 117  62  65  62  29  31
   32  54   6  26  51  55 105  55  36  67  55  91
   56  29  97  83  24  74  29  40 109  32  63  32
   88  89  55  39  41  73  56  78  49  34  79  40
   23  56  37 113  79 113  71   9  66 103  83 108
   58  47  20 105  87  50  98  69  88  53  41  72
   21  95  23  56  90  77 104  22  47  83  24 107
   69  16  49  69  63 108  84  80  88  12  27  20
  110  29  96  85  55  68  22  40  14  50  44  30
   18  41  10  92  94  23  61  82  48  49  75  54
   20  49  78  61  54  23  18  20  55  90  91  67
   31  90  85  23  32  42  53  91  54  96  22  88
   58  98  25  50  76  66  17  63  47  28  22  65
   99  52  96  47  31  22  83 105  78  56  95  18
   66  93  51 109  38  82  84  68  68  94  93  77
   78  22  39  73  37  70  29  20 102  39  11  18
   10  61 106  50  40  75  22 104 108  92  72  93
   53  66  66  15  78  53 100  74  32  89  29  65
   61  60  18  74  87  71  47 110  43  98  78  48
   52  63  67  61  51  79  34 109  19  25  72  41
   18  78  65  70  60 102  53  18  69  41  24  74
   96  86  70  87  61  54  15  27 100  95  61  88
  104  20  71  68  97  95  32  92  59  76  23  14
   26  56  76  29
   55  66  75  53 108  60  88  68  95  99  15  34
   51  92  56  24  12  65  91  59  28  20  27 102
  102  26  76  25  11  10  52  70  86  31  48  32
   53  59  69 105  43  12  95 102  28  69  52  37
    9  68  64  73  52  83  98  60  65  41  40  34
   79  17 101  54  93 102  46  32  26  64  21  78
   92  27  55 107  83  45  31  29  42  93  28  41
  111  92  30  95 103  64  94  25  84  15  73  23
   59  34 100  83  81  11   3  70  69 113  59  41
   72 102  11  75  96  29  29  58 100  23  21  50
  102  42   9 106  21  39  86  18  49  26  58  78
   90  35  51  82  58  57  34 111  48  95  69  21
   15  78  99  14  71  87  48 103  21  77  30  73
   39 106  38 100  21  46  48  45  30  36  47  34
   39  42  32  13  24  77 106  43 118  89  86  37
   97 105  29  78  45  38  85  34  34  54   7  12
   63  98  38  56  50  86  84  47  78  55  98  90
   50  46  22  83  94  47  37  39  53  30  25  55
   98  28  45  99  39  33 110  34  17  33  56  44
   28  99  46  82  17  80  64  20  83  38  91  85
  102  57  99  93 108  79  72  74  24 114  18  99
   64  46  28 103 106  51  70  16  34  97  29  81
   77 103  94  11  98   8  34  26  47  85  22  47
   22  87  29  17  42  64  71 106  48  42  39  85
   33  40 109  65  60  13  31  43  86  74  21  91
   82  89  45  67  33  36  16  74  81  91 113  23
   40  99  52  32  79  60  59  39  22  84 102  21
   42  99  50  88  25  15  71  35  75  82  88  53
  100  58  84  22  25   8 105  53  40  71  90 102
   14  35  88   6  95  34  17  56  53  76  84  98
   56  92  30  72  67  40  78  40  75  36  20  45
   62 108 103  70 103  61  53  13  26  64 103  64
   77 110  81 118  86  77  33 114  84  89  10 114
   30  80  15  90
   78  25  56  40  21  35   8  78  49  62 108  86
   61  34  48  74 117  47  29  65 109  11  91  79
   12  75  90  14  69 101  68  76  19  75  61  86
  107  36  89  49 111  25  98  40  13  68  57  32
   92  11  60  30  60  84  69  50  38  27  54  68
   71  60  95  35  36  16  42  27  24  95  21  69
   97  72 103  58 108  87  85  86  52  60  69  34
   55  56  60 103  44  26 102  44  80  72  37  92
   89  55 105 115  80  74  92  89  37  15  29  38
   39  15 104   4  39  22  79  76  43  87 101   8
   46  85  41  59  27 100  47  33  96  24  89  50
   80  33  77  49  95  79  33  33   9  45  88  25
   85  28  14  11  71  37 100  86  41 114  92  48
   76  87  36  42  55  31  19  23  36  68  31  97
   24  78  21  99  65  26  28 115  94  70  15  92
    7  84  34  25  29  24  19  85  79  29  41  24
   82  88  18  33  33 104  81  76  85   5  35  71
   40  31  79  64  59  76 106  37  96  73  71  28
   27  42  23 106 100  86  70  45  74   7  28  51
   19  39  63  16  14 104  97  85  78  43  51  55
   99  58  10  99 108  99 106  42  31  80  46  45
   51 103  98  31  50  34  70 114  22  33  71  56
   88  89  33  93  67 101  98  92  12  25  67  33
   72  86  93  91  40  49 111  20  36  76  98  65
   88  42  68  39  29  46  95  83  45  50  62  16
   54  88  15  80  95   7 100  55  37  52  42  79
   69  78  25 103  83  46  43  32  87  80  64  98
   68  40 107  65  45  35  47  24  87  81  69  85
   66  33  36  22  84  38 107  55 102  59  65  30
   60  92  23 100  81  59  82   9   8  94  64 105
   23  55  92  34 115 102  57  12  23  95 112  84
   65 103  63  60  70  39  16  38  95  96  32 112
   70  88  44  44 113  67  75 107  76 102  21 101
   85  70  32  64
    5  26  57  57  19   6  83  75  22   2  54  14
   39   4  78  20  47  76  35  82  13  95  14  79
   37  98  64  18   3  26  37  79  13  61  26  64
   39  82  15  35  63  97  19  60  22  95  30  56
   46  83  60  35  14  36  84  44  84  36  84  12
   48  18  94  91  68  15  42   4  25  98  95  83
   57  25   4  20  10  76  40  99  74   8  52  56
   36  90  97   9  14  52  92   6   7  25  54  72
   35  85  44  51  87   4  13  46  63  80  44  67
   15  95  95  75  93  49  47  22  91   9  41  98
   87  47  25  75  87  94   3  48  72  73  67  79
   39  47  53  45  44  65  78  77  50   3  83   7
   65   7  82   6  91  39  99  38  66  21  20  94
    4  76  26  41  43  75  48  62  90  77   4   6
   61  77  42  24  25  47  90  18  51  79  94  82
   48  32  62  51  12  72  13  37  66  21  13  76
    9  92  25  75  54  45  50  52  76  18  73  80
   53  78   3  33  13  66  20  26  72  36  15  62
   86 100  41  76  87  75  48  78  32  24  33  92
   42  97  80   9  51  83   8  23  46  44   8  76
   12  66  94  10  76  99  44  95  52   4  41  88
   79  90  19  70  73  68  10  87  65  85  80  99
   47  74  82  23  14  95  91  73  11  79  57   9
   72  73  37  74  69  83  49  47  52  16  13  77
   94  26  91  34  36  58  37  48  26  90  33  57
   70  81  42  47  70   6  42  97  70   7  78  25
    1  36   3  26  20  98  16  24  58  94  15   8
   65  63  37  80  50  31  98  98  26  49  44  22
   53  42  88  49  84  47  58  69   8  63  38  98
   91  89  14  33  25  73  17  81  66  51  66  19
   81  94  14  23  92  50  85  22  20  88  31  39
   25  45  60  32  53  62  91  41  81  38  95  30
   58  63  35  31  49  71  13  87  80  80  16   2
   82  33  53  71
   11  45  71  55  92  91  64  86  20  20  59  44
   17  46  73  54  12  94  14  83   6  68  43  12
   43  17  53  99  77   4  30  59  45  80  23  19
   27  48  15  96  23  30  89  66  20  42   1  24
   56  58  42  63  95  78  15  38  93   4  95  33
   67  96   7  34  62  56  85  94  23  84  51   6
   60  54  74  65  22  78  46  46  59  81  45  62
   97  64  11  45   5  74   6   2  58  74  89  92
   16  14  86  95  83  91  51  76  83  31  42  57
   27  45  86  83  75   7  50  95  16  15   9  96
   29  67  13  20  52  27  57 100  57  90  53  39
   10  58  92  75  46   2  20  56  36  32  99   2
   55  71  84  77  51  21  86  58  17  25  42   4
   52  45  85  21  38  29  12  37   5  75  51  66
   98   5  34  77  51  28  62  66  51  18  75  22
    7  71  21  94  22  84  24  66  60  18  52  21
   13  67  90   7  71  32   6  14  94  80  14  36
   76  25  52  42  16  83  50  45  84  56  89  70
   97  86  82  24  77  35  35  63  32  46  18  62
   11  18  33  83  86  69  84  46  14  11  47  92
    3  10  35  61  87  65  69  50  93  71  47  90
    9  86  12  14  48   5  19  18  27  24  10  40
   26  11  74  23  64  75  25  84  62  36  60  85
   17  89  38  99  64  79  45  81  54  62  58  37
   15  83  23  89  21  38  15  48  66  44  12  81
   31  10  60  80  48   3  50  32  75  18  73  82
   62  49   3  12  18  53  53  98  82  22  56  90
   94  52  24  72  59  10  22  36  16   3  34  48
   12  48  33  17  65  40  52  64  38  21  48  95
    1  47  73  62   6  60  46  37  52  55  16  78
   56  48  34   3  22  45  21  50   7  14  37  53
   90  46  51  11  45  35   8  48   6  35  96  93
   35  38  21  43  93  37  67  31  12  97  74  94
   52  26  98  51
   37  86  85  30   9  18  84  65  30  40  79   6
   29  22  45  13  49  12  68  69  47  28  42  74
   77  52  63  43  96  24  19  89  49  38  84  32
   65  30  18  77  54  77  53  21  96  91  90  37
   39  10  97  74  88  88  92  47   3   1  49  35
   90  27  82  67  99  48  45  26  12  44  24  34
   39  79  28  51  13   6  86  65  83  50  42  92
   10  11  43  60  53  48  39  13  73  82  72  94
   21  86  74  54  29  78  57  27  13  14   9  38
   57  83  85  91  14   4   7  66  92  12  49   7
   59  61  38  19  25  10  44  66  42  21  76  59
   97  51  74  49   8  48   3  25  10  40  44   8
   58  36  97  38  17  11  66  78  50   8  52  98
   25  27  54  75  93  19  58  84  96  80  30  93
   53  50  14  56  52  96  19   7  50  16  21  52
   62  26  49  68  58  57  86  91  53  51  57  13
    7  48  24  73   9  84  80  53  80  88  48  73
   63  68  63  81  18  11  80  51  10  73  55  71
   12  76  47  43  92 100   8  74  12  76  78  67
   13  81  80  22  19  31  11  20  25  75  35  26
   92  89  82  77  40  72  38  78  43  34  39  95
   22  93  63  50  39  72  29  12  89  87  85  91
  100  45   8  39  18  34  87  33   5  21  32  74
   34  41  54  83  81  97  67  92  22  48  77  35
   19   5  80  47  20  23  52  55  54  99  44  73
   21  63  77  94  84  70  36  84  71  97  59  80
   58  35  38  75  73  81   7  22  81  39  38  18
   84   4  34   7  12  61  26  66  15  80  60   4
   63   8  98  52  32  58   8  60   4  14  57  88
   56  13   7   3  58  46   7  67  62  50  87  38
    3  99  57  59  81   5  90  54  70 100  25  18
   97  43  56  17  48   3  29  73  51  59  32  70
   78  91  92  37  36  77  69  43  57  81  45  97
  100  53  25  39
   29  83  15  42  99  50  16  60  19  67  72  63
   26  90  88  83  96   7  68  89  64  49  30  12
   39  23  28  56  24  16  69  26  36  23  36  37
   24  64  98  41  87   2  39  40  95  58  68   9
    5  38  45  11  78  44  92  18   9  96  21  29
   27  54  44  90  32  29  97  12   3   9  58  87
   19  73  64  12  80  14  31   3  24  52  72  17
   45  59  18  69  13  74  33  51  92  23  37  53
   62  35  21  76  31  67  67  57  59  16  69  86
   76  41  47  23   2  83  71  16  59  80  77  24
   99  89  85  31  18   5  20  70  73  74  27  37
    5  22  95  11  53  63  74  73  79  24  88  28
   82  64  64  16  17  90  43  40  14  76  98  77
   98  84  63   2  11  81  37   4  20  57  15   5
   48  47 100  80  86  46  26  75  13  30  72  27
   14  72  84  76   2  67  94  97  30  45  38   7
   21  88  71  85  73  57  96  99  90   4  70  17
   92  90  31  26  39  12  15  56  47  11  73  92
    9  97  92   2  10  69  15  42  50  30  52  89
   61   5  11  52  25  65   3  90  94  41  73  37
    8  45  14  13  13  88  80  47  82  98  16  97
   33  42  66  67  44  39 100  26  78  83  29  22
   98  65  21  11  87  81  26  67  64  63  90   5
    7  89  77  96  68   6  83  94  95  46  62  42
   49  49  37   2  23  77  22  67  58  37  45  85
   68  95  59  75  55  99  66  42  25  96  35   3
   12  51  19  99  93  65  74  23  12  94  81  27
   88  70  62  47  48  16  95  24  34  66  43  19
   26  87  61  32  63  94  25  21  60  70  41  23
   24  83  73  70  77   9  57   9  73  44  19  20
   16  33  94  35  78  77  50  58  23  61  97  83
   18  66  17  12  58  95  72  73  82  83  31  41
   92  25  84  57  72  84  65  43   7  24  63  26
   99  13  51  51
   68  56  39  21  18  76   5  75  78  63  58  82
   90  90  56 100  92  36  33  11  72  21  41  60
    9  54  94   8  11  78  12  64  69  12  63  42
   93  93  10  91  59  25  52  50  50  14  70  85
    5  21  68  36  55   2  20  58  74  48   9  68
   22  38  77  88  80  72  64  87   7  23  55  24
   74  74  18  95  11  70  55  77  51  53  43  66
   74  13  74  28  50  25   7  38  81 100   1  26
   50  24  68  19  58 100  14  84  72  98  79  80
   71  96  85  87  82  20  81  64  31  90  81  82
   84  69  13  78  91   1  57  87  29  52  98  97
   45  63  61  85   5  85  60  65  30  30  36  28
   45   7   9  89  24  72  14  33  26  69  49  49
   49  76  20  85  64  45  78  86  67  47  72  38
   19  21  84  13  85   7  80  11  90   2  48   7
   51  93  46  90  25  12  43  14  53  64  64  31
    7  88  33  46  25  90  20  54  64  90  77  84
   39  64  92  47  67  91  25  75  13  92  52  67
   30  81  17  33   5   1  62  36   5  70  87  39
   16  30  78  45  90  82  62  42  88  39  47  49
   25  61  61  58   9   6   7  75  89  67  94  69
    3  23  91  13   9  76  64  27  40   1  23  22
   46  83  64  47  34  68  18  29  12  99  84  16
   36  69  84  25  54  54   2  83  45  67  23  72
   66  93  87  70  96  41  27  98  81  79   8  62
   73  86  79  96  77  92  16  11  96  20  58  30
   72  31  61  39  31  70  33  27  27   9  83  33
   85  85  64  84  45  57  15  47   7  33   6  65
   71  26  80   6  87  94   4   1  93  82  97  95
   61  68  94  88  41   8  74  74   4  73  10  92
   86   4  12  66  33  43  71  46  43  88   4  60
   10  29  93  49  67  95  36  16  34  99  82  67
   57  78  85  58  53  40  38  34  54   6  22  78
   52  54  50  52
   86  61  57  48   3  88   9  55  97  55  11  65
   41  97  95  28  19  47  44  74 100  98  56  80
    9  80  19  42  87  20  76  41  72  19  96  12
   56  15  41  13  62  54  36  94  10  60  36  70
   82  98  95  79  99  54  41  63  82  88  33  28
   25  20  38  15  61  83   2  73  35   6   7  22
   67  67  55  24  26  79  24  52  95  46  45  60
   43  36  66  50  90  50  23  38  80  91   8  31
   45  33  36  85  78  86  21  85   1  71  33   4
   30  84  77  76  47  66  57  68  71  72  47  41
   23  41  55  27  92  61  97  89  13  44  67   2
   27  85  96   6  54  44  35  87  60   2   9  46
   29  37  97  55  25  91  97  41  68  40  92  45
    2  58  25  94  55  93  57  72  20  30  50  84
   16  62  25  28  58  59  34  62  28  35  30  73
   42  19  33  50  19  23   2  45  48   9   3  48
   60  59  72  52  97  48  96  26  76   4  69  77
   62  83  68  28  37  38  19  76  64  83  68  72
   62  67  47  80  70  39  46  51  20  19  77  91
   98  66  49  30  25  46  32  86  14   3  25  45
   44  24  31  16  30  12  18  10  89  51  93   3
   10  78  70   9  22  50  37  44  64  12  25  99
   53  66  77  10  51  44  21  17  40  69  29  44
   80  32  96  64  89  52   5  64   6  53  90  20
   58  29  16  61  33  12  37  39  48  42  71  98
   16  34  69  45  13  52  79  14  54  69  21  38
   53  46  47  18  97  90  21  89  17  34  78  95
   46  94 100  48   3  49  78   5  46   2  85  32
   55  49  47  76  91  54   3  33  69  12  84  15
   26  19  77  20  88  42  90  99  43  87  31  31
    4  67  62  80  82  72  84  79  54  37  95  84
   32  12  59  53  29  26  82   9  31  65  73  12
   63  31  17  26  63  17  42  88  43  72  89  80
   64  74  81  90
    1  44  78  49  28  45  21  17   8  43  59  46
   86  23  20  31  68  61  35  56  12  23  34  90
   16  56  40  82  24  81  60  51  10  90  83  81
   74  38  73  21  40  33  58  66  43  36  30  65
   27  53  34   4  38  27  66   4  19  30  63  15
  100  62  98  10  96  43  75  76  97   4  21  13
   67  80  79  20  30  12   8  95  71  30  67  29
   26  56  16  95  75  89   7  46  41   9  77   6
   78  58  47  64  66  47   7  73   7  41  17  35
   17  54  98   2  20  47  26  62  41  16  25  45
    3  90  61   5  16  25  39  17  73  90  91  76
   46  75  74  83  77  71  63  45  70  70  43  64
   90  59   5  34  53  14  37  35  20  88  22  22
   90  16  28  26  99  96   3  41   7  92  67  23
   94  25  12  78  58  63  85  63   2  22  95  75
   30  52  95  44  43  38  80  29  34  88  85  12
   74  31  71  90  16   5  27  71  79  59  54  66
   50  41  69  81  71  91  92  16  38  39  42  53
   92  95  31  55  15  47  55  56  18  48  93  55
   42  18  96  12  48  29  84  39  12   8  36  96
   17  22  87  86  47  78  21  43  85  16  64  32
   99  97  80  38  45   6  60  64  51  36  21  22
   19  89  95  27  13  68  30  90  56  70  73  18
   25  77  75  94  39  55  75  89  58  46   3  39
   76  58  64  49  14  65  40  84  10  95  79  60
   20  30  92  44   8  90  44  39  38  39  47  87
   71  68  57  57  57  96  67  39  29  61  99  41
   95  12  99  78  39   5  31  70   3  96  68  36
   89  39  91  82  56  70  79   3   1  11   2  67
   64  56  16  20  20  69  58  69  66  79  41  84
   24  70  42  87  27  74  99  49  20  71  10  78
   46  77  16  20  46  39   2  49  49  29  90  59
   68  40  34  64  92  75   8  83  82  48   5  42
   63  69  30  62
   59  29  19  21  64  61  20   6  53  55  96  94
   61  25  40  97  12  34  34  40  32  21  78  79
   73  17   8  23  32  60   8  45  63  20  34  14
    4  11  34  98  89  17  61  98  74   5  99  54
   49  45  76  71  59  32  84  37  24   2   2  39
   56  47   5  84  81  44  93  19  53  63   9  45
   74  92  47  39  19  54  85  75  44  26  92  38
   14  56  56  46  15  86  94  66  78  65  80  37
   97  74  56  83  45  40  53  40  91  54  14  63
   28  96   5  57  78  48  41  87  27  15   2   2
   29  42  48  49  32  36  45  97  96  81  79  54
   14  60  76  80  24  72  18  17  34  50  67  95
   37  82  79  64  35  29  29   1  50  41  19  34
   49  79   8  63  61  36  24  75  93  47  85  62
   55  19  20  45  70  38  80  87   3  99  68  16
   69  19  47  40  62  52  66  68  65  17  75  30
   74   9  46  93  17  22  90  82  68  64  77  95
   73  81  54  29  60  72  64  88  65   7  65  14
   48  49  48  96  12  70  57  94  21  72   6  56
   18   4  98  35  49  79  49  14  73  99  96  15
   91  69  27  27  55  14  91  20  92   2  24  65
   25  60  61  51  82  96  61   8  30  15  20  18
   78  36  93  45   7  16  16  42  80  62  15  78
   73  60  35  54  78  80  52  21  36   7  97  97
   45  52  70  94  87  76  62  27  41   5  70  36
    5  49  21   7  12  24  86  88  52  67   3  12
   89  57  91   9  79  32  73  30  91  12  93  64
   23  10  34  58  21  57  36  33   3  22  20   5
   68  24  99   3  27  56   6  89   9   3  99  75
   89  58  98  43   4  45  87  61  69  35  44   7
    2  64  51  81  33  55  22  32  34  34  14  69
   30  48  50  83  21  88  36  67  98   4  80  34
   68  24  12  32  62  73 100  69  65  96  73  28
   30  69  36  85
   20  26  38  60  29  77  75  81  73  43  50   4
   91  87  98  40  52  81   8  80  98  46  65  38
   97  95  99  87  75  80  25  18  68  32  83  64
   63   8  91  64  41  31  82  92  23  39  50   7
   10  24  90  93  31  77  49  13  84  35  64  35
   83  18   8  94  94  79  31  24  89  47   9   6
   83  66  82  11  79  45   5  43  15  95  80  86
   99  82  15  44  66  60  52  86  12  22  25  90
   37  43  92  87  95  22  88   4  38  24  62   7
   51  29  25  49   3  70  91   8  90  82  24  33
   78  43  75  91  47  17  38   6  31  96  79   4
   68  54  91  58  42  77  33  32  23  14  72  23
   13  21  33   7  91   4  37  77  58  59  46  98
   76  25  10  39  15  15   4  22  94  70  80  67
   32 100   6  34  81  26   8  65  79  24  18  32
   88  69  17  77  42  83  75  57  85  71  99  89
   23  70  77  92  59  92  17  32  43  68  93  62
   14  88  93  74  40  52  58  34  68   5  25  31
   66  88  74  18  62  80  72  56  94  39  12  63
   51  47  62  49  15  54   8  66   7  26  91  49
   31  79  65  61  18  34  24  38  67  50  56  28
   93  77  86  39  65  94  19  84  55  56  78  21
   81  34  59  94  46  62  64  89  89  81  50  63
   24  79  73  97  83  41  31  37  64  84   6  37
   71  11  10   5  60  45  28  44  80  80  61  97
   21  22  71  94  53  31  25  89  73  67  37  10
   50  36  12  95  63  27  91  49  50  62  96  73
   51  38  71  19  49  68  24  24  16  29  75  63
   57   3   3  88  53  22  75  72   5  10  10  52
   76  30   6  74  39  24  91  40  16  59  70  44
   23  71  59  23  18   8  39  95  39  71  92  10
   49  65  51  85  83  36  37  55  89  16  10  13
   73  68   6  54  40  32  87  20  40  64  80  43
   15  82  24  89
   55  26  68  90  75  55  78  57  58  85  70  60
   77  74  33  65   7  37  45  26  90  11  35  58
   15  28  57   5  69  84  59   4  22   6  47  60
   86  18  57  14  90  14  25   6  42  28  51  51
    5  96  75   4  59  34  39  27  76  94  58  63
   82  50  90  99  35  49   5  42  82  91  49  78
   38  97  21  49  49  72  33  18  64  77  85  39
    2   1  33  24  18  24  51  14  77  88  12  48
   23  70  44  28  40  43   8  92  30  50  62  81
   75  71  32   7  12  93  79  22  94  77  69  89
   66  29  41  49  29  65  76  87  12  84  67   7
   37  36  84  94  92  86  50  90  97  91  99  56
   74  59  57  43  15  28  99  63  49  26  28  56
   16  45  36  57  30   7  76  68  51  36  33  26
   53  23  87  68  93  96  89   7  80  91  23  92
   41  18  77  86  94  29  16  27  15  91  43  98
    4  52  73   3  59   7   4  25  40  72  76   4
   40  51  52  98  55   3  78  59  50  11  55  97
   29  53   7  49   4  70  50  50  62  34  62  99
   38  14  50  33  79  50  19  86  15  21  42  70
   28   9  26  34  20  73  83  36  80  14   3  15
   59  47  10  52  31  68  44  49  66  22  25  88
   98  72  18   7  95  70   9  63  25  25  67   6
   26  68  17  43  75  26   6  12  59  86  73  45
   39  69  21  41  21  95  79  32  27  52  76  54
   59  65   8  16  74  66   6  64  47  62   6  58
   42   3  18  32  80  52  93  68  12  53  95  64
   78  99  66   3  88   6  94  19  83  68  88  69
    4  46  43   1  61  19   4  21   8  61  43  63
    2  10  24  61  77  34  71  10  17 100  38  42
   14  46  76  90  45  46   6  62  39  80  81   4
   44   4  62  70  98  14  82  97  98  24  16  64
   64  26  49  67  14  60  47  87  29  90  24  58
   22  63  11  35
    3  18  53   8  24  20  87  36  57  68  52  84
   39   2  33  58  79  42  89  96  59  91  46  64
   22  27  87  47  65  92  51  46  41  92  23  68
   42  87  29  26  99  86  28  23  77  40  12  55
   64  36  89   2  66  93  88  17   6  51  47  27
    8  69   4  21  99  18  96  48   3  71  55   9
   26   4  90  47  61  80  95  50  71  54  32  35
   94  58  32  47  26  96  82  51  20  45  27  28
   82  38  55  65  61  64  97  52  42  63  20  76
   43  15  15  11   7  38  99  15  96  78   6  22
   87   7  74  39  60  13  51  34  96  95  77  37
   72  60  86  26  51   9  95  27  79  38   2   6
   75  31  72  58  31  47  42  11  96  25   5   8
   81  65   7   9  46  34  44  81  91  51  52  96
   61  83  98  18  25  43  84   2  83  75  30  83
   51  58  70  80  58  91  52  75  41  94  26  18
   37  96  37  18  76  30  25  32  76  30  11  67
   37  21  95  67  35  15  53  10  13   4  21  98
   77  53  97  59  94  94  37  32  75  25  36  62
   79  90  36   1   2  90  11  92  69  66  64  70
   36  92  22  53  71  77  24  35  61  50  23  79
   95  58  71  17  66  62  21  34  58  25  15  70
   44  10  80  11  78  71  22  79  92  51  18  33
   83  71  12  55  14  26   7  52   1  78  59  41
   15  52  72  51  67  27  92  10   8  29  98  42
   20  29  97  62  10  34  21  66   4  78  13  30
   40  24  30  95  66  48  31  73  27  38  71  31
   61  88  99  85  98  92  47   3  48  33  24  85
   92  83  11  71  86  93  58  25  47  87  73  28
   46  59  18  81   8  62  98  91  97   4  67  66
   23  42   6  12  19  76  29  19  47  42  69  67
   89   7  79   9  39  59  18  67  96   7  49  33
   62  67  34  51  31  64  24  21  84  21  56  85
   87  50  44  30
   65  62  78  31  61  44  59  15  65  61  32  83
   64  30  12  64  55  18  82  46  64  65  17  98
   65   2  94  91  99  64  22  10  90  18  47  77
   69  73  84  73  85   8  28  49  32  79  73  51
   63  49  35  36  11   1  67  92   3  55  80  55
   84  94  58  30  38  76  83   8  97  53  47  84
   69  95  76  81  52   6  46  62  55  37   3  52
   14  15  79  55  15  55  16  77   8  81  79  41
   29  45  81   5  19  42  93  82  40  35  73  64
   95  68  77  31  50  89  80  75  46  67  97  22
   23  10  98  41  38  83  32  75  83  33  38  51
    4  97  70   1  17  32  16  80  33  25  13  90
   69  16  65  91  76  16  68  25  49  28  25  31
   49  59  61  68  24  49  49  32  24  79  23  72
   22  97  99  15  34  34  96  75  35  24  52  83
   77  20  39  98  14  17  89  30  10  67  13  52
   69   2  11  31  49  45  97  32  76  38  21  49
   72  55  78  18  67  23  37  34  21  38  54  76
   38  87  90  21  92  66  34  62  43  99  19  30
   51  54  40  12   1  64  74  68  18  47   1  52
   87  21  18  28  75  28  60  92  43  46  22  88
   68  16  70  30  66  51  70  14   2  65  96  47
   17  83  57  55  41  67  12  12  18  28  88  48
   15  48   4  79  50   3  80  16   8  72  68  89
   58  64  60  66  71  36  14  69  45   5  66  94
   15  74  58  31  77  50  47  79   8  59  31  71
   79  65  63  87  82  95  73  75  40  49  85  71
   32  26  37  14   7  36  96  68   8  28  83  42
   87  98  88   3  27  18  87   2  53  43  65  85
   63  44  32  21  35  13  42  11  53  92  13  14
   23  87  44  61  93  86  36  79  71  80   9   5
   43  82  19   4  92  44  82  94  21  76  89  59
   62  65  25  69   7  95  87   3  15  66   6  57
   41   8  61  76
   45  68  16  71  99  82  61  22  37  48  47   2
   23  69  53  66  58  38  67  79  29  73  30  52
   41  67  75  92  70  30  82  49   7  32  11  49
   91  45  48  47  70  92  55  70  29  88   5  55
   41  80  32  97  11  98  73  94  18  92  10  88
   58  81  15   9  91  93  95  18  83  11  35  55
   47  14  40  77  90  26  80   9  60  53  37  77
   79  33  41  63  99  76  21  42  38   8  46  28
   25  17  69  17  47  91  70  31  89  74   2  61
   82  93  30  15  39  17  80  54   8  88  81  43
   10  78   9  90  83  21  26  92  31  61  32  81
   59  99   5  61  24  34  40  57  76   4   3  60
    3  33  62  65  71  76  46  21  73  61  72  69
   70  31   3  90  33  90  83  49  91  46  85  33
   73  56  54   4  48  67  47  31  75  64  82  48
   43  10  81  83  14  87  11  16  71  52  27   7
   57  64  22  55  21  43  63  34  62   2  42  35
   72  97  13  15  80  72  39  38  97  98  38  19
   57  18  23  66  61  93  47  29  25  46  46  38
   20   2  86  49  14  33   4  89  22   5  49  97
   43  19  32  72  10  54  65  12  25  15   9  58
   15  69  12  44  63  97  57  33  63  34   5  66
   54  11  39   3  72   1   5  66  87  65  59  88
   52  90  12  49  43  39  67  28   5  89  71  38
   94  79  52  78  25  51  67  72   7  96  46  13
   96  98  30   8  37  73  22  22   1  18  28  20
   36  53  97  12   7  66  74  98  44  53  32  10
   78  66  24  53  95  54  24  56  70   8  73   9
   17   4  18  10  29  48  61   8  27  19  99  48
   95  12  69  12  35  82  94  64  99  90  22  95
   44  43  73  68  66  42  83  55  50  21  47  89
   12  93  62   2  40  97  70  71  43  37   8  64
   91  27  40  77  62  34  13  87  78  27  92  87
   60  12  11  35
   70   3  69  53  54  37  12  22  73  32  71  46
   31  38  12  63  90  94  91  87  50   5  36  75
    5 100   5   1  20  12  61  19  97  37  38  36
   46   8  11  78  49  63  63  63  33  13  57  63
   37  12   3  78  82  23  22   4  39  89  26  99
   95   4  74  56  30  75  52  67  73  98  32  97
   82  23  48  49  11  21  60  32  70  58  29  33
    7  60  75  83  64  82  59  30  55  78  40   1
   31  69  51  76  49  10  65  57  40  63  65  32
   80  64  11  48  56  87  11  78  38  22  86  91
   44  34  45  21  13  40  48  32  67  71  75  89
   89  46   1  34  85  38  55  38  54  44  98  87
   59  51  87  41  91   9  44   6  45  95  24  99
   82  88  87  25   3  33  65  35   9   9  28   5
   83  99  58  95  49  63  13  28  43 100  99  50
   81  22  39   3  32  19  36  92  81  29  49  57
    2   9  59  39  23  99  37  47  99  98  13  31
   79  24  44  48  73  89  86  31  23  66  59  60
   68  57  19  27  22  62  22   8  30  49  98  30
   45  22  18  39  98  88  59  72  60  30  81  23
   16  69  87  13  30  42  97  55  21  61  15  32
   21  90  96  53  51   7  22  34  91  77  59  57
   44  21  39  46   6  81  16  32  34  93  43  21
   19  53  41  66  52  85  62  33  91  16  62  70
   32  35  69  78  77  68  53  79   3  49  89  81
   30  82  36  52  92  13  93  84   5 100  81  69
   29  81   2  58  49  42   9  37  36  84  82  92
   16  98  87  82  38  26  52   4  50  34  32  59
   58  81  77  31  99  87   8  42  15   2  72  35
   10  70  27  30  29   9  98   2  22  68  52  45
   16   2  66  41  79  39  93  33  93  50  36  85
   22  16  10  62  75  97  15  90  86   4   6  27
   74  60  58  34  12  80  39  43   1  31  72  22
   33 100  12  48
   46  87  61  28  49  94  33  78  43  14  59  31
   18  69  90  73  31  39  90  45   3  46  34  30
    7  55  91  47  65  66  37  49  45   9  26  14
   46  31   4  37   2 100  87  30  65  92  68   6
   11  87 100  82  23  60  95  70  88  79  18  67
   97  96  76  51  29  42  22  79  49  19  36  74
    6  95  27  23  18  99  25  67  72  15  74   4
   20  67  27  67  63  28  37  34  55   1  53  12
   90  20  16  31   2  39  46  44  48  30  44  15
   17  72  77  14   9  50  80  13  38  46  47  74
   23  30  19  53  81  60  85  83  24  72  76  73
   45  72  54   3  23  33   7  13   6  89  43 100
   12  26  87  15  19  77  72  48  60  18  30  30
   20  55  90  23  21  29  72  13  24  97  77   6
   22  37  83  21  28  32  41  82  75  72  63  17
    6  42  22  44  69  20  39  70  12  66  85  85
   74  21  69  54  81  96  33   8  39  70  43  44
   27  81  88  15  91  18  75  24  42  21  13  17
   42  68  15  79   2  73  90  28  77  79  38   3
   58  50  39  65  65  65  51  89  44  17   5  54
   55  95  91  41  71  93  63  23  71  92  24  62
   33  57  22   4  23  34  44  64  99  37  14  33
   96  52  78  61  23  19   6  55  57  34  80  73
   35  41  92  17  51  23  35  25  46  98  97  68
    5  15  57  44  47  40  75  67  24  60  90  66
    8  69  11  74  91  65   9  28  77  44  17  55
   74  90  16  72  86  77  36  79  16  52  44  48
   45  38  42  23  40  20  57   8  40  47  38  65
   51  18  46   8  41  81  55  91  33  26  35  11
   96  74  55  90  47  78  74  82  35  12  31  55
   39  63  45  93  63  33   4  85  29  24  60  21
   68  36  25  83  20  59  59  45  19  70  73  57
   94  22  14  50  60  41  61  20  13  20  23  28
   20   9  28  88
   62  11  54  79  29  62  63  58  61  70  80  64
   72  24   5  96  82  36  58  37  40  63  95  72
   39  28  28  13  38  31  41   8  77  76  14  69
    4  88  36  85  80  26  27  45  14   8  57  51
   67  28  63  41  80  73  70   8  91  46   6  16
   52  78  25  23  46  56  24  92  11  30  59  22
   56  43  70  53  78  44  93  93  84   6  85  40
    9  47  38  87  30  49  97  57  93  77  85  12
   27  94  17  71  60  84  18  38  46  69  43   9
   73  29  98  97  93  16  59  54  32  80  82  82
   12  84  35  57  70  22   7  47  78  38  28  27
   60  47  94   5   9  50  79  33   9  57  56  32
   53   5  17   6  59  70  87  63  95  96  54  37
   91  10  71  97  60  33  90  79  19  13  73  93
    4  31  13  47  92  28  49  68  21  18  92  15
    1  12  37   3  41  33  86  17  65  36  63  37
   30  26  38  51  44  79  39  74  89  58  77  73
   34  34  61  77  56   2  20   3  63   3  15  69
    6  39  65  19  99  96  66  35  46  63   4  61
   46  42  73  20  23  79   6  32  40  73  76  32
   18   3  32  91  56  37   3  36  49  60  27  63
    5  88  64  63  67  89  21  33  32  97  61   1
   64  38  32  43  21  42  78   1  64  66  63   1
   87  12  85  73  29  44   2  72  88   8  41  91
   53  51  24  85  12  41  85  88  72  82  90  29
   84  36  50  57  54  39  46  53  67  24  47  53
    4  35  26  66  59  50  78  92  61  95  46  42
   92  70  31  52   5  57  13  11  39  50  75  70
   45  66  16  68   3  68  71  45  33  80  31  66
   25  11  62  37  51  68  22  22  84  79  79  65
   20  10  35  10  93  82  38  13  97  94   5  67
    2  41  40  21  74  26  52  93  95  87  74  94
   79  15  82  46  94  65  15  97  77  85  88  46
   57  27  21  54
   33  87  31  19  23  32  78  91  87  30  19  98
   94  19  87  68  32  76  58  41  45  65  86  12
   84  74  53  74  48  65  10  68  27  15  22  18
   47  57  11  79  12  30 100  84  50  18  59  80
   57  95  43  77  36  69  42  93  47  28  22  94
   47  75  65  39  36  86  23  24  95  41  49  25
   41  74  52  45  59  15  33  54  52  33  33  33
   83  84  73  20  21  50   4  52  80  83  42  10
   70  53  22  59  31  85  31 100  87  12  61   6
   82   8  47  64  29  39  13  31  48   8  15  63
   17  90  85  70  10  87  77  53  42  62   5  50
   16  88  92  81  61  92  13  88  81  96  37  85
   98  63  70  95  91  40   5  99  46  98  54  75
   95  86   7  45  63  63  59  21  10  49  69  40
   74  65  95  20  20  81  40  92  73  55  93  52
   76  79  79   1  22  24  97  88  99  81  67  59
   45   7  71  93  75  67 100  53  39  80  95  23
   57  60  92  57  65  62  66  24  64  26  75  43
   54  15 100  37  85  69  95  70  99  41  28  94
   75  41  21  92  67  85  98  22  55  33  32  57
   86  36  78  35  16  77  29  99  55  22  50  43
   13  51  30  51  39  15  16  47  69  71  67  35
   70  30  92  41  77  98  93  63  47  23  15  10
   94  35  77  45  37  92  34  32  45  26   5  77
   74  78  22  76  22  56  77  52  59  64  63   5
   84  56  16  52  60  75  61  73  60  96  58  53
   12  77  39  27  42  91  58  22  18  80  32   5
   91  94  87  20  47  37  97  38  38   6  35  96
   37  40   8  48  75  62   7  98  90  25  50  53
   67  48  26  60  80  70  34  58  43  87  34  12
   45  96  83  63  99  45  86  72  88  66  37  60
    3  31  60  55  85  84  56  34  81  95  46  66
   74  96  15  59  36  32  53   2  64  93   6   6
   32  74   9  52
   58  88  45  60   6  78  62  75  49  16  72  64
   17  80  92  65  33  54  24  48  91  92  19  93
   20  89  48  54  52  50  73  27  93  57  15  22
   93  39  16  31  12  41  18  92  85  90  26  67
    4  71  75   3  69  87   8 100  74  31  29  88
   61  57  88  88 100  47  42  85  50  78  22  92
   33  96   4  25  98  78  80  67  96   6  24  40
   43  31  62  70  89  49  39  60  91  60  89  56
   80  48   6  14  28  38   8  75  17  73   7  28
    9  82  83  80  15  46  47  27  63  65  11  20
   67  33  55  35  94   1   3  42  38  49  82  74
   79  56  99  93  65  61   6  65  68  44  63  20
   61  82  22  27  83  28  79  62  11  72  55  76
   23  18  56  63  73  42  50  30  56  72  27  63
   79  50  76   2  28   2  47 100  36   4  26   5
   55  59  96  12  22  58  16  49  28  50  77  34
   89  16  84  46  12  29  16  98  63  30  95   3
   42  95  62  39  44   2  36  25  31  99  89  85
    4  79  15  19  63  40  93  68  88  60  64  87
   96  63  94  14  18  90  43  32  62  65  36  48
   85  64  30  54  64  88  84  96  57  26  29  50
   81  26  31  81  73  64  67  20  64  17  88  24
   47  21  94  56  40  51  94  44  64  83  84  55
    6  66  10  60  86  87  36   8  33  47  19  88
   46  20  69   7  68  28  27  45  51  12  27  39
   29  92  67  42  81  47  78  93   9  71  93  91
   92  55  14  57  71  44  82   5  10  15  48  14
   58  38  37  90  34  53  19  45  80  30  80  55
   41  46  87  35  25  45  61   6  77  17  39  62
   50  57  51  45  65  39  81   5  88  86  45  76
   97  34  47  41  48   4  60  99  44  69  90  44
    7  27  41  17  45  64  89  88  19  25  50  23
   16  84  47  46  11  12  78  16  44  44  88  88
   82  52  37  90
   48  51  37  56  10  60  30  43  14   3  96  73
   64  19  48  86  99  41  24  59  87  93  91   9
   17  83  36  80  93  92  56  44  32  75  57  85
   51  50  44   4  66  93  16   2  83  33  59  80
   94  43  44  34  68  37  13  45  47  61  79  71
   38  87  19  49   9  11  65  79  79  38  98  25
   19  87  47   4  35  75  74  82  71  16  77  70
    1  12  77  12  17  50  14  83  29  92  39  84
   57  74  15  30  24  91  99  49  51   2  47  74
   48  12 100  36  12  75  82  59  16  85  90  54
    7  69  93  11  96  77  22  92  58  84  62  31
   17  78  52  20  44  54  72   6  54  11  42  84
   94  41  12  95  43  27  58  14  97  35  76  45
   72   9  73  17  93  59  63  75  86  66  61  79
   77  64  76  90  82  41   5  69   2  30  23  71
   14   4  86  34  69  67  17  79  86  54  97  99
   42  17  73  56  65  23  34  71  33  48  16  23
   64  70  92  36  13  61  70  79  57  83  79  58
    4  83  69   7  69  83   2  83  85  75  47  65
   82  18  74  38  90  25  46  94  31  65  14  25
    8  51  10  13   6  34  43  29  79   1  90  21
   52  62  90  14   3  52  41  96  68  17  87  23
   31  13  22  98  11  95  71  80  68  19  96  65
   88  25  83  88  78  38  35  14  63  60  69  31
   76  65  10  43  55  89  80  68  33  29  99  29
   37  29  72  45  74  82  86  29  36  22   6  81
   80  13  59  79  35  45  44  78  85  34  10  97
   71   4  58  19  79  91  34  78  37  32  22  61
    7  59  35  97  78  94  15  49  66  42  19  11
   97  84  20  99  11  74  95  53  49  27  25  15
   50  18  81  39  44  74  25  73  45  67  97  63
   48  10  16  35  16  46  67  99  80  47   2  38
   33   5  23   2  17  27  87   2  24  28  96   4
   86  23  87  24
   42  86  64  73  96  75  98  24  58  58  11  29
   57  79  70  30   3  56  83  52   7 100  20  23
   99  35  27  89  50  13  48  40  83  36  47  21
    3  75  19  55   2  87  13  64  90  34  53  80
   10 100  52  72  51  18  35  60  75  75  55  35
   33  45  11  78  79  96  70  77  96  19  85  51
   10  36  11  60  10  28  25  34  68  48  47  81
   56  46  58  16  65  78  14  72  26  34  72  24
   25  53   5   3  24  40  19  19  80  87  74  77
   63  94   7  99  74  83  40  38  68  18   8  98
   65  26  76  59  75  14  55  86  17  87  22  55
   32  71  41  68   8  27  77  74  94  69  20  85
   26  88  99 100  33  67   8  17  70   2  12  54
   27  16  79  73  51  84  93  92  66  48  72   7
   89  37  88   8  52  83  85   2  17  47  99  28
   97  29  76  78  77  90  91  17  26  76  66  94
   23  27  89  74  72   3  34  44  21 100  79  38
   80  72  24  55  45  44   9  78   8  35  37  92
   81  75  86   4  20  27  37  58  30  98  80  58
   96  69  48  87  97   3  22  22  26  68  57  55
    5  62 100  11   9  20   9  68  80  40  68  75
   54   2  13  71  67  83  39   4  85  80  35  47
   17  25  86  21  35   7   6  10  93  85  44  83
   47  17  15  13  69  68   9  89  74  35  14  45
   32  65  36  69  84  71  15  30  74  53  44  90
   54  19  90  28   7  96  12  56  68  59  75  36
   45  42  77   5  28  60  63  86  18  27  42  13
   41  74  11  46  66  70  67  90  28  39  34  19
   41  79  74  85  20  81  11  47   2  47  46  80
   59  11  80   4  24  52  29  93  99  23  42   3
   88  59  25  80   4   3  55  90  91  19   2  32
   47  16  43  52  38  66  86  73  17  20  86   7
   44  25  66  69   7  52  30  10  37   4  89  18
   28  41  77  52
    831   771   811   826   838   809   822   796   839   786   798   818
    798   782   780   803   867   842   820   794
