 10 300
  103  70  17  33  99 109  53  75  68  23  41  36
   53  98 105  89  30  93  79  51  10  95  86  24
  102 108  37  51  76  72  31  83  38  76 100 112
  106  25 104  49  84 101 107  28 110  44  50  42
  114  71  76  72  63  68  29  85  66  33  23  42
   64  93  24  50  63  86  50  70 101  52  24  17
   97  14  79  45  36  18 101 110  59  72  85  81
   20  25  79  17  64  31  33  15  20  34  14   9
   93  39  77 108  87  33 111  84  23  77  29  57
   49  39  98 101  72  95  77  83  53  83  78  96
   26  40  74  48 103  69  18  76  57  11  48  27
   60 100  65  72  82  67  39  34 102  20  95 108
   39  69  93  70  58  30  36  21 110  47  62  74
   77  64  63 102  85  44  58  93  21  77 105  64
   88  63  63  67 116  57  13  36  84  16  38 106
   71  45 108  51  25 106  86  73 102  34  63  49
  107 112 110 107  68  76  47  99  64  78  22  92
   26  84  39  57  31  80  37  46 101  35 105  77
   64 104  44  56  40  63  47 102  57  23  82  37
  102  20  74  61  42  92  48  50  71  61  97  97
   49  82  76  50  90  35 104  81  21  80  79 103
   53  88  27  25  61  84  55 118  19  40  38  70
   25 115  45  58 100  55  18  14  60  72  17 110
   62  75  76  57  90  20  33  47 103  72  32  64
   51 103  65  81 102  60  84 112  27  92  83  25
  110  50  33  53  33  21 103  31  81  75  91  80
   20  54  34  67  92  58  53  25  47  66  16  93
   50  90  38  95 100  48  73  59  51  44  38  79
   71  97  30  91  59  72  90  41  56  72  20  60
   75 110  90  15  89 108  60  72  57  45  61  59
   26  73  45  48  56 102   7  35  49  28 111  73
   92  56  67  27  47  54  65 105  82  38  51  47
   38  32  79  53  56  26  64  98  18  41  58  66
   48  73  64  96  50  97  96  28  84  60 114  66
   20  30  87   5  86 101  96  18  54  91 100  64
   51  89  17  56  99  20 108  89  35  36  89  52
   87  31  46  56  35  31  38  35  59  38  72  67
   91 114  56  11  44  76  57  65  55 110  79  64
   87  59 117 100  37  32  26  63 103  93  11  75
   51  22  32  82  54 105  21  14  55  99  57  77
   87  38  75  62  29  61  19  44  88  64  80  78
   47  23  55  18  37  13  70 103  11  57  97 101
  104  91  18  34  20  88  25  64  53  85  89  52
   65 101  35  84  58  27  38 106  81  34  99  74
   65  73  36  77  38  73  32  21 105  23  45  49
   21  22  25   5  20  36   8  44  26  97  79  69
   82  54  85  81  89  63  78  24  27  82  88  96
   35  51  20  53  53  21  88  66  83  33  49 100
   74  32 103  94 103  13  29  89  79  95  64  64
   15  36  76  43 100  23  58  15  66  70  73 110
   84  52 107  14  61  12 100  73  39  72  38  95
   14  24  77  63 113  40  42  45  69  98  23  96
   39  55 108  24  75  91  23  65  77  51  68  65
   81  81  75  78  83  60  55  57  24  51  38  94
   86  39  85   9  81  79  57  37  55  84  29  19
   84  75  46  44  53  84   7  44  72  68  74  81
   91  92  63  65 117  48  97  99  83  15  50  92
   55  93  79  97  92  49  87  86  50  32  12  63
   30  94  45  75  51  99  58  43  79   9  88  29
   96  44  97  72  79  82  32  64  82  42 104  92
  108 102  99  29  20  68  91  77 100  15  60  46
   69  75  20  72  16  55  42   6  82  36 105  22
   60  53  65  99  69  40 100 105  80  29  70  99
   19  16  75   8 102  83  56  62  23   5  83  89
   38  33  86  40 112  48  66  64  97  57  49  83
  107  35  84  52  85  42  99  62  79  15  16  24
   47  91  88  65  81  47  42  41 113  11  31  94
   54  41 109 106  99 105  49 108  23  40 107 114
   82  61  92  86  78  78  20  48  95  22  19 104
   27  54  38  28  42  23  23  74  84  41  32  63
   39  29  28  23  88  38  85 107  84  84  67  75
   30  49  41 113  35  82  82  24  24  83  46  78
   26  63  88  57  86  45  30  62 103  38  35  43
   47  45  87  18 116  15  30  26 112  57  68  40
   88  76  25 110  74  45   9  33  69   7  70  54
  105  47  66  46  13  96  49  45 105  23  55  85
   82  41  47  26  57  49  17  71  77  74  52  25
   60  58  72  77  50  55  34  18  21 101  14  48
   69 101 103  70  42  67  89  71  56  38  25  64
   74  19  62   8  18  73  56 109  27  32  73  43
   77  30  82  44  99  83 104  21  82  59  74  94
   85  97  42  82 108  68  80  21  67  49  57  28
   63 100  86  79  23  52  13  90  40  59  13  39
   32   7  77  21  53  29  75  17  68 100  79  81
   46  83  49 102  97 112  57  41   9 112  56  64
   19  95  13  19  86  88  59  63  14  61  24  87
   34  26  88  83  98  50  40  63  88  80 104   9
   37  52 105  46  81  77  85  52  19  78  25  17
   69  71  30  50  34  45  85  62  28  90  31  35
   92  34  71  68  47 108  30  81  52  62  81  77
   38  33 116  34  27  77  15 100  32  32  21  59
   51  26  30  64  86  71  85  96  95  26 110  27
   41  52  93  39  93  84  85  13  29  82  55  53
   31  26  72  57  12  46  78  23  93 102  78  53
   31  76  83  91  22  94  88  65  96  74  21  87
   26  92  95  20  27  28  46  84  57  21  42  86
   51  37  79  80  19  62  41  50  94  70  91  84
   98  29  97  74  37  74  79  44 102  67  77  41
   79  71 110  70  68  55  95 109  85  78  71  84
   16  41  39  13  97  61  44  57  41 100  30  35
   85  36  53  92  86  69  83  62  97  34  26  31
   91  75  83  58  45  89  90  27 103  78  49  89
   25  78  56 110  67  22  50  16  58  17  73  25
   89  50  21  59  48  30  25  91  42  25  30  77
   44  70  47  91  22  29  97  70  81 104  19 106
   12  63  35  99  68 112  88  85  51  44  15  34
   42  53  54  85  53  65  29  73  36  58  17 110
   24  40  67  87 105  89  20  79 112  27  67  94
   43  46  77  28  47  68  94  61  42 101  65  23
   38  94  42  18 103 109  54  96  66  88  77   9
   17   6  68  63  61 103  42  72  60  69  83  77
   42  52  91  82  65  44  43   9  79 100  25  51
   98 110  81  49  87  77 102  53   5  16  21  28
   15  56  68  84  67  59  67  91  31  14  53  72
   76  81 100  93  32  18  78  86  43  19  47  99
   39  82  60  49  47  93  66   9 100  77 102  21
  101  48  93  72  43  85  74  55  89  96 103 100
   56  36  36 102  88  36  76  44  59  26  61  17
   77  80  65  57  59  64  75  17  10  97  39  94
   90  46  20  24  88  89  86  23  90  87  82  13
   19  21  19  96  22  83  25 102  89  54 106  24
   97  94  61  76  89  18  48  46  22  63 105  82
   49  31  14 103  34  26  86  77 103  56  96  36
   46  79  22 108  40  71  30  27  94  28  51  38
   27  29  80  20  13  37  76  26  58  36  17  55
   35  60  97 105  84  47  80  79 109  83  46  19
   11  48  95  95 114  73  72  90 115  93   5  82
   69  30  23   8  81  50  58  77  24  92  72  24
   47  23  46 102  86  23  93  96  39  12  25 114
   84  21  39  71  25  60  25  60  90  27  77  63
   46  74  32  67  99  17 100  63  68  47  55  39
   70  32 106  76  54  19  59  67  34 116  60  22
   45  21  39  56  57  44  60  25  94  79  67  89
   14  53  70  90  38  35  75  50  20  83  76 109
  100  90  97  58  67  58  97  82  62  64  31  85
   56  66  78  77  81  82  56  23  64  56  19  37
  102  13  67  97 100  52 107  19  43  21   9 101
   59  71  62  79  55  51  94 106  73  71  91  94
   75  90  42  37  83  63  50   6  52  17 100  42
   51  11  95  92  45  72  47  43  34  91  37  53
   14  13  36  16  98  78  29  45  68  43  36  73
   87 108  21  30  32  91  36  88  55  56  80  33
   37  37  62  15  65 105  48  49  51  28  93  71
   14   5 104 104  28  87  81  20 106  12  80  93
   32  51 103  75  53  39  19  32  97  20  91  84
   76  31  41  88  22  47 105 104  10  32  54  37
   30  97  71  17  59  64  19  30  78  59  22  88
   29  55  72 107  60  89 102  65  44  94  64 117
   58  31  32  22  68  75  31  40  78  68  85  91
   57  51 107  23  64 115 100 107 101  75  16  14
   27 107  56  33  59  41  47  25  32 106  38 105
   11  26  84  67  46  63  91  46  25 111  43  76
  105  60  26  78  34  58  78  34  19 110  76  73
   64  54 105  25  38  63  52  90  83  42  42  73
   15 113 114  74  88  81  70 102  72  82  63  88
   58  86 101  20 115  87  54  86  44  37  73 103
   65   7  87  64  68  75  21  71  90  21  22  35
   24  66  67  44  61   8  89  16  30  26  80  85
   37  60 102  10  16  42  62  67  71  77 113  85
   76  71  24  90  65  44  21 104  47  53  94  44
   58  85  26  39  20  61  73  93  89  43  82  78
   85   9  71  21  96  27  89 106  31  33  72  48
   19  47  29 110  18  60  87  18 106  42  29  42
   44  24  57 114  70  39  24  92  27  88  32  34
  117  96   5 103  44 105  30  75  27  50  70 111
   83 113  34  92  91  14  59  20  69  61 110  95
  103  17  69  26  28  82  42  27  18  94  57  50
   24  90  18  29  67  83  82  53  27  88  46  46
   95  28  73  54  98  27 108  88  90  26  69  40
   41  64  13  88  92   2 113  84  98  36 102  35
   37  40  30  93  59  53  90  80  48  97  15  62
   96 101  95  95  17  34  46  27  56  54  45  26
   48  50  37  94  55  42  22  16  13  10  71  79
   41  62  42  35  67  88  56  91  82  64  78  32
   37  45  68  69  26  85  85 104  75  38  33  24
  108  96  81  34  94  30 101  76  65  61  21  99
   93  71  64 101  21  17  78  21  74  59  63  44
   18  94  28  51  71  30  59  86  95  19  42  37
   59  43  29   9  21 109  64  36  21  32  69  81
   59  83  56  61  88  66  75  67  81 110  38  80
   27  40  78   4  32  70  54   6  40  78 103  36
   79  80  66  43  42  93  22  19  34  83  51  93
   30  49 103  39  52  19  51  35  65  32  42  30
   98  30  39  80  31  34  87  89  52  16  81  36
   41  40  69  48  40  93 105 116  34  27  98  39
   91  96  74  99  26  83  36  77  47  23  72  98
   43 102  67 105  39  34  91  72  14  70  86  15
   68  91  27  61  42  42  65  22  18  93  83  12
   37  31  50  24  82  28  41 105 108  45  40  52
   68  76  87  28  63  36  41  50 113  52  35  26
   23  93  96  52  91  91   8  60  37  19  84  84
   37  35  58  73  37  13  95  28  42  98  54 102
   22  34  27  47  86  54  21  61  42   8  97 100
   12  38  63  60  36  58  48  75 112  76 105  24
   23  65  92  20  50 109  40  88  36  32  89  96
   44  75  61  83  27  18  19  31  41 113  38  18
   72  35  44  88  43  21  81  15  94  96  58  27
   32  78  51  46  76  50  26  44  31  56  27   6
   41 112  44 115  97  49  26  50  55  60  43   6
   49   8  50  89  66 103  32  17  58  15  55  89
   78  96  75  26  78  57  63  75  80  32  32  49
   68 100  99  79  47 106 111  69  64  24 111  76
   40  51 115  33  98  58  61  55  42  35  92 114
   44  31  36  92  86  96  24  14  37  82  19  22
   67  97 104  98  27  96  88  77  99  54  66 100
   36  93  78  57  38 111  38  77  94 100 107  80
   91  71  91  30  62  50  30  37  28  70  63  24
   26  60  73  57  52  52  34  25  83  66  47  57
   58  73  57  42  71  34  34  53  23  61  96  44
   38  64   8 110  33  90  86  78  95  17  38  63
  100   6  19  12  96  75  74  77  60  38  52  72
  100  86  45  71  95  23  35  39  30  79  58  23
  113  47   8  35  38  76  30  90  36  81  73  54
   15  89  85  28  33  13  87  41  60  44  37 102
   37  60  54  65  70  21  92  60 115  85 112  43
   87  83  54  23  59  62  38  54   9  88 102  36
   36  95  66  31  58  64  17  69   7  29  32  37
   71  63  40  23  56  96 114  55  45  83  79  16
   42  57  83  92  36  59  32  74  58  55  52  50
   54  32  62  43  85  71  50  68  62  66  52  76
   54  43  97  62  45  23  73  58  69  67  30  68
   50 100  79 104  57  46  68  44  92  66 101  83
   35  26  68  58 108  69  74  60 107  36  13  79
   88  31  41  24  29  24  50  76  72  42  86  99
   45  99  40  24  15 107  30  21  80  96  50  73
   30  14  18  69 105  52  18  70  40  14  84  92
   68  86  72  83  45  20  90  35  84  31  72  13
   67  76 106  34 100  84  94  54  53  63  21  83
   95  67  39  27  29  24  85  91  56  88 113  71
   92  89  89  60  84  70  95  15  41  99  97 104
   46  93  33  66  67  81  89  87  93  67   8  92
   13  96  69  73  15  65  42  64  98  41  22 103
   15  61 111  75 100  31 100  97  67  74  84  29
   95  80  43  41  74  11  22  55  62  66  79  86
   58  62  59  41  87  76  16  34  81  56  77  42
   78  36  32  53  37 111  72  57  82  72 104  71
  113  86  91  20  49  17  89  63  19  58 103  90
   53 102  35  17 104  19  51  90  17  15  60  43
   80  57  46  53  32 103  30  53  71  17  56  36
   25  99  63  52  78  59  42  34  36  42  44  22
   31  29  72  50  44  73  66  88  33  33  68 112
   25  90  25  17  44  11  43  26  79  80  71  44
   66  81  32  17  75  29  87  52  34 105  62  35
   43  53  55  95  21  71 111  20  28  59  25  19
  106  25  54  61  48  11  60   9  80  33  39  79
   50  19  97  23  47  26  16  71 106  79  25  88
   17  92  56   9  42   5  56  68  21  33  19  42
   55  73  38  76  52  93  21  92  34  86  69  55
   22  74  39  54  31  14  63  54  25  50  95  60
   36 113  53  60  62  72  72  42  18 103  14  76
   13  39  94  74  21   2  63  37  37  88  72  80
   65  19   4  16  85  20  29  68  96  22  30  92
   15  12  78  65  37  46  86  30  69  39   7   8
   14  94   9  69  21  17   8  75   1  74  62  68
    3  32  28  36  52  39  78  34  51  85  93  74
   44  19  93  67  40  25  57  37   8  66  84  93
   19  88  32  66  69  86   7   5  51  35  27  37
   89  79  35  94  50  88  87  96  96  74  95  98
   20  69  33   1  26  69   7  27  88  37  89  51
   59  69  17   7  48  25  37  34  59  20  40  17
   92  78  34  57   8  50  94  28  52  91  67  84
   46   6  41  36  36  46  80  80   8  86  19   3
   64  48  17  39  61  89  83  93  10  64  55  29
   41  38  45  12  32  63  46  25  92  27   5  40
   19  49  50  51   4  54  93  75  19  98  78  12
   46  63   8  66  83   5  24  36   9  76  50  55
    4   6   4   9  41  35  63   6  43  29  97  13
   85  36  68  53  80  25  79  65  15  69   5  30
   47   8  61  53  75  55  64  13  61  88  27  72
   18  83  32  52  65  19  69  65  39  47  22  17
   69  21  32  60  18  84  14  26  81  31  41   4
   52  15  90  89  48  34  48   2  98  72  79  46
   93   3  63  58   6  52  84  96  54  33  94   9
   56  37  27  47  18  83  85  61   4  43  83  42
   61  13  54  34   8  56  20   6  84  14  26  88
    2  56  71  59  83  90   4  86  28  39  19  33
   83  48  73  42  14  47  59  85  67  45  86  13
   66  26  70   7   5  69  44  55  64  75  73  38
   36   9  89  20  56  44  30  61  59  39  96  42
   38   8  23  90  19  12  56  32  47  63  47  50
   90  40  62  57  47  14  96  73  71  88   5  31
   15  55  49  79  68  57  50   6  31  65  59  69
   81  73  35  51  64  92  40   8  93  76  47  48
   60  40  55  14  59   6  21  76  28  54   4  47
   92  88  18  98  30  15   8  96  49  29  19  49
   67  20 100  64  20  89   7  22  67  73  16  58
   18  87  60  59  71  74  71  76  61  74  35  38
   23   2  59  94  65  30  55  55  56   4  32  55
   27  45   1  20  80  86  93  53  16  10  93  35
   68  97  79  26  57   3  83  91  47  20  53  37
   24  79  40  50  80  51  87  66  20  55  38  33
   61  96  53  98  70  98  42   8  94  58   8   8
   11  13  98  75  88  16  82  47  67  28  22  63
   40  19  70  34  54  86  78   5  23  76  11  42
   52  31  79  31  75  37  82  82   3  92  65  57
   86  83  85  97  91  75  94  73  85  17  32  44
   37  50  30  26  28  44  32  81  78  33  26  10
   84  67  82  61  65  81  17  54  27  69  53  13
   38  75   7  11  15 100  76  31  24  11  52  40
   88  71  32  65  19  81  53  99  47  32  35   4
   23  65   3  97  56  96  11  41  78  32  78  10
   99  88  32  48   7  75  72  66  48   4  84  23
   71  55  12  85  27  14  87  37  40  60  39  52
   35  34  42  42  28  46  48  49  82  67  70  13
   26  70  26  97  30  39  54  79  47  35  83  97
   24  34  70  67  58  20  97  59  36  38  33  35
   19  20  50  47   1  67  22   8  22  87  60  11
   50  14  32  21  24  64  26  28  53  81  98  54
   90  22  60  39  56  18  44  69  31  96  27  85
   13  60  13  46  32  32  82  48  30  64   5  24
    2  11   9  83 100  51  20  35   3  95  55  59
   40  35  88  46  89  65  70  96  28  68  15  90
   48  55  46   6  42  75  10  13  35  88  49  21
   97  91  34  97   9  20  63  40  84  98  27  16
   72  69  24  63   3  65  53  55  10  62  56  27
    6  81  34  63  24  64  14  47  28  99  89  80
   72  23  15  50  35  68  70  78   6  97  80  15
   48  72   1   3   6   6  69   7  91  68  13   2
   22  56  22  20  26  24  85  70  10  83  90  11
   86  55  81  86  68  92  81  35  20  63  83  46
   76  91  90  89  22  70  34   4  31  28  41  45
   74  61  72   7  85  31  21  88  87  19  70  39
   86  46  22  55  28  58  73  48  11  71  74  68
   66  72  33  93   3  96  87  80   8  59  47  78
   14  44  85   5  31  68 100  86  37  97  43  56
    5  58  36  68  97  10  70  64  12  85  56  27
   29  72  60  87  52  57  88  46  40  38  66  90
   43  60  39  39  58  58  76  87  90  10  97  71
   38   8   6  41  74  38  29  47  57  74  87  43
   38  84  55  96  96  44  55  11  75  77  46  64
   34  88  37  63  17  27   6  98  27  52  36  22
   20  12  60  34   3  41  23  84  52  63  46  83
   43  11  21  25  84  56  95  25  76  53  93  71
   72  95  27  86  60  82  35  99  49   2  29  37
   73  24  53  18   9   4  52  69  99   3  59  53
   97  20  91  95  16  30  56  43  96  48  78  24
   82  89  26  20  15  56  65  55  28  27  14  97
   72  65  15  67  36  36  20  62  89  38  87  99
   36  47  86  58  76  69  26  46  88  14  81  73
   17  70  47  39  72   3  90  31  55  56  27  37
   73  75   2  72  89  35  88  14  70  82  94  49
   53  94  87  43  24  47  26   7   7  91   6  89
   65  53  20  74  22  36  30  93  80  36  52  51
   71  79  48  61  99  63  41  95  14   7  31  49
   83  27  32  11  86  16  19  54  15  33  86  33
   86  14  17  97  78  83  69  18  62  95  72  18
   57  67  37  31  98  40  71  54  13  46  23  31
    8  91  18  34  77  45  26  63  13  49  29  62
   37  34   2  40  39  54  16   9  26  24  42  33
   95  79  76  93   7  45  71  60  71  14  81  78
   23  78  64  28  33  33  19  51   5  84  80  89
   29  44  31  44  61  26  25  92   7  35  68  20
   84  40  52  10  44  85  61  98  50  86  33  95
   25  67  82  54  57  81  95  22  71  78  77  42
   63  40  64  18  88  81   6  46  27  10  96   5
   95  44  80  10  39   8  16  33  67  71  99  78
   65  63  56  24  67  46  88  31  81  50  94   3
   92  69  38  23  11  25  91  39   3  89  37  22
   62  68  27  81  63  49  14  44  66  16  37  97
   82  17  73  92  15   4  53  12  46  27  34  95
   98  98  39  39  55  15  63  42  42  40  30  29
   68  57  20  23  43  76  64  94  34   8  87  61
   10   1  28  58  28  36  12  60  98  91  89  83
   96  63  42  31  50  49  37  15  85 100  62  35
   31  30  13  17  86  87  38  21  63  89  58   7
   68  27  42  62  70  16  44  97  16  27   4  94
   11  68  12  30  68  34  36  51  15  15  10  17
   58  71  81   4  23  70  31  73  45  79  44  98
   25  33  51  59  55  50  30  92  95  22  66  15
   21  63  83  93  30  17  29  97  14  30  25  94
   87  90  84  22  86  25  86  15  23  53  14  95
    7  23  54  34  26  84  65  56  96  43   1  32
   62  71  96  10  70  79  25  25   4  51   7  67
   71  41  89   6  72  40  81  84  10  90  57  75
   76  79  22  95  98  79  31  87  44  67  88  56
   79  48  17   8  23  64  36  38   8  26  70 100
   91  54  18  11   5  30  34  26   3  15  98  26
   38  82  85  95  34  66  52  39  86  19  36  82
   64  84  74  12  28  79  18   9  65  94  78   2
   27  95  70  36  89  54  77  46  21  75  28  50
   58  46  76  50   7  94   9  50  43  60  53  78
   33  80   3  34  63  84  53  36  83   3  55  89
   63  90  72  62  63  58  59  77  10  23  46  15
   92  61  40  24  70  85  36  56  87  26  43   2
    6  29  19  45  50  62  22  25  58  39  71  20
   57  54  26  30  37  24  62  88  47  53  86  68
    4 100  36  16   6  64   8  89  66  82  98  11
   55  34  50  32  58  68  12  13  42  35  19  10
   35  30  74  80  23  57  54  97  54  97  13  78
   54  94  16  23  64  48  67  67  77  29  70  49
   97  94  80  86   9  25  82  66  52  70  82  47
   24   9  98  75  78  20  81  14  49  63  34  78
   73  82  51  96  45   9  65  66  61  84  14  37
   96  97  12   3  83  24  35  96   2  94  26  16
   88  57   3  41  54  69  83  82  15  88  23  31
   35  83  65  21  81  56   2  10  97  75  48  69
   77  22  33  86  60  49  93  81  41  54  89  31
   85  62  31  12  59  22   9  53  74  14  51   2
   45  76  78  97  52  32  86  67  29  41  26  25
   52  58   6  87  47   1   5   4   9  39  95  92
   82   8  55  78  52  68  69  78  71   2  74   7
   93  84  23  51  60  41  25  69  86   5  65  33
    6  45  87  38  84  56  30  70  92   9  33  45
   39  62   6  91  70  41  54  21  31  76  74  38
   89   2   6  31  18  22  49   9  43  38  43  14
   60  32  10  91   1  24  57  19  70  81  45   5
   47  97  15  43  41  29  83  34  19  97  94  67
   87  52  36  67  43  99  22  97  82  87  31  35
   74  58  12  98  96  64  52  47  33  39   4  34
   34  44  78  29  41  60  98   2  70  59  17  62
   60  26  94  73  87  49  44  18  31  69  30  31
   17  97  42  96   9  86  17   4  72  71  35  66
   99  71  76   6  89  55  31  97   1  61  82  76
   61  92  52   6  39  64  95  13  79  21  78  81
    3   8  98  12  67  12  82  35  85  64  37   3
   20   3  68  28  20  98  57  91  42  43   7  16
   16 100  41  92  83  22  75  82  97  22  45  68
   79  16  95  77  44  19  38  65  84  17  67  56
   22  83  39  55  14  75  11  14  28  82  50  68
   78  39  99  27  22 100   4  33  21  83   4  85
   65  68  89  15  58  58  20  36  63   9  97  50
   16  17  16  16  94  69  57  85  62  59  64  92
   56  60  69  17  53  67  81  98  94  94  48  25
   65  42  63  71  48  21  56  12  32  42  25  88
   83  67  44  43  85  22  35  10  31  72  87  78
   10  24  23  77  19  81  17  35  39  53  91  21
   16  36  47   1  87  93  30  90  42  52  43  60
   87  13  80  55  42  77  59  27  20  87  78  73
   51  70  83  96  96   2  42  72  83  82  34  30
   53  24  56  45  19  48  38  45  37   2  65  29
   90  75  24  98  87  46  53 100  70  26   9  81
   34  22  41  59  62  11  84  99  74  30  63  14
   82  71   4  63  66  99  63  75  54  71  72  77
   18  74  80  38  87  80  31  24  67 100  32  69
   73  66  48  55  77  12   6   1  68  77   5  75
   21  19  46  11  81  34  78  34  65  97  42  13
   63  14  39   8  64  75  12  45  91  41  29  92
   44  19  93  58  61  71  54  89  89  22  34  99
   70  82  70  90  34  90  70   3   8  58  71  67
   42  34  24  76  39  79  76  61   4  52  83  88
   97  11  17  65  17  20  95  57  70  84  24  19
   78  76  48  36  82  93  18  86  66  14  64   3
   89  75  92  55  34  61  83  45  63  99   7  12
   93  77  51  50  77  59  65  40   3  32   9  91
   97  51  17 100  55   1  78  16  66  71  29  22
   66  45  50  31  93  96  86  88  62   5  71  93
   42  75  71  27  62  82  34  96  15  13  56  92
   75  34  60  56  43  61  86  59  80  54  92  98
   75   6  70   5  14  64  77  52  61  51  68 100
   61 100  57  29  44   9  76  96  44  98  56  13
   40   8  43  85  39  48  51  35  31  76  72  56
   38  20   9  28  64  10   9  41  45  85   6  31
   62  59   4  76  18  49  46  63  75  67  24   1
   62  76  68  15  29   7  89  91  77  34  85  87
   51  21  13   4  83  23  19  25  16  56  36   9
   68  22  39  57  82   4  67  29  18  19   2  35
   24  36  18  77  58  52  85  68  77  41  43  95
   89  48  29  63  68  64  75  87  28  54  67  59
   60  45  63  63  38  83  74  67  80  52  12  69
   75  47  94   8  69  23  16  33  20  92  82  46
    8  98 100  93  15  42  41  32  60  68  55  46
    5  29  58  37  12  96  75  72  73  39  46  91
    3  68  98  83  80  41  76  21  70  25  40  57
   97  30  18  86  83  99  32  70  49  64  75  18
   79  57  61  41  47  98  27  57   4  30   6  66
   29  26  60  88  46  56  73  58  96  16  10  84
   79  18  36  78  53  46  98  35  96  75  73  81
   39  46  70  89  46  10   5  49  71  32  29  97
   72  58  28  26  81  44  76  37  50  48  59  63
   49  84  51  60  28  40  66  48  45  54  62  28
   57  60  12  48  66  91  32  46  36  45  84  43
   70  11  28   6  46  68  41  68  19  36   4  19
   85  89  43  47  10  42  38  56  12  83  91  32
   19  88  65  83  77  81  69  38  33  63  23   3
   66   7  73  85  93  12  80  84  32  16  57  33
   74  98  96  38   6  50  93  50  72  91  30  12
   44  22  34  36  72  96  21  68  27  84  34  98
   47  31   5  77   3  36  17  55  67  42  87  28
   10  42  63  91  86  87  26  20  61  24   7  44
   25  26  22  51  36  50  14  91  66   3   7   3
   65  16  76  41  36  39  29  29  19  39  96  14
   93  19  42  42  91  43  75  38  20  77  90   4
   95  44   2  28   2  84   2   8  43  41  34  80
   24  39  68  71  34 100  95  55  52  50  37  22
   49  48  57  66  24  27  99  81  30  49  26  69
   34  68  75  59  71   6  31  47  23  45   2  35
    6  34  15  98  65  94  22  50  95  58  17  27
   55   2  69  88  14  99  64  25  93  89  60  74
   38  55  57  64  79   8  76  50  33  95  55  81
   92  17  53  68  42  46  69  68  83  77  72  80
   71  75  45  56  63  40  42  20  80  85  52   5
   84  28  87  94  65  94  71  89  37  30  43  70
   52  30  80  89  27  80  30  60  78  11  47  74
   72  57  53  14  85  40   8  92  83  58  84  98
    4  87  65  57  56  97  48  96  38  80  66  37
   54  87  14  83  59  88  96  39   3  30  80  21
   91  16  64  99  69  99  61  42  96  82  89  72
   55  35  79  40  61  17  90  11  84  25  46  54
   89  41  72  62  85  96  55  60  85  57  12  51
   84   2  66  54  44  37  48  68  91   5  94  42
   1145  1225  1197  1234  1217  1217  1232  1309  1218  1276
