 20 200
  104  63  42  44  49  79  64 109  14  28  94  71
   65  89  41   6  76 114  37  82  72 106  81  55
   34  68  17  66  53  86  80  52  25 103  45  65
   66  40  73  71  36  22 112  24  63 102  79  23
   31  35  99  23  47  77 102  20 104  77 104  63
   73  36  69  26  61  98  66  35  89  60  46  31
   64  48  72 117  40  92  84  53  47  50  69 100
   77  72  18  76  13  70 106  36 106 100  25  76
  101  13  98  48  54  71  63  73  24  51 102  24
   48  95  37  56  26   9  93 105  53 108 108  65
   63  36  35  77  91  60  88  61  67  31  91  74
   33  91  86  97  19  81  31  36  42  93  95  38
   75  96  82  33 112 104  53  28  23  21  18  80
   79  48  59  25  45  84  55  27  62  20  91 109
   33  42 108  62  57  39  60  78  77  60  64  70
   90  56  12   9 113  92 104  17  26  64  33  87
   38  56  35  78  16  54  60  29
   33  59  26  28  30  14  65  60  58  28 103   9
   86  29  89  92  49  43  12  53  31  88 114  10
   60  31  98  89  80  65  75  44  56  36  35  92
   33  82  24  56  22  50  86  72  72  72 108  61
   50  61  54  83  73  42  75  43 102 104  60  24
   94  29  66  79  86  48  53  48  61  83  57  18
   37  72  32  98  26  64  66  78  93 107  39  73
   85  26  83  72  83  40 101  76  27  70  37  45
   59  80  61  50  23  54 110  86  61  98  35  80
   87  84  29 106  97  48  59  15  91  78  86  20
   60 102  83  40  41  26  19  99  48 100  36  28
   19  72  15  23  48  95  61  10  25  66  26  86
   54  51  97  38  93  14 113  47  64  80  85  86
   61  94  39  67   7  75  77  72  73  92  99  49
   50  32  22  95 100  48  67  76  17  99  31  32
   78  54  75  15  91  21 104  46  92  29  48  28
    8  89  62  77  73  32  31  27
   76  49  87 103  60  16  64  52  79  61  51  60
   44  14  10  60  19  87 104  11  62  26  69  47
   38  67  37  42  35  78  79  75  40  51  37  81
   21  75   8  71  17  59  88  80  93  45  62  98
  101  44  48  67 100  89  23  79  40  23  31  93
   85  37  28  62  94  48 106  84  50  51  47  69
   76  22  77  75  81  43  45  27  46  74  24  92
   98  95  90  60  82   9  20  49  19 116  33  93
   94  36  57  37  28  54  72  98  75  80  40 105
   96  17  72  37 100  94  30  28  21  50  18  77
   78  23  63  16  21  46  86  26  55  35  30  60
   44  49  94  52  64  97  19  56  41  34  71  83
   67   7  89  76  90  42  79  68  87  62  21  32
   76 111  99  13  94  83  25  59  81  86   7  67
   64  91  11  70  64  39  33  40  99 104  80  81
   58  61  23  42  23 107  53 104  89  22  98  62
   67  37  44  76  89 111  57  51
   51  76  38  57 101  39  95  87  47  91 100  76
  104  43  61  67  81  64  70  96  43  40  46  23
   14  75  73 107  51  58   8  30  76  78  74  50
   49  26  28  98  52  78  58  24  70  20  66  90
   91  97  28  18 109  74  20  67  30  94  47  82
   20  38  26  78  19  56  60  51  97  13  61  58
   36  47  82  20  30  34  21  36  66  64  77  76
   51  90  99  55  86  82  64  44  88  68  91  78
   40 102  59  54  76  44  68  15  41  90  21  83
   75 109  24  75  31  17  83   9  79  92  85  14
   63  30  25  53  49  71  45  92  18  73  79  62
   95  41  50  56  64  82  97  30  57  71  68  52
  101  47  54  90  23  23  30  13  39  32  79  43
   50  52  36  52 111  76 103  69 104  29  75  92
   49  93  97  58  45  40  51  17 101  48  89  42
   72  23  85 115  57  41  68  15  81  89  22  41
   86  68  38 114  77  30  82 107
   57  89  15  28  36  71  26  53  19  59  16  79
   49  47  34  21 111  25  43  39 111  80 106  70
   22  69  20  59  86  53  61  58  82  19  61  32
   59  49  81  74  71  85  68 117 105  35  76  62
   63  80  91  73  28  23  86  40 109  22 108  88
   79  20  94  74  42  66  27  96  36  63  80  69
  105  37  18  58 104  51 103 118  68  16  42  96
   40   7  33  51  30  33  10  29 107 108  49  85
   73  73  77  90  30  65  16  56  20  95   8 102
   15  26 105  87  41  11  34  26  96 101 101  41
   16  78  79  69  18 108  34  46  56  21  28  34
   74  44  95 107  67  39  78  58 117   8  56  44
   83  44  93  30  43  80  84  64  66  60  42  11
   98  71  22  30  41 104   8  15  70  68  58  78
   11  48  74  27  45 103  66  40 109  93  77  51
   66 109  73  72  79  18  21  77  94 104  86  90
  111  86  74  54  67  29  50 103
   96  73 112  67  95  71  80  34  49  86  84 109
   73 107 104 103  31  46  40  66 100  43  78  24
  104  24  73  39  90  22  50  62  23  22  38  62
  101  23 108  84  28 107  75  14  52 102  13  71
   17  59  64  58   8  13  95  63  91 110  24  68
   42  25  31  87  74  97  95  19  29  21  61  44
   53  46  26  76  27  27  83  56 111  43  99  31
   47  60  59  89  40  88  44  43  95  74 111  22
  104  65   8  93  65  26  27  17  41  67  57  72
   23  99  28  81  96  24  71  58  69  80  43  91
   69 106  96  18  32  34 103 108  91  37  52  57
   94  36  37  24  46 101  32  56  27  80  38  69
   46  15  36  94  59  39  39  50  95 110 101  67
   20 100  17  52  91  43  53  66  83  48  65  71
   64  77 108  79  27  65 104  87  55  80  38  92
  100  49  57  32  72 110  22  43  27  71  40  36
  101  48  71  56  81  26  20  81
  111  37 108  39  63  86  25  45  60  74  38  77
   60  65  87  48  41  57  82  85  94  46  56  36
   62  40  71 118 112 105  87  26  22  98  19   5
   97  66  97  16  10  39  37  68  93  51  43 113
   41  66  97  84  19  52  83  90  86  40  71  74
   66  87  92   4  24  13  15  19  69  97  52  15
   44  54  95  49 101  69  78  12  25  71  34  62
   62  40  71  46  98  64  38  56  61  80   9  95
   83 107  85  77  77  60 109  28  91  33  50  56
   65  62  37  66 102  25  64  69  41 106  86  27
   50 105  85  99  78  28  60  51  92  74  69  52
  100  93  77  39  82  80 109  43 116  70  41  25
   24  74  63  45  53  57  92  81  68  57 105 103
   77  90  30  71  56  25  75  45  55  80  76  96
   65  94  10  25 101  92  96 112  54  14 102  22
   75  90 108  93  20  45  54  41  94  10  80  43
   65  70  40  88  21  40  31  27
   69  31  45  57 107  68  12 104  60  27  30  41
   61  93  38  15  80  48  32  39  37  96  52 106
   30  36 102  91  23  96  53  30  26  64  41  83
   17  37  86 100  20  30  47  73  92  36  60  27
   17  88 104  68  15  36 105  40  37 111 103  78
   49  32  78  50  54  74  78  14 108 103  19  66
  111  28 106  24  61  27  51  94  17  23  27  50
   94  36  65  62 101  51  85  64  63  27  90  53
   93  59  90  46  39  72 105  74  41  74  58  69
   25  86  89  49  59  68  66  64  86  61  28  19
  101 105  31  45  94  65  67  27  52  90  43  25
   95  12  44  74  49 106  31  70  74  84  12  98
   31  80  69  54  24  18 109 104  42  31 111  42
   96  53   9  23  86 105  65  27  75  41  52  57
   60  58  92 108  80  26  15  58  91  91  83 117
  119 109  92  47  46  46  34  56  43  58  30  30
  101  39  60  12  30  31  27  52
  103  45  53  28  72  68  94  79  62  37  83  98
   39  35  21  70  40  69 106  48 103  97  47  78
   26  93  81  57  62  29  84  50  96 106  77  53
   19  84  54  30  46  17  41  30  94  48  72 102
   56  17  67  69  96  75  66  89  29  88  47  85
   92  46  97  28  69  61  42  89  76   8  79  96
   25  54 104  32  39  78 100  28  88  11 106 101
  101  42 114  56  12  44  86  87  43  29  80  71
   52  78  38  33  25  81  78  61   9  38  48  57
   53  65  26  13 103  23  94  42  77  19  77  67
   43  16  72  43  11  63  54  48  34  70 102  21
   44  27  70  95  46  43  85 103  14  54  38 103
   73  47  70  23 104  49  77  49  14 112  40  70
   56  45  25  26  63  28  71  49  13  87  24  43
   45  42  93  88 102  85  38  69  84  72  84  64
   61  55  80 109  70 108  45 102  77  64  75  50
   89 104  18  19  91 104  61  91
   26  39  54   9  85  99  75  77  85  40  77  24
  103  79  60  73  56  58 101  52  93  14  77  97
   34  25  17  76  75  96  67 108 113  30  18  64
  101  61  73  87  86  65  25 104  88  50  80  49
   96  87  42 110  47  21  27  38  88  48  85  53
   41  77  91  94  21  48  56 105  58  80  27  27
   72  64  59  62  71  35  85  57  35  97  48  44
   81  46  50  97  57  50 103  25  43  24  69  54
   45  84  52  69  99  95  55  79  81  65  26 113
   62 112  12  44 107  80  26  48 109  68  83  46
   20  59  95  89  44  56  71  15  64  49  50  89
   39  50  28 113  36  42  89  74  28 107  48  77
   57  30  97  76  57  90  82  68  53  49  47  80
   75  55  71  84  59  53  18  66  24  25 102  95
   92  23  94  81  78  81  51  60  82  56  68  47
   75 112  36  30  58  11  99  37  67  43  85   9
   47  52  94  53 101  41  50 109
   78  67 115  36  32  52  94  61  25  10  91  52
  101 108 104  72  74  38  45  70  34  73  85 115
   37  33  25  91  85  60  95  48  24  25  24  93
   88  92  50  93  16  76  21  39  66  50  23  53
   33  52  61 113  44  52  99   9  71  16  74  53
   98  79  82  78  21  57  53  62  40  51  71 109
   25  79  40  62  39 112  55  82 105  71  60  20
   37  82  47 100  37  78  25  72  92 105  65   7
   92   7  90  70  61  80  94  85  97  24  17  67
   48  70  82  78  52 100  92  57  41  21  43  53
  113  62   8  99  60 112  78  51  37  96  21 101
   96  88  34  39 108  36  36  84  84  76  56  21
   32  63  58  58  28  76  45  63  43  53  44  43
   29  55  59  89  78  13  29  49  23  16  45  30
  104  51 101  59  79  43  35   6  88  81  47  66
   30  83  66  48  85  14 101  88  92  25  40  40
   75  15  84  80  86  48  46  94
   63  21  82  29  96  23  78  50  68 101  75 100
   41  59  81  30  86  43  27  17  91 106  85  67
   78  31  55  71 101 103  23  30  39   8   3  21
   84  72  96  66  67  63  62  26  27  19  61  12
   20  52 113  94  24  54  95  21  67  71 111  75
   23  73  51 100   8  64  75  64  72  54  27  51
   33  13  50  95  99  78  32  69  54  30  38  35
   93  75  63  82  65  49 105  67  18  34  50 113
   73  87 108  82  97  52  64  62  70  67  12  34
   17  85  36  76  43  74  31  44  18  38  52 103
   78  79  47  88  24  18  81  63  83  95  96  80
  113  16  54  89  45  42  96  45  11  26  51  87
  105 100 100  80  50  90  41  80  90  80  49  81
   74 108  25  22  61  66  66  18  38  92  72  25
   78  18  94  89  38  10  58  12  28  90  59  31
   28  97  89  98  85  49  56  32  28  36  22  80
   91  97  31  98  45  48  81  22
   94  42  50  32 106  68  74  70  74  98  14  30
   98  47  76  93  62 101  87 102  94  39 102  62
   81  41  45  98 107  55  79  24  85  60  16 102
   60  97  16  73  74  15  50  24  81  87  10 107
   39 111  17  56  49  91  43  84  52  14  75  95
   26  93  55  28  20  16  31  40  68 106  22  79
   33  41 102  51  13  22  54  91  69  72  69  31
   91  40  49  29  80  41  44  28  79  93  12  31
   18  53  42  73 100  29  11 108  26  65  16  37
   66  47 109  24  77  89  12  57  96  19  36  57
   87 107  18  28  61  90  27  15  24  38  19  13
   33  18  99  20  62  88  97  95  54  73  94  48
  102  83 110  62  57 102  41  49  16  35  82  23
   81  37  37  57  60 112  25  87  72  29  67  75
   80  17  91  73  66  99  40  81  89  41 115  78
   83  26  44 101 107  29  67  61  94  71  59  20
  106  44  49  47  97  98  69  90
   64  85  82  91 103  96  43 109  72  20  36  73
   14  54  86  98  26  30  40  99  79  59  20  77
   56  55  74  97 105  30  28  94  62  60  13 110
  108  30  21  21  41  42 116  82  21  91  45  17
   69  77  84  49  54  91  38  66  68  31  43  44
   88  53 105  23  40  39  67  38  40  49  86  82
  109  37 112  75  87  18  74  76  20  33  97  84
   14  39  90  29  39  20  38  23  18  28  88  85
   56  93  16  66  27  96  36  26  99 101 109  31
    8  56  46  26  41  34  28 104  63 107 112  79
   14  92   8  33  86  75 114  74  52  99  42  61
   43  59   4  78  92  85  93  67  70 109  42  75
   72  34  77 107  96  83 104  81  70   5  58  35
    3  82  80  36 109  89  14  37  79  58  28  88
  109  28  12  43  86  65  94  90  55  23  17  53
  106  27 101  28  14  29  36  45  77  53  24  39
   29  38  95  36  65  97  25  85
   15 101 104  21  57  44  21  94 108  37  87  69
   67  20  42  91  42  85  95  78  49  46  88 100
   41  19 101  24  94  71   5  98  75  50  91 106
   79  65  82  33  51  18  38  56  75 104  49  69
   36   9  46  84 113  56  57  48  20  52  68 104
  111  83  54  84  70  63  73  26  81  20  72  91
   59  83 113  93  76  25  40  10  32  17  57  21
   53  43  11 102  81  17  59  48  65  41  92  11
   37  39  47  19 107  94  20  60  68  85  93  61
   57  64  82  61  86  24 110  14  28  92  15  56
   81 107  34  51  97  91   6 100  47  52  29  84
   42  56  73  52  51  45  75 100  77 106 103  35
   89  49 103  40  22  72  96  54 109 102  47  57
   92  59  23  50  91 100  81  27  46 107  97  76
  101  92  58  54  23  41  54  23  93  65  34  42
   97  83 107  72  23  73  42   8 111  90  93  49
   44  39  37  45 104 117 106  26
  100  79 115  43  29  77  10  84 103  88 103   8
  103  88  98  90  55 109  24  32  97   4  40  45
   79  41  79  50  38  52  48  40  56  53  27  77
   58  16  90  61  16  44  55 104  69  41  50  37
   87  22  29  64  55  65  44  73  92   4  88  86
   34  55  42  54  29  57  45  40  56  68  68  83
  101  33  65  37  93 105  42  67  96  62  30 101
   99  46  73  64  87  52  73  20  34  27  54  16
   51 106  64  81 102  63  81  86  28  19 105 108
   69  95  32  33  45  10  36  46 109  74  34  72
   66  45  44  17  37  78 109  83  88  27  56   5
   33  94  37  24  27  81  32  86  98  19 105  69
   81  45  81  47  83  62  85  32  41  24  36  82
   42  36  29  10  89  15  93  32  44 106  95  32
   63  78  52  94  96 107  27  33  58 109  78  45
   39 118  30  62  95  69  60  19  82 114  37  10
  100  30  51 112  18  94  76  45
  112  25  40  46  45  76  76  18  64  51 108  43
   51  69  38  78  19  37  87  21   8  59  74  86
   44  74  16  46  37  99  46  21  89  36  77  55
   58  31  52  64 108  88  99  52  76  19  75  69
   94  78  91  31  35  36  22  80  28  47  84 105
   67  90  20  19 103  97  18 106  22  84  62  87
   12  30  45 108  37  63  80  86  93  20   9  14
  106  68 116 105  23  41  91  72  56  18  85  48
   29  28  22  43  22  66  55  99  66  11  25  50
   38  70  86  56  53  96  38 110  27  22  31  38
   51  90  92 103  45  50  56  98  19  60  86  24
   63  44  61  55  88  46 100  21  63   7  18  33
   64  25  58  45  80  44  29  68  82  95 106  28
   23  55  78  80  90  76  53  70  70 100 107  81
   32  54  50  42  38  57 106  29  25 103  32  77
   91  39   8 107  73  74  75  82  90  80  62  49
   18   9  21  10  27  88 106  36
   98  44  64  28  41  47  59  61  59  26  87  34
   86  69  10  20  64  63  32  65  72  98  92  43
   17  46 100  76 108  50  50 100  84  76  14  45
   71  62  93 106  65  30  71  49  46  77 115  96
   56  89  85  47  23  31  66  43  30  34  51  79
   76  93  28  44  78  13  93  32  50  41  22  98
   25  81  17  87  75  26  25  64  18  17  44  30
   68  70 112  26  90  40  70  69  49  50  76  83
   24  85  50  33  91  86  22  44  27  99  56  12
  108  81  34  53  91 101  34  57 102  81  32  20
   22  78 106  24  63 106  74  31  23 112  77  26
  107  28  74  19  90  18  99  61  36  92  61  55
   62  38  86  88  60  70  83  96  10  67  71  66
   72  31 100  94  62  92  58  16  35  71  77  50
   42  54  13  61  96  63  46  42  35  64  49  46
  114  65  83  67  76  41 109  58  69  69  35  49
   83  79   6 102  26  82 108  13
   47  74  85  26  12  64  86  79 108  51  33  88
   19  31  24  28  87  27 100 111  65  90  38  67
   23  79  24  56  81  68  96  76  80  24  38  94
   58  32  85  20  47  20  25 103  91  67 105  76
   41  81  33  20 107  23  50  69  81  32  95  21
   31   6  73  97  34  22  10  42  38  27  18  66
   32  18  43  60  87  70  87  55  10  89  40  93
  101  90  58  89  30 104  98  81  71  12  61  91
   78  77 114  58  89  86  25  23  49  11  98  86
   39 102  31  88  59  97  15  23  82  93  38  13
   53  28  24  29  54  83  41  19  95  76  22  20
   25  32  86  14  65  26  99  99 101 100  97  99
   57  55  67  64  69  47  34 100  18  32  21  36
   96  62  92  67  55  29  62  78 104  77  41  60
   84  95  41 107  74  23  44 108   9 109  27  89
   13 114   6  19  10  98  44  41  35 102  18  76
   79 102  66 107  39  64  53  68
   72  98  46  55  90 107  45  26  82  71 107  15
   36  71  56  86   9  41   6  67  52 108  59  49
   29  96  83 113  75  65  47  67 105  54  88  87
   52 102  47  58  99  91  80  61  37  40  68  62
   31 113  45  91  32  43  18 102  93  45  62  81
   91  59  99  52  29  99  55  95  38  45  60  40
   32  68  41  25  97  53  65  44  97  37  60  64
   96 109 116 106  77  99  30 109  79  36  18  13
   33  74  66  45 105  24  88 107  87  65  26  36
   62  84  71  12  20  51  86  34  25  99 103  94
   73  48  76 110  98  65  67  24  66 105  94  67
   99 112  17  41  78  64  89  63  88 107  70 117
   25 101  95  86  77  86 103  46   9  30  99  49
   31  23  53  86  38  93  54  44  37  66  50  37
   95 108  48  52  57  93  49   6   8  72  25  34
   17  63 101  60  15  69  55  74  36  82  80  36
   61  19 103 109  20  13  74  13
    8  47  62  60  63  31  40   4  91  90  15  41
   55  17  72  98  27   5  81  29  30   2  34  60
   86  50  90  36  57  32  23  59  86  11  60  40
   47  74  29  34  82  83   2  89  52   9  35  88
   74  83  19  95  68  36  16  95   3  43   7  40
   34  70  37  93  52  14  54  71  27  46  58  88
   48  61  41   3  70  14  31  55  58  69  39  18
   28  42  98  35  93  41  13  66   7  14  95  34
    5  92  19  63  53  33  51  29  87  62   6  94
   59  19  83  61  79 100  16   9  58   7   7  40
   57  79  80  26  24  50  24  44  43  84  27  30
   74  22  31  16 100  22  71  74  68   9  18  66
   35  13  24  78   8  16  65  74  93  95  86  30
   36  66  45  84  66  26  53  81  40  99  24  11
   85  78  11  55  46  71  58  33  25  43  38  40
   26  57  97  96   2  26   4  90  91  48  84  18
   73  54  73  30  98  51  53  77
   77  46  80  85  86  98  46  47  47  83   8  93
   18  84  26  14  57  62  93  56  85  23   6  99
   59  83  22  22  37  49  43  67  52  70  73  15
   74  24  92  49  84  69  25  30  43  30   8  55
   54  50  57  37  40  73  40  65   6   6  43  78
   10  86  40  34  32  54  60  72  44  21  56  90
   75  34  78   8  84  53  36  36  27  11  71  47
   22  85  25  45  25  70   8  29  92  41  66  66
   56  24  55  61  84  66   4  22  58   5  82  30
   33  33  76   8  14  71  52  90  20  35  25  91
   55   5  29  73  78  90  86  16  65   8  75  83
   87  39  97  96  72   9  50  98  77  46  92  23
   55  59  14  67  24 100   5  57  39  35  23  17
   54  12  65  36  98  32  33  42  41  16   4  67
   59  72  98  16   8  70  50  35  90   3  72  82
   25  57  29  94  14  89   4  59  12  82  67  77
   96  25  45  38  36  73  87  84
   44  71  20  15  56  99  49  68  27  43  67  50
   67  98  93  47  98  16   5  92  55  85  36  61
   69  39  68  62  70  37  27  34  76  66  73  34
   91  34  97  40  91  57  15  36  27  62  56  11
   12  73  67  51  17  13  94  32  65  85  85  17
   28  80  80  44  12  63   5  27  58  67  63  42
   37  86  37  28  37  75  73  75  60  36  78  23
   20  16  17  48  28  99 100  67  94   4  83  21
   17  68  56  73  77  55  40   6  33  38  79   7
   15  95  36  71  14  10  81  88  82  53  95  41
   25  88  55  94  87  60  29  93  60  85  72  54
   64  54  21  60  47  16  83  53  78  77  37  28
   40  97  21  30  24  77  25  40  23  57  93  79
   26   6  10  92  11  22  94  50  38  19  97  36
   47  26  92  46  45  77  71  77   6   8  37  26
   60  46  97  76  90  11  59   2  27  97  20  49
   35  81  66  41  17   6  63  65
   69  26  76  48  10  71  23  18  66  14  18  38
   11  73  53  44  36  55  48  16  69  68  69  96
   94  43  47   9  67  53  95  79  39  30  30  53
   71  85  87  12  57  29  46  96  36  85  41  21
   19  16  84  96   2  33  84  46  83  24  66  24
   91  68  84  37  93  52  50  58  19  93  43  53
   78  56  32  91  81  71  96  69  54  55  42  26
   61  26  20  65  21  27  46  73  28  42  21  37
   66  14  47  60  36  65  47  87  64  16  83  20
   29   2  78  33  73  94  30  98  32  19  32 100
   39  73  95  54  58  46  62  27  91  36  28  54
    7  72  58  60  48  28   9  77  62  47  44  60
   13  55  56  13  96  82  81  97  72  83  24  62
   66  51  68  53   3  41   3  37  14  85  36  18
   63  16  17  59  66  79  54  96   4  58  30  63
   41  88  27   3  53  78  39  92  37  28  96  61
   32  47  78   4  40  75  38   7
   52  24  96  81  72  46  79  56  85  54  96  40
   60  60  69  96   5  89  77  71   8  22   7  39
   87  35  89  44  28  53  51  48  28  84  50  70
   46  70  27  32  39  25  43   3  10  82  29  41
   48  36  22  39  79  88  16  66   2  89   4  16
   35  82  17  44  62  48  75  16  73  48  26  49
   10  68  89  59   9  63   5   2  43  97  68  13
   71  95  82  60  76  77  97  82  10   8  55  31
   40  39  33  18  90  53  87  57  84   8  97  10
   93  77   9  27  76  99  79  92  22  18  18  70
   97  24  34  42  90   5  78  58  49  81  87  75
   33  60  25   5  50  67  29  53   3  98  54  67
   34  64  16  78  67  28  34  43  53  52  75  93
   12  45  98  74  77   1  97  87  40  43  48  42
   92  71  44  88  71   3  51  71   3  18  41  67
   44   2  42  31  29  88  81  38  12   6  26  29
    9  20  28  54  46  75  69  17
   18  42   6  51  10  47  26  78  60  26  36   4
   37  10   8   8  84  68  80  40   4  76  30  94
   13  85  36  70  19  89  52  48  89  95  74  53
   16  89   8  28  85  11  38  97  50  14  99  40
   92  44  44  57  99  99   8  40  27   7  83  39
   69  83  85  32  29  10  21  94  84  97  57  68
   60  59  93  27  93  75  24  48   7  62  12  83
   72  46  56  22  80  25  61  64  15  41   2  87
   13  49  97  15  41  85  79  88  61  37  55  32
   96   8  82  22   6  89  36  58  46  31  77  29
   49   5  20  85  81  77   4   3  20  79  58  54
   16  69  74  80  66  10  75  53  85  27  77  51
   64  88  69  21  51  67  72  52  11  10  14  42
   98   8  92  67  26  64  53  51  33  63  46  31
   54  40   6  31  86  47  12  25  62  26  64  12
   14  71  45  79  43   8  94  74  91  47  73  73
   10  69  35  46  22  82  95  33
    9  73  10  74  50  17  81  72  57  41  70  35
   48  43  24  56  73  62  20  17  10  73  56  84
   52  80  48   2   8  13  20  80  90  17  97  99
   16  51   9  94  92  75  67  52  17  53  74   7
   65  38   9  31  93  68  22  29  23  64  31  34
   38  20  12 100  81  97  94  93  44  17  57  90
   62  57  18  68  11  44  29  99  93  45  71  47
   43  66  49  57   7  42  82  50  48  30  98  21
   36   6  30  25  40  58   9  79  24  78  52  51
   37  57  67  52  15  78  38  36  62  12  19  86
   58   6  32  17  42  83  59  59  11  37  35  62
   10  18  42  79  31  33   1  68   2  38  71  82
   82  31  39  63  58  46  11  35  34  48  13   2
   27  25  76  35  60  83  40  72  58  38  38   8
   39  13  94  88   8  27  21   8  53  93   5  97
   36  13   7  22  89  63  52  73   8  97  29  65
   41  37  74  23  91  63  77  81
   33  87  66  48  10  39  98  16  51  79  88  66
   45  24  69  91  24  67  74  73  76  10  55   7
   73  70   3  17  80  10  64  78  80  45  63  32
   92  72  19   8  88  83  59  38  12  84  50  82
   99  15   3  42  97  66   1  78  79   2  16  35
   68  75  26  53  52  46  34  94   6   5  88  54
    6  83   2  84  52  82  66  12  85  85  75  55
    9  75  44  45   1  59  23  43  40  83  21  57
   21  50  22  68  70  43   5  38  74  38  61  38
   86  28  15  62  53  38  40  48  32  46  81  92
   10   1  71  75  17  42  47  75  55  16  74  86
    9  96  62  44  65   6  83  33  36  28  91  18
   73  31  42  52  89  85  10   3  75  85   5  66
   20  60  99  88  28   1  37  84  40  75  59  54
   49  46  16   3  22  90  93  61  17  23  28   2
    1   4  23  59  70  70  72  48  70  46  74  83
   11  64  57  95  86  85  89  53
    8  75  59  78  43  46  26  23  53  76  22   8
   70  76  92  45  67  46   3  60   6  23  70  38
   78  23  22  61  50  83  26  59   7  12  42  50
   93  22  66  83  65  86  69  86  22  70  43   4
   59  86  48  45  10  28  50  27  85  19  68  19
   26  58  21  82  35  59  62  18  31  96  34  11
   87  48   3  70  77  41   8  75  18  94   5  19
   11  61   6  52  91  74  26  26  67  90  30  37
   66  31  68  69  77  30  27  42  94  74  71  46
   61  50  86  96  17  82  22  69  34  85  37  48
   68  99  44  68  99  40  52  60  76  38   9  90
   58  85  46  13  60  77  26   2  98  57  77   6
   31  62  48  83   4  62  43  53  91   8  71  33
   47  71  86  87  39  92  34  69  97  24  90  60
   60  67  14  23  13  26  80  37  35  45  34  47
   43  52  25   3  36   9  57   8  34  43  33  58
   28   7  91  90  19   7  58  22
   79  69  60  93  18   6  40  32  22  68  30  94
   13  32  50  35  54  45   3  64  25  97  31  20
   80  92  98  33  31  11  51   3   2  81  87  56
    7  50  29  26  16  51  86  12  25  69  32  55
   22  17  63   4  59  95  76  79  17  67  31  54
   78  27  25  11  93  64  54  15  52  38  90  84
   47  43  43  57  48  76  34  59  68  12  59  76
   33  62  64  18  47  52   9  91  68  87  39  66
   72  21  51  46  20  22  64  35  31  46  89   6
   47   5  95  74   8  31  79  60  11  50  35  62
   86  50  22  22  67  46  33  97  51  53  67  28
   74  53  91   4  80  63  16  37  86   7  57  28
   55  77  14  34  58  13  28  39  51  62  58  24
   39  54  47  31  45  64  92  37  80  85  11  20
   12  97  10  28  32  34  59  47  25  52  52  73
   39   2  82  76  54  92   9  72  48  64  22  93
   69  55  17  51   4  69  62  10
   28  50   2  83  75  57  23  51  94  92  25  67
    3   7  14  30  45  65  67  41  79  35  27   4
   79  78  92  18  21  51  15  67  78  92  92  21
   20  22  62  19  99  28  92  73  52  66  80  58
   83  54  44   5  70  60  13  94  48 100  29  51
    9  32  31  39  91  48  59  51  79  67  38   9
   91  32  77  49  76   3  63  24   7  45  54  91
   72  33  69  11  74  33  90  34  19   6  47 100
   11  95  18  32  47  24  17  27  13  87  95  51
   70  45  29  32  58  19  15  56  79  82  64  58
    2  55  95  20  44   1  31  56  79  16  86  19
   17  24  68  80   7  72  66  34  27  26  47  87
   79  56  46  53  84  39  64  43  72  49  62  64
   79  49  49  14  39  89  83  65  80  95  60  72
   16  69   8  55  38  74  83  96  15  37  64  38
   79  35  39  69  30  93   8  25  15  80  71  76
   35  96  27  29  31  71  59  10
   57  92  32  89  10  88  25  63  48   9  36  20
   75  52  23  85  34  74  91  99  24   6  18  39
   25  72  62  32  10  13  92  83  69  97  99  84
   24  47  18  41  50  54  40  83  93  96  45  93
   88  60   6  17  80  57  16  85  40  43   5  33
   84  36  57  19  95  39  32  42  38  53  81  61
   81  99  67  15  14  37  84  38  63  82  76  82
   17  29  53  35  39  61  12  37  89  79  56   2
   44  16  12  33  11  52  50  46  50  40 100  83
   94  19  75  38  64  37  86  65  90  66  62   9
   30  23  67  15  85  87  23  50  25  22  23  27
    1  89  57  15  65  71  23  62  94  89  51  16
    2  20  20  39  61  15  76  28  21  24  53  37
   30   6  90  87  46  54  49  96  66  12  37  89
   36  91  19  21  72  93  45  92  83  26  60  72
   86  23  30  15  22  61  55  75  80  82  93  34
   16  10  74  13  65  66  22  91
   25  60  67  76   7  47  38  32  38   8  89  73
   14  69  33  22  47   3  24  12  21  70   8  41
   27  66  59  15  13  64  32  86  23  60  97   3
   43  14  93  46  45  92  63  83  30  18  99   2
   72   8  92  59  62  21  70  25  50  98  43  24
   92  10  47  81  91  95  87  65  42  12  85  30
   75  73  17  60 100  97  60  18  50  48  38  80
   23  78  62  88  29  78  76  88  32  11  99  75
   93  64  73  39  17  90  98   5  92  50  88  80
   37  57   3  95  41  21  97  50  15  91  69  57
   24   3  94  82  42  17  77  92  89  66  90  98
   78  99  21  97  56  23  13  16  50  47  12  58
    9  27   8  43  49   9  78  54  97  73  35  79
   36  77  66  57  43   1  77  18  39  87  39  30
   30  90  29  43  52  16  76  30  13  64   5  32
   37  79  75   4  12  87  35  54  24  41  52  92
   14  67  69  70   9   4  38  28
   41  32  25  25  12  12  60   2  32  92  67  37
   99  57  23   8  90  72  70  12  30  56  83  34
   60  51  38  14   8  88  81  17  55  60  98   2
    8  83  83  90  64  75   4  35  83  18  75  88
   51  25  27  70  57  17  70  41  52  83  67  64
   27  55   2  80  75  72  46  70  65  55  29  33
    5  66   8  42  16  86  33  26  96  82  21  29
   95  71  19  84  79  91  77  81  97  74  16  33
   57  10  93  47  86  15  75  92   7   3   6  72
   99  54  73  85  77  84  78   2  49   9   8  29
   93  17  96  78  21  38   2  40  51  11  68  45
   73  52  99  37  21  26  27  41  38  11  72  32
   47  69  28   4  21  20  13  38  47  97  50  72
   99  34  35  67  10  16  97  80  29  58  79  29
    2  75  96  62  33  45  10  30  58  79  94  50
   11  93  11  78  91  75  67  75  37  54  93  78
   86  64  10  67  55  23  91  34
   96  10   5  91  55  68  93  26   2  74  20  35
   40  91  70  11  64  35  21  41  53  66  26   9
   63  87  19  81  24  31  98   8  30  57  28   9
   37  48  29  73  53  99  69  52  33  15  64  51
   73  98  65  24   6  53  57  67  88  68  47  14
    4  19  63  27  48  53  46  92  30  94  44  15
   59  28   3  10  44  95  64  96  82  94  58  95
   58  64  95  17  33  86  61  58  41  73  12  97
   80  66  64  87  13  26  93  45  50  27  25  51
   53  53  26  41  22  90   4  98  91  19  96  50
   28   9  68  58  16  14 100  14  58  63  88  36
   67  58  35  56  57  64  42  20  40   6   5  77
   21  55   8  77  86  34  17  61   4   4  72  55
   11  56  83  68  12  12  24  80  72  12  23  40
    9  10  59  57  86  69  56  97  12  55  75  73
   23  29  11  42  90  40  78  94   5  21  17  53
   72  81  76  64  10   3  12  90
   19  29   1  75  82  32  98  34   4  32  10  96
   14  23  22  20  61   4  94  75  23  99  80  69
   28  76  39  59  76  62  63  73  53  66  88  30
   53  95  21  56  95  76  49   5  45  70  65  78
   27  95  86  39  50  44  68  37  26  99  28  22
   81  58  62  65  85  47  64  79  62  42  43  33
   10  86  43  73  24  10  63  44  12  49  75   2
   13  62  41  39  18  54  33  98  84  86  52  95
   61   6  47  33   4  54  34  25  91  94  13  11
   49  24  86  76  64  96  82  73   8  39  69  35
   50  73  73  98  80  31   2  21  27  75  59  98
   75  16  67  89  86  34  79  25  15  95   7  34
   30  71  30  61  31  57  24  83  69  92  71  29
   65  76  84 100  28  89  23  86  73  12  12  85
   41  40  64  25  18   9  93  75  53   8  39  74
   77   1  77  42  21  44  48 100  36   5  69  92
   11  82  56   3  92  24  41  72
    7  86  71  64  66  36  29  86  54  51  10  66
   69  36  70  27  85  69  16  89  99  50  44  17
   72  41  90  58  74  12  71  89  28  83  27  62
   53  71  67  44   9  32  12  61  39  99  38  46
   14  38  22  78  76  80  83  30  83  72  28   8
   52  17  92  97   1  20  90   8  94  30  50  16
   90  85  65   6  75  56  32  20  19  89  97  95
    8  51   4  14  96  70  27  38  47  84  27  65
   74  83  84  62  90  47  52  14  47  99  92  63
   78  44  25  60  49  11  66   3  92  98  79  78
   59  23  14  13  58  52  47   7  98  59  34  87
   40  60  46  49  29  61  19  93  47  99  91  79
   54  88  53  62  31  61  86  38  22  16  12  90
   83  55  29  32  22  35  63  46  41   7   8  35
   84  57  68  60  79  59   6  88  82  10  80  34
   20  74  96   3  33  36  44  35  23  30  45  53
   93  97  96  97  93  21  11  81
   12  61  47  84  68  59  52  53  54  79  33  78
   32  43  99  83  53  42  88  45  30   6  28  64
   99  74  11  35   1  62  58  11  34  30  95  73
   35  49  12   8  42  79  36  59  68  28   5  16
   63  22  26  64  87  80  54  69  80  78  55  34
   27  16  76  74  29  91  14  86  69  65  83  13
   88  31  89  15  45  82  88  38  90  85  67  83
   34  44   2  76  14  71  33  33  64  53  32  30
   85  26  69  74  13  34  85  72  81  10  57  95
    3  34  68  52  26   9  77  54   9  25  85  88
   89  31   8  84  52   2  39  78  95   8  25  90
    4  83  30  88  13  94   5  55  81  11  57  60
   58  69  21  29  51  49  20   9  98  35  44  40
   31  88  14  23  48  17  47  87  82  40  33  63
   70  62  96  45  20  39  71  65  77  45  62  60
    2  45  20  38  29  61   9  52  39  41  70  64
   32  29  99  16  89  32   9  98
   72  31  26  88  92  56  23  37  10  64  85  15
   87  76  94  92  25  80  13   4  46  30  75  42
   95  33  87  55  34  49  11  37  29  82  66  23
   50  72  23  83  63  91  89  17  21  39  14  43
   63  31  73 100   3  96  68  33  26  73  16  91
   81  96  47  23  77  96  95  64  73  92  93  38
   74  84  67  46  24  46  28  60 100  24  68  19
    9  23  53  22  72   7  16  21  32  90  50  15
   34  31   5  44  29  25  79  82  61  97  12  33
   64   4  80  23  56  14  91  91  31  12  75  90
   54  89  79  73  54  37  62  93  19  40  89  91
   86  72  22  94  42  87  17   9  11  16  14  12
   48  56  35  47  39  70  76  18  89  75  98  80
   16  41  27  38  47  80  41  37  12  42  66  56
   35  10  74   4  30  88  71   8  93   7  92  17
  100   3  98  84  94  22  67  70  85   9  87  31
   39   6  52  13  75  39  54  48
   43  13  69  61  27   3  61  82  37  41   8 100
   74  49  49  22  99  73  97  42  54  10  54  60
   78  21  28   7  31  53  56  50   7  58  21  28
   56   9  71  54   4  20  37  49  66  65  52  48
   74   1  71  25  85  75  88  15  10  58  56  22
   23  51   4  51  87  10  57  16  72  64  57  64
   70  34  78  93  17  49  46  71   8  69  59  54
   21   2   4   4  34  18  74   7  39  75  95  97
   69  39  36  72  10  89  28   7  22  55  89  80
   58  21  40  90  83  51  19  74  94   8   8  24
   34  69  43   7  15  49  42  87  36  15  17  42
    3   7  92  78  41  55  30  55  25   2  41   1
   86  16  10  32  39  16   9  71  93  84  20  68
   82  92  51  17  71  11  57  73  82  36  58  75
   13   5  57  64  51  13  59  97  99  35  90  72
   87  46  17  42  96  35  63  37  75  26  30  80
   57  97  17  10  84  99  35  94
    392   400   415   408   405   397   378   403   386   376   407   409
    414   402   391   414   423   398   419   378
