 40 200
  101  25  14  18  13 109  89  11  19  87  74  52
   85 100  96  89  73  92  57 112  54  88  26  55
   13  59  72  32  43  72  15  40  41  68  64  43
   25  61 103  83 111  30  73  66  91  42  81 103
   26  21  89  27  47  74  96  71 103  95 108  94
   35  58  30  39  33  41  69  85  26  22  60  82
    9  24  19  17  76  31  17  64  29  77  60  36
   26  49  48 112  35  22  91  93  20  92  93  21
   37  41  13  22  91  87  75 105  64  21  27  22
   52  67  99   8  59  59  83  39 106  47  18  76
  103  31  15  61  96  88 105 103  85  81  25  67
   76  56  46  67  55  80  93  94  20  64  47  49
   36  99  74  69  85  46  79  77  26  21  98  80
   63  45  80  63  95  44  85  22  40  25  69  65
   97  58 100  15 111  39  56  85  71  59  31  23
   60  61  90  13  78 105  55  79  32  76  32  97
   46  60  28 116  17  47  60 116
  109  12  93  99  84  25  67  59  39  25  61  17
   27  90 102  57  45  62  89  77  39  48  22  91
  117  17  50  92  20  18  51  88  87  46  44  65
   71  84  97  43  51 105  90  20  27 101 101  92
  108  42  59 110  36  11 101  23  50 106  84  92
  102   9  41  20  26  12  24  24 105 105  73  98
   32  78  38  75  18  33  92  79  50  70  38  35
   34  68  98  62 106  40  73  78  12  75  40  37
   17  81  65  11  94  78  84  80  72  32  94  72
   73  94  27  86  77  58  52  79  24 115  69  82
   59  90 106  46  22  87  56  93  10  43  60  72
   13  58  40 116  62  57  13  66  65  36  16  88
   83  56  74  97  95 102 101  74  78  31  55  61
   41  37  44  99  18  74 117  41  46  49  75  41
   58 107  22  63 101  71  29  56 101  76  75  97
    2  58  86  27  74  50  14  99  22  96  92  25
  110  42  90  13  71  28  19  62
  107  85 113  42  15  90  51  63  59  32  34 105
   38 105  36  89  65  89  56  49  54  66  37  57
   50  23  65  98  33  77  77  54  64  63  93  45
   88  30  17  39  99  83  97  65  74  66  89  26
   56  48  94  20  53  43  60  80  58 117  54  36
   13  33  75  31  59 104  25 104  85  45  69  92
   47  84  83  82  87 101  20  82 107  75 107  71
  100  98  93   6  82  82  88  37  93  70  72  69
   40  38  91  29  35  64  54  31  17  35  37 107
    6  79  38 105  70  36  60  29  24  81 101  38
   86 103  33  85  40  71  97  98  36  29 102  43
  103  29  39  59 107  46  26 101  33  28  24  41
   88  97 101  62  90  73  33  86  18   6  36  49
   99  87 115  64  48  62  43  35  38  49  69  47
   51  82 113  16  77 111  26  55  29  86  93  53
   82  21  32  33  24  96  43  34  20  63  75  48
  105  46  58 107  21  30  29  76
   92  61  47  47  57  29  19  82  28 104 101   7
   68  24  66   9  48  61  95  39  30  91  97  44
   19  66  13  54  35  55  69  73  67 112  22  86
   71  48  56  78  91  69  11  75  82  24  24  95
   29  99  74 104  23  83  83  39  67  21  20  82
   90  94   5  13  94 108  28  45  66  65  47  79
   45  85  52  51  98  93  77  76  42  44  28  47
   59  17  22  18  86  70  39  79  26 103  34  24
   32 108  68  63  82  23  53   7  31  60  89  40
   95 111  84  73  26  71  96  12  96  70  53 101
   78  76 112  68  66  82  58 113 101  35 103  63
   43  42 113  38  90  68  22  18  37  62  67  45
    4  85 100  37  20  45  64  32  24  40  44 106
   69  93  39  21  28  10  17  65  87  63  33  57
   44  95 109  89  21  85  65  95  16   9  82  25
  105 101  30  31  26  21  91  81  37  40  78  86
   48  90  87  31  37  27  68  26
  106  95  33  97 114 109  82  23   2  55  44  42
   72  75  48  91 114  24  86  93  72  37  48  74
   48 105  36  31  23 105  56  29  72  37  70  41
   52  34  94  25  95  54  31 108  14  84  52  70
   16  77  50  52  88  60  55 103  94  40 115  85
   60  54  21  26  61  69  91  97  79  39 110  63
   28  26  19  53  80  57  92  88 108  51  65  71
   42 112 111  35  27  95  45  84  71  16  69  28
   53  66  96  63  75   4  25  54  95  48  41  72
   49  72  64  40  51  59  91  67  14  91 116  66
   64  68  56  27  32  70  80  95  82  67  98  73
   75  62  36  31  15  36  58  19  18  47  66  24
   79  17  83  38  38  93  66  16  81  56  31  26
   41  30  89  62  25  47  96  87  56 109  57  52
   82 107  22  55  19  76  96  39  71  22  21  97
  110  34  95  94  33  74  80  78  32  12  72  45
   17  60 104  41  34  45 106  55
   85  86  17  83  87  41  79  36  59 101  96  29
  104  53  63  24  96  22 102  24 100  39  69  15
   52  53  13 101  61  58  69  13 106  69  14  79
   58  99  45  92  61  47  98  63  30  90  37  88
   48  49  21  63  96  66  74  62 103   6  22  70
   28  89  32  62  42  26 107  63  14  62  24  96
   33  88  49  49  89  16  57 104 103  56  22  93
   62  66  80   7  28  58  65 113  15 112  45  28
   68  67  69  25  60  21  89 102  44  19  22  15
   58  21  16  23  52  36  96  69 105  48  57  75
   79  66  19 102  34 101 101  82  90  84  72  18
   35  27  48  18  69   7  86  33  43  76 103  17
   83  75  98  80  82  83  14  39  47  19  49  32
   20  27  72  35  63  50  25  50  46  74  57  15
   15  45  54  74  98  75  91 112  51  49  36  18
   80  62  24  53 105   8  49  70  78  79  29  40
   79  34  99  94  84  51 102  66
   67  50  74  93  86  63  95  18  61  32  11  87
   16  39   6  32  48  64  61  37  50  92  23  70
   96  83  53  21  98  84  18  93  94  74  59  19
   15  99  25  84  59 101  38  80  57  27  84  97
  109  18  48  40  11  19  79  83  94  56  82  94
   21  36 101  65  86  83  28  27 103  44  85  89
   18 101  64  84  39  68  71  83  12  46 111 100
   27  45  42  26  12  32  82  73  58 113  88  93
  110  60  63  84 104  60  45  16 104  79  34  82
   27  10  51  99  17  98  98 101 107  96  93  82
   28  57 100  18  75  65  58  44  93  15  95  55
   82  95  66  11  29  18  97   3  68  17  91  50
   73  21  73  71  39  44  80  61  73  17  85  78
   38  55  44 101 102  50 107  69  64  16  97  39
   92  46  99  31  30  36 116  43  48  77 100  56
   85  67  51  49  15  41  20 102  75  32  89  95
   21  75  30  91  53  51 103  31
   65  91  40  22  39  46  48  18  99  75  74  21
   14  63  30 103 100  26  79  27  80  32  97  48
   58  85 117  57  56 107  85   5  55 106  58 101
   25  71  52 107  13  80  52  46  16  29  99  81
   48  62  53  46  78  30 100  72  86  62   6  22
   13 111  47  33  42  62  35  76  99  54  37  40
  105  59  52  81  89  65  97  37  59  70  96  90
   93  94  15  31 108  21  46   5  52  97  45  30
  104  17  90  86 103  35  26  56 101  32  61  29
   39  14  63  91  18  68  12  63  51  85  43 101
   43 105  25  51  75  86  42  19  25  92  49  35
   59  16  58  80  39  25  55  69 104  79  36  47
   85  18  77 104  87 107  27  89  31  19  81  61
   28  40  39  57  83 111  50  84  24  74  56  49
   61  73  56  83   8 117  22  65  63  21  78  55
   28  82 104  55  33 100  55  96  66  60  78  50
   65  95  36  52 102  97  42 105
   99  69  18  94  60 115  40  30 118 100  81 114
   77  61  89  82  23  12  20  55  65  60  67  74
   75  84  91  69 109  79  95 105   9  47  80  97
   89  87  54  36  19  30  12 100  99  98  98  69
  105  10 115  88  65  33 101  17  77  90  33  91
   94  74  22  76  24  94  66  69 102  71 103  85
   80  38 103  65  27  21  80  69  73 115  14 107
   32  98  85  63  42  91  37 108 104  31  37  96
  101  28  54   8  60  26  81  54  67  41  74 104
   57  41  71  99  41  86  31  91  57  52  17  64
   28  85  97  79  32 104  59  44  98  63  59  45
  114  68   7  60  31  36 102  35  24  58  65  54
  106  76  99  74  60  11  12  82  88  88  51  58
   77  72  66  36  91  97  95  63  25  32  92 116
   30  17  22  52  25  84  62  52  85  62  81  35
   37  70  49  49  84  96  93  23  73  50 111  48
   96  27  80  75  45  94  57 104
   80  63  97  37  48  31  98  97 102  16  23  72
  105 101  19  91  78  18  68  73  78  42  71  24
   97  19  65  38  48  35  82  50  93  14  72  46
   98  73  40  60  42  24  51   8  59  83  85  34
   25  93  74  91  87  27  54  77  32  74  72  75
   21  84  75  17  32  43  66  20  24  47  80  30
   66  38  57  74  48  26  46  72  15  66  33  49
   86  98 109  72 104  37  91  60  81  30  80  56
   68 104  69  70  57 106 109  79  65  91  68 104
   21  81  71  99  57  44  39  17  50  93  88 101
   89  11  16  63  63  24  68  17  75 106  55  65
   26  62  97  77  93  15  20 108  88  60  36  24
   23  79  81  67  84  37  65  98  56  89  53  96
   95  76  68  92  61 103  11  78  85 103  38  19
   76  59 100  59  43  15 109  96  86  82  12  71
   45  84  48  91 116  27  74  91  13  79 112  90
   79 103 110  20  25  85  20  71
   47  46  79  40  19  60  29  34 111 103  21  95
   81  40  34  54  26  60  42 102  52 113  22 109
   85  26 100  60 103  58  36   5  44 101  49  81
   17  52  35  37  46  49  96  75  36 101  43  93
   60  37  12 109  92  76  75  70  37  59 104  40
   60  93  85  38  55  34  57 104  39  54  37  25
   98  41  14   9  36  64  54  54  53 113  60  21
   99  72  68  39  11  63  73 115 105  35  78 113
   29  26  68  74  34  35  24  44  33  29  74  60
   11  75  70  18  28  56  56  21  83  89  32  61
    8   3 107  15  29  50  99  18  29 107  32  58
   46  40  22  45 114  92  87  95  23  63  99  31
   53  47  26  39  46  53  65  89  76  46  39  19
   53  82  58  94 101  44  30  99  44  34  76  70
   72  65  57  23  42  12 107  42  95  97  54  59
   97  49  82 103  44  37  31  61  87  19  38 110
   95  98  89  48  90  83  75   8
   26 115  54  88  27  65  25  62  25  83  95  75
   47  64  27  84  61  29  40  91  74 107  38   7
   91  26  58  70  74  52  19  12  65  43  18  70
  109  91  73  33  88 108  98  57  98  85  88  49
   24  55  41  23  19  64  83  83  83  43  71  81
   91  94  35  60  61  73  63  72   7  97 105  35
   99  56  91  99  54  90 108  84  44  45 101  34
   56  40  75  48 102  61  18  92  53 100  48  20
   74  45 110  33  74 104  29  86  98  84  80  22
   32  37   8  29  41  19  28  66   7  81  38  45
   71  22  17  63  37   9  41  69  27  78 103  74
   96  18 100  68  26  99  83  64  74  48  46 103
   37  35  76  39 110  26  89  15  30  28  12  98
   28  61  94 109  39  98  81  21  35  15  41  63
  105  37  41  49 101  43  24  51  55  97  53  95
   71  94  92  75 118  38  43  74  84  41  68  85
   71  44  46  28  28  97  75  13
   56 108  87  57  45  16  32  90  96  74  59  41
   93 105  22  59  87  48  77 101  56  18  95  77
   84  91  69  31  46  58  21  14  65  89 105  28
   88  12  35  34  17  52  21  52  51  15  17  39
   47  98  41  70  86  82 106  41  15 106  70  38
   30  22  16  32  76  43  80  10 106  78  19  34
   22  19   7 106  46  28  94  90  58  70  12  80
   57  68  65  31  60  39  60  56  22 100  43  70
   49  47  27  98  79 113  18  28  70  70  66  84
   97  25  53  68  96  42 101  81  50  69  69  42
   97  25  37  45  18  68  15  83  38  20  45 108
   57  34  28  72  99 103  62  17  20  59 104  31
   97  49  30  17  60  21  51  72  82  58  34  19
   32  82  14  30  19  76  48  39  20  34  66  22
  106  54  26  83  92  88  50 113  41  68  91  38
   40  22   9  38  93  58  30 112  44  59  89  63
  106 110  33  86  64  50   9  54
   88  78 100 104  31 108  38  14  48  33  32  74
   87  55  63  50  76  69  34  98  40  81  71  81
   73  26  18 101 106  15  46  25  16  67  81  72
   12  74  55  39  93  80 102  67  20  38  18  72
   69  19  32 103 104  56  67  20 106  99  79  48
   83  74  89  93  38  10  80  30  78  11  15  21
   18  33  76  22  40  26  36 103 104   7  36  85
   59 106  11  98 102  66  67  24  33  43  64  40
   27  96  89  69  86  89  44  69  90  46  43  72
  103   8  88  35  11  25  15  34  39  83 109  31
   55  77  16  19  11 109  97  88  35  81  61  59
   61  20  96  36  23  28  94  45  17  75  65  38
   42  27  81  20  73  81 117  85  35  62  52 104
   27  29  22  97  91  53 104 111  39  55  44  14
   50  49 100  95  37  99  59 103 106 103 105  54
  114  87   7  38  30  53  11  53  70  91  50  54
   49  84  73  62  26  66  96  92
   65 106  16  68  98  46  69  77  59  82  82 106
   83  47  97  40  29  67  21  76  14  75  31  17
   78  77  14  56  19 107  16 100  77  71  38   5
   70  65  23  76  98  15  21  70  62  96  93  71
   82 116  88  21  20  53  49 103  93  92  25  76
   86 113  18  68  81  82  98  37  36  97  52  48
   56  90  46 105  65  55  30  55  81 104  89  17
   93  18  54  40  20  43  91  25  88 101  52  61
   21  44  46 110  82  91  59  44  97  92  84  61
   92  51  71  56  90  97  30  47  20  34  91  89
   24  74  47  65  50  20  47  66  65  64  45  74
   35  28  73  26  69  68  22  83  54  88  66  40
   96  60  96  21  47  51  27  80  11  53  74  84
   58  34  68  27  59  46  45  73  62  19  59  42
   38  65  84  57  36  74  78  55  25  21  55  43
   19  32 109  18  86  46  39  89  58  88 100  91
   69  99  89  76   9  67  82  58
   25  76  52  73  59  76  42  43  40  55  87  35
   96  97  50  69  11  81  95  76  64  81  72  44
   41 108  33  89  53  25  95  53  95  45  80  39
   83  83  92  72  44  59 104  49  81  37  29  59
   24  26  39  67  30  92  64  53 114  79 102  51
   24  44  47  45  25  30  54  19  66  64  38   8
  102  43  83  40  35  99  34  18  85 113  40 100
   63  70  77  80  55  42   5  39  60  94 101 118
   36  51  95  35  47 105  99  91  57  30  63  51
   84  85  68  51  59  51  20  81 103  40  18  63
   22  16  38  38  19  81  15  76  68  68  45  64
   64  65  35  22  31  75  47 102  49  56  76  19
   65  94  36  86  77  56  46  27  35  62  86  89
   24  81  30  98  63   4  26  92   6  67  66  63
   62  87  75  19  88  13  75  40  26  85 111  21
   22   7  79  90  98 103  91  34  94  80  30  85
   23  97  94  78  48  50  18  34
   31  67  42  83  33  64  96  95  25  61  94  48
   38  13  22  71 100  96  17  18  32  53 108  25
   65 102  27  51  48  92 103  96  16  48  32  89
   60  63  33  50  89  49 103  36  36  22  91  73
   50  22  36  44  17  52  75  83  50  95  50 109
   57  80  27  33  21  58  73  16  93  20  56  87
   82   5  53 104  47  29  75  20 119  74 107  12
   44   9  63  60  62  75  35  48  79  65  62  45
   62 113  80  79  86  15 100  43  22  66  78  51
  108  51  89  41 103  53  60  14  74  19  71  51
  117  39  90  62  51  64  44  15  18  91  51  79
   97  99  79 112  83  90  74  91  97  84  12 115
   40  72  75  68  57  99 112  38  94 100  37  68
   66  91  32  54  42  10  20  12  44  36  75  92
   83  30  60  23  11  45  75  60  22  66  70  53
   92  65  88  70  27  59  69  81  23  26  60  62
   91  81  65 107  58  53  19 100
   69  57  69 110  62  60   8  62  78  31 106 103
   57  40  95  42  61  56 104  19  84  24  95  68
  104 104  75  29  28  56  37  29  42  52  60  18
   49  44  50  20  32 100 102  93 101 102  15  61
   36  94  91  71  59  51  29  94  63  65  42  43
   63  90 118  95  45 110  72  93  39  90 100  74
   22  12  30  92  37  66  68  34  75  32  38  28
   72  76  23  37  13 102  56  21  46  80  54  54
   49 104  60  72  83  70  48  80  59  53  76 106
   75  41  29  35  88  59  93  43  95  68  33  84
   46  88  27  33  66  16  67  76  63  42 112  80
   13  54  66  27  96  78  98  94 104  16 105  56
   31  64  52  85  38  21  66 107  34  32  27  51
  112  70  96  53  59  76 103  73  76  34  45  87
   63  78  66  22  78  45  33  66  90 105 102  85
   33  23 116  99  67  85   8  85  43  32  67  56
   10  99  22  22  49  98  55  69
   42  53  23  55  55  45   3  69  77  81  59  36
   44  11 114  67  57  84  77  34  20 100  79  65
   63  42  78  58  42  56  80  50  37  60  11  33
   98  50  46  71  75  53  24  49  83  52  51  25
   70  91  38  29  97  84  17  89  81  41  31  51
   19 107  65  90  35 106  93  84  98  54  49  58
   64  21  35  41  32  15  40  70  44  98  95  41
   71  29  40  42  14  61  54  62  27 103  89  62
   39  77  98  58 100  23  41  79 111  94  40  75
   72  63  87  69 107  51  19  16  74  62  91  50
   27  29  93  41  51  26  34  91  55  17  91  38
   72  22  27  78  44  59  85  99  32  63  63  87
   47  98  34  84  67  48  61  62  48  93  17  52
   21 103  29  82  51  91  20  53  60 116  33  43
   26  62  38 100  80  42  29  54  89  84  45  47
   18  36  55  78  44  38  86  41 116 105  37  45
   12  29  49  49  28  36 105 115
   92  26  94  49  50  42  80  22  25  28  12  24
   51  80 105  73  14  92  82  69  89  55  40  87
   39  43  38  27  33  63  49  18  36  67 113  97
   77  46   5  60  55  85  57  16  17  12  60  97
   84  51  50  17  21  69  55  60   3  72  30  40
   34  79  37  82  69  36  71  51  53  61  34  58
  112  76  97  23  73  82  22  72 102  36  55  69
   80  94  99  74  75  97  59  30  83  77 112  76
   14  88  25  72  17  67  51  56 102  26  76  65
   58  95  32  39  13  47  99  47  72  52  32  49
   41  58  87  18   7  95  78 102   9  49 117  79
   94  65  99  97  83  52  75  86  77  90 110  17
   34  28  42  74  57  62  53   8  58  58  35  42
   60  57  90   4  95  38  32  95   6  77  16  83
   77 115  91 106  87 108  80  49 107  15  86  69
   53  67 105  10  68  57  24  46  49  84  58  37
   78 114  47  81  10  64  45  72
   51  55  99  74  89  63 106  51  88  41  69  23
  100  78  89  80  91  72  29  80  86  51  28 107
  109 104  40  71  58  97  81  96  13 117  26  87
   49  81  80  42  21  15  95  83  22  48  34  22
   98  44   4  38  61   9  42  77  54  78  50  36
   59  99  65  78  18  80  99  71  69  62  51  75
   91  72  84  15  17  44  89 105  17 101  75  31
   23  95 101  76   3 104  52  82  81  74  27  51
   62  79  81  39  27 100  32  85  54  50  33  96
  101  83  91  34  22  25  38  38 109  69  20  81
   93  79  62  64  44  60  63  95  43 111  24  69
   56  96 102  69  87 105  56  26  72  61  96  98
   13  30  73  94  97  68  77   9 102  19  94  42
   40  15  89  65  93  72 103  16  36  81  80  41
   86  93  32  35  28  95  59  36  22  13  33  77
   21  86   7  73  26  21  66  48  87  91 103  37
   94  60  39  39  98  34  95  81
   25  66 101  99  46  26  82  30  35  24  89  57
   86  17  34 107  21  50  62  11  37  88  11  54
   78  55  27  31  47  80 107  36 108  33  86  42
  106  81  63  26  17  58  15  85  99  81  82  41
   33  40  27  54  26 115 115  87  55   6  69  83
   73 108  96  49  81  49  86  52  77  47 105  81
   61  29  88  65  73  39  48  19  22  67  94  33
   47   3  69  66 100  95  27  73  47  99  90  92
   38  87  53 101  64  95   5  86  40  22  83  86
   97  82  21  29  97  22  35  38  53  77  65  82
   47 115 110  11  76  61  74  74  67  58  99  64
   40  98  48 114   7  31 109  24  46  64  89  65
   14  74  20  60  34 112  90 105 104 116  92  48
   14  65  42  66  22  95  95  47  80  29   8  18
   88  27  99  45  27  75 107  98  78  15  41  88
   62  58  36  11  27  90  44  76  51 102  64  42
   31  26  94 105  69  93  74  27
    5  90  36  46  95  60  28  25  70  73 105   8
   26  72  57 104  52  95  27 112  51 101 101  87
   93  29  23  41  39  99  42  50 100  31 100 108
   18  68  52  33  64  27  16  40 100 111  27  65
   64  22 107  83  31  81  89  36 119  70  96  75
   71 112  23  22  41  51  74  53  34  27  81  67
  100  85 111  21  50  27  79  95  94  80  50  68
   60  67  38  99  43 109  11  30  50  78  43  39
   58  14 102  65  91 102  47  71  28  32  59  77
   36  87  62  43  12  74  42  55  24  41  33  90
   31  93  68  53  22  78  85  46  34  66  32  91
   37  23  29  13  90  16  85  93 105  57  61  56
   42  32   7  49  49  70 101  12  48 104  98 109
   69  43  97  11  35  75  31  97  57  70  59  57
   37  82  95  17   9  81  82  99  71  19  33  94
   21  65  89 106  40  54  46  46  41  56  46  78
   88  85  61  12  58  94  22  34
   82  82  96  50 118  62  68  92  63  73  67  97
   80  43  90  70  48  64  50  39  77  16  26  20
   73 113  35 108  76  85  14 104  99  18  45  57
   71  46  67  74  54 105  38  88  44  36  82  40
   28  42 103  88  74  33  17  22  98  84  35  87
   74 109 100  61 107  51  51  42  57  75  97  10
   80  49  31  52   3  87  49  98  10  26  27 104
   95  87  33 107  89  76  48  32  60  83 112  99
   45 101  35 105  77  88  82  43  83   5  31 110
   83  18  34  32  52  57  22  31  98  56  50 101
   69  31  19  99  77  87  36  60  37  10  24  89
  111 108  60 112  22  36  17  84 101  72  60  16
   57  58  66  87 108  42  53  25  96  53  66  12
   65 105  28  64  22  18  72  33  44  74  52  22
  100  61  91  33 102  87  65  73  66  69  65 115
   47  86  82  36  91  97  33  93  26  96  12  53
   22  29  68  61  52 110 101  13
   31  34  82  85  81  31  82  23  70  11  39  54
   99  29   6  17  65  62  38 108  32  73  58  91
   66  62  26  67  57  35  27  28  14  78  10  96
   31  88  64  70   7  14 102  82  80  56  85  36
   55  68  26  22  75  80  68  16  90  50  80  34
   31  14  26  93  51  55  35  83  46  52  43  79
   58  77 104  76  86  95  79  41  98  43  29  90
  101  90  37  18 106  79  88  64   9 104  57  10
   41 117  55  42  24  18  78  64  99  79  41  33
   94  47  88  94  73  65  25  31 108  21  95  76
   15  81  31  55  23 106 103  29  79  26  67  90
   97 102 100  24  49  54  47  85  57 106  28  30
   15  67  29  56  72  48  24  25  47  36  40  41
   75  33  94 108  80  93 103 102  48 101  91  71
  103  97  19  93  36  90  13  64  19  29  39  65
   46  28  55  61  80  78  14  19  57  63  29  66
   44  57  46  98  69  31 104 105
   96 110  60  97  74  78  44  28  80  25 100  89
   53  33  38  45  25  49 101  74  26  69  75  58
  100  34  77  32  92  32  24 102  41  37  47  23
   81  12  37  91  84  41  36  55  61 101  69  27
   94  91  54  63  88  61  25  71  59 101  93  84
  103  14  91  58  92  66  58 100  94  70  20  80
   54  88  92  22  33  25  50  62 106  73 102  59
  110  16  82  45  19  55  67  71 113 105  43  82
   42  27  86  40  66  47  47  67  79  55  42  56
   58  91  52  23  51 103 103  51  28  41  58  72
   88  65  50  63 113  58  54  68  42  54  19  94
  105  13 110  43  71  36  74  15  90  57  49  79
  101  55  47  95  48  73  86   5  41  24  72  35
   76  63  33  24  22  58  49  56  83  58 100  78
   63 100  43  27  41  11  49  25  49 116   5  81
   43  39  96  69  48  21  66  75  72  91  13  84
   15  88  29  93  74  54  69  82
  100  94  63  66  61  43  68  95  45  38   5  18
   75 108  48  27   9  41  69  95  19  32  78  50
   75  53  93  31 104  81  52  93   6  32  28  96
   70  72 106  61  51  94  93  75  16  52 105  93
  100  86  95  72  26  44  16  79  60  37  66  19
   34  60  68  29  87  39  17  89  96  19  83  25
   16  93 110  66  93 101 100  49  73  26  71  72
   92  16  31  67  46  83  48 101  46  52  64  75
   90  62  97  49   7  67  41  90  26  61  21  94
   57  26  20  57  13  85  60  24  67  14  72  62
   99  23  28   8  85  59 107  80  65  50  17 102
   66  85  48  66  45  45 109  68  74  69  89  47
   44  71  30  30  96 100  85  90  69  41   9  22
   99  91  26  27  75  66  40  95 103  97  87  37
   84  47 104  53  89  61  95  84  54  90  26 101
   63 108  35  55  18  81  38  68  37  33   2  26
   69  77  32  15  84  71  70  50
   56  27  80  67  43  27  86  11  37  86  63  48
   61  26  85 103  64  89  24  38  68  95  25  36
   60  45  60  89  99  76  95 101  70  70  55  87
   91  59  10  68  66  23  20  15  32 113 109  63
   28  50  42   8  28  20  40  40  92  79  45  33
   95 116  14  21  90 107  68  44  33  94  25  24
   75  93  22  57  66  47  95  79  77  84  40  91
   41  28   9  85  84   9  37  96  57  63  58  56
   41  79  59  80 107  78  37  36  21  21  74  99
   23  45  84  55  19  16  96  98  49  25  71  68
   56  72  21  39 101  55  65  11  62  90  51  95
   38  47 100  89 107  45  96  82  27  52 100  32
   89  65  12  83  91  68  30  51  30  77  73 100
   52  16  59  47  74  98  64  70  65 104  24  64
   76  68  33  25  96 106  64  48  32  71  31  70
   73  99  26  35  83  79  99  66  32  85  81  65
   19  26  60 107 108 111  82  59
  101  58   8  43  13  10  80  95  78  85  83  90
   10  96  59  40  23 115  66  62 100   9  25  24
   95  59  49  55  87  92  15  27  66  47  48  58
  102 102   7  15  44  58  50  55  17 102 107  98
   44  70  57  82 111  93 106  17 111 115 106  56
   88   6  59 107  13  84  34 100  98 112  27  79
   56  13  63  45  95  57  94  19  79  23  40  80
   58  42 108  84 105  82  59  86  28  35  72 117
   20 103  17  87  98  34  97  84  32  64  38  13
   60  55  34  15  43 105  88  51  92  87  32  44
   12  16  23   7 101  38 105  33  23  65  77  96
   17 100  36  48  52  91  73  36  27  16  27 100
   51  98  60  32  77  90  70  27  26  89 112  67
   27  70  39  87  99  22  46  44  68  92  76  67
   45  28  83  30  93  36  67  58  80  34  73  98
   62 103  59 113  65  24   9  29  99  28  69  79
   66  52 103  45  51  42  79  38
   60  12  96 105  89  37  24  76  59  53  26  44
   50  29  88  24  82  35 102  99  63  36 114  29
   75  51  39  40  89  86  67  53  50 106 113  76
   70  60  76  37  22  94  50  26  18  19  95  49
   53 105  34  84 103  28  86  23  10 101  38 103
   10  61  54  59   4  86  61 110  74  55  89  17
   50  88  27  24  93  32  47 107 109  65 100  21
   54  77   6 104  34  92  56  89  41  64  52  23
   48  59  31  21  74 109  16  69  53  30 109  49
   83  57  13  90 108 104  75  37  25  73  43  62
   98  98 103  69  75  47  71  97  19  17  94  57
   78  99  47  84  83  70  86  36  46  68  86  91
   36 114  48  66  48 105  50  86  79  27  33  34
   84  19  82  55 105  14  60  31  42  10  53  54
   15 102  51 109  86  37  19  77  85  49  91  18
   53  48  58  34  83  31  17  53  41  53  38  22
  100  37  82 111  72  35   8  48
   90  77  28  23  53 107  65  55  60  49  38  42
    9  38  34  22  50  80  86  60  59 114  62  92
   35  45  92  47  71  71  30  62  82  38 104  82
  108  24  48  28  46  99  92  87  88  99  51  18
   76  94  54  90 105  83  97  61 115  97  91  81
   45  71  71  51  90  20  89  99  54  41  81  69
   12  67  82  87  84  96  44  97  13  23  84  71
  114  45  36  90  13  58  19  23  28  22  43 116
   80  70  30  22  71  25  55  82 104  99  73  69
   80  36  43 107 101 110  63  31  50  47  29  64
   11  56  21  41  65  29  95  85  97  73  73 114
   72  40  73  14  72  61 112  18  24  84  94  31
  111  86  17  33  61  72  19  30  74  59  24  96
   42  35 110  41  27  38  84  24  58  52  81 109
   59  80  47  78  61   9  82 115  87  54  30  45
   30  49  72  34  32 111  35  59  86  71  18  33
   97  67  28 114  38  90  28  18
   69  84  62  72  67  92 114  64  58  93  21  35
   57  98  91  39  44  33  65  26  24  21 102  17
   23 112  46  50  52 102  44  16  28 110  73  39
   32  14  86  79  26  24  67  30 116  85  97  57
   19  59  49   5 107  97  15  25 104  66  30  67
   49  50  19  98  34 101  62 112  70 111  35  25
   54  64  65  97  47  57  74  70  52  60  21 100
  116  60  92  73  58  59  78  30  47  30  92  88
  107  97  12  97  45  68  78  42  47  74  77  39
   28  89  42  81  81  97 102  56  53  94  98 103
   24  34  33  17   6  63  89   6  90  21 101  51
   57  63  40  51  64  58 108  16  80  88  63  52
   32  90  95  74  74  77  33  37 105 110  52  31
   66  72  30  92 104  13  32  97  85  80  43  57
   28  94  94  33  27  74  39 101  25  45  80 113
  106 110  37  98  45  31  21 111  14  17  37  69
   89 112  47  76  35  77  46  37
  114  49  71  79  26  73  10  81  45  45  72  60
   80  80  20  97  41 101  35  59  65  71 100  37
   82  34  68  82  37  77 101 109  67  54  42  96
   59  58  56  84  60  65 112  74  23  56  65  92
   94  73  62  52  77  82  30  21  64  31  21  33
   81  30 102  47  89  33  18   5  61  74  77   6
   97  79  49  20  80  25  30  31  59  97  96  34
   94  26  71  41  66  40  68  31  21  73 103  44
   42  61 116 119  84   4  26  46  92  22  97  12
   12 102  94  45  89  90  32 102  14  19  17  58
   44  56  27  56  52   4  20  14  40  76 115  99
  107  98  97  19  24  71  74  46  50  46  71  31
   82  49  85  71  50  55 103 107  55  97  93  41
  108  39  67  55 100  55  32  98  28  36  90 102
   43  44  58  39  14  11  77  86  17  88  72  40
   81  51  91  65  53  60 102  84  69  92  41  84
   36  14  79  95  78  33 100 112
   81  24  42  88  32  91  31  55  90  29  51  93
  109  92  96  83  16  89  47  37  56  12  14 106
  106  59  89  96  91  16  93  15  96  94  96  98
   41  89  49  84 105  94  31  68  20  95  54  98
   78  32  10 101  23 105  56 101  24  93  61  37
   34  11  80  45  35 101  91  57  76  38  60  23
   52  57  41  51 103  61 114  21  19  65  65  33
   73  83  28  61  45  62  38  41  84  87  24  18
  105  21 117  38  66  42  20  63  57 105  92  32
   31  25  69 101  28  45  52  20  93  74  21  58
   42  51  90  58  35  34  18 102  79  21   9  11
   47  76  55  93  74  15  55  83 113  95  90  50
   76  61  94  56  78  30   7  81 107  55  89 101
   40 106 110  74  29 109  94  85  25  13  19  86
   95  72  18  78  85  45  67  22  55  84  31  11
   78  23  76  22  93  44  26  24 105 110  99  22
   45  45  26  98  92  59  84  16
   78  64  16  22 106  67   7  86   8  48  38  62
   44  69  54  45  88  76  39  32  12 100 107  52
   56 104  39  50 106  64  50 106  36  94  17  79
   37  84  86  79  74  96  22  31  70  91  85  98
   60  42  67  39  81  59  65  42  35  68  54  98
   69  89  44  69  58  18  43  55  98 106  28  69
   37  60  22  60  60  21  30  72  83  45  45  24
   85  48  25  34  53  53  70  28  76  64  91  55
   72  82  41  34  18  61  59  84  63  86  46  93
   17  25  53  91  41  93  36  98  12  11  15  14
   58  42  73  68  37  17  43  30  43  56  78  45
  101  53  62  30  18  41  59  78  71  66 102  43
   96  92  90  66 102  15 102  27  97  64  88 101
   35  33  62  42  20  82 118  51  73  91  86  13
   30  53  30  83  66  76  25  54  62  67  51  53
    8  25  35 101  54  85  84  77  18  38  77  55
   65  28  72  41  82  58  96  20
  108  79  91  51  30  69  43  60  99  78  81  50
   58  70  96  57  53  88  46  77  43 114  37  47
  114  88  67 102  25  69  61  98  18  37  35 105
  105  46  71  18  96  97  23   7  41  85  53  23
   18  45  70  73  80  90  58  90  27  92  62  37
   48  87 100  85  77  63  23  16  26  12 104  17
   66  40 109  11  25  58  34  20  76  13  62  86
   23  14  43  52  73  80  81  79  14  22  46  81
   92  62  77 102  29 101  64  16  11  62  84  80
   94  47  63  87  69  34  80  57  27  42  96  59
   75  91  49  67  47  35  99  93  83  93  19  28
   56  40  72  19 108  69  86  58  29  73  81  51
   17  28  67 106  96 100  97  30  72  83  24  25
  103  48  19  77  28  41  69 111 109  69  68  66
   44 100  55  86  30  61  27  30  61  36  41  76
   75  90  30  26  86  44 109  74  87 100  12  59
  111  82  70  57  33  28  93  80
   15   9  30  24  83  11 110  53  18  90  70  54
   57  95  36  60  82  40  69  92   8  25  30  26
   43  37  54  15 104  54 116  66  59  84  72  73
   37  97  71  99  56  95  62 110 105  83 111  28
   44 102  45  95  69  72  23  85  96  88  44 116
   60  26  89  21  72  36  33  92  23  72  48  55
   96  58  65 104  22 102  16  55  60 108  85  95
   33  38  96  85  37  47  95  82  70  77  58 101
   87  61  87  78  77  92  36 101  53  78  98  45
   21  73  65  71 106  54 106  31  94  16  50  59
   43  13  42  64  93  46  22  20 100  93  70  45
   78 112  70  51  23  71  92  33 101 104  75  57
  102  19  67  94  69  23  79  87 109  97  99  42
   62 108  92  76  10 110  61  71  44 108  27  22
   21  33  28  64  77  79  61  48  58  55  21  85
   56  74  99  83  74  19  46  11  78  79  88  84
   29  12  93  92  85  80  24  27
   58  38  61 102  37  71  63  42  72  82  33  28
   54  75  57  26  49 102  30  99  30  31  36  11
   24 110 111  68  50  17  51  61  40  44  90  78
  112  65  66  33  63  79  59  94  18  44  65  22
   68  22 111  11  66  75  59  17  70  64  58  62
  110  97  66  64  32  61  61 107  65  62  45  38
  118  91  76  99  10  20 101  18  84  40   3  63
   86  28  27 105  66  19  82  99  86  90  57  53
   24  81  43  67  66  54  53  14  88 108  58  53
   22 110 100  83  87  66  29  48  59  61  10  70
  100  83  56  71  68  46  17  19  89  96  27  62
   43  32  80  67 102  84  77  26  26  72  72  31
   48  53  25  36  55  85  16  97  27  93  72  29
   28  94  52  32  98  77  86  46  32  66  20  71
   12  30  25  73 110  74 104  13  59  91  80  20
   69  35  19  62  55  75 100  86  74  71  17  85
   43  95 111  31  23  50  21  98
   34 111 112  59  99 104  26  25 106  15  53  58
   34  48  34  89  58  34  43 107  60  37  21  47
   32  23  42  79  36  59  91  54  47  52  79  26
   10  91  89 105  96  64  99  48  70  57  72  67
   49  41  99  33  97 102  31 103  48  12  40  51
   47  18  72  51 112  91  84  36  50  80  23  84
   34  38  44  12  16 111  73 109  66  56  50  59
   38  61  83  51  67  16  27  68  41 114  73  66
   60  90  57  40  90  35  90  28  32 100  70  12
   74  79  87  44  58  68  42  67  71  58  43  39
   57  83  70  98  22  79  96  65  71  79  82 100
   92  22  38 104  91  17  26  16  54 105  79  37
   68  80  77  26 103  79  76  30  81  78  16 105
   97 113  52  97  95  43 106  66  68  86  34  57
   39  18  58  70  22  56  94  72  82  23  67  45
   37  34  11  71  68  48  30  36  54  27 104  45
   79  10  76 102  20  95  23  34
   30  27  79  12  38  33  83  91  37  88  30  97
   17 114  68  35  80 113  46  93 105  75  44  29
   47 107  14  99  49  51  47  48  12 101  42  82
   28  87  57  54  29  53  83  57  17  33  64  11
   44  42  76  79  45 100  97  47  26  92  10  89
   40 107 113  61  83  18  87  97  81  97  56  28
   57  91  84  94  62  22  31  93 108  58 101  20
   59 109  86  90  68  79  63  51  87  45  44 109
  105  31  38  79  38 105  64  35  81   6  38  95
   60  24  89 106 114  83  43  56  25  30 115  76
   38  54  79  26  97 105  77 100  60  65  34  68
   40  32  59  97  22  73  81  38  46  58  63  89
   84  41  21  31  27  78   5  31  16  93 115  32
   27 111  56  90  10  42  96   6 107  99  43  55
   21  80  57 104  82  31  91  84  77  53  96  45
    7  97  32 108  63  82  77  73  97  83  81  84
   92  22  48  13  83  67  60  50
    9  86 100  97  98   6  22  96  83  24  40  54
   28  11  16  13  39  26  51   3  65  25  93  50
   98  52  30  70  72  46  88  73  62  37  42  60
   86  46   6  23   6  88  34  49  22  70  26  16
   78  91  23  92  63  43   7  41   6   7   3  17
   75  58  77  65  86  66  42  26  93  89  46  28
   96  80  83  96  32  83  91  46  84  34  48  83
   77  61  72   8  77  84  28  13  92  19  19  81
   73  68  91  89  14  30  36   5  49  93  83  89
   55  41   7  95  52  45  21  68   2  72  85  43
    9  81  99  52  19  23   5  14  19  38  86  44
   41  62  70  47  57  23  26  23  82  38  63  60
   73  21  36  41  30  72  39  41  92  90  11  27
   46  62  30  57  16  67  19  83  68  78  42  49
   16  60   5  89   9  68  55  32  43  53  85  96
   55  54  28  95  24   6  56  33  70  32  88   6
   57  51  84   3  89  73  45   4
    9 100  25   6  23  85  44  51  63  83  57 100
   78  26  15  58  67  41  13  28  76  57  97  12
    1  99  64  10  85  92  54  21  21  60  60  41
   48  23  22  67  55   2  26  92  81  13  10  10
   11  73  59   9  77  99   6  80  65   5  33  12
    5  99  70  89  76  95  96  96   6   2  40  18
   71  24  75  34  97  69  26  25  57  41  65  69
   72  43  15  44  13  74  42  24  97  36  66  82
   93  25  53  91  17  39  18  23  30  70  24  45
   46  15  81  25  26  62  51  29  78   4  42  21
   61  28  10  63  81  21  61  18  92  68  48  44
   97  53  75   1  49  60  90  43  45  68  94  27
   35  56  35   5  15   3   8  29  31  82  56  50
   75  72  73  16  91  42   1  74  69  65  29  70
   47  11  94  48  14  47  85  50   3  41  36  17
  100  57  29  88  39  59  97   3  98   9  22  94
    9  67  30  98  49  92  98  50
    7  27   7  69  97  18  54  49  54  88  70   6
   64   6  83  22  49  13  54  55  56  36  69  47
   63  79  49  16  79  27  40  62  42  43  20  63
   19  72  95  77   7  36   6  44  33  38  16  81
   54  62  22  85  55  69  50  34  54   2  57  84
   94  81  29  73  52  11  78  16  33  70  51  10
   71  20  23  29  30   1  97  30   6  34   8  47
   20  18  17  96  27  33  20  70  10  38  39  45
   80  73  27  73  83  55  65  87  89  84  66   3
   99  37  72  11  47  72  55  85  92  26  14  77
   26  17  80  19  69  41  16  22  71  74   9  77
   14  73  80  57   6  73  79  11  85  91  85  69
   23  21   8  42  17  38  83  20  95  97  82  71
   17  32   2  46  68  57  68  73  68  65  41  60
   63  31   7  95  31   7  80  47  76  24  10  62
   37  97  71  69  78  18  69  74  95  56  40  63
   15  66  49   4  90  77  90  41
   17  49  72  63  62  77  84  24  89   5   4  99
   47  95  48  98  70  52  22  63  81  11  14  74
   88  44  99  48  84  61  41  35  48   7  84  24
   46  60  64  38  29  40  99  36  34  96  96  15
   84  20  44   4  89  34  21  72  44  98  88  23
   29  11  98  94  12   2  83  63  45  40  65  38
   67  30  50  68   4  11  31  35  64  59  86  59
   47  87  81  93  33  42  66  30  91   7  77  94
   76   3  37  50  29  84  54  95  74  43  22  65
   25   7  22  30  80  39  19  95  24  39  66   5
   25  42   1  35  39  20  47   2  11  78  15  54
   65  61   1  78  18  48  85  97  67  53  37  67
   99  28  10  83  87  59  42  76  87  69  60  10
   42  18  75  86  82  97  85  44  24  41  73  55
   66  15   9  31  98  20  46  16  92  95  27  91
    8  16  79  75  89  91  15  21  69  69  32  16
   62  30  18  87  73  92  42  94
    5   8  85   8   2   6  37  80 100  60  72  62
   46  40  72  27   1  78  29  18  42  78  56  46
   66   8  83  89  86   4  57  91  32  68  41  64
   52  72  17  87  11  54  81   8  88  19  51  38
   86  38  58  58  19  50  53  17  21  62   3  30
   42  48  90  77  50  49  18  11  30  72   4  46
   83  92  83  66  31  54  11  23   9  64  55  34
   70   1   5  85  86   8  62  30  44  96  51  85
   51  45   9  40  28  98  92  48  14  69  74  31
   67  39  46  76  62  52  14  41  88  26   4  46
   55  39  57  82  87  41  33   9  29  49   8  47
   39  44  75  89  95  78  46  96  91  67  49  92
   39  95  28  70  67  17  45  91  22  48  80  83
   65  76  30  40  78  55   9  24  59   5  48  63
   21  12  94  55  96  33  14  63  34  88  89  18
    1  69  21  17  79  31  26  25  71  96  37  74
   92  57   6  64  80  72   3  62
   26  16  95  23  26  79  33  78  57  19  23  74
   16  56  46  91  21  84   9  87  15  70  41  89
   64  55  95   1  57  53  48  97   9  50  97  28
   54  10  68  15  53  64   7  55  88  23  82  18
   68  66  88  46  21  49  42  56   2  99  84  38
   85  20  77  55  75  84   9  45  92  42  90  16
   86  14  54  53  27  95  60  13   8  57  86  26
   47  39  39  96  85  58  46   2  88   3  57  92
   42  36  48  93  60  93  17   1  76  84  84  87
   48  92  96  96  57  74  21  47  11  58  50  31
   35  47  98  12  83  19   6  28  30  24  33  91
   75  84  67  88  40  97  16  76  71  34  12  87
   37  37  12  28  31  25  94  76  69  87  62  84
   89  88  42  79  57  66  83  59  56  32  59  96
   98  69  66  39  16  36  24   5  65  64  76  86
   28  58  90  52   6  96  55  41  27  30  85  66
   41  83  18  14  23  56  14  45
   37  66  37  25  25  51  19  85  59  86  97  24
   90  67  97  86  70  41  49  74  57  10  89  42
   13  32  57  98   6  19  96  11   8  38  57  95
   94  11  93  29  48  14  64  38  54  77  32   6
    5  87  66  71  92  84  38  27  21  63  25  20
   91  74  11  52  16  20  80  80   8  61  27  16
   85  12  45  26  72  39  37  30  97  66   7   4
   93  72  66  77  98  88  29  36  53   4  16  20
    6  57  50  22   8  47  61  91  15  26  83  32
   88  96  54   3  94  22  16  15   4  18  18  38
   90  52  13  93  34  50  56  58  21  92  10  64
   38  12  42  97  80  98  23 100  46  94  27  67
   38  97  37  49  65  62  38  51  40  95  19  34
   78  59  74  11   4  69   4  51  42  99  12  79
   25  74   7  74  88  75   2  68  72  38  15  50
   24  52  69  62  90  64  91   2  30  72  15  21
   99  33  75  27  64  52  15  80
   40  19  79  80  67  65  63  94   7  29  32  83
   91  51  72  17  15  81  31  76  28  84  18  56
   46  32   3  58  46   9  17  98  62  10  51   4
   92  42  57   8  95  22  51  61  89  78   7  21
   55  49  58  56  33  84   3  48  25  46  98  87
   93   6  62  78  63  45  75  31  19  59  75  72
    6  51  65  35  30  38   7  67  59  45  22  25
   23  11  96  75   9  82  73  99  68  20  59  84
   13  94  21  33  15  85  85  56   6  86  43  75
   81  99  41  26  96  39  92  51  66  30  66   8
   68   8  95  60  40  21  74  87  80  25  57  77
   48  89  57  28  66  94  53  50  14  31  80  65
   35  98  37   5  33  12  81  13  71  91  35  41
   75  75  78  55  33   6  52  32  89  41  59  57
   54  46  64  28  95   1  90  54  44  93  25  54
   90  24  12  58  86   3  60   9  45  53  38  57
   40   7  74  67   7   7  60  13
    8  33  85  21  52   2  62  89   1   3  29   5
   25  50  28  26  86  98  93  54  40  44  52  31
   35  27  21  42   9  27  11  15  93  68  25  20
   14  17  58  67  84  80  96  12  15   9  22  49
    5  93   3  18  47  69   5  98  26  13  83  14
   19  43  85  28  93  21  53  48  14  49  17  24
   32  73   3  47  92  81  27  50  35   2  97   9
   88   8  18  42  76  12  79  10  12  71  69  15
    3  84  63  99  46  92  33  53  35  76  39   4
   51  63  37  21  70  19  72  20  60  53  85  55
   80  17   5  25  83   6  55  68  13  53  50  68
    5  39  99  48  88  82   1  75  83  47  46  57
    4  37  21  45  54  99  99  31  32  23  51  52
   26  39  37  84  19  20   8  48  83  83  11   4
   85  86  80  56  84  28  49  51  30  51  36  76
   65  40  55  64  24  22  14  85  34  64   8  55
   14  79  29  31  75  20  59  12
   38  41   7  69  64  74   6  21   7  89  94  45
   14   7  98  13  37  93  43  39  24  66  49  90
   20  89  37  79  69  77  26  70  18  89  33  73
    5  37  75  46  70  78  66  98  55  21  18  84
   93  19  43  11  23  76  50  29  75  46  47  40
   84  28  41  95  80  71  37  92  91  73  38  77
   47  80  45  46  72  87  59  42  91  36  80  57
   28  19   3  32   3  73  25  55  35  90  38  64
   44   5  37  45  45   2  11  32  55  15  50   8
   86  26  42   3  51  65  72  97  59  12  27  19
   20  92  86  44  41  83  35  96  28   9  51  52
   84  40  14  31  13  98  99   3  15  54  83  86
   89  24  39  50  35  75  39   8  47  22  53  24
   21  27  51  12  50   2 100  31  26   8  66  90
   39  52  13  49  76  91   4  12  26  32  99  34
   73  27  59  18   2  78  43  16  93  38   5  27
   31   4   2  99  90  23  85  31
   71  64  26  71  94  47  83  77   6   5  84  25
   36  79  72  48  92  45  73  11  66   5  89   3
   24  88   5  48  16  60  82  97  68  12  66  34
   90  63  76  67  69  67  18  39  71   3  70  20
   43  81  96  10  12  43  37  38  83  57  15  66
   44  24  28  82  58  72  58   6  72  61  65  84
   11  78  88  97  77  43  48  53  57   3  43  89
   15  35  52  72  92  47  33   2  15  76  25   2
   83  89  45  30  82  82  90  72  73  81  40  45
   98  43  50  93  80  51  56  93  19  22  75  50
   96 100   5  96  73  60  18  98  89   6  70  50
   66  71  98  74   3  21  18  25  79  47  20  84
   55  72  80  67  68  49  54  14  37  61  72  97
   61  20  50  19  19  66  79  12  66  73  33  35
   42  40  63  81  62  98   2  70  25   9  59  52
    6  60  29   8  60  74  81  45  25  99  66   6
   16  15  15  57  27  30  36  97
   86   5  48  18  92  50  89  43  85  29  24  43
   63  43  92  34  58  78  73  22  41   8  76  96
   18  88  52  35  29  65  84  99  53  69  93  37
    3  15  36  82  27   6   5  56  13  29  28  63
   79  59  68  96  85  55  28  33  23  64  41  38
   21  18  81  60  46  33  56  34  96  13  10  83
   12  49  21  15  63  15   6  22  60  73  16  84
   47  71  40  67   5  42  99  21  49   5  57  84
   33  64   6  79  44  14  77  17   9  28  39  89
   85  70  95  79  70  90  83  54  96  23  80  66
   33  89  96  54  81  95  78  42  82  34  10  42
   14  84   9  49  85  11  30  47  45  63  65   5
   78  79  41  75   3  80  20  99  75  75  99   5
   86  58  15   2  65  10  37  88  73  94  72  51
   11  67  62  58  14  63  85  65  52   9  56  16
   34  12  25  37   2  69  77  42  34  62  36  31
   48  59  57  89  92  14  37  90
   55   6  18  63  65  91  71  27  23  40  60  77
   23   7  88  56  25  63  26  16  58  97   8  30
   19  17  40  88  68  44  93  97  38  19   6  81
   23  99  83  80  88  61  98  55  66  95  91  79
   55  11  70  46  20  35   8  65  94  10  46  65
   78  97  95  88  39  75  30  97  12  39  93  71
   96  99  96   5  65  87  17  12  51  49  97  22
   59  48  53  83  58  66  60  61  88   2  66  36
   53  69  85   7  24   2  96  90  41  48  49  21
   11  77  57  47   6  71   4  39  68  33  37  78
    6  80  74  70  92  50 100  33  72  93  64   4
   54  81  85  34  15   2  49  97  97  57   8  80
   14  71  80  88  43  82  54  44  29  46  83  87
   85  36  90  74  91  42  62  80  95  73  54  94
   11  52  90  28  19  23  61   4  68  43  22  65
   75  89  98  73  22  56  81   5  60  54  31  53
    5  10  71  31  43  69  97  66
   23  38   8  15  77   2  73  92  57  82  74  37
   28  59  40  62  29  33  71   6  73  28  40  30
   46  92  96  18   7  97  60  79  87  39  27  46
   96  35  64  72  13  27  13  37  88  80  88  42
   51  83  79  13   1  49  46  97  11  14  26  70
   28  34  26  26  72  93  29  82  38  99  89  84
   91  79  38  96  75  86  75   9   2  97  78  33
   59  11  95   8   9  51  51  91  83  64  39  67
   93  21  31  42  18  13  68  46  13  58  68  33
    6  96  20  80  98  92  88  86  66  32   9  77
   57  26  91  99  93   9  20  24  70  38  52  44
   56  94  19  78  94  82  23  67  99  30  42  75
   60  87  27  91  41  30   2  26  76  55  65  14
   75  85  87  14  22  65  13   7  71  63  60  97
   55  71  20  17  74   5  58  14   7   2  13  66
    2  24  95  72  83  58  91  53  48  14  58  55
   67  22  30  48  83  38  11  25
   45   2  95  52  18  61  36  28  50  28  33   5
   24  66  21  76  76  47  88  38  98  44  81  92
   39  36  97  46  97   7  90  10  30  45  68  98
   48  44  95  34  16  99  88  40  55  17  19  48
   38   2  16  90  95  65  59   8  13  25  85  43
   26   1  87  45  30  21  10  67  73  14  52  68
   58  15  71   9  41  65  76  57  37   9  31  86
   10  94  56  71  83  77  25  93  32  15  65  41
   88  71  61   2  37  14  51  72  19  17  27  54
   28  55  36  49  16  14  80  69  84  77  17  28
   94  38  57  44  60  92  67  40  48  41  68  45
   83  89  35  92  42  48  97  19  58  31  41  67
   18  59   6  84  63  56  85  22  91  51  28  35
   53  77  38  86  54  73  73  42  56  83  48  70
   73  53  28  48  75  36  37  54  88  89  52  73
   91  75   4  95  17  59  79  13  56  14  20  25
   50  13  22  35  98  39  34  51
   87  32  50  31  61  38  68  72  69  65  32  76
   11  10  68  41  93  27  18  30  38  34  32  64
   76   8  71  28  51  86   9  63  14  71  28  77
   29  21  24  35  71  58   2  62  28  65  76  49
   94  84  77  43  79  21  41  54   2  40  18  52
   89  66  68  70  84  88  61  99  37  54  80  94
   12  72  19  68  79  12  78  97  27   5  76  18
   47  42  37  26  48  76  97  80  45  22   6   2
   68  53  19  67  55   6   8  20  57  74  52  61
   33  19  44  54  56  56  84  21   9  65  88  48
   84  87  78  80  88  23  90  26  36  34  70  49
   53  44  74  81  77  36  71  11  57  55  40  87
   53   9  70  24  33  61  62  90  80  41  29  22
   86  38  90  11  54  99  82  14  97  38  49  46
   41  24  45  84  22  90  37  67  85  30   3  92
   89  96  30  21   5   6  18  71   9  34  75  27
   92  19  26  30  58  57 100  84
   74  45  69  21  83  45   7  11  92  46   8  62
   66  92  83  39  11  18  85  98  73  52  10  89
   46  13  91  53  60  15  11  22  92  60  88  21
   59  46  86  69  19  61  12  75  74  87  12  42
   68  95  75  62  88  53  35  23  60  16  66   4
   56  34  83  73  88  49  46  95  11  95  55  26
   21  99  54  11  57  79  27  90   1  45   1  95
   76  99  46  51  48  37  74  72  25  47  40  68
   55   6  38  38  33  87   7  74  91  54  28  62
    9  61  23  79   2  58  57  94  31  84  37  68
    2  72  13  55  58  47  74  99  87  25  57  41
   20  15  35   8  27  18  28  24  23  28  93   3
   63  30  37  51  48   3   1  67  16  15  72  43
   51  29  80  62  78  98  96  98  64  71  33  21
   19  86  46  88  92  72  33  53  81  54  34  59
   19  47  31  43  84  57  48  33  97  84  52  49
   22  22  50   6  60  52  94   7
   39  48  47  10  56  60  98  49  31  85   8  13
   51  70  14  69  55  57   4  87  31  89  14  35
   12   9  28  75  81  53  77  73  73  60  46  90
   66  67  61  86  88   8   2  21  19  16  93  50
   82  22  13  31  52  56  80  18  52  48  70  61
   52  23   2  15  72   7  43  26  80  23  12  43
   91  93  72  13  72  40  41  80  34  79  77  88
   39  31  93  78  97  11  49  90  67  31  51  63
   56   6  56  34  19  47  68  38  58  62  40   9
   28  61  73  78  29  50  19  77   9  34  73  36
   65  16  84  81  45  96  47  39  42  77   5  34
   98  57  49  89   8  33  22  25   7 100  11  62
   85  53  54  19  79  82  37  11  75  81  92  54
    5  38   6  61  49  40   7  45  41  74  74  16
   57  25  37  82  27  74  71  52  23   5   3  30
   72  96   3  20  45  27  94  26  63  74  48  48
   96  12  81  86  63  15  62  38
   62  55  92  57  49  57 100  35  34  36  55  69
   74  98   5  36  55  35  25  86  94  11  23  53
   39  75  35  50  63  55  27  67  75  57  94  78
    9  67  63  34  29  53  87  65  31  61  52  82
   39  15  71  77   9  21  89  20  22  64  80  58
   93  10  47  24  67   2  22  26  14  63  69  53
   38  99  81  73  70  94  79  35  74  10  16  67
   42  88  71  77  92  54  58  52  79   8  18  58
   81  32  19  44  11  88  63  35   6  19  80  38
   37  43  30  37   5  63 100  99  37  57  13  70
   93  88  14  73  63  93  83  14  62  93  29  76
   41  87  87  25  75  54  28   3  74  51  46  33
   73  18  70  18  39  72  56  42  69  11  89  67
   88  11  87  35  54  29  94  67  50   4  86  65
   92  49  68  11  25  63  74  64  24  20  69  67
   91  75  47  38  62  64  31  77   1   2  74  64
   99  82  61  60  80  80   4   2
   16  82  18  53  55  64  39  84  78  91 100  92
   69  38   4  46  97  14  36  45  18  63  70  31
   71  68  65  75  85  47  67  90  73  51   7  22
   33  70  99  51  50  30  49  97  96  91  45  15
   27  52  62  91  85  43  60  55  99  35  85  67
   85  32  72  25  42  75  37  63  57  41  85  50
    3  42   8  92  37  27  80  32   4  79  65  44
   34  22  10  45  43   9  50  82  34  33   4  42
   93  24  79  45  97  44  66  49   4  94  44  46
   60  12  76  65  96  66  13  73  32  67  88  69
   69  58  26  90  98  19  32  11  95  65   1  37
   21  49  11  16  23  58  28  26  34  16   4  85
   74  80  75  46  48  49  65  96  48  53  84  61
   50  58  26  99  17  69  71   9  97  26  87  20
   28   1  28   3  29   8  31  60   6  91  21  33
   52  36   9  95  47  61  92  61  55  20  52  77
   26   5  58  27  96  41  64  31
   59  61  16  30  20  54  12  54  27  68  42  92
   13  31  22  32  24  39  83  28  26  55  75   2
    2  12  64  43  52   6  33   8  92   1  82  21
   58  31  30  71  99  95  11  19  86  60  77  87
    4  59  98  70  53  93  61  27  57  32  68  82
   52   8  42  33  92  26  20  39  49  54  56  28
   12  31  25  96  86  60  15   7  95  12  32  87
   81  25   2  38  99   7  65  21  26  28  80  68
   51  29  23  78  86  18  85  18  57  68  77  19
    7  23  27  81  95  89  78  73   2  44  92  30
   21  30  48  51  65  57  41   8  64   4  85  34
   64  15  11  35  29   2  63  80  40  43  10   8
   94  85  31  22  10  43  26  95  17  95  11  67
   66  91  19  44  25  45   2  98  75  39  25  73
   22  24  76  74  81  14  55  78  88  94  83  27
   98  17  95  29  80  97  47  63  21  23   7  71
   26  46  64  66  16  85  24  26
   78  43  14  11  57  92  34  85  81  85  21  55
   24  94  83   7  81  67  55  95  72  22  93  54
   42  52  76  87  56  24  10  73   6  76  20  63
    5  25  56  82  88  55  93  29  19  27  30  75
   80  74  84  66  79   5   2  21  48  97  49  31
   39   8  20  63  32  62  25  56  26  61   6  22
   48  80  21  47  44  67  57  91  87  42  21  86
   71  99  46  39  16   9  85  29  61  10  19  10
   74  18  49   9  42  21  99  24  78  81  21  30
   18  35  83  73  20  89  85  74  66  28  44  28
   64   4   4 100  41  48  28  32  52  62   9  38
   71  22  57   5  99  76  11  93  59  49  29  40
   97  36  95  50  83   6  16   7  12   3  22  63
   98  42  65  48  83  15  24  64  31  82  97  85
   29  84  12  60  86  28  13  11  38  99  70  32
   42  54  80  93  77  23  59  36  51  11  49  77
   88  93  13   6  42  23  40  82
  100  29  69  68  20  50  88  91  49  47   8  95
   93  43  58   7  62  17  75   6  67   3   1  28
   27  87  79  64  65  14  61  59   8  80   2  12
   88  37  59  78  43  92  98  66  13   8  88  40
   44  98   3  19  88  35  20  73   1  44  21  34
   42   5  95  82  76  52  35  55  73  76  37  44
    8  21   2  96  58  85  37  15   9  23  53  52
   48  41  66  21  68   5  96  85  67  30  68  67
   48  89  13  40  18  11  63  33  87  75  60  31
   74  19  46  72  99  34  69  50  88  65  84  13
   72  13  49  63  85  33  25  59  68  36  79  12
   66  84  84  89  27  98  18  13   6  53  59  58
   60  75  96  56  55  50  19  93  57  13  22  10
   40  59   7 100  80  34  77  14  61  41  43  56
   69  36  18  85  94  31  22  16  35  91  77  16
   90  39  13   8  67  48  60  70  74  50  59  35
   29  29  51  90  48  25  82  77
   21  34  20  63   1  52  41  12  40  35  39  16
   39  68  22  43  63  50  58  72  36  88  79  91
   44   4  76   1  33  26  99  12  11  96  63  45
   44  67  41  34  64   2  66  23  60  73  36  66
   83  69   7  28  46  83  95  86  21  24  80  29
   42   8   2  53   4  64  59  68  63  34  15  95
   35  66  89  64  99  24  67  19  92  79  91  11
   16  15  69   5  29  27  64  75  53  19   4  10
   71   9  76   3  26  23  30  63  22  99  75   9
   24  88  82  70  59  49  82  88  14  52  69  15
   36  81  94  10  35  28  74  49  79  96  82  16
    2   1  56   6  92  68  93  25   5  34  50  90
   52  47  47  30  10  64  64  83  12  56  42 100
   55   4  82  41  98  96  48  78  58  38  63  93
   16  42  12  81   9  31  40  47  40  42  55   5
   70  19  24  81  25  21  74  16  84  14  96  54
   96  78  40  57  66   3  18  94
   88  79  30  35  22  83  36  91  47  98  70  59
    9  87  97  97  44  52  76   5  82  41  57  25
   45  41  83  41  46  82  88  79  90  39 100  10
   77  24  38  43  96  96  12  31  30  53  26  70
   52  38  76  98  31  32  51  94  24  63  30  80
   83  98  84  21  52  48  79  21  66  64  72  30
   53  42  11  38  32  17  37  78  17  69  82  26
   10  20  74  97   8  31  30  53  99   9  58  93
   67   1  61  63  83  96  33  47  12  29  61  74
   11  72  23  15  31  41  88  80  12  95  22  27
   89  37  78  51  89   7   4  91  29  90  39  29
   21  16  15  87  65  52  56  33  59  12  77  72
   88  47  87  57  33  56  86  77  63  75  68  69
   44  86  16   8  32  12   8  14  72  15  12  46
    8   5  89   9  70  30  94  46  83  81  73  48
   65  92  63  42  23  40  93 100  60  42  87  37
   68  57  59  10  33  88  16  15
   17   8  49  11  37  32  73  82  29  83  16  31
   58  71  65  64  90  55  11  40  87  39  40  61
   11  77  37  84  20  75  87  10  72  82  72  88
   25  98  72  20  33  72  67  52  49   1  34  79
   26  29  49  47  14  50  86  48  60   7  20  23
   14  89  20  62  19  36  56   5  19  35  97  35
   58  21  11  88  76  79  59  50  13  42   9  50
    6  90  20  70  90  54  53  38   3  12  68  31
   75  88  21  75  39  59  68  45  24  48  63  61
   58  26  59  96  69  13   8  69  82  79  57  48
   21  40  56  48   7  61  50  35  61  57  84  22
    2  90   3  69  48  71  45  88  14  58  53  37
   15  60  65  22  62  33  18  98  69  81  46  71
   43  57  84  91  94  62  65  60  28  47  19  27
   49  10  74  87  61  96  59  89  66   4  99  27
   64  73  20  42  54  97  44  27  32  18  91  21
   94  23  83  12  35  49  37  36
   10  26  46  38  50  64  40  13  66  71  99  96
   31  10  61  89  96  68  42  24  94  70  38  58
   37  64  27  84  15  30  64  22  98  78  86  19
   40  48   9  56  69   9  25  42  95  57  12  15
   10  24  24  43  80  66  93  24  57  71  37  86
   68  58  46  86  22  72  95  13   8  92  37  80
   92  23   5  36  24   2  11  56  29  92  45  47
   16  93  82  43  69  29  72  10  56  54  47  41
   24  52  17  63  96  40  71  30  79  59  82  24
   59  84  99  59  98  20  51  80  44  96  48  58
   18  80  78  97  24  61  11  29  47  61  93  15
   50  34  54  48  74  60   2  48  45  51  23  67
   62  47  84  86   8  20  34  15  45  68  97  93
   14  23  80  92  36  44  69  12  12  20  30  78
   21  71   7  53  25  45  25  24  62  20  89   9
   53   5  84  56  96  37  73  43  70  84 100  77
   34  43  88  95  26  41  41  65
   47  84  39  46  75  93  24  92  74  34  54  62
   51  88  29  10  48  28  83  71  43   8  88  70
   50  70  51  18  20  43  15  10  39  40  59  28
   28  60  98  39  46  90  83  96  85   3   2  42
   78  53  75  98  88  85  64  80  19  30  61  82
    7   2  97  88  25   2  41  69  83  17  92  78
   28  21  91  58  40  72  12  35  37  18  63  22
   71  86  93  18  33  96  83   8  46  50  51  62
   73  37  52  39  11  30  74  80  90  91  45  15
   83  68  27  57  92  91  15   7  60  80  45  51
   61  40  86  63  10  59  45 100  53  16  61   7
   77  70  14  14   3  73  16  36  83  57  16  77
   15  42  99  24  23  35  88  51  72  27  40  18
   64  95  47  70  34   6  38  41  53   7  78  46
   31  34  69  91  10   9  47  64  71  40  85  41
   29  20  91  84  36  28  12  40  79  30  26  42
   83  77  50  10   8   7  38  48
   10  62  94  70  94  97  39  22  37  20  23  15
   94  19  61  75  87   4  36  44   8 100  94  81
   13  51  53  63  25  15  95  82  37  70  71  51
    9  12  97  95  64  49  59  62  98  13   8  13
   70  48  63  27   8  18  10 100   6   3   3  48
   26  99  61   2  97  24  73   8  17   7  93  32
   47  96  45  58  20  61  16  85  32  83  63  31
   48  63  11  28   2  20  48  29  91  85  34   2
   83  15  94  33  13  76  21  25  80  56  73  96
   52  59  78  87  66   5  30  51  24  31  88  58
   93  94  83  98  15  67   9  78  89  38  29  21
   90  15  73  66  55  21  38  71  90  98  88  13
   67   4  56  80  27  15  38  85  76  23   2  52
   89  38  79  26  10  87  70  66  43  17  44  51
   68  85  34  77  26  73  41  54  29  76  36  14
   52   8  53   3  42  96  96  82  11  91  38  36
   36  56  13  61  65  74  27  73
   59  98  16   7  25  65  96  32  52  59  89  60
   59  84  25  81  38  70   5  12  53  69   6  88
   44  56  78  75  21  31  46  58  69  14   7  44
   48  52  28  67  89  14  56  82  99  93   8  69
   56   5  73  32  12  89  17  94  92   9  75   8
   97  50  60  44  99  22  57   2  46  59  22  98
   54  18  87  79  18  77  57  10   5  42  11  81
   53  39  98   7  76  19  46  24  62  54  51  92
   71  43  86  97  35   7  96  46  62  88   2  69
   34  56  93  21   2   2  36  78  95  38  70  44
   15   5   9  42  34  62  36  21 100  94  13  51
   36  12  71  28  35  45  18  70  64  48  33  20
   67   1  68  42  58   5  52  26  25  85  83  81
   30  92  35  47   7  96  55  80  66  94  64  63
   88   6  55   4  30  71  95  28  20  59  26  91
   60  58  61  69  27  81  87  62  69  64  67  91
   10  67  33   5  45  73  94  71
   16  33  91  79  67   2  53  48  57  60  77  67
   96  79  78  83  54  34  26  49  52   4  46  22
   67  73  18  64  32  32  74  41  32  73   6  25
    8  96  54  90  56   4  19  20  28   4  51  96
   28   9  60  12  15  36   8  59   5   7  11  39
   66  49  40  55  23  93  22  16  54  76  38  34
   92  38  24  28  26  24  69  22  97  84  20  41
    5  74  75  19  99  53  88  92  88  84  71   2
   33  37  85  94  49  85  49  21   8   7  37  36
   34  84  75   2   9   6  48  80  66  64  90  44
   96  55  96  66  43  80  13  26   6  47  38   6
   37  66  31  95  46  53   1  87  96  28  13  80
    4  17  87  75  42  48  99  79  38  57  78   6
   73  82   8  70  84  69  26  93  62  64  28   2
   53  22  60  26  56  99  26   2  28  60  83  67
   77  70  45  68  70   3  76  54  24  34  99  79
   14  45  91   2  68  22  82  84
   49  27  49  31  35  24   4  52  52  13  86  77
   46   8  22  77  72  86  46  84  96  86   6  92
   96   7  59  55  61   7  74  87  88   7  32  67
   88  89  21  29  83  96  44  72   4  32  14  56
   93  59  53  99   7   5  95  84   7  54  88  51
   70  55  85   4  84  15  56   5  46   4  76  78
   64  50  37  12  57  47  37  50  57  45  87   2
    4  57  10  33  50  57  37  75  60  79  13  18
    7  20  92  12  75  36  40  69  63  44  34  63
   75  23  60  28  31  12  17  57  58  12  15   8
   96  82  73  95  98  48  24  99  24  90   9  58
   46  54  80  69  48  45   3  95  26  27  51  56
   83  29  12  36  37  37  81  76  15   1  67  81
   54  30  88  18   5  95  74  12  26  29  65  48
   89  22  13  76  78  29  80   6  83  64  40   6
   10   3  77   8  71  80  86   2  95  94  74  42
   17   4  57  41  84  28  64  74
    3  67  41  36  86  29  95  39  58  63  41  50
   32  39  84   8  62  16  78  44  46  44  17  80
   25  70  35  33  80  29  12   9  36  50  66   8
   59  53  62  21  57  51   4  33  82  50  38  21
   26  46  54  51  25  29  82  84  54  80  96  75
   36  74  13  67  30  76  89  97  41  46  25  96
   15  32  62  83  40  77  86  74  47  17  23  73
    9  78  40  79  39  79  51  82  95  33   7  64
   77  41   3   1  26 100  77  58  25  98  11  94
   99  15  23  63  19  23  79   5  92  86  85  57
   72  62  90  46  53  98  84  93  71  37   1  10
    7  11  14 100  80  45  41  61  54  57  41  80
   35  57  17  40  69  47  12  12  48  21  11  62
    3  65  42  48   7  58  77  19  78  70  28  17
   75  65  48  75  97  97  36  21  88  14  30  71
   34  55  12  38  60  51   4  23  38  27  72  22
   77  98  26  22  34  73  13   1
   29  87  77  30  79  16  71  50  13  91  56  24
   11  25  13  35  98  26  68  67  55  99  97   1
    4  54  24  17  18  91  22  92  20  16  11   6
   79  28  60  32  15  26  89  43  93   9  62  13
   31  73  95  11  90  14  51   7  85  23  42  67
   76  92  26  59  72  13  13  46  30  72  59  91
   57  58  71  55   8  56   1  97  83  49  52  77
   37  20  74  50  68  48  67  70  26  15  78  92
    5  96   3  68  52  69  85  48  60   8  20  79
   71  84  47  10  76  71  55  85  14  37  84  49
   71  51  20  45  84  79  96  13  37  86  99  91
   62  37  58  20  42  92  55  34   4  14  19  67
   27  58  25  53  38  84  99  24  12  48  18  10
   70   3   2  37  86   2  21  35  80  94  96  27
   21  32  95  37  24  62  35  88  56  30  78 100
   30  81  40  92   9  59  80  82   4   6  10  85
   73  59  86  16  26  60  19  86
   40  53  95  91  14  43  98  33  95  72  82  53
   62  41  60  69  17  32  79  78  95   6  13  54
   62   1  64  53  12  40  69  10  66  21  89  39
   79  25  20  35  35  11  82  73  46  17  30   6
   54  62  45  66  32  46  39  69  81  44  55   7
   34  17  62  51  50  99  63  55  22  10  88  49
   69  45  98  47  42  81  83  39  22  74  63  95
   17  60  86  68  66  55  33  87  40  54  12  62
   36  31  61  83  84  41  49  19  41  19  74  20
   94  77  64  14  62  12  76  10  92  93  96  94
   61  77  42  38  74  95  60  86  68  59  26  67
   10  62  45  87  94  75  53  35  46  50  17  73
   22  18  28  50   5  88  14  91   9  54  27   3
   79  84  51  67  89  29   2  52  43  17  20  99
   73  58  79  35  42  42  83  62  42  37  63  63
   95  89  81   4  54  30  30  25 100  65  30  49
   45  83  32  79  28  50  17  97
    2  37  29  59  88  40  73  54  19  28  22  59
   59  34   9  48  64  25  56  33  71   6  70  61
    6  17  43  14  77  33  54  12  84  66  68   9
    9  65  35  96  18  14  91 100  67  30  59  83
   97  70  48  45  34  27  51  19  89  27  49  76
   62  33   9  22  36  45  80  99  81  98   4  87
   53  65   2  99  95  51  84  85  34  99  48  32
   83  89  74  61  44  37  30  30 100  92  70  34
   25  42  34   1  75   9  47  97  93  52  20  26
   12  65  51  24  42  80  24  63  88  64   7  56
   37  17  55  46  61  79  10  15  20  25  99  79
   59  64  35  94   8  42  17  48  84  43  30  65
   91  83  44   8  19  17  18  72  39  36  91  91
   14  63  95  35  90  63  43   6   2  33  36  47
   64   6  61  34  83  51  88  80  50  75  79  34
   41  19  75  78  17  60   9  36  27  13  94  61
    5  26  36  48  71  84  19  25
   95  94  81  95  19  99   1  62  84  27  32  62
   59  16  75  45  29  74  50  28  94  78  90  92
   77  70  52  92  13  60   3  44  54  24  31  33
   72   5  40  12  57  15  53   2  12  33   8  87
   59   4  61  24  39  39  85  32   9  21  72   2
   42  94  28  87  30  75  78  12  80  44  64  65
   20  50  46   5  90   9  99  55  53   3  18   9
   83  81  13  22  77  64  11  23  45  35  58   4
   16  45  17  26  36  13  66  15  67  26   4  67
   91  36  42  44   6  65  13  75  23  99  64  56
   77  95  61  50  17  74  87  88   8  25  42  68
   33   4  41  56  93  36  21  82   7  10  31  48
    9  85  41  18  51  87  35  27   3   8  18  76
   50   6  10  34  96  10  46  35  64  12  82  81
   91  73  90  44  31  24  59  59  58  57  94  31
   60  38  19  30  46  94  74  96  38  25  18  34
   78  91  23  18  26  29  83  85
   45  73  51   7  69  32  46  68  41  29  87  85
   63  40  61  93  57  13  79   3  72  71  74  98
   79   9   6  36  70  94  53  46  65  70  21  33
    4  53  36  74  50  32  51  21  93  68  41  96
   44  98   3  99  38  32  58  99  32  51  52  43
    9  14  53  47  72  48  53   4  53  57  67  76
    2  19  35   5  93  82  17  99  28  71  99  48
   27  83  92   7  37  87  27   8  26  28  60  58
   87  23  69  35  37  61  59  92  15   9  56  55
   82   3   9  23  28  53  89  67  60  45  96  36
   13  36  49  48  42  57  90  96  28  15  87  47
   74  84  31  41   8  21  34  90  79  46  33  82
   63  60  90  77  56  35  89   9  78  15  37  83
   74  20  64  82  13  42  26  59  83  46  99  41
  100  72  86  29   4  32  11  98  52  13  22  95
   33  72  89  41  52  44  10  31  43  35 100  33
   60  24   4  88  82  64  85  12
   83   8   4  59   8   6  89  86   4  89  52  56
   82  63  78  26  57  85  60   8  47  71  92  66
   75  87  77  24  70  57  19  55  65  60  29  89
   97  27  22  14   9  46  17  66  47  58  39  41
   63  61  17  87  14   5  83   9  60  96  78  63
   67  95  44  64   7  19  28  80  52  35  83  32
   84  69  66  96  86   2  40   7  50  64  69  48
   67  48  26  63  36  95  86  46  61   5  31  47
   49  28  45  73  14  74  18  83  72   5  44  91
   45  36  24  67  60  41  61  35  49  44  63  72
   47  28  45  14  95  27  24  47  39  32  23  14
   28  88  69  12  17  95  94  94  66   7  36  66
   39  33  36  90   5  37  39  81  37  37  97  12
   14   7  66   7  18  74   6  45  37  21  80  62
   63  84  60  49  93  57  20  47  30  85  38  58
   78  70  97  34  50  67  88  83  60  88   3  70
   31  97  37  11  84  16  96  77
   78  84  40  90  71  81  37  29  67  27  78  18
   89   4  43  70  23   5  72  12  14  36  66  76
   67  12  88  11  53  59  59  71  97  16  65  27
   90  29  50  54  83  59  19  45  86  76  40  99
   72  61  40  29  74   7   8  57  85  16  92  16
   62   2   5  50  20  89  17  17  35  16  60  80
   46  27  29  19  51  81  76  21  11  46  19  84
   44   3  31  21  35  40  50  51  24  60  75   7
   15  76  64  30  73  12  38  75  23  99  76   8
   51  86  22   4   6  28  77  48  92  90   5  39
   82  53  30  85   6   5  39   8  52  45  76  35
   73  84  51   8  84  46  31  80  56  61  46  16
   26  74  84  86  87  40  98  78  98  24   2  88
   76   2  64  23  98  62  22  99   6   3  69  47
   97  33  61   6  35  73  16  26  41  55  10  70
   98  20  81  10  51  21  32  29   5  22  21  22
   24  98  69  93  37  36  59  61
    206   194   191   210   203   218   196   208   182   199   206   207
    218   211   207   209   199   197   211   209   195   200   201   191
    216   194   199   207   200   202   201   201   203   198   212   204
    192   209   204   192
