 30 100
   96  42 109  27  88  69 102 112  30  10 111  44
   34  98  98  44  94  27  84  22  49  89  59 102
   59 102  39 109  88  96  89  25  69  52  21 100
   66  71  33  83  61  86  34  77  72  28  63  44
  109  60  14  99  88  76  35  88  38  64 103  40
  102  89 115  66  94  22  94  50  32  21  34  91
   78   8  24  99  76 104  72  67  86 104  71  33
   98  73  19  33  78  64 115  98  58  33  55  15
   15  20  52 119
   80 100  57  75  24  57  34  78  41 103  72  53
   86  21   5  44  45  95  90  21  27  76  51  93
   91  63  37  76  65  74 102 102  17  92  89  35
   54  85  66  86  59  22   4  68  59  58  13  23
   86  59 105  38  53 107  45  39 106  58  95  74
   38  71  99  80  49  79  55  94  57  25  44 100
  101  64  54  20  78  39  17  82 103  95  61  97
   23  98  97  50  93  90  13  88 117  96 113  22
   14  29  89 114
   55  57  36  23  43  18 110  79  39  86  96  48
   98  78  68  91  48  49  19  79  62  75 109 108
  104  14  56  90  17  43  73  58  83  12  23  94
  108 114  19  26  36  58  89 112  68  49  74  53
   75  20  42  75 101  70  90  77  69  85  33 112
   88  72  79  74  44  54  68  48  45  23 106 105
   14  91  99  66  96  55  77  64  81 117 101  31
   19  76  26  66  65  35  10 103  70 107  39 100
   78  67  60  48
   79  45  24  87  54  54  19  16  26  33  15  68
   67  37  87  51  82  60  85  87  89  67  69  22
   66  54  69 113  78  26  90  22  10  54  81 103
   77  80  44  61 100  36  89  93  81  47  44  23
  104 103  46  32  50  45  57 107 112 108 103  68
   73  37 117  55  65  67  35  77  98  42 101  78
   92 102  73  72  30  17  28  49  20  93  81  85
   34  95  70  62  80  37  60  96  30  94  81  89
   40  26  59  48
   86  95  34  19  85  70  48  88  67  65  95  59
   90  51 107  31  97  95   8  14  27  44  61  75
   41  54  89  87  44  97  59  72  66  33  94  91
   79  65  14  23  73  96  37  37 110  26  67  58
   76 111  52  95  43   6  40  15  62  49  42  91
   18  26  34  20  83  15  82  86  77 108  45  20
   99  73  86  51  35  94 104  79  78  89  57  69
   76  55  74   3  83  72  50  46 102  89  71  91
   16  83  90  52
   83 112  49  16  29  94  18  28  23 109  96  76
   39  57  71  63  79  13  26  54  70  20  46  70
   57 113  22 114  37  89  85 105  62  30  38  95
   56  65  93  13   8  78  37  85  95  23  16  18
   34  73  46  25  40  46  18  96  69  85  16 102
   93  56  81  24  26  40  76  31 100  32  23  49
   33  31  95  42  60  24  53 105  64  77  19  93
   41  77  23  32  80  12  21  98  61  45  19  83
   67 100  10 100
   26  80  10  26  46  50  19  54  70  81  79  58
   64  73  91  31 116  87  51 111  54  90  42  89
   43  46  56  35  54  95  46 106 116  13  88  41
   29  32  97  46  71  37 107   5  35  54  59  27
    8  90  48  36  42 106  98 102  26  80 107 116
   34  55  57  70  72  49  28  75  21  30  30  26
   61  68  57  75  85  77  60  27  56  97  19  77
   44  45  85 106  76   4  54  63  23  55  59  71
   47  76  62  82
   79  57  19  97  95  73  27  65  34  67  24  38
  111  58  81  74  30  54  66  13  88  25  22  38
   79  21  88  84  35  38  50  96  96  33  77  22
   74 106  73  72 100  10  71  75 112  60 115  82
   10  86  41  34  68  65  80  37  87   8  13  67
   73  98  22  56  87  65  37  40  67  19  10  56
   98  78  28  47  21  21  21  52  78  30  29  54
   46  79  61  88  61  61  77  39  22  64  96   9
   21  76  95  78
   92  72  56  51  37  16  90  77  60  47  51  45
   99  49  17  86  62 106  88  40  73  85  56  53
   66  92  27  33  56  40  12  61  47  90  96  99
   28  28  69  26  44  49  50  11  95  29  87  24
   65  76  46  52  42  61  57  41  55  78  63 104
   66  57  80  79  80 113  60  74  49 105  46  62
   25  19  49  37  37  66  24  25  86  17  76  53
   23 103  73  63  72  57  44  25  94  73  87  12
   61  80  95  71
    3  19  59  76  77  99  44  71 114  66  52  68
   49  85  21 113  57  54  20  27  71  78  92  33
   68  77  13  35  42  81 104  51  94  33  49  98
  104  18  54  40  70  57  45  23  16  38  71  93
   86  99 116  36  32  85  62  71  95   9  74  36
   96  29  23  24  46  39  26 100  29  66  95  94
   79  77  24  89  50  12  45  39  48  14  94 101
   35 107  21  87  97  84 105  46  33  63  53  58
   57  27  16  51
   96  76  23   3  43  43   8  87  19  97  32  45
   91  55  62  32  29  45 114  44  87  65  94  80
   17  47  87  24 114  75  81  98  16  63  42  76
  104  68 104  24  23  44  91  50  89  29  52  46
   72  13  79  96  39  99  60  38  22  93  90  57
   45  75  81  85 100 101 109  18  66 108  12  63
   74  67  97  23  59  41  18 100  78   3  52  57
   49  59  47 110  94  79  83  59  67  96  32  35
   13  20  71  62
   96  96  29  95  59  39 103  18  38  48  29  98
   55 103  58  72   9  70  38  75 108  23  89  29
   48  61 100  51  24  93  29 101  29  19  14  85
   62  52  64  42  40  98  32  83  66   6  82  83
   34  74  55  71 108  90  85  52  12  16  79  97
   72  12  24  59 103  39  57 110   8  37 106  73
   77  33  16  52  72  63  62 104  36  75  55  59
  107  40 107  65  49  20  99  55  91  62  22  12
  112  90  81  22
  113 106 100 111  26  83  23  82   9  12  24  66
   65  66  87  79  51  85  51  63  57  45  14 111
   79  36  34  54  92  64  74  45 100  35  90  16
   86  78  14  93  24  11  93  26  83  10  16  73
   49 108  67  31  66  83  72  22  74  43  10  83
   85  49  95  64  58 106  29  80  24  53  29  50
   80 108  38 103  88  59  39  51  68  61  95  34
   89  51  42  97  70  60  20  47  96  35  45  36
   55  20  31  59
   13  71  49  50  41  45  43  29  50  81 106 109
  103  29  63  32  93  97  56  79  33  30  86  52
   79 100  28  66  24  96 104  29 103  78  92  87
   30  13 109  32  60  27  32  92  89  45  93  49
   30 107  76  37  94  21  80  53  59 102  75  78
   96  62  48  31  31  13  34  76  19  77 105  28
   85  76  71  46  60  77  86  93  80  46  55  68
   16 110  75  19  19   8  67  85  60  78  96  32
   42  31  53  78
   88  54  92  55  94  72  19  63  62 109  34  45
   83  54 106  43  61  78  96  32  75 101  80  64
   30  50  48  32  32  49  96  24  73 115 118  28
  103  55  43  92  59  78  50  37  30  97  21  68
    9  28  10  68 110  98  25  79  95 102  99 113
   79   9  67  21 107  67  47  29  56  34  75   6
   19  68  97  78  31  17  30  52  16  28  62  93
   95  23  77  95  99  13  11  96  31  24  39  23
   79  39  22  67
  100  89  70  92  86   8  28   7  84   7  73  25
   57  12  15  30  48  77  38  54  85  97  24  68
   31  50  62  46  89  78  66  43  72  61  74  23
   27 105  20  70 115 102  17  31 106  86  52  95
   61  98  56 105  69  24 106 101  42  73  92  44
   42  69  97  69  65 104  48  90  46  45  86 113
   47  26  86  42  35  17  77  69  91  30   7  54
   34  75 105  50   7  70  93  59  41  68  98   7
   28  56  35  35
   48  60  83  67  46 102  24  10  37  35  72  82
   93 104  49  99  18  45  57  31  55  51  73  72
   17  20  39  46  18  74  42  79  65  57  62  53
   18  76  12  95  67  41  10 102  80  75  81  32
   88  71  73  40  87  58 115  18  63  49  22  78
   69  43  62  26  97  73  75  86  38  64  83  26
   47  37  17  43  92  49  21  31 107 100  16  48
   94  17  84 101  86  96  45  84  13  72  25  95
   22  86  75  42
   27  71 108  24  52  89  18 103  96  92  29  29
   93  13  88  75  90  68  97  57  94  73  12  29
   62  90  52  51 113  28 108  72  44  52  38  26
   65  63  85  86  51  15  25  60  23  58   5  64
  110  22 108  24  60  50  32  66  95  94  86  82
   72  50 105  21  59  18  56  61 110  80  37  54
   55  22  34  44  82  30  71  18  20  58  47  50
   81  18 100  95  75  62  58   8  55  65  80  76
   48  81  60  16
   83  83  78  90  37  54  16  56  66   6  86   9
   16 104  71  45  48  14  52  69  75  29  58  24
   68  15  38  35  29  34  49  62  70  58 104  53
   60 100  87  99 102  43 101  55  35 100  83  31
   99 102  99  31  38  80  34  56  28  70  37  84
   94  65  78  63  56  77  90  80  86  50  33 100
   86  24  82  90  84  49  93  65  15  82 101  61
   31  19 111  21  81  32  80  84  42  47  13  99
   58  59  35  32
   10  58  23  77  43  71  50  34  82  43  82  13
   74  15  63  28  21  21  32 114  52  64  82  69
   15 103  37  64  52  57  37  12  63  44  37  96
   29  95  68  63  98  50  43  74 109  37  36  55
   55  43  90  54  54  61  65  25  52  68  81  58
   56  36  78  85  24  67  78  15  49 102  52  94
   31  59  90  52  97  54  18  59  85  14  34  76
   93  88  24   9 110  13  70  58  97  44  75 111
   84  64  46  36
   24  28  57  53 100  77  18  91  27  92  74  26
   28  72  87  65  72  63  20  63  50  60  71  42
   40  70 104  20  59  71 106  87  51  20  60  67
   18 111  50  35  20 105  53 105  95  94  76  55
   85  28 107  32  24  59 110  83  31  53 102  68
   59  83  93  74  20  47  39  84  99  72  96 112
   15  76  37  15  37  25  71  77  54  86  14  14
   79  60  78 102  49  34  76  76  66 103  78  99
   43  68  22  12
   77  27  82  98  40  76  60  75  68  64  98  49
   89  27  68  51  66  65  35  16  28  50  63  53
   80  19  69  94  69   3  62  50  53  80  48  59
   88 112  75  31  65  41  77  74  91 102  87  25
  101  24  78  27  86  88  98  54  64 100  71  42
   68 114  13  41  52  65  46 102  46 101  41  12
   16 100  22  28  70  48  85  67  99  44  10  25
   99  47  18  51  93  33  61  21  77  45  58  72
   53  63  58  76
   98  49  24  85  26  73  95  57  33 105 103  98
   21  59  18  72  93  60   9  30 105  56  32  47
   95  68  72  68  27  17  78  54  83  51  72   7
   76  27  34  97  94  93  95 101  22  43  67  80
   86  59  82  85  89  15  39  88  92  94 104  19
   99  96  40  20  80  21  17  27  24  67  45  48
   42  70  62  34  78  53 108  97  83  49  23 111
  112  73  71 106  30 108  43  66  77  26  72 114
   36 111  23  77
    6  37  97  50  14  91  56  55  73  32 113 101
   68  44  12  22  63  48  43  93 101 109  83  48
  106  88  14 104  28 108  28  23  44  14 109  23
   25  81  54  67  41  86  19  59  66  94  25  74
   48  40  78  72  53  68 109 101  36  24  45  19
   88  89  46  68  94  57  76  15  18  48  35 102
   30  33  33  63  52  38  63  41  81  99  83  51
   70  13  90  27  20  58  35  30  37  58  38  90
   27  67  25  59
   36  51  50  91 105  71  48  15  37  83  62  49
   21  88  67  73  60  61  95  60  48  25  38  32
   83  88  91  20  48  38  83  67  96 110  23  60
   63  46  40  60  75  65  52  94  51  18  28  47
  102 103  84  13  64  37  59  57  31  86  34  22
   13 109  96 102  29  28  30  36  92 100  75  78
   65  52  65 100  28  21  95  66  46  65  47  93
   54  20  86  20  70  78  15  28  20  75  34  91
   13 109  97  27
   65  71  42  23 105  31  44  50 113  52  24  49
   17  89  35  23  28  60  13  67  66  47  26  21
   67  37  93  72  17  99  15  65  95 108  93 110
  115  65  58  56  27 105  85  71  89  33 109  52
   58  31  41  39  42  67  39  78  67  69  53  61
   13  61  23  24  51  94 108  18  94  34  18  56
   45  96  66  83  90  96  76  18  97  47  58  84
   49  31  83  67   7  15  48  34  87   9  80  93
   22  38  94  28
   19 105  14  21  99  81  93  99   5  94 104  42
   24  25  41  70  29  95  99  97  68  44  91  63
   48  43  92  64  50  55  75  12  69  65  88  39
   70  43  17 100  81  64  28  26  38  77  83  39
   99  55  34  49  64  19  37  32  79   4  96 111
   59  39  16  61  76  78 108  91  85  74  26  28
   14  75 103  43  67  59  65  99  40  50  50  85
   97  77  37 100  25  77 113  34  59  61   8  54
  110  72  53  85
   29  51  63  93 105  73  96  42  90  20  40  43
   98  72 106  35  83 103 101  76 103  99  86  81
   93  86  83 106 104  21  35  39  39  24  20  78
   52  25  26  59  14  24  16  28 106 108  66  86
   88  28  96  13 112  46  28 109  75  34  74  39
   39  37  24  93  17  55  14  45  54  56  41  80
   83  98  81  80  86  14  16  39  79  74  70  38
   76  34  64  75  38  86  12  53 100  30  97  53
   99  77  63  27
   14  42  44 111  64  47 109  90  36  50  51  28
  108  21  69  93  33  66  51  79  88  71  15  13
   36 103   7  42  47  70  87  45  54  81  34  55
   72  61  88  62  47  36  91  28  70  56  40  14
   60 106  95  62  19  93  54  17  63  43  35  74
   74  21 101  78  89  15  68  82  21  23  19  16
   50  52  32  93  94  66  33  24  37  66  36  17
   71  70  35  81  52  22  45  61  21  16  21  88
   54  18  42  35
  103  77  76  76  59  44  82  60  86  61  20  81
  102  54  16  53  73  50  68  14  28  90  47  79
   68  68  21  26  76  66  75  50  64  60  33  69
   17  49  32  16  32  95 100  77  59  81  98  97
   40 107 112  68  16  18  91  31 107   2  87  10
   36  96  77 103  74  99  36  28  27  47  25  69
   61  59  70  92  88  17  44  24 100 103  14  91
  108  54  99  30   8  86  25  14  88  73  96  11
   43 110  62  73
   19  72   4  87  21  40  15   2  73  96   5  70
   75  21   9  65  25  92  21  97  69  25  47  16
   59  15  69   2  19   6  22  92  35  57  83  15
   46  38  74  20  53  17  75  43  41  79  52  70
   11  52  95  18  26  35  76  27  69  51   2  64
   17  13   3  46  17  89  15  63  87  96  84  24
   26  95  83  12  28   1  33  50  22  11  48  86
   13  36  83  79  42  54   4   8  57  69  55  87
   97  84  59   1
   30  17  50  30  83  55  80  40  73   3  46  55
   18  98  98  67  64  11  21  85  82  32  52  21
   24  43  82  26  46  41   2   5  94  22  18  78
   55  35  37  22  56  95 100  52  48  58  92  91
   33  59   4  81  66   9  60  63  14  62  16  29
   71  42   4  23  56  24  52  10  49  90  65  10
    6  41  63  91  30  71  85  29   6   7  55  19
   97   5  10  64   9  19  92  17   3  20   4  85
   90  90  20   6
   62  63  77  81  67  96   2  24  76  20   9  68
   18  33  42  17  61  58  96  26  43  27   8   1
   15  95  49  20  94  62  43  55  35  99  88  11
    5   3  89  80  78  47  13   7  47  58  43  63
   28  94  60  37   2  45  23  37  50  34  70   6
   15  46  31  45  61  57  47  58  63  79  13   1
   89  20  21  45  16  53  25  55  36   2  13  80
   96  34  91  54  37  71  92   8  46   8  72   3
   29  46  47  62
   41  72  89  21  48  63  85  89  91  83  90  47
   51  83  25  62  31  49  35  19  25  50  39  94
   49  50  45   1  38  77  21  86  98  63  36   7
   31  36  61  45  11  80  30  14  29  61  63  97
    6  11  63  76  52  70  56   3   7   4   8  38
   29  69   3  63  53  53  76  40  10  69  19  42
   10  15  36  41  81  97  78  68  83  17  25  23
   72  12  35  56  32  73  60   8  72  11  23  13
   80  94  52  66
   16  10  81  87  19  38  55  17  53  46  19  52
   16  58  11  79   9  20 100  92  77  75  41  28
   64  62  24  18  70  15  49  46  36  80  11  28
   26  54  91  89  37  16  71  74   6  89  48  46
   41   9  67  22  61  96  75 100  44  60  70  14
   96  93  78  92  26  96  30  32  33   5  64  85
   13  30  31  59  68  19  14  25  41  18  60  43
   44  56  35 100  20  34  67  57   2  31  31  12
   91  22  24  67
   28   8  58 100  86  10  91  80  97   2  10  26
   66  56  48  43  32  94  88  63  37 100  57  38
   52   3  85   6  68  24  31  15  50  79  64  13
   53  55  13  96  99  33  74  26  24  84  87  95
   70  33  64  78  63  68  92  21  36  31  90  10
   19  52  34  94  93  65  35  77  13  73  95  63
   71  78  13  71  56  80  53  11  41  28  87  22
   61  43  86  70  33  98  83  17  53  65  92  36
   46  15  97  12
   91  35  99  82  62  62 100  52  41  36  41  53
   51  43  25  86   2  16  56   7  64  21  66  15
   63  67  60  69  66  12  68   6   2  93  18  70
   82  71   8  63  38  72   6  99  68  61  50  81
  100  13  72  75  66   7  20  15  86  23   4   1
   71  61  54  32  30  68  85  30  94  72  75  87
   57  40  61  29  20  37  43  77  54  10 100  41
   73  70  25   5  26  99  59  45  83  64  55  42
   61  39  40  21
   35  47  98  14  18  35  75  54  86  38  96  71
    7  56  38  40  80  56  40  94  26  94  83  75
   35  90  19  36  84  72  59  20   9  75  38  93
   40  13  32  42   8 100  33  29   3  51   4  22
  100  27  75  74  51  52  22  72  28  96  90  48
   44  15  93  47  22  47  69  66  36  91  97  52
   10  24  81  56  83  97  94  61  33  90  83  66
   64  26  42  29  57  45  38  81  84  54   9  98
   83  26  19  35
   22  37  49  54  75  93  12  31  49  59  60  69
    7  56  99  33  45   1  23  64  33  26  53  64
   53  19  93  86  63  67  90  41  63  27  13  12
   81  86  40  85  69  62  67  98  10  90  15  86
   37  42  57  56  71  49  63  63  61  32  49   4
   49  60  40  25  32   4  49  35  54  12  65  40
   95  98  58  79  83  42  87  89  16  94  36  65
   86   5  44  39  39  60  66  80  22  30  29  93
   57  27  16  39
   99  92  61  29  33   4  65  48   5  42  58  46
   54  26  85   2  53  53  99  88  46  41  27  86
   40  28  92  72  71  32  16  60  24  81  61   6
   15  97  54  80  43  51  63  97  97  69  34  12
   29  15   1  72  87  21  46  42  17  95  34  81
   15  81  96  90  56  81  90  16  79  48  15  23
   29  33  84  23  69 100  73  67  56  99  19   9
   70   9  90  18  15  29  10  63  76  51  51  56
   46  80  88  61
   16  39  97  99  73  73  99  23  86   8  82  66
   19  64  48  86  73  70   2  70  17  40  17  25
   97  67  28  81   2  39  24   5  96  53  65  27
    7  52   3  80  88  68  17  56  26  82  63  63
   34  94  39   6  77   7  53  76  97  21  14  55
   62  42  25  25  13   5   1  97  36   4  90  53
   42  37  10  94  59  70  93   9  39 100  56  45
   70  45  64   5  15  34  26  43  43  20  85  83
   95  97  39  43
   14  23  86  14  50  75   9  94  70  60  76  20
   56  10  62  38  97  49  70  42   3  85  22  84
   61  54   4  54  82  27  87  17  85  85  97  22
   54  55  55  65  64   4  74  19  54 100  26  25
   77  38  65  41   6  17  17  67 100  95  29  14
   39  94  79  51  17  75  59   8  95  70   5  38
   31  82 100  52  47  42  41   3  84  35  58  43
    4  79   6  43  60  82  12  63  29  40  94  99
    4  16  30  85
    2   5   4   3  82  37  93  28  99  99  92  49
   46  51  18  34  59  17  53  53  48  63  90   6
   40  72  68  51  20  41  34  64   8  77  13  90
   25  26  91  22  92  94  18  85  26  95  99  39
   55   6  35  85  45  28  41  93  43  74  97  36
   26  59  11  38  62   4  80  39  95  52  82  65
   30   3  67  17  31  52  65  69  43  47  10  77
   16  56  68   9  41  44  90  71   9  71  63  68
   65  91  86  58
   94  40  58  53  66  57  66  74  56  27   5   8
    2  75  54  88  13  13  51  32  79  85  23  67
   36   2  86  42  88   7   6  82   9  31  16  19
   86  96   9  74  44  85  75  15  17  69  24  62
   90   7  42  70  13  98  40  60  49   9  45  25
   19  41  59  88  82  89  83  32  97  40   2  83
   31  43  32  67  43  42  28  15  24  71  59  43
   96  10  42  91  89  99  38  22  55  32  12  82
   70  85  56  30
   29  54  28  63   9  44  99  55  53   5  83  74
   28  48  10  59  49  25  11  85  35   4  32  52
   88  53  72  73  80  53  18  87  47   3   2  79
    2  50  68  15  61  30  57  81  79  18  94  50
   97  91  94  46   4  14  82  32   9  15  20   2
   33  96  53  89   3  50  60  91  61  79  28  98
   97  42  21  41  76 100  86  50  91  87  50  22
   25  82  36   9  21  99  98  10  73  92  65  79
   24  69  89  50
   14  25  44  13  25  95  83  96  35  97  41  87
   47  98  94  72  67  27  75  53  26  23  82  34
   71  61  41  69  13  24  43  73  39  43  37  91
   91   3  86  35   5  10  86  77   1  17  50  19
   59  17  47   3  37  94  13   2  61  44  20  69
   73  45   5  43  49   8  66  24  68  73  21   3
   56  78  20  65  81  90  34  47  20  89  96  59
   82  29   8  69  97  48   9  52  66  52   8  96
   74  51  78  80
   63  51  19  41  63   2  86  97  80  77  48  27
   23  16  70  17  84  57  47  80  62  53  33  31
   94  91  76  59  99  33  78  26  42  57  50  67
   97  29  96  13  37  69  98  13  24  40  23  85
   23  45  30  68  17  44   5  88  46  68  92  40
   46  66  58  79  14  47  40  26  73  41  37  85
   60  78  90  76  19  70  90  72   8  13  89  60
   21  92  29   5  25  15  75  29  99  38  81   8
   98  24  39  72
   92  45   3  86  58  22  94   6  21  12  82  79
   24  94  20  42  12  50   9  57  10  34  99  76
   57  15  61  53   3  74   6  31  64  68  82  81
   53  57  31  16  58  89  94  53  92  53 100  47
    4  89   3  87  44  66  83  52  10  20  18  26
   35  52   6  87  49  92  61  45   7  27  65  50
   65  82  82  64  34  81  40  89  86  49  67  64
   30  94   3  20  41  43  55  97  62  42  35  33
   65  21  45  97
   30  22  30  15  74  58  93  64  42  96  32  98
   99  16  35  66  68  93  51  39  30  82  44  87
   43  88  67  72  73  71  53  44  36  46   9  60
   52  11  29  12  15  77  19  59  71  16  33  89
   11  11  19  76  76  39  85  60  76  47  68  36
   20  46  26  54  52  25  29  39  19  66  78  12
   25  83  26  30  22  63  12  42  95  25  13  53
   71  92   3  94  35  77  30  21  61  69  98  10
   54  54  71  75
   96  54  86  40  68  33  56  72  38  63  20  90
   46  92  41  91  88  85  81   6  67  46  27  51
   93   1  72  47  54  51  77  92  50  75  74  10
   84   8  45  48  22  70  61  45   8  70  80  60
   48  60  14  63  56  59  47  89  59  41  30  54
   62  75  30  30  87  44  40  93  63  10  55  20
   82  49  14  59  20  57  95  55  18  96  82  43
   25  30  86  99   9  98  39  61  20  70  38   1
   25  53  62  70
   91  84  59  66  11  39 100  27  84  25  32  76
   74  47  29  40  43  43  88  51  69  43  47  70
   73  32  13  96  56  32  11  17  53  95  46  44
   98   9  69  85  98  11  60  15  25  24  27  55
   18  92  11  82  93  44   9  35  81  53   6  35
   53  19  21  29  82  64  64  35   5  37  12   3
   96  26  82  88  65  93  38  40  48  19  92  97
   31  51  26   7  71  77  27  35  39   3  32  16
   70  43  83  94
   32  79  26  15  63  31  42  29  51  38  10  63
   16  87  41  69  53  46  74  95  81  57  48  65
   37  99  36   8  49  99  44  65  59  22  70  50
   21   7  27  77  46  77  26  43  26  16  25  84
    6  83  37  86  29  25   5  58  41  20  34  73
   50   3  90  67  61  46  60   4  67   2  72  93
   98  11  80  92  41  70  17  43  14  66  95  90
   14  66  86  58  14  78  53  86  34  68  45  31
   63  41  61  28
   16  53  96  32  84  33  25  49  71   9  16  18
   98  47  93  45   9  58  95  75   6  57  79  61
   22  46  39  44  88  97  33  49  25  62  32  96
   33  81  70  23  14  10  13  10  87  61  38  34
   31  58  29  22  28  95  76  24  27  18   1  94
   20   8  79  91  22  90  87  79  79  47  57  55
   70  41  43  77  39  57   3  15  22  55  87   3
    6  33  49  14  82   4  59  43  27  85  35   2
   80   5  86  26
   98  66  15  70  93  17  56  53  34  71   3  14
   37  68  91  81  50  62  65  24  17  11  19  71
    2  31  99   1  74  12  85  79  67  98   7  80
   80  28  48  51  63  34 100  48  49  16  83  37
   56  62  24  48  50  47   2   3  72  79  58  96
   23  19  62  45  16  60  41  96  86  66  78   2
   73  77  70  49  51  75  40  64  34  11  25  65
   37  96  17  90  99  58  71  78  77  55  76  19
   92  51  81  58
   77  51  61  25   4  40  56  96  66  22  49  60
   90  14  43  42  48  51  24  59  63  90  77  78
   34  20  17  82  65  81  19  50  15   9  80  51
   52  74  79  47  28  53  53  12  56  95  87  61
   15  13  20  96  46  74  50  55  85  26  73  84
   89   4  15  18  83  79  82  68  19   3  32  33
   45  67  46  13  91  81  19  39  63  54  63  19
   51  98  20  90  50  38  90  87  93  31  72  23
   98  11  10  78
   53  34  76  84  12  79  59  68   3  54  87  69
   94  27  76  84  89  48  91  39  44  61  89  82
   35  78  21  43  97  18  96  48  18   7  16   7
    1  39  58  51  82   7  35  46  24  82  11  56
   52  76  72  79  72  40  79  39  41  50  63  42
   99  43  91  95  69  15   1  93  17  82  85  55
   71  14  50  36  12  13  27  93  13  69  56  23
   55  73  21  46  98  89  59  73  16  95  23  19
   90  81   8  83
   94  11  99  84  11  39  15  11  99  14   8  74
   85  87  65  41  73  25   4   7  44  62  11  57
   55  73  12  50  59  61  40  95  36  44  27  69
   35  72  94  18  27  41  75  90  76  31  28  76
   18  50  79  59  50  89  72  78  41  99  22   8
   44  69  97  45  32  26   3  14  35  36  76  77
   97  34   6  65  47  50  46  17  71  60  61  24
   15  39  69   7  79  35   7  83  47  52  99  60
    4  44  51  35
   75  51  50  17  12  43  20  66  29  91  63  70
   16  35  10  79  35   9  17  28   1  12  34  25
   23  24  30  13  16  94  74  78  65  87  96  33
   63  91  91  54  97  91  99  89  11   7  40  20
   22  83  18  91   3  57  79   4  28  75  44  66
   75  80  88  12  99  59  96  75  64  50  75  37
   31  19  27  24  23  88  91  75  37  42  40  74
   31  77  45  35  65  34 100  59   9  72  13  50
   11  26  48  92
   90  77  75   6  44  71   5  21  82  57  60  79
    3  92  51  25  71  46  68  30  23  41  87  98
   76   5  96  72  61  45  21  58  57  22  74  64
   44  45  17  48  73  77  24  75  34  54  70  98
   53  10  24  42  89  23  59  95  53  71  72  35
   29  99  17  38  20  96  49  22  93  92  85  98
   53  61  75  27   8  36  83  93  68  45  82  94
   45  49  67  39  61  98  69  54  85  99  93  15
   66  97  64  76
    6  32  32  32  57  62  22  51  26  43  86  26
    7  62  86  51  37  52  48  99  75  23  69  33
   43  52  88  78  28  46  27  70  50  56  80  41
   89  60  79  95  77  10  13  26  51  34  15   7
   70   8   8  44  91  86  12  85  13 100  24  97
   77   7  43   4  39  12  76  83  89  55  93  40
   48  50  49  16  22  88  69  90  14  17 100  28
    7  61  14  85  99  25  83  93  16  44  18  92
   67   8  56  34
    119   118   121   125   126   144   139   142   137   135   133   133
    131   128   135   134   143   136   134   141   129   133   125   141
    133   134   130   132   157   124
