 10 225
   90  19  92  28  38  67  87  47  28  44  79  91
   89  60  68  60  74  57  79  47  51  58  45  54
   65  50  43  83  84  85  59  96  58  55  99  17
   74  85  92  55 110  40  58  65  37  48  45  22
   68  21 104  64  12  21  43  60  16  69   8  60
  100  48  93  15  15 113  52  69  54  18  41  67
   33  63  73  49  23  89  70  48  96 105  71  39
   97  60  49  89  45  39  75  17  16  69  53  81
  101  81 107 109 112  58 103  11  44  65 109  71
   38  97  79  12  22  71  71  81  87  41 105  85
  105  23   9  39  94  38  28  22  57  90  37  71
   83  65 105  39  51  86  62  90  20  42  45  93
   94  12  88  23 102 100  33  36  52  82  96  59
   67  95  82  34   9 106  76  95 102  67  34  80
   85  44  75  79 109  96  83  50 116  81  15  78
   41  40  74  84  35  43  38  64  79 113  11  11
   48  49  33  36 102  23  33  71  92  60   5  35
   13  51  84  84  97  74  34  57  43  15  68  20
   31   5  48  68  98  97  58  66  64
   55  63  48  67  72 100  77  22  33  36  31  36
   37  13  23  58  81  68  28  81  47  25  40 110
  103  77  43  41 101   9  37  52  42  40  83  37
   55  29  58  46  15  34  38 114  62  64  77  90
   62  44 103  41  23  11  56  25  53  60  49  80
   58  23   9  26  19  51  13  19  60  98  59  33
   78  88  67  61 110  17  12  90  45  46  84  31
   25 109  25  53  66  72  72   7  11  12  21  58
   65  80  49  84  96  91  22  23  43  80  46  54
   67  74  62  75  64  75 108  63  19  60  38  46
   16  87  55  89  21  69  60  38  54  20  48 106
   60 101  92  60  17  60  10  36  30  84  93  88
  104  17  77  97  76  69  80 103  24  93  66  14
   60  41  70  80  80 114  43  21  42  30  69  98
   18  10 104  82 100 105  22  42 102  32   8  71
   21  74  23  21  44 102  31  64  87  99  43  58
   37  76 108  34  59 107  79  28  89  97  30  19
   59  48  50  78  59  48  37  43  48 100  70  97
   35 103  58 105  58  90  55 107  83
   31  27  63  98  86  29   4  34  22 109 107  66
   33  45  60  32  42  69  48  31  30  73  39  59
   68  22  85  24  29  94 101  96  43  92  17  25
   68 104  35  33 106 105  73  95  43  79  23  53
  116  70  28  34  44  97 102  91  35 107  68  23
    4  63  71  47 107  85  16  22  52  26  61  94
   53  92  68  85  69  48  53  35  79 105  82  72
   58  80  29  70  82  85  76  40  94  52  59  18
   21 107 109 106  59  66  83  74  47  80  15  23
   60  12  96  23  38  50  42 103  26 108  86  49
   69  76  87  19  22  56  61 105  66   8 105 113
   81  30  44  38  61  26  22  45  29  59  86  66
   16  49  68  72  95  84  61  61 105  74  66  57
  101  63  50  74 103  42  36  23  95  26  25  58
   79  51  11  22  69  72 108  27  84  31 104  16
   80  49  63  40  70  60  48  34  93  85  86 104
  118  79 104  85  75 101  90  61 117  78  93  70
   95  20  99  38  86 106  13  77  85 105  95  43
   54 102  63  42  17  48  97  61  89
   87  52  74  33  59  54  26  47  99  72  86  33
   93  93 100  37  83  19  49   3  45  65  65  11
   63  14   5  36  80  86  50  43  97  47  25  45
   11  21  48  15  22  78 101  66  22 101  64  12
   88  36  26  24  24  15 110  85  35 105  54 108
   99  60  39  40  20  58  20  89 113  77  11 111
   14  99  93 100  45  20  90  32  68  81  30  56
   12  69  23  65  35  87  35  31  56 106  16 105
   76  23  16  43  85 107  83 105  11  26  92  86
   20  68  29  38  77  22  83  90 103 104  87  11
   58 107  36  30  18  62  84  78  16 103  75  29
  115  47   9  87  22  41  98  50  53  23  99   4
   60  37  70  89  24  34  61  67 103  27  50  41
   64  74  25  37  75  37 110  83  20 100  20  42
   83  21  42  60  58  20  33  88  13  38  57  76
   23  14  96  92  83 109  65  91  50  56  96  64
  107  87  48  52 106 100  60 102 103  83 108  60
  102  53  67  81  94  27 103  78  27  74  84  38
   80  16  59  79  72  57  37  62 110
  103  62  12  54  60  61  19  92  71  76  19  76
   65  60  39 108  49 104  26  43  12  65  20  60
  101  37  60  24  25  17  76  80  98 109 117  70
   14  35 103  84  27  80 115  94 103  56  97 108
   82  83  20  61  21  69  57  46 100  28 107  94
  111  63  49  37  40  34   9  40  75  16  29  70
   78  20  28  46  52  75  26  41  16  15  65  44
  101  34  38  97  44  19  10  18  48  64  66  26
   44  40 101  38  38  13 107 101  30  65  59  93
   93  54  64  28  25  42  97 101  21  57  14  45
   95 110  49  66  25  93  51  60  25  80  95  84
   65 103  11  44 101  21  75  63  96  55  28  23
   54  73  44  70  19  98  85  28  84  46  62  23
   15  11  85  70  20  82  85  51  51  17  49  16
  100  76  81  16  85  95  59  28  42  87  42  94
   25  55  83 116  57  89  14  25  11 107  14  15
   59  20  67  98  39  33 110  98  43  37  60  81
   49  23  73  19  49  57  80  74  95  66 107  72
   45  39  77  73  18 104  99  62  64
   37  69  32  28  77  79  22  27  79  59  76  43
   25  59  66  65  64  65  25  70  70  37  26  80
   20  45  98  41 106  35   5  21  88  27  23  48
   41 101  20  89  23  86  53  90  73  60  16  61
   87  80  14  84  57  29  47  63 105  36 102  96
   28  62  44  66  23  19  70 104 115  54  73  16
   87  78  88  52  25  86  99  48  44  88  70  44
   33  95 108  58  16  65  26  96  15  78  74  49
   64 116  35  69  92 106  89  21  33  22  43  41
   24  81  27  20  15  14  29  35  80  44  78  51
  100  97  42  64  71  42  77  58  81  82 106  88
   30  78 112  83  69  37  64  57  52  62  33  95
   83  50  19  40 114  85 106  82  48  44  17  18
   52 105  65  68  37 103  26  55  21  56  48  80
   56  47  30 113  55  57  66  25  47 105  94  46
  104  82  59  99 109  87  41 103  79  34  39  23
   81  61  67 112   4  58  78  92  40  92  67  73
   92  40  85 109  53  54 100  71  82  93  91  61
   52   4  98  39   4  94  92  61  76
   84  98  36  45  57  75  92  38  55  53  69 104
   89  90  55  77  79  40  95  73  80  89  70  66
   27  85  31  48  40  41  22  88  43  42  34  15
   24  74  11  31  84  65  82 104  19  51  30  61
   42  97  38  98  81 104  79  19  49  89  11  28
   84  31  78   6  79  84  82  84  23  52  73  38
   50  16  22  73  27  42  81  62  65  83  16  96
   30  48  45  85  18  34  28  26  30  29  83  52
   10  86  20 110  55  30  31  44  40  16  96  72
   24  48  61  71  23  51  89  21  41  87 106  88
   11  44  68  18  56  96  84  39  20  60  83  98
  107  15  76  34  24  84  51  78  23 103  55  79
   53  69   4  70 101  49  39  44  38 112  29  89
   76  22  25  67 103  53  75  80  24  79  59 110
   88  71  73 108  74  14  36  42  49  59  60 112
   46  82  81  75  77  10  93  64  94  25  30  69
   30  57  87  26 111  94  95  77  85  22   6  40
   35  90  50  65  49   7  84  32  57  69  87  15
   57  48  98  44  61  55  61  26  94
   34  32  58  24  54  86  38  47  29  30  38  95
   64  70 104  22  69  95   9  25  79  49   4  25
   51  33  99 106  59  20  65  28  98  41  97  37
   62  27  49  26  18  83  99 104  99  90  62  10
   62  26  43  99  24 103  57  27  77  43  63  55
   48  21  62  15  98  70 105   9  87  33  35  30
   79  70  16 101  23  55  35  25  66  63  62  72
   11  86 101  38  88  77  97  63  87  15  89  60
   41  13  37  35  52  21  63  24  56  56  53 106
   78  16 113  71  99  31  58  95  74  25  59  95
   86  59  45  99  95  31  31  45 100  20  88  84
   35  41  35  58  64  13  51  22  97  59  52 101
   76  80  41  31  31  40  65  91  95  17  37  84
  100  26  18  17  83 101  93  52  59  23  38  85
   65  86  97  98  43  38  39  40  76  35 116  47
  117   9 105  86  97 110  18  47  99  69 112  52
   48  56  71  86 101  98  73  54  16  32  31  44
   27  74  49  57  50  85  43  69  64 104  92  88
   61  30 101  83  19 117  46 100 116
   89  26 101  11  66  83 109  94  18  64  83  52
   98  78  67  83  97  65  36  17  19  73  91  73
   60 101  74  24  50  54  61  91  94 103  80  95
  115  83  90  30 100  58  94  53  98  73  99  44
  115 103  40  55  79  11  70  41  32  93  72  30
  104 102  97  90  64  60  80 107  91  86  76  63
  110  39 112  29  80 100 103  97  70  82  87  25
   48  54  85  18  15  78  95  19  83  13  49  38
   87  72  21  59  28  89  36  26  38  65  59  40
   53  42  56  25  19  95  95   9  39  60  60  34
   35  32  61  66 102  62  50  95  95  19  45  87
   16 102  31  86  86  91  51  16  87  34  28 101
   12  20  62  23  76  31  73 111  28  21  58  70
  114  39  44  45  92  40  90  69  71  24  51  79
   51  59  11  34  94 105  72  67  68  82  17  13
   13  38  66  79  82  43  87  90  63  88  61  48
   95  19  64  59 102  79  75 107 110  57  71  84
   47  25  78  74  18  28  27 117  71  66  95  95
   54  63  16 105  37  99  47  71 108
   87  15  45  85  44 110  77  37  67  29  85 101
   69  61  97  60  80  35 108  31 110  40  40  15
   55  53  48  93  86 111  21  17  53  64  47  18
   70  44  35 100  88  86  53  43  89  43 102  82
   58  21  59  97  54  40  68  24  72  68  78  10
   34   7  62  31  68  67  38  41  22  32  44  78
   68 112  95  74  79  65  85  16 101  23  99 116
   33  76  75  97  51  39  33  78 110  87  78  45
   84  11  22  15  19  79  15  72  34  34  70  78
   75  14  74  54 102  62  89  45   9  15  28  92
   59 100  68  14  30  72  52  52  88  68  51  94
   17  45  53  50   8  45  72  41  70  80  31  48
   77  35  95 109  44  43  23  71 110   6  48  40
   60  27  56  35  52  48  66  78  54  71  47  30
   80 107  76  83  63  30  63  37  35  19  77  47
   37  40  25  72  52  71 107  70  72  91  39   5
   77  69  24  78 106  15  38  27 111  78  72  74
   24  72  69  45  53  47  64  99  18  42  34  58
    4  67  93  49  16  54  72  26 100
   17  87  11  90  69  53  24  57  84  75  26  15
   20  59  34  49  44  53  36  58  63  61  61  62
   39  57  71  28  31  18  47   8  53  65   7  87
   37  20  19  50   8  75  44  47  74  72  75  90
   37  97   2  48  96  86  75  58  86  42  99  53
    9  66  24  96  91   3  51  33  52  94  61  51
   73  49  45  56  94  22  50  57  17  10  39  69
   16  55  62  25  68  65  42  94  95  42  66  29
   15  28   4   8   3  60  17  98  76  37   3  35
   80   5  38  99  91  43  34  30  33  76  15  25
    5  91  95  71  18  67  81  81  55  19  75  43
   28  51   3  80  62  32  40  27  82  66  67  18
   18  98  23  85  14   9  75  71  65  38  10  52
   52  16  22  78  94   4  27  20  17  52  85  32
   27  71  31  26   5   6  20  61   4  31  90  41
   70  62  36  25  70  69  82  56  24   7  92  93
   66  59  69  69   9  97  82  42  15  47  97  76
   95  66  23  30   7  42  73  54  68  95  37  99
   89 100  61  50  10  13  48  53  53
   51  56  65  35  33   8  41  83  80  77  75  74
   65  99  85  44  21  49  80  24  67  85  76   4
   14  42  67  61  10  93  70  53  67  77  22  74
   47  76  44  65  94  70  70   2  58  43  32  29
   49  59  13  70  81  98  61  89  63  52  65  27
   54  83  93  85  87  55  93  85  49   9  58  85
   25  18  51  56   9  94  94  27  70  65  19  86
   89   6  82  52  49  39  41  98  94  93  88  49
   52  31  61  28  12  29  96  82  73  27  63  57
   53  41  48  38  51  35   7  56  88  56  78  56
   99  33  63  22  89  36  57  70  52  98  57   9
   58  10  22  46  95  51 100  75  75  19  18  15
    7  86  31  14  26  49  36  16  93  15  51  91
   48  70  49  29  30   1  62  87  61  75  47  17
   93  97   7  33  11  14  81  60   4  86 100  41
   99  32  94  95  59  15  74  54  32  11  64  50
   75  30  10  72  43   1  36  84  22  21  76  99
   45  63  62  27  58  54  71  72  57   6  42  10
   76  13  52   5  49  17  55  11  31
   87  89  51   5  31  77  99  76  89   2  13  48
   69  69  57  70  63  42  64  75  87  47  81  43
   42  94  35  83  77  17   1  17  74  12  95  88
   40   2  73  75  12   7  41  16  77  28  80  52
    2  41  83  80  76  11   9  19  69   8  35  81
   98  46  42  73   8  26  95  86  64  94  48  24
   64  20  46  20  47  70  62  82  30  15  28  48
   51  29  81  45  24  18  35  70   8  52  45  84
   85  11   3   7  59  41  28  37  55  32  89  79
   44  95  23  87  69  68  71   9  90  12  33  59
   41  42  24  94  96  59  55   2  54  95  15   5
   25  75  70  76  44  83  83  66  85  52  30  43
   91  55  39  47  22  20  43  52   5  46  39  48
    6  39  64  28  11  61  81  90  17  85  81  57
   40  69  91  98  34  37   3  76  19  81   7  93
   24  65  44  62  48  47  67  77  25  17  17  13
    2  37   5  20  36   6  17  43   3  29  24  48
    8  99   9  64  22   1  97  33  24   8  16  77
   56  14  46  77  93  64   6  59  23
   25  50  42  87  57  57  78  65  16  38  21  85
   19  16   8  80  28  92  62 100  75  45  52  95
   46  90  98  66  27  17  61  62  17  64  79  61
  100  81  72  92  81  39  11  41  86   3  45  96
   17  75  93  79  79  94   2  20  68   1  56   4
   14  60  64  79  92  53  97  31   2  27  92   6
   91  12  21  11  68  88  19  73  51  39  74  57
   95  38  88  46  78  20  85  88  50   7  95   7
   39  92  98  64  30   2  23   1  95  92  17  25
   96  44  75  71  43  86  34  25  15   7  21  96
   50  11  75  74  89  50  27  27  91  10  35  76
    2  60  97  25  90  71  12  59  50  87  11  99
   53  66  48  22  82  82  58  44   7  86  67  65
   39  35  78  77  38  78  10  33  86  11  98  76
   28  84  72  45  58  88  70  18  93  80  45  42
   88  97   7  12  24  11  49  16  52  56  21  42
   13  25  72  50   2  10  60   3   6  22  11  60
    4  66  51  37  26  79   1  24  78  33  28  71
   24  95  61  28  36  58  75  55   5
    7  46  91  53  43  50  94  14  36  28  93  30
   41  48  75   9  60  12  78  73  96  40  88  50
    8  73  60  80  78  87  37  32   8  11   1  38
  100  68  17  34  81  29   4  15  13  64   8   8
   29  28  94  46  86  42  54  68  17  92  13  22
    4  48  62  79  62  77  98  73  41  91  77  39
   26  93  78  65  64  36  80  69  95  99  55  74
    6  79  68   5  75  85  94  88  60  52  45  77
   71  64  11  81  70  94  10   7  81  54  57  13
   12  51  41  83  83  69  13   6  83  54  88  62
   18   9  67  39  91  13  56  43  81  40  13  34
   42   2  94  66   9  90  28  44  24  47  83  91
   65  32  67  35  98  13  22  92  32  67  46  83
   88  91  17  41  91  25  32  53  60  88  66  94
   18  36  31  91  17  12  53  83  65  30  70  11
   82  58  27   1  52  19  94  79  93   1  94  87
   49  84  45  10  79  78   7  20  70  69  53  39
   57  81  45  99  56  57  24  28  14  38  11  39
   63  67  26  38  98   3  12  46  53
   79  46  70  89  34  25  87  82  32  60  28  72
   86  54  39  53  39  52  77  38  38  83  82  32
   99  68   4  66  14  81  99  96  26  81  90  67
   72   7  85  28  80  25  57  24  39  52  91  44
   15  31  94  29  50  75  60  44   6  70   5  19
   83  42  62  40  94  85  38  16   2  59  35  97
   21  34  30  64  84  16  21  71  67  21  37  64
   72  19   5  45  87  39  79  15  96  31  46  66
   53   4  72  47  23   8  28  84  83  95  68  66
   87  35  80  91  88  91  90  81  31  67  30  54
    2   8  74  53  42  65  31  55  23  32   3  23
   88  31   4  32  51  67  44  54  59  49  73   8
   24  64  88  68   3  22   5  37  55  60  87  84
   57   8  45  38  72  17  90  54  96  55  56  31
   54  59  80   2  64  48  53  77  67  10  17  59
   11  36  44  14   4  30  66   6  30  73  67  95
   21  53  44   3  99  58  24  27  75  28  51  34
   16  71  24   5  63  49  11  42  33  10  15  51
   56  99   8  66  99  26  25  56  38
   23   6  78  70  62  29  28  75  55  57  38  13
   30  20  49  34  28  70  16  34  28  26  33  47
   84  22  82  58  77  76  89  20  72  69  85  90
   96  29  95  78  27  40  29   1  87  52  84  58
   62  16  70  13  21  16  31  92  55  25  98  91
   27  75  39  98  33  27  29  29  79  64  31  67
   65  97  87  33  86  76  32  47  46  21  99  17
   77  58  63  34  84  76  75  81  88  91  24  58
   92  23  99  10  52  84  78  74  68  87  17  46
   82  57  50  43  90  57  21  92  66  31   2  26
   99  58  43  88  46  15  27  64  87  53  37   5
   11  91  37  77  87  19  67  25  82   8  48  39
   58  43  98  39   5  61  67  72  73   4  78  24
   28  84  83  35   7  62  33  39  96  37  53   7
   23  49  44   7  42  92  84  75  62  49  47   4
   62  23  32  29  31  94  10  47  16  87  77  36
   85  46  26  84   6  23  22  41  22  84  99  75
   67  26  69  45  64  96  33  85  57  44  18  98
   48  64  15  70  41  65  43  85  13
   72  88  62  87  62  29  71  56  82  89  70  19
   48  41  16  88  40  14  98  86  28  63  98  85
   66  81  14   4  46  87  40  74  13  66  22  68
   46  79  65  86  99  34   7   7   9  14  50 100
   53  78  66   8  88  15  52  76  41  61  53  61
   54  90  49  92  14  49   7  96  21  71  80  87
   38  47  95  18  92  51  79  91  39  43  56  42
   95  19  13  69  32  38  22  40  22  99  22  53
   64  89  70  67  59  90  53  84  51  46  55   8
   33 100   1  49  14  85  46  10  45  85  44  15
   16  52  63  19   7  87  80  68   4  92  20  24
   80  70  69  54  39  97  53  84  14  58  65  12
   40  37  68  78  81  75  55  14  21  94  71  32
   17  77  99 100  22  11  10  60  56  96  66  21
   54  18   7   5  68  73  70  67  35  74   2  69
    2  96   9  17  23   8  87  60  12  41   3  63
   58  49  44  22   7   4  30  60  99  71  83  74
   80  42  65  53  61  26  77  51  51  11  17  24
   50  81   5  36  99   2  65  20   4
   28  76  19  96  36  34   2  14  97  43  27  64
   15  31  36  37   9  49  75  92  88  39  24  32
   47  14  45  85  63  55  42  16  13  12  29  23
    2  27  18  77   3  60  13  49  11  38  20  64
    5   5  69  60  29  94  46  67  80  11  42  90
   14  17  10  13  54  46  37   4  28  19  28  46
    1  72   3  74  31   5   7  21  33  32  27  81
   60  52  31  86  88  32  15  92  24  96  54  75
   17  36  85  50  87  26  80  89  69  52  52  64
   58  61  55  90  83  14  14  93  77  50  52  83
   72  74  42  39   3  48  61   9  14  93  66  26
   98  13  75  26  33  20  64  93  27  84  77   3
   93  84  48  84  26  79  32   2  84  85  53  32
    6  74  65  70  10  75  21  41  33  94  58  24
   68  48  94  86  17   2  35  39  52  30  97  91
   99  80  44  34  26  61  28  19  42  28  52  64
   17  91  43  60  10  38  30   2   3  58  46  19
   63  92  37  30  99  82  77   1  46  45  12  25
   48  49  95   3  68  12  59  47   1
   31  94  62  26  62   4  37  72  40  76  17  10
   45  52  15  53  37  79   8  77   4  62  71  97
   61  67  64  10  28   4  81  96  59  51  64  93
   37  62  81  18  30  23  65  59  14  74  12  38
   53  98  45  17  48  67  47  85  36  52  40  95
   70  96  42  73  43  52  79  78  89  79  62  41
   38   4  25  44  32  41  26  88  18  81  10   1
   79  41  37  17  54  69  72  24   1  22  30  63
   30  96  95  96  99  36  98  37  74  79  48  42
   42  92  39  63   2  51  13  68 100  87  86  15
   49   6  35  97  87  47  51  50  17  34  52  11
   95  61  58  53  99  61  33  79  35  23  82  71
   28  80  19   8  66  62  87  48   7  97  55  68
   46  92  63  67  51  63  36  36  57  37  62  84
   23  11  32  33  50  73  39  69  69  95  40  60
   80  71  86  39  62  33   9  37  42  24  72  98
   31  33  84  38  12  92  78  77   5  40  46  31
   81  39  40  66  49  69  39  16  95  68  76  57
   98  46  20  58  92  59  35  76   3
    900   958   866   921   929   886   947   922   830   944
