 15 150
  100  36  88  73 100  87  51  38  44  73  62  93
   43  42  29  24  87  34  75  77  25 104  34  57
   36  74  87 115  21  59  94  81  68  63  93  47
   74  80  30  28  88  47  92  53  53  52  55  57
   20  47  89  32  50 105  71  79  40  52  41  67
   50  76 111  68  35 104  83  36  90 110  66  48
   52  72  20  78  43  84  33  32  61  39  27  97
   60  77  42  55  67  69  41  37  90  20  58  93
   68  51  78 100  68  99  78  54  62  18  53  19
   69  72  97  63  54  88  98  23  54  36  51  59
   23 106  71  69 100  82  61  63  48  38  73 100
   71  77  38  56  54  50  19  98  88  73  69  92
    2  71  48  16  41  52
   29  32  72  14  62  24  41  65 108  35  26  75
   76  52  26  66  32  53  13  63   8  70  33  67
   15  25  10  97  66  20  72 107  61  98  25  82
   34  24  90  20  99  78  78  76  98  49  82 109
   51  93  91 104  45  12  11  77  89  91 101  43
   20  98  77  59  28  99 105  53  29  59  23 117
   61  99  90  36  83  21  29  99  19  42  74  65
   37  64  93  96  74  49  56  34  85 104  29  27
   19 100  53 104  84 109  44 106  48  98   6  87
   43  36  55  65  39  75  45 107  70  68  65 112
   62  73  22  20  55  25  20  71  94  33  68  49
   80  19  38  36  95  88  43  21  50  73  99  40
   26  35  97 113  65  55
   22  13   7  96  52  17  92  41 104  24 107  85
   96  72  39  70   6  82  40 111 104  24  88  54
   77  20  49  62  55  58  88  24  32  59  46  77
   49  88  37  99  79  73  28  19  18  42  41  68
   38  62  48  80  32  55  53  47  69   9  51  90
   21  59  52  35 100  81  43  96  39  19  24  30
  105  56  50  69 103  87  99  22  51  53  40  41
   49  18  97  95  55  15  44  36  64  74  34  62
   18 102  96  33  78  82 108  51  56  45  75  50
   19 109  72  64  25  70 104  34  46  15  86  52
   49  72  68  26  88  24  51  25  20  90  35  74
   59  49  40  72  61  20  66  78  97  25  30  95
   64  61  82  63  55  64
   77  68  22  76  41  68  70  81  78  83  55 110
  109  78  41  21  82  94  45  21  49  70  62  46
   80  15  29  44  80  37  45  16  66  44  86  95
   32  58  64  19  96  61  39  35 107  79  99  64
   78  69  21  54  33  97  60  91  15  80  37  45
   27  19  83  21  49  15 104  50  29  72  66  65
   38  75  49  32  93  67  78  81  75  98  97  48
   60  26  69  25 101  91  89  96  34   6  19  24
   68  23 111  53  76  12  83  97 108  56  40  70
   13  19 102  82  21  60  63  73  42  39  31 102
   65  57  86  43  99  83  94  91  18  38  91  87
   82  61  86 103  65  19  53  92  39  97  37  31
   75  14  91  57  43  49
  106  87 100  99  44  56  60 103  82  90  69  30
   81  39  87  43  97  38  89  61  47  41  83  78
   46  50 109  40  99  86  70 102 104  35  16  78
   59  65  53  15  41  45  77  79  72  73  47  47
   34  37  42 104 111  13 106  88  64  34  31   9
  104   9  59   9  49  48 109  56 107  98 102   6
   50  58 105  26  88  31  32  34  70  21  86  54
   34  47  81  66  72   7  54  81  70  48 114  79
   30  87  96  80  85 107  61  41  24 105  83  32
   61  54  60  93  49  59  88  31  36  13  70  67
   52 102  93  80 104   4  14  30  81 104  20  82
   24  80  55  86  92  95  13  97  83  48  62  41
   38  89  63  83  60  24
   14  31 100  20  72  44  16  34  20  56  74  27
   87  95  66  47  62  34  94  21  46  42  79  71
   91  72  95  19  91  31  58  15  51  88 102  49
  105  86  16 114 106  21  72  85  97  31  58  90
   16  25  14  19  97  34 105  93  53  73  96  90
   74  86  67   4  24  87  64  96  19 100 118  44
  100 100  45  35  12  52  64  10 102  20  18  29
   30 101 100  77  84  41  95  44  66  90  77  51
   93   4  83  30  52  94 100  88  82  49  54  14
   51  58  81  71  46  90  33  29  93 102  37  75
   93  16  68  56  86  17  77  80  57 103  95  60
   91  35  93  19  33  73  40  79  99  63  68  97
   37  38  38  46  86  60
   39  23  55  54  42  59  57  19  33  16  95  44
   31  31  37  38  56  84  23  80  90  48  72  39
   60  76  89  82  53  63  54  79  69  27  17  35
   97  48 100  79  62  62  31  64  65  38  44  45
   77  97  97 111  59  16  88  49  36  18  21  29
  104  26  97  49  31  59  33  19 114  26  57  53
   26  23  52  98  64  61  98 103  56  37   6  70
   17  53  54  74 100  61  39  91  50  91  28  19
   40 108  86  29  77  24  67  20  32  61  77  85
   31  37  63  46 106  87  50  81  75  81  61  51
   89  94  26  23  87  37  28 111  51  56 113  57
   86  96  97  76  61  90  34  88  43  94  98  82
   79  70  82 101  70  54
   19 106  88 109 108 104  43 105  86  95  89  55
   75  89  70  19  94  99  48  30 103 100  57 107
  119  42  51  11  16  27  11  32  12  26  38  18
   31  27  62  91  92  36  12  64  98  88  14   7
   16  83  71  34   9  64  67 100  20  46  78  71
   80  18  95  93  58  68  65  57  48  34  37  84
   22  99  74  77  97  81  53  34  42  25  78  19
   74  97  62  58  33  41  86  92  33  13  98  20
   28  97  68  23  40  35  10  24  96  71  33  32
   19  25  28 106  35  48 104  79  27  47  99  16
  118  79  97  35  72  55  83  99  62  92  96 103
   77  35  86  30  62  32  83  17  57  69  85  74
   44  67  39  76  20 101
   50  83  78  59  56 108  30  26  47  51  61  19
   84  81  46  27  24  54  38  64  54  38  54  79
   82  47  94 105  87  25  59  66  99  59  25  16
   23  95 106  61  23  76  64  65  39 111  59  59
   24  34  77  77  27  37 103  95  94  79  36  24
   28  87 107  40  87  55 102  35  14  80  14  67
   86  63  52 103  86  67  72  47  13  78  21  76
   78  54 100  69  66  77  77  36  82  26  44  59
   31  96  67  35  98  43  97  34  34  62  88  24
  105  42  46  52  83  23  21  79 111  35  47  48
    5 113  68  58  53 108  34  65  20  93  62  36
  112  11  51 100  60  39  36  37  63  40  53  67
   32  27  23  83  78  51
   56  91  44  94  34  58 105  81  58  37  58  92
  106  17  71  47 101  71  38  28  33  64  22  76
   86  58  57  68 116 105  97  70  42  37  22  41
   70  16  12  59 104  52 115  57  76  24   6  76
   58  44 112   8  70  60  92 109  19  98  86  13
   64  77  56  39  22  43  31  58   9  64  42  51
  108  92  21  73  40  55  13  41  45  67  42  22
   21  69  93  77  91  38  55  75  98  89 107  58
   33  14  70  46  15  38 114  38  36  68  60  23
   86  69  73  88  25  21  60  66  91 100  26  49
   41  96  50  46  79 104  89  98  84  83  47  77
   95  86  16  80  93   6  86  22 102  34 102 110
   67  80  20  95 103  79
   74  68  65  88  55  92  94  20  14  56  94  63
   55  26  72  93  54  88  95 103  82  13  33  55
   96  35   7  90  81  29  68  11  76  44  20  63
   24  77  84  67  78  87  37  70  21  17  70  58
   69 109  34  65  28  70  71  29  14  83 107  52
   59  66  58  98  55  90  51 114  79  92  40  58
  105  89  64  16  98  68  37  12  97  77  84 100
   65  50  40 107  66  49  98  41  79  41  96  15
   21  51  81  38  89  53 113 108  49  21 100  91
   28  27  31  63  89  54 107  77  37  61 103  69
   94  38  98  70  26  68  10 102  47  75  97  31
   56  29 102  45  24  25  75  94  43  37 100  54
   42  74  11  65  62  35
   47  61 101  67  66  66  58 113  82  31  91  64
  101  61  39  31  70  42  77  86  21  34 102  92
   91  53  47  68  32  31 106  60   6  41  12  25
   42  43  33  83  76  56  52  90  46  67  84  68
   19  14  45  67  40  42  35  28   8  50  92  97
   17  14 116 109   8  73  93  93  66  92  89  49
   15  29  78  98  21  69  53  22  48  88  24  48
   28  52  26  91  54  86  55  15   7  36 101  32
   59  27  73  77  69  28  24  67  94  95  76  26
   22  65 106  28  96  22  81  59  25  98  13  40
   90  41  99  54  99  42  71  85  95  79  39  89
   62  43  57  32 101  64 100  55  49  84  46  57
   78  10 109  91  15  31
   35  89  93 106  95  63  56  33  66  64  30  62
   37  66  92  55  69  20  81  27  40  21   9  60
   96  55  73  81  47  34  51  49  15  37  44 106
   84  89 106  72  17  85  75  31  94 104  50  83
   37  83  80  92  75  39  53  36  23  75  73  76
   62  65  27  36  14  63  51  70  63 112  33  68
   10  88  40  44  69  94  79  60  96   8  15  56
   63  86  84  27  62  53  38  49  97   2  44  84
   26  36   9  23  49  18  21  50 109  62 103  42
   81  39  37  45  91  61  61  88  17  36  23  17
   62  69 114  91 105  26  44  44  79  81  92  19
   95  48  64  81  81  19  85  27  25  80 110  54
   85  68  38  65  91   6
   24  55  39  37  64  74  86  43  89  90  69 103
   24  76  69  27 107  91  93  41  73  91  51  63
   63  25  48  79  43  95  12  50  67  56  35  80
   28   9  99  69  28  69  52  68  67  47  82  52
   32  75  96  73  96  71  56   4  63  43  28  56
   51  41  43  62 101  95  88  65  91  76  39  23
   22  82  53  61  48  90  50  89  62  33  20  22
   18  23  63  90  41  40  88  24  45  27  49  11
  110  64  40  69  59  39  87  96  25   7 103  33
   79  42  58  33  39  66 103  26  49  67  44  15
   12 105 106  49  67  75  78  93  42 109  63  92
   67  16  44  98  87  51 109  37 101  30 114  12
   73  82  53  30 104  82
   18  85  66  11  82  20  94  36  77  27  74  20
   80  72  38  31  92 100  98  78  14 105  65  63
   75  24 106 103 107  76  89  82 103  85  60  82
   62  44  35  20  49  81  87  44 102  52  63  77
   23  33  59  39  71  86  88 102  81 106 108  35
   12  89  93  31  79 106  26  28  80  32  62 101
   57  76 103  18  47  91 100 110  80  60  69  67
   27  50  22 105  86  17  54  69  33  68  50  25
   89  92 102  17  98  33  20  34  26  33  33  72
   15  37  23  43  38  31  25  49  85  65  32  16
   44  68  11  10  45  93  38  15  30  62  54  15
   36  82  94  50  48  91 111  69  35  38  90  47
   58  76  99  45  52  70
   15  76  23  33  19  32  55  68  67  38  51  26
   60  68  83  84  23  80  37  35  92  13  77  51
   76  35  19   4  95  48   8  36  51  56  23  57
   33  27  88  79  18  58  14  58  54  57  58  52
   91  63  13  71  65  11  32  25  72  66  74  38
   61  41   8  51  67   4  28  68  21   8  42  65
   58  43  82  39  59  29  81  87  45  79  89  14
   53  26  60  47  42  50  76  65  18  99  61  16
   46  55  33  18  51   5  40  50  54  97  66  95
   45  44   6  54  59  26  18  91  48  75  68  45
   96   3  42  41   3  26  54  44  56  73  45  13
   36  25  71  62  61  54  89  11  18  44  48  18
  100  31  63  87  78  55
   73  82  47  95  49  89  64  38  12  76  85  44
   40  56  92  40  84  50  89  57 100  41  70  36
   94  86  98  11  50  91  47   8  53  18  78  34
   68  96  26  83   5  30  32  40  15  69  33   2
   55  20  22  15  71  91  96  29  19  25  10  71
   93  21  41  48  78   8   3  66  77  59  90   1
   54  11  15  76  33  83  88   5  87  63  42  43
   75  41  23  18  36  64  48  72  26   8  76  80
   84  13  63   2  28   2  74   5  59  13  96  31
   73  71  56  42  69  36  57  11  41  36  55   1
   48  44  92  97  50  93  89  32   9  82  37  66
   23  88  69  75  21  23  73  95  65  45  12  74
   90  82   7   2  49  60
   83  99 100  19  52  94  27  62  14  80  13  27
   14  31  71  46  99  28  76   8   6  78  27  61
   43  88  62  55  55  48  32  91  74  53  69  41
   59  25  79  12  30  47  92 100  93  75  74  35
   82  47  67  33  74  56  49  69  41  95  66  12
   85  48  50  80  10  35  63  11  75  87  80  75
   10  55  59  36   5  24   3  92  64  50  67  79
   64  84  16   9  48  90  70  77  55  46  77  57
   91   5  23  84  29  30   7  55  59  75  36  60
   88   3  34  49  82  47  13  69  59  87  25  68
   53  48  44  92  14  93  60  91  89  25  77  46
   61  57  78  30  53  83  40  27   7  90  84  17
   38  50  27  51  62  46
   36  52  84  29  62  50  35  33  27  29  53   6
   11  31  77  86  24  23  64  95  71  39  50  56
   35  93  88  64  36  66  58  97  43  62  25  22
   78  45  55  85  19  59  70  79  13  25  21  39
   33  33  98  60  69  16  45  22  90  24  65  74
   80  88  37  94  70  94   6  58  79  45  37  37
   81  36  61  72  12  44  41  27  30  18  14  67
   58  92  44  85   1  16  26   7  73  99  87  87
   48  95   7  58  33  93  28  21   2  59  72  38
   93  96  14  31  84  56  41  32  69  71  71   3
   41  54  19  61  17  20   8  27  84  75  14  32
   35  51  30  13  45  93  53  23  73  11  65  73
   43  90  20  58  61  70
   11  18  11  12  72  51  45  17  31  27  36  83
   33  67  21  70  12  73  31  45  60  77  27  33
   71  70   2  78  11  17  32  15  12  76  98  25
   61  54  65  92  62  75  35  29  39  29  66  65
   86  66  74   4   8  97   1  18  53  72  75  93
   15  95  44  95  65  55   4  61  11  13  14  96
   54  46   5  85  20  77  81  74  41  89  33  64
   77  57  33  48  47  97  57  39  36  69   1  32
   85  17  16  28  20   4  52  77  96  10  37  70
   57  60  45  21  61  46  29  83  66  99  42  48
   63   8  23  37   4  99  89  74  30   8  85  34
   78  34  59  34  18  20  89   6  28  55  52  78
   73  20  47  22  58  95
   91  76  14  95  44  63  95  80  99  51  38  78
   27  11  50  58  46  70  24  92  59  63  29  41
   26  37  16  84  13  71  57  93  60  23  16  69
    4  30  95   5   8  92  41  34  13  82  53  17
   95  79  89  96  18  84   7  20  59  32  23  24
   39  26  43  99  89  24  54  22  99  20   2  60
    2  17  61  77  95  56  40  97  10  96  94  74
   76   9   8  41  19  65  15  60  45  15  28  60
   24  99  31  83  61  14   4  27  26  68  57  91
   66  44  22  45  58  15  80  88  16   9  83  44
   27 100  41  59  24  97  34  29  61  12  24  51
   19  80  18  97  79  31  64  27  21  52  34  21
   66  64  65  68  20  49
   71  85  58  63  70  52  55  84  77  97  23  75
   77  84  79  67  46  27  89  31  14  68  31  64
   43  44  24  24  50  51  52  36  41  85  96  70
   10  55  12  31  51  52  80  41  41  78  69  71
   37  10   7   3  54  98  25  54  72  96  83  76
   15  94  10  56  73  59  75 100   6  81  53  66
   89  88  54  13  50  55  12  16  55  68  98  44
   93  52  48  29  11  45  65  23  54  15  90  85
   74   2  22  90  32  82  40  91  85  48  43  35
   78  81  48  69  13  23  60  31  35  34  54  55
   13   9  87  95  27  81  85   7  63  57   2  56
   26  16  20  35  54  29  83  31  70  24  15  31
   37  48  28  19  50  51
   92   9  27  11   3   7  61   6  22  20  16  55
   36  22  39  90  25   9  58  84  11  20  50   4
    1  68  52  99  89  86  97  85  91  92  65  98
   72  89  45  22  28  81  94  39   5  30  89  97
   93  31  48  74  94  47  40   3  93  63  33  49
   39  95  19  16  49  39  55  50  71  74  65  33
   89  17  37  31  14  30  59  77  63  88  42  89
   46  13  53  55  69  61  17  16  83  98  17  83
   84  21  39  96  72  76  96  78  17  40  85  84
   93  92  88   6  67  61   8  29  78  64  17  93
    2  35  22  73  44  47  32   7  40  27  10   8
   29  74  20  85  49  79  35  92  52  50  21  46
   62  44  65  34  83  14
   55  27  28  61  52   4  74  80  65  61  44  86
   34  35  56  92  96  59  77  40  50  78  51  31
   32  69  17  10  19  86  48  38  11  57  87  96
   86  16   3  53  94  32  47  53  76   7  53  52
   86  83  32  42  91  74  11  12  25  24  83  89
   84  18   6  78  32  59  16  73  93  33  94  49
   26  56  63   6  31  47  34  69  96  28  85  36
   42  58  17  42  43  40  27  67  24  90  68  46
   75  14  49  82   8  64   6  70  77  54  25  82
    5  73  58  59  29  85  83  39   7  77  57  72
   98   2  35  61  62  12  80  55  90  24  45  66
    4  97  58  17  57  77  75  78  44  79  53  35
   78  76  88  22  32  60
   63  19  60  22  72  53  14  28  47  65  47  21
   10  98  39  63   3  34  80  78  76  45  82  41
   24  56  51  38   4   4   8  45  77  72  98  75
   36  96  94  52   8  68   3  62  41  86  97  32
   56  70   3  98  39  53  16   5  97  15  18  99
   39  39  63  65  84  70  80  54  94  54  74  66
    7  27  90  35  66  49  98  65  57  45  72  82
   97  41  24  37  21  67  53  40   7  13   4  44
   70  98  45  65  87  68   1  69  67  40  43  88
   25  48  44  17  91  90  42  45  17  19  92  70
   69   7  57  65  23   7  18  16  21  36  58  31
    7  16  96  26  17  96  23  84   9  86  15   5
   50  30  92  16  15  36
   32  45  38  25  53  14  25  89  97  60   8  49
   52  88  37  11  58  20  16   5  21  99  82  49
   12  68  99  21  23  83  35  98  26  76  98  52
   95  36  26  36  39  26  75  50  93  95  33  50
   40   9  81  47  90  49  37  88  97  29   2  61
   44  45  45   9  59  29  55   1  27  22  71  47
   15  22  52  93  15  45  75  98  10  34  26  20
   45  61  76  11  41  65  16  63  25  61  19  87
   95  61  23  70  19  58   4   5  64  93  16  25
   81  75  82  45  14  57  12  37  65  49  17  38
   18  77  14  36  89  46  93  13  62  34   9  88
   61  83   9  69  96  89  33  17  71  74  12  57
   60  39  92  39  49  79
   65  45   8  46  40  40  48   7  38  71  18  45
    4  50  64  72  41  69  30  18  93  82  18  12
   14  57  67  52  75  85   8  44 100  70  90  93
   63  73  86  29  43  50  52  29  73  47  24  38
   87  93  74  39  80  67  80  81 100  55  26  10
   93  97   2   9  99  29  23   9  43  11  19  59
   98  74  32  21  81  50  61  83  55  20  96  54
   87  60  84  28  48  19  64  94  97  80  11  72
   49  75  37  39  40  92  80  45  21  25  27  79
   81  41  14  82  20  85  30  53  89  13  92  69
   13  63   3  57   8  73  47  28  11  30  67  22
   42  74  58  75   6  52  11  51  57  18  69  45
   33  93  11  20  89  86
   79  24  12   8  14  41  48  86  50  49  84  56
   79  45  28  59  47  88  33  83  62  92  97  47
   14  60  31  23  60  77  53  70  91  81  73   5
   20  23   3  47  97  30  45  89  11   2  52  33
   71  27  37  11  38  75  66  72  81  32  32  35
   42  43  81  66  92  41  54  32  42   2  79  45
   99  14  77  60  48  20  37  59  20  94  98  57
   43  25  23  82  51  61  70  55  14 100  67  26
   88  75  98  94  54  99  87  63  11  56   6  60
   29  68  82  73  19  52  48  31  98  77  83  87
   46  41   5  29   5  81  69  60  26  34  21  99
   24  67  51  39  25  85  21  88  80  39   4  61
   35  36  80  39  17  97
   87  55  63  73  44  36  26  74  24  14  41   9
   89  37  51  89  11  13  15  74  39  12  67  48
   52  82  58  35  73  13  93  58  47  61  78  37
   76  95   3  33  87  50  58  44  44  56  24  53
   72  36  17  32   8  34  50  99  40  68  74  51
   63  70  65  41   1   7  29  46  19  38  76  88
   94  26  53  43  54  27  66  13  51  87  99  94
   88  93  54  21  68  67  15  93  66  77  67  99
    6  53  72  37  51  71  29  16  77  99  15  72
   35  65  57  83  77  48   8  85  60  43  76  95
   96   8   9  62  49  43  41  10  69   2  45  17
   53  90  71   6  22  68  11  67   8  79   1  98
   38  38  66  89   8  23
   94  20  48  91  34  97  18  83  34  78  42  88
   40  41  67  74  12   9  17  28  98   1  51  42
   44  81  14   3   8  35  30  26  17  28  45  32
   52  66  69  96  60  24  24  76  14  59  46  34
   95  71  56  72  44  25  31   7  32   6   3  68
   98  20  22  78  36   8  94  86  32  76  45  13
   61  34  13  85  60  26  20   4  38  50  37  42
   84  53  81   5  25  89  51  45  71  48  70  81
   29  13  11  98   4  80  82  75  79  87  72  39
   89  81  83  72  73  77  95  69  32  40  81  92
   75  41  92  96  69  11  65  88  86  51  49  88
   66  33   8  55  71  20   7  43  76  68  25  55
   49  36   8  66  67  42
    389   410   431   399   387   382   418   408   416   385   384   412
    417   412   407
