 30 100
   98  88  74  92  43  83  35  14  30  56  97  58
   82  94  59  80  91  82  90   5  46  58  63  25
   55  82  44  95  92  29  14  76  45  88  74  15
   92  56  52  55  51  74  31  18 100  80  12  69
   19  80 102  31  88  70  72  37  64  11  22  54
   75  76  19  50 109 106  76  70  17  80  22  29
   83  26  60  45  96  57  69  43  57  86  73  47
  104  86  89  70  95  32  68 107  72  37  84  27
   93  60  91  49
   70  35  70  46  40  50  66  49  55  30 118  37
  118  64  96  75  85  78  38  89 111  91  25  32
  111  30  24  39  38  28  25  40  51  44  40  84
   16 101  21  48  43  53  28  31  11  48  70  82
   87 112  75  41  19  42  77  94  63 103 102  76
  106  28 116  51 101 109  24  38  58 107 102  68
  109  49 109  95  65  99  50  22  86  61  78  32
   96  20  33  12  54  37  35  96  95  93  65 105
   84  56  51 105
   26  58  93  95  12  39 110  93  33  29  31  85
   56  91  54  40  21  44  32  77  72  92  80 103
   86  17  39  96  80   8 117  54  41  75  70  18
  113  87  44  31  36  56  56  16  92  68 101  39
   35  43  78  69  69  81  31  26  86  64  19  28
   14  86  43  60  33  93  55  39 100  50 100  67
   18  40  38  39  61 100   6  52  89  33   5  60
  108  68  66  45  78  59  79  51   6  61  94 116
   66  91 112  95
   20  62  99  78  83  78  54  93  32 102  30  50
   62  84  94  59  94  67  85  42  27  23  28  53
   77 101  21  23 107 103  73 100  84 107  91 107
   91  22 114  21  87  48  82  60  24 102  21  78
   25  25  30  70  43  69  58  99  41  80   4  66
  108  15  72  52  98  27  34  39  24  84  23  27
  105  83  39  57  23 105  65  59  23  31  77  22
   64  53  38  32  47  24  25  70  71 103  37  50
   85  62  57  82
   99  86  86  63 106  19  37 111  99 104  83  38
   64 100  91  69 116  82  53  84  97  80  28  40
   22   8  64  42  55  36  73  39  66 100  89  47
   83  88  22  32  47  72  13 112  93   8  42  80
  100  48  76  33  22  60  63  90  47  28 100 106
   41  80  84  16  51  43  31  44  74  66  40  50
   61 101  56  24  90 102  67  34  48  48  89  73
   39  14  95  79  79 104  67 109  59  45  73  81
   77  67  14  66
  102  90 102  36  50  24  65  34  21  94  86  62
  114  62  68  17  95  98  65  57  78  77  46 107
   52  58  14  92 106  30  89  52  51  66  69 102
   56  51  93  94  24  11  33  19 103  75  22  75
  101  86  80  30  49 114  29  67  11  86  60  19
   64 101  28  64  20  62  55  20  79  64  49  22
   83  74  23  17  96  22  71  26  52  45  53  37
   31  48  85  91  26  36  36 114  53  80  86  28
   45  64  77   6
   47  49  97 111  97  61  32  62  90  59  28  86
  102  98  63  66  26  15  52  38  33  44  28  52
  100  85  92  75  30  65  93 101  90 114 101  97
   44  87  21  44  39  72 111  52  40  87  36  88
   96  10  43  99  71  12  57  32  60  86  55  36
   59  69  40  82  99  82 102  32  70  80  46  53
   75  54  38  88  31  79  56  42  89  49  83  87
   68  88  86  64  30  61  18  63  89  41  84  41
   86  57  80  91
   71  96  79  76  74  20 100  45  91  56  55 112
   93  79  86  31   5  17  76  60  74  20 110  74
   15  85  13  21  96  71  49  96  51  19  12  62
  103  30  37  71  34  85  11  66  82  28  51  16
   41  14  34  91 105  32  82  17  13  79  27  50
   21  40  73  73  84 101  43  85  33  41  23  33
   50 112  66  86  21  70  70 114  76  87  51  28
   34  70  66  35  93  86  12 107  53  22 102  99
  108  68  83  66
   31  73  49  82  22  26  66  65  62 109  11  82
   89  22 102  52  35  64  89 109  76  61  22  97
   83 102  34  90  36  40  43  73  46  67  60  93
  104 103  17  22  41  58  42 106  88  47  75  85
   12  80  78  76  89 108  28  11 106 109  64 107
   17  27  46  20  77  28  52  30  29  65  62  80
   22  44  82  33  50  97  44  79 110  59  16 103
    6  99  96  69  57  21 107  27  57  51  50  23
   41 107  35  55
   48  68  26  46  90  45  46  96  97  81   9  29
   31  87  69  41  81  61  44  90  24  36  14  91
   49  70 115 106  12  46  36  49  20  79  83  21
   20  42  93  66  36  27  97  77 102  78  47  13
   21  39 104  63  71  76  96  43  38  72  74  88
   94  20  78 108  50  61  46  97  37  74  51  58
   26 101 100  47  35  47  33  67  58  85  80  93
   21  61  24  15  35  63 107  92   8 106  43  93
   45  75  62  72
   89  83  48  46 101  64  72 113  84  44  48  97
   97  45 110  57  83 102  77  50 105 103  53  86
   80  77  57  92  94 108  58  49  55  79  83  68
   91 100  25  64   8  45  80  64  59  54  78  44
   98  93  95  19 109  65  59   5  64 104  84 106
   12  43  28  79  95  40  40  88  33  30  60  36
   71  94  35  98 115  56  82  50   8  21  96 112
   60  23  49  16  75  72  64  54 105  92 107  99
  105  28  94 100
   70  71  13  98  85  97  25  62  69  85  60 101
  113  78  35  80  80  76  30  98  31  96  86  90
   90  55  27  79  25 105  58  55  85  38  67 113
  100  47  50 105  11  56  86  74  46  50  88  83
   11  78  28 101  60  46  57  93  29  28  71  37
    8  16  48  61  54  23  80  30  70  74  55 113
  114  66  23  18  91  79 101  57 102  88 111  47
   93 103  11  30  56 105  61  24  53  87  61  83
   76  96  95  57
   98 109  72   5  73  83  61  37  28  55  15  55
   76 102  67  94  98  19 107  37  32  74  18  62
   60  67  51  10  17  20  95  89 102  84  54  41
   75  16  92  94  34  75  78 102  76  27  43  31
  102  89  56  86  45  46  86   7  86 118  63  61
   30  51  40  18 101  40   6  72  87  82  22  34
   28  91  79  98  57  61  99  14  94  24  88  71
   82  29  19  97  33  82  29  29  54  17  51  47
  100  16  15  37
   66  75  51  97  98  85  62  48 100  65  39 109
   16  67  95  44  74 108  34  76  39 100  43  87
   93 116  10  11  51  79  53  72  76  78  33  49
   47  75  32  38  83  36 108  50  40  13  74  59
   24  67  33  89  88  30  27  50  73  59 104  75
   70  73   9  39  41  89  21  71  32  59  76  21
   96  76  52  50  42 105  76 103  94  69  39 113
   15  14  70  23  46  33  54  47  37  20   5  13
  103  49  52  95
  109  62  72  86  11  35  23  79  55  38  31  96
   36 112  52  60  78  10  99  73  82  37  55  92
   37  74  36  99  42  52  47 114 108  22  70  58
   19  26  31  44  81  19  26  29  68 103  78  43
  101  37  93  82 103  24  96 107  34  47  67 103
   32  60  99  29  81  78  35  44  52  98  91  33
   86 109  76  23  87  48  65  33  56  19  14 103
   52  70  30  91  92  84  67  28  63  79  99  96
  103  81  69  37
   25  24  55  55  43  31  60  95  53   8  24  53
   16  72  95  95  68  64  87  86 105  19  98  33
  106  79  27  29  51 101  95  46  67  49  29 100
   18  65  78  26  81 100  37  19  78 100  77 111
   81  45  19  41  24  10  40  32  79  82  50  56
   68  11  47  52  91  72  87 105  46  86  37  61
  102  56  17  56  20 102  89  86  99 107  65  33
    9  96  16  70  93  24 112  29  43  74  50  84
  108  65  63  33
   66  32  75  38  18  86  67  18  24  52 103  63
  115  31  58  88  79  94  58  77  57  32 101  48
   25 103  34 107  78  30  71  43  50  70  21  30
   65  70  55  26  43  65  61  87 102  42  39  24
   89  53  63  66  34  97  91  72  43  94  71  78
   58  23  56  73  92  25  23  67 110  46  18  64
   29 105  70  19 114  40  46  91  50  49  60  91
   66 100 109  91  39  84  96  14  22  19 103 104
   93  96  75 102
   59 101  36  24  73  69  90  82 107  21  46  60
   36  20  44  20  15  42  57  67  69  27  91  69
   89  30  89  31  20 102  60  47  63  26  95  24
   17  52  96  94 113  19  89 102  75  50  39 113
   68  83  67  70 107  39  57  35  28  89  67  29
   14  63  32  44  33  63  86  57  79  54  67  45
   60  15  49  94 116  82  89  74  40  73  21  48
   37  36  88  63  54  26  34 100  13  36  55  92
   86  68  83  58
   58  63  11  58  95  91  50  91  47  98 113  21
   58  77  33  98  54  90  76  69 103  99  40  90
   44  87  59  86  49  43  43 102  55  58 100 103
   59  84  63  50  69  56  76  55  54  24  34  91
   82  50  70  97  98  50  51  93  96  13  20 109
   51  23  36  40  36  30 105  39  87  73  52  47
   99  97  37  19 108  58  55  37 103  40  63  80
   51  95  85  34  19  77  73  59  50  31  30  32
   23   6  32  47
   56  41 103  58  81  49  58  93  12  85  31  81
   93  76  87  45  25  79  79  85  69 102  89  85
   73  95  92  19 109  60  38  52  87  92  33  77
   24  66  69  82 102  84 103  73  72  16  69  90
  111  92  98  63 101  59  98  30  93  84 103  46
   69  79 106  48 105  46  94  48 111  15  74  17
   54  48  50  72  10  93  84  44  61  56 114  98
   38  66  42  19  88  17  59  84 107  52  74  77
   48  23  66  53
   36  56  68  53  80  57  37 110  78  75  44  97
   67  96  62  32  27  78  22 106  89  57  78  72
  113  31  55  18  94  50  85  43  76  23  40  59
   56  22  85  98  80  82  22  26  60  19  81  79
   72  68  95  49  77  76  49  82 102  87  72  72
   65 107  34  45  90  88  63  93  57  10  24  24
   85  49  24 103  96 107  43  23  37  97  18  87
   32  70  18  20  74 110  43  93  76  32  91  85
  103  53  70  94
   62  17  36  37  98  51  46  56  94 100  18  91
  106 118  72  50  61  38  98  40  52  70  97  27
   84 104  82  22  54  97  50  75  78  52  89  34
  112 101 105 109 100  31  53  99 100  16  86  59
  111 108 103  60  24  44  49  53  20  78  60  52
   78  65  59  34  64  88  50 104  46 103  92  63
   23  93  82  43  34  69  40 102  48  87  95 115
   54  37  45  70  80  33 104  41  56  81  40  23
   54  12  63  20
   81  38  31  42  44  81  99  61  37  34  55  66
   12 110   9 113  70  42  35  44  28  82  57  71
  107  38  66  81  45  69  45 100  33  54  58  72
   40  83  86  35  16  32  24  12  76  86  43  53
   57  44  51  14  79  40  91  94  62 102  35  70
   13  68  13  69 103  67  27  11  38  99  49  53
    9  55 102  73  93  99  68  11  48  68   6  88
   46  99  78  89 107  16 102  53 112  44  35  98
  103  64  93  70
   46  90 111  54  75  89  17  77  26 100  17  19
   62 100  29 108  33  80  52  71  81  38  52  89
   70  72  62  74  91  67  78 113  91  37  17  35
   93  16  82  12  35  66  83   4  67  90  18  34
   86  18  35  26  84  17  20  64  91  34  34  83
    4  93  16  48 118  87  65  33  63  77  28  95
   95  88  60  18 113   3  12  51  60 100  79  71
   46  82  45  38  65  72  77  71  37  70  80  76
   56  98  43 101
  108  38  91  34  76  62 106  99  14  24  66 100
   24  64  13  46  74  25  58  60  80  89  15  73
   37  43  90  88  57  22 108  93  83  61  33  88
   56  53  91   4  23  21  77  82  82  64  37  91
   66  71 100  14  74  27  37  84  43  78  47   9
   65  72  99  55  17  92  85  40  92  57  99  16
   88  49  91 100  68  40  66 108  67  53 107  49
   85  50  34  60  31  63  93  17  60  39  21  99
   69  43 106  92
   76 102  16  10  20  51  33  56  45  17  59  75
   56  75  13  96  96  14  83  13  61  27   4  37
   81  42  28  64  34  78  23  72 109  67  85  44
   96  66  18  21  50 110  52  33  63  89  82  74
   20  99 110  92  70  48  48  23  71  46  59  49
  107  71  29  54  29  77  80  14  52  32  38  42
   97  74  88 102  68  63  81  89  12  80  97  56
   98  21  54  57  44  98 103  84  57  53  67  91
   69  84  80  83
   48  77  19  79  41  49  21  60  87  76 108  17
   31  59  35  59  69  27  47  74  94  42  81  64
   74  73  45  76  46  56  86  43  98  60  19  28
   78  85  81 101  29  75 100  57  46  40  82  19
   91  61  69  26  14 104  29  10  34  89  69  79
  104  28  17  70  72  71  29  87  29  67  66  34
   50  19  61  94  23  17 103  49  70  56  49  18
   91  97  54  73  10  85  59  30  40 100 106  20
   92 114 108  55
   35  11  76  45  48 100  81  55  45  35  38  12
   84  96  97  35  95  74  81  72  38  41  60  40
   33  84  53  67  76 114  98  21  24  39  45  37
   91  29  42  67  47  95  62  47  62  72  13  88
   92  66 107  60  55  72 110  76  19  47  94  95
   30  70  47  70 108  25  88  60  85 102  57  68
   87  58  61  61 102  36  51  32  86  32  91  50
   66 103  74  38  51  86  19  82  16  24  20  60
   39  15  43  40
  100  72  19  32  86 111  35  84 104  89  77  18
   94  67  17  78  69 100  51   7  43 106  52   9
  102  95  91  62 102  43  87  67  10  88  66  85
   56  22  37  65  23   7  59  96  60  30  45  73
   70  60  21  43  49  69  92  21  63  46  96  53
   49  25  53 109  80 103  47  29 105  96  72  55
   34  29  72  35  41  53  38   4 107  52  21 105
   12 101  32  41  72  65  45  64  40  45  67  73
   98 103  91 108
   38  53  81  17  22  60  71  60  71  27  18  22
   98 107  39  62  27  69  69  35  81  77  10  46
   85  22  95  70  23  78  98  54 100  97  70  28
   40  65  76  71  69  40 104  78  19  69  50  83
   63  30  26 103  50  50  39  55  64  27  16  30
   22  26  17  87  21  73  95  70 103  24  37  94
   76  83  62  22  39  55  10 103  33  79 112  62
   26  93  17  67  39  80 109  98  56  61  25  50
   18  16  28  67
   10  22  43  12  61  28  76  89  87  63  21  61
   28   9  52  33  15  38  25  97  65  45  55  90
   49  34  65  17  11  74  89  32  61  15  45  93
   26  63  63  64  57  30  80  93  12  27  98  43
   84  35   4  88  14  34  46  80  44  94  85  65
   45  27  96  66   9   1  40  39  90  25  92  73
   29  85  42  69  20  48  42  72  50  29  35  67
    5  19  31  43  24  77  50  12  30  82  34  91
   18  51  11  59
   41  69  43  70  68  68  44  58  56  82   2  75
    2  40  21  36  33  36  71  30   5  16  86  77
    4  78  83  75  76  81  85  70  52  71  62  35
   97  17  84  63  71  55  84  74  93  59  36  29
   32   8  42  62  95  70  39  25  42  10   7  37
    3  90   1  58  10   5  89  65  48   8   3  47
    7  65   5   7  55  17  60  83  27  50  34  76
    9  85  84  94  55  73  85   6   7  11  47   8
   25  60  60   6
   91  49   9   9  95  75   7  22  81  74  73  33
   47  19  56  77  87  65  81  43  44  10  28   4
   16  96  75  12  30  95   1  57  74  37  49  84
    2  19  59  73  81  61  57  86  26  37   8  73
   74  59  32  42  44  31  84  85  31  56  94  83
   92  19  70  51  73  17  65  65  10  66   6  40
   85  63  80  74  53   5  97  59  23  84  99  44
    7  37  40  71  28  52  24  68  96  53  16   4
   41  29   3  10
  100  44  18  33  24  33  53  13  74   1  81  67
   56  30  24  52   9  50  23  75  80  83  76  57
   26   5  91  88  10  11  38  11  23   4  28   5
   14  85   2  92  31  71  25  51  79   3  99  40
   83  84  88  43  72  34  53  16  70  33 100  52
    3 100  46  64  10  78  84  65  82  26  80  77
    2  25  64  45  93   5  43  59  97  72  27  98
   47  61  64  82  60  85  88  33  47  15  83  56
   24  55  53  25
   12  25  31  56   1  94  65   5  16  13  27  76
   50  11  25  42   4  31  51  32   6  22  83  71
   92  98  47  67  54  68  43  63  40  10  31  55
   28  23  82  70  56  41  94   6  17  97  64  37
   16  67  26  80  84  59  52  20  71  76  17   4
   77  40  22  91  66  75  79  76  36  54  71  58
   46   9  55  88  13   4  40  70  69  68  28  29
   80  97  12  36  26   7  38   3  45  60  35  33
   43  49  95  39
   16  24  17  83  56  85  55  81  93  15  30  50
    4  44  39  86  20  20  43  62  25  31  65  10
   52  48  98  24   1  81  22  67  61  52  40   2
   55  63  26  19  88  99  75  91  14  32  87  34
   10  31  37  77  68   2  75  53  98  23  42  94
   38   3  77  47  85  49  62  93  35  45  60  85
   28  46  79  99  22  81  38  93  63  74  51  80
   79  69  27  18  78  78  73   4  66  33  17  88
   70  53  41  99
   69  56  15   2  23  56  70  53  30  61  76  19
    3  15  55  48  89  89  51  75  85  60  76  66
   16  34  20  35  72  42  22  16  20   3   9   6
   63  32  87  58  71  32   8  52  73  33  83  14
    9  99  77   6  44  97  49  78  52  33  64  80
   54  36  66  35  19  26  12  80  33  27  69  65
   29  50  75  18  74  38  61  64  27  68  33  22
   48  28  23  49  86  42  96  54  13  68  27  75
   28  53  27  17
   36   8  23  44  33  90   9  71  11  51  62   4
   15  34  28  86  98  85  40  44  43  90   7  33
   96  31  97  90  23  41  53  15  61  94  99  42
    2  83  79  44  69  29  96  37  26  92  65 100
   78  98  86  13   7  83  20  94  94  39  80  69
   83  78  44  32  31  18  62  33  83  61  94  74
   69   4  52  17  86  46  47   2  26  22  68  83
   86  37  54  76  15  21  90  11  53  92  13   5
    3  34  24  49
   86  30  65  29  95  85  52  50  53   4  99  34
   17  93   9  51  83  38  31   2  34  52  93  20
   31  17  78  23  82  66  67  44  65  44  51  10
   16  17  92  91  78  55  63  13  18  72  36  21
   96  30  41  27  14   3  86  94   1   7  40  10
   87  91  69  92  30  92  55  90  90  48  53  22
   97  76  34  85  53  20  67  34   8  44  88   8
   99   7  11  33  58  85  11  80  61  69  68  88
   64  12  78  49
   68  46  82  73  15  59  63  23  17  27  99  78
   82  30  36  73  33  56  62  16  89  79  99  11
   68  45   5  10  90  66  83  62  97  40  20  85
   91  65  11  39  74  82  23  25  11  25  55  89
   96  73  15  39  42  35   9  71  69  31  43  20
   17  87  41   7  65  58  64  11  66  38  60  49
   90   5   7  67  85  67  81  45  44  26  35  15
   91  47  83  92  80  49   9  19  94   2  73  12
   74  36  48  41
   20  25  61  69   2  39  37   7  27  68  64  15
   13  75   9  55  32  12  43  65   2  13  58  32
   29  42  48  19  20   8  45  63  54  35  26  34
   16   8  77  47  96  64  27  50  49  65  30  65
   14  16  25  96   2  54  50  97  41   1  24   5
   90  75  78  30   7  67  72  20  82  75  51  71
   42  11  76  16   3  55  21  63  94  90  14   7
   49  84  66  94  42  41  42  59   6  14   4  13
    2  81  14   5
   49  39  96  11  29  20  83  56  38  34  46   7
    2  31  77  40  27  42  85  18  71  16  16  29
   23  61  91  39  94   9  58  55  26  80  50   2
    5  72  57  13  92  49  19  32  70  55  16  28
   93  33  87  19  58  57  51  16  81  80  40  71
   96  90  55  45  52  82  22  82  37  42  63   2
    5  39  94  94  19  38  11  47   6  17   6  57
   27   2  94  84  53  14  47  93  60  23  42  23
   35  24  21  61
   21   9  36  99  37  33  50  82  78  59  93  64
   30   4  41  23  18  99   9  74  72  35  88  46
   45  47  52  97  87  87  15  16   1  36  57  69
   37  95  15  21  72  29  30  10  36  78  61  88
    6  31  63  32  64  56  22  98  18   2  52  59
   78  54  67  91   9  64  99  31  26  26  89  86
   75  26  35  21  58  55   9  89  25  80  27  46
   38  77  90   8  84  30  88  82  60  87  54  61
   14  90  97  73
   38  39  59  18  16  20  54  56   5  41  66  11
   95  51  19  69  29  11  83  40  72  11  65  24
   12   3 100 100  53  41  61  32  35  39  78  67
   56  34  73  73  19  71   7  63  72  91  32  54
   86  43  71  19  25  90  92  68  30  53  13  33
   35  43  98  63  67  19  92  40  84  59  42  99
    7  36  51  69  75  11  30  15  12  42  74   7
   97  94  43  86  61  80  55  60  83  92  99  92
   10  63  54  21
    8  49  45  27  97  76  88  35  47  67  71  13
   75   8  65  53  26  99  21  38  20  69  51  27
   72  40  83   7  67  59  66   2   4  94  43  57
   95  90  82  66  39  87  83  78  40   4  29  62
    9  78   9  24   8  80   9   2  72  73  51  16
   86  53  11  78  26  37  83  69  59  22  23  76
   16   5  34  94  15  62  40  87  53  95  96  16
   63  39  82  21  25  27  44  80  46  23   6  17
    6  22  42  75
   93  79  49  53  72  73  56  15  55  96  96  60
   91  40  21  16  44  38  25  25   3  97  15  83
    3  32  86  81  65  18  17  65  46  57  73   8
   96  55  27  86  33  10  83  87  32  12  30   7
   21  62  83  75  92  97  63  87  32  31  67  54
   45  98  71  53  16  33  24   5  61  32  74  52
   11  52  94  60  86  12  28  21   8   2  40  75
   98  14  88  47  12  83   1  85  68  36  70  30
    4  54  57  71
   44  86  37  77  91  23  38  98  92  68  14  53
    2  79  55  22  37  24  46  27  55  80  17  66
   86  10  68  12  38  77  48  66  55  49  98  88
   48  41  62  77  76  38  50  18   6  73  76  90
   13  64  47  48  69  23  23  44  72  15  34  35
   48  93  62  37  15  88  88  50  10  60  93  42
   73  14  35  95   1  80  69  17  58  55  56  12
   51   5   8  16  72  29   8  95  91  91   1   5
   27  14  28  10
   48  15  66  83  47  46  14  27   4  86  72  47
   66  86  67  84  96  69  59  50  41  82  21  45
   17  81  28  89 100   8  58  68  43  92   9  81
   89  67  20  14   7  87  20  18  36  66  71   3
   47  28  37  38  12  63  60  77  83  13  48  82
   95  41  81  69  69  45  22  61  33  61  42  57
   59  90  66  13   4  35  19  31  71  43  92  69
   80  78  23  54  48  85  78  16  90  80  63  26
   21  50  31  57
   60  57  99  60  19  19  58  14  62  12   1  97
   59  27  78  17  60  14  37  42  15   7  73  15
   61  16  48  19  71  74  62   8  60  53   8   7
   57  36  57  61  46  54  43  60  55  94  77  19
   22  52  46  17  14  65  62  13  12  98  82   8
   60  90  83  80  74  74   6  76  15  46  57  71
   19   7  74  84   2  59  57  65  13  75  55  31
   60  18  26  79  96  30  45  56  61  84  90  85
   95  99  78  64
   58  79   6  44  31  71  57  19  96  25  84  27
   16  37  25  59  95  38  39  33  43   9  18  22
   38  16  15  90   6  57  74  52  18  19  86  28
   90  47  42  28   6  31  15  39  38  98  38  27
    4  25  13  48   8  52  13  83  16  24  11  69
   36  30  14  55   6  64  12  68   5  96  43  86
   62  55  61  30  98  24  27  64  59  47   5  14
   71  53  72  89  18  86  51  24   7  56  33  32
   72  86  38  65
   68  52  51  51  36  48  83   3  34  40  72  14
   40  13  45  87  79  37  90   5  15  49  28  33
    5  83  53  90  22  68  31  73  35  85  64  50
   55  95  17  13  39  20  98  91  58  86  21  37
   35  46   8  59  31  38  68  29   8  27  38  48
   44   2  80  75  20  32  43  18  55  93  91  84
   23  53  91   3  14  12  62  96  70  20  85  28
   81  45  87  98  34   9  69  17  40  84  13  30
   11  55  41   9
   46  99  71  69  14  52  58  48  24  10  84  12
    7   2  30  61  49  82  22  76  57  39   8  75
   32   9  36  88  64   7  55  45  30  68  19  73
    8  10   7   8   8  89  60  20   8  88  25  46
    6   8  14  45  85  70  70  51  94  38  58  55
   30  42  55  84  45  27  60   7  58   4  15  39
   86  21  36  72  78  39  63   7  70  29  16   1
   51  72  61  34  34  82   4  79  52  32  73  90
   59  97  41  98
   31  72  87  63  59  21   9  55  70  71  61  44
   94   4  97   5  39  69  71  67  78  29  58  47
    7  66  45  27  57  48  73  15  75  65  49  48
   65  20  17  76  89  85  94  96  38  25  67  52
   53  71  53  97  25  75  20  22  40   9  72  41
  100  34  98  41   4  36  81  99  78  19  69  52
   94  57  10  38  23  20  51  95  70  51  96  28
   62  13  30  26   7  90   3  58   1  67  73  20
   15  48  26  47
   67  21   7  62  34  26  89  43  92  18  88  93
   58  13  80   3  79  25  53  31  35  78  52  20
   50  38  53  34  15  46  40   2  25  76  99  74
   27  95  25  98  81  43  31  98  38  19  89  69
   18  87  67  90  18  90  85  41  16  72  81  36
  100  23  93  70   2  27  54  80  45  31  89  11
   10  19  42  98   3  99  99  69  45  12  37  48
   72  38  71  75  46  30  29  42  72  48  29  37
   46  17  70   2
   12  82  26  69  26  56  14  12  90  90  38  19
   87  42  90  68  42  80  53  49  36  26  93  37
   80  60  23  25  59  84  12  23  22  50  75  20
   53  54  18  99  92  87  32  33  29  52  79  19
   44  42  14  97  31  80  76  22  64  28  56  93
   44  44   7  57  90  19  26  63  12  61   3  87
   23  55  25  20  43  73  45   8  35  60  12  64
   29  65  69  49  88  54   9  93  53  69  87   3
   41  62  14  15
   28   5  94  94  91  58  86  64  66  91  43  33
   64  43  99  11  20  89  27  94  52  92  99  73
   32  62  77  42  69  33  86  35   5  46  28  69
   19  48  87  97  56   7  67  74  53  31  21  40
   87   9   9  12  37  55  59  86  45  74  49  62
   11  31  90  64  79  43  33  90  53  72  80  68
   12  42  14  14  43  56  35  23  92  40  17  56
   20  86  66  47  69  17   3  18  51  56  49  13
   43  21  30  35
   69  26  83  28  64  61  93  51  33  40  11  87
   72  54  74  44  42  86  73  40  23  75  33  55
   44  38  73  36  65  59  22  63  20  43  95  83
   34  21  36   5  89  34  20  51  64  65  20  86
   27  45  34  88  98   8  79  99  72  22  43  32
    4  78  99  34  48  36  87  24  81  39  52  83
   64  91  49  18  81  94   9  68  37  47  68  97
   15   8  58  38  99  20  58  87  63   5  12  90
   13   3   9  62
   69  92  32  64  56   2  27  52  73  69  73  94
   22  15  14  72  24  46  32  47  71  75  56  77
   72  34  65  43  26   6  13  89  96  77  70  75
   15  89  66  38  70  14  56  71  42  34  90  15
   19  39   3  55  49  36   9  42  88  65  19  12
   73  41  61  32   1  88  15  48  17   9  63  50
   25  47  53  53   3  73  69  79  31  85  21  65
   40   8  38  77  58  18  86  33  87  81  88  46
   75  91  63  75
    8  46  91  79  19   5  80  36  14  14  42  91
   15  47  85  24  47   2  58  96  77   9  59  96
    3   8  19  40  11  75  30  38  96  32  54  24
   46  93  81  45  79  95  56  18  56  80  66  42
   47  44  91  77  63  42  19  89  54  67  13  49
   58  79  62   2  28   8  72  90   7   6  31  54
   77  76  35  75  66  56  74  98  11  61  87  11
   95   1  72  78  42  44  58  51  69  59  49  32
    9   8  21   4
   66  51  31  94  80  60  40  54  36  92  98  94
   20  11  63  43  92  34  50  76  34  25  94  64
   18  97  17  35  79  33  11  51  12  10  35  87
   62  48  26  40  51  63  13  31  95  34  55  34
   53  82  86  10  67  65  74  57  39  81  88  74
   98  89  86  29  96  33   7  49   8  90  81  17
   41  24  49  87  72  51  98   4  78  23   4  41
   92  17  90  49  67  40   4  19  53  52  87  52
   84  90  86  51
    128   123   134   130   123   136   123   135   128   133   108   120
    137   136   129   131   120   138   136   113   118   119   143   132
    125   130   139   128   126   138
