 10 250
   96   5  85  43  23  60  99 103  22  85  60  29
  109  91  21  64  43  32 102  77  76  93  88  14
   24  89  65  39  17  11  56  90  64  81 115  13
   72  26  42  95  73  98  40  66  81  79  22  80
   64  70  87  31  74  59 110  77  29  43 108  81
   33  68  81   6  40  68  44  63  65  46  46 105
   38  74  33  56  79  77  47  85  71  20  21 103
   66  39  91 109  37  67  51  58  23  22  57 103
  104  17 100  44  74  94  94  60  83  93  21  68
   64  46 105  40  76  46  69  20  41  25 111 111
   29 112  89  77  40  86  18  22  26  45  84  48
   82  35  83  80  86  21  89  48 105  35  21  72
  104  81 107  29  80  95  22  83  97  84  45  99
   90 109  37  79  86  81  89  24  64  56  79  58
   92  96  20  51  45  25  44  94  93  73 104  74
   69  94  82  86 105  68  31  49  12 105  61  30
   73  64  96  85  59  24  95  70  42 102  98  58
   34  48  81  98 102  93  17  43  46  66  81  76
   66  71  52  88  28  40  14  75  46 106  38  79
   65  93  19  69  58  20  26   7  51  82  64  99
   72  86  49  40  41  53  82  78  40  62
   27  27  22  85  17  88  31  84  47  49  41  85
   38  83  60  62  58  87  85 105  44  27  85  18
   61  80  40  99  37  35  71  80  78  81  32  46
   39  99  27  58  26  74  86  59 112  40  61  85
   17  76  41  29  80  61  34  43 113  82  78  61
   49  70  53  56 101  26  72  59 109  35  21  28
   72  22  69  34  10  65  49  87  50  93  94  39
   78  74  52  67 105  64 106  75  67  13  41 112
   56  71  53 112  57   6  71  17  66  44  34  35
   15 107  78  28   8  24  66  80   4  38  71  68
   30  69  47  44  32  40  23  85  70  80  50  42
   77  15  43  80  93  57  96  73  62 105  93  21
   95  24 108 100  66  43  72  80 103  52  27  35
   34  29  59  64 101  64 109  54  97  87  16  44
   29  91  20  54  97 107  67  90  27  42 107  63
   47  78  27 101 100  39  30  65  13  23  57  66
   59  85  73 104  14  92  34  63  39  68  23  72
   37  51  64  84 106  54  14  79  21  96  57  79
   42  22  83  85  96 111  58  95  21  75  68  81
   36  73  94  62  18  33  49  90  81 102 100  11
   64  47  50  29  88 106  35  98  36  27
   12  84  41  97  98 108  87  26  35  98  65  96
   60  83 105  91 101  94  98  91  30  20  21  59
   78  21  37  44  88  97  49  60  50 105  32  31
  102  92  45  60  81  89  58  29  69 106  34  44
   87  38  47  56 110  27  68  26  24  55  18  56
   91  33  93  92  79  73  59  45  60  11  48  10
   33 107 108  46  97  61  45 110  99 108  74  34
  107  20  20  18  32  54  63 100  37  45  44  25
   40 100  76  94  21  51  99  61  96  97  98  30
   16  41  31  32  38  57  52  75  80  60  69  58
   90  74 111  13 109  81  63  88  25  30  53  24
   15  52  89  14  50  45  45  71  29  52  87  48
   64  21  65  80  53  75  66  39  85  41  55  80
   48  61  85  63  52  72  65  88  30  18  21  53
   22  13  29  34  24  87 103  98  95  84  65  80
   50  33   5  25  65 107  33  39  20  52  33  62
   32  73  22  13  95 102  83  63  87  52  50  49
   88 108  58  69  95  50  71 109  97  42  52  68
  103  82  72  60  19  53  18 104  69  43  37  88
   81  77  19  47  59  40  90  59 109  53  42  54
   63  23  59  84  37 100 102  53  98  38
   47  52  53 110  52  28  98  44 113  75  47  50
   63  79  53  95  34  36  37  84  62  73  24  92
   34  33  15  30  69  91  18  65  20  62  18  26
   84  88 100  48  43  90  92  70  76  62 107  81
   87  69  66  73  22  65  84  30  79  28  47  66
   96  59  68  65 104  67  11  75  36  66  71  35
   23   8  29  98  50  42  25  37  75  25  95 105
  109  48  16  69  15  61  24  69  66  66 101  86
   86  62  31  79  58  43  54  43  59  98  20  27
   65  58 101 100  62  13  61  73  85  97  56  49
    7  61  21  84  77  45  30  61  69  49  53  37
    7  74  97 105 104  85  33  37  42  21  86  84
  103  75  51  33  62  23  30  35  23 103  80  48
   43  61  75  36  37  45  39  80  86  59  64  27
   66  41  49  59  40  30  38  26  62  37 100 113
  101 101  54 106  86  55  19 102 117  92  94  66
  107  52 100  16 116  53  66  94  21  64 116  74
   16  98  65  16  49  38  61  73  34  64  55  88
   83  93  84  29  94  42  70  94  33  67  82  57
   83  58  84  95  53  47  99  92  31  45   9  14
   90  89  86  21 103 101  48  80  59  82
  100  40  84  89 100 102  72  74  71  80  11 112
   22  54  79  34  21  69  61  33  71  26  61  17
   65  74 112  41  99  31  76 108  49  28  48  86
   64  57 110  69  17  67  37  76  39   8  59  33
  107  48  23  58  84  23  32 102  27  33  82  94
   88  19  24  30  41  50  88   5 111  83  72  55
  101  33  37  79  20  63  20  13  31  13  97  95
   63  93  16  54 100  67  53  49  98  17  19  29
   52  16  46  96  30  36 104  26  72  56  54  68
   24  40  80 117  61  64  98  38  87  65  34  66
   37  44  83  99  16  57  72  70  26  83  24  10
   39  55 104  76  59  99  99  33  72  51  28 109
  115 118  84  86  51  17  44  40  47  88  82  74
   25  87  28  49  54  42  79  40 104  90  26  43
   23  61  99  58  41  33  19  52  25  62  45  68
   97  94  70 110  27 108 106  51  52  77  17  81
   45  90  20  70  85  29  65  36  94 104  65  95
   19  95 100  24 109  44 104  88  58  58   7  26
   22  86   6  20  80  39 100  22  10  17 115  80
   27  41  91  16  36  90  21  28  95  60  33  88
   35  67 110  34  37  51  76  55  47  16
   55  38  69  28  66  82  38 109  57  68  62  35
  111  84  83  93  86  74  74  97  21  24  59  18
   28  17 111  53 103  33  30  96  40  70 105  52
   81  24  80 100  10  45  12  96  10  86  30  82
   95 102  34  78  35 103  80  82  18  80  51 106
   82 109  15  44  27  88  92  27  38 102  43  44
  101   9  48  68  90  80  60  45 101  69  64  41
   47  60  97 110 107  75  47  82  50  35  48  97
   77  55  52  74  47  36  14  81  75  30  35  52
   97  53   4  81  55  85  43  46  20  87  93  40
   34  74  57  76 106  56  34  47  61  55 110  27
   84  93  73  64  90  95  33  60  94  96 112  59
  101  77  73  18  90  48  22  57  14  78  80  75
   23  73  80 102  36   9  89 108  24  49  46  35
   94  63 103  89  62  82  96  76  38 100  69  38
   21  72  63 118  83  18  70  15  22  39  89  53
   57  65 100  94  40  34  72  24  28 100  92  74
   60  37  71  67  50  35  97  74  66  65  57  73
   46  54  68  40  74  30  34 105  99  42  81  83
   43  84  83  56  52 100  58  92  71  33  98  29
   34  37  53  81  89  59 103  95  54 101
   83  90  40  30  98  64   7  47  95  83  55  28
   70  91  48  50  51 104  87  73  71  28  24  46
   17  23  87  86  48  22  20 102  12  94  62  92
   85  70  11  69  14 101  28 110  12  46  99  40
   60  21   9 109  80  38  66  71  94  37  19 103
   38  93 111  99  59  92  44  72  58  83  88  99
   88  87  91  90  51   2  96  22  66  47  58  78
  101  26  77  24  29  27  31  64  77  51  64  37
   85  23  73 103  20  94  51 101 109  48  76  41
   62  35  58  62 102  32  40  22  38  61  21  61
    4  13  95  77  94 106  30  19  63  88  26  23
   65  45 103  87  70  92  50  15  83  74  50  23
   17 100  24  54  53  37  32  48  11  25  71  23
  104  85  14   5  51 111  29  59  17 105  52  62
    3 109  64 102  49  58  31  72  60 101  94  58
   70  57  57  26  31  80  67  96  54  98  46  35
   58  76  78  51  91  97  19  75 101  93  67  55
   36  38  31  74  61  62  61  49  16  61  92  42
   37  91  42 114  38  90  50  46  85  39  23  47
   87  31  92  70  73  48 107  46  78  46 104  93
   71  92   8  32  68  53  22  50 114  97
   62  81  66  70  90  10  40  84  18  58  82  21
   25  79  17  25  79  68  82  92  28  48  40  22
   23  81  98 106 107  43  59  96  62  55  63  63
   96  62  78  61  41  19  71  32  70  34 111  50
  102  10  49  46  30  61  19  14  26  24 111  97
   52  43  55  25  94  15  82  43  97  77  39 103
   11  19  20  42  70  65  38  54  68  69  22  87
  106  10 102  93  85  88  44  18  85  78 100  87
   35   8  44 108 105  74  25  77  39  43  43  88
   94  46  31  62  43  50  92  67 104  20  68   4
   25  16  28  16 115  17  26  38   6  64  78  43
   27  35 102  33  51 105  12  52   7  98  36  25
  108  23  66  28  61  52  92  69  25  32  43  48
   40  31  94  85  64 115  85  44  72  92  10  41
   76  26  99 105  34  74  87  81  96  46  37  95
   47  58  54  34  12  96  83  62 103  52  52  44
   36  57  33  57  48  95  15  29  75  41  92  52
   21  93  94  85 105  55  11  74  22  16 111 102
   81  19 110  98  23  75  83  24  92  71  20  34
   67  56  16  83  27  17  91  25 100  92   8  57
   84  27  80  53  91  35  23  36  24  77
   19  79  47  22  27  52  56  95  85  32  93  65
  100  31  57  45 102 108  54  31  59  85  63  94
   99  29  51  74  68  44  17  69  82  80  72  52
   32  80  26  86  59  25  77  63  55  46  84  20
   72  23  17 109  33  97  90  53  44  30  17  83
   28  94  80  62  87  93  57  85  45  88  78  22
   56  36  84 111  94  37 107  84  16  53 101  67
   70  56  30  99 102  61  98 102  35  73  65  33
   68  99  33  20  81  96  19  40  78  93  31  14
   35  54   5  19  44  53  52  33  58  39  38  31
   71  98  51  45  66   4 116  18  94  41  17  19
  102  57  39  68  68  50  24  59  27  96  91   4
   65   7  22  28  51 108  29  51  65  76  73 100
   44 100  32 111  82  59  21  16 118  93  66  50
   47  32  80 113  32  34  61  21  70  67  19  79
   36  28  35  90  84  72  42  67  45  27  37  95
  103  83  45  76  74  56  91 109  71  76  50  48
   54  43  77  13  42  57  98  87  32  59  29  55
   56  39  17  88  91  39  51  97  55  11  20  17
   19  86  59 107  10 106  89  84  58  18  87  99
   35  71 102  65  26  80  70  77  45  36
   12 102  88  44  23  52  58  25  51  36  44  95
   32  55  37  34  88  54  60  83 102 110  76  97
   54  88  41  56 104  61  27  45  89  29  41  40
   60   3  17 112  66  59 100  81  44  32  34  29
   58  81  81  83  12  52  70  33  51  70  45  16
   40  22  47  41 100  55  66  73  66  76  87  79
   99  99  85  60  53  73  30   8  89  77  18  35
   72  84   7  34  61  56  69 101  25  36 101  41
   17  73  88 109  42  12 103  95  75  52  17  21
   18  89 114  15  27  73  86  60  97  22  86 103
   47 115  47  38   9 106  75  91  43  73  96  30
   81  87  44  59  18  59  25  78  48  45  84  84
   14  65  95  99  17  18  89  36  43  49  60  59
   78  33  20  41  30 107  74  67  19  23  80  36
   34  95  50  22 102  51  50  87  11  88  79 112
   45  68  80  73  14  23  25 107  66  24  39  31
   18  83  13  18  12  81  50  48  64  62  18  70
   26  68 106  17 117  20  46  38  47  27  90  91
   75  94  26  91  57  32  65  13  23  55  33  34
   19  17  29  43  99  93  87  28  42  30  42  21
   23  75  93  80  19  88  69  33  12  94
    6  99  18  63  80  49  17  12  94  33  49  90
    8  14  89  45  62  85  17  37  33  21  23  93
   93  24  37  69  92 100  60  21  46  35   5  94
   39  91  61  25  42  10  67  48  35  33  90  23
   52  32  25  76  33  50   1  41  87  63   8  30
   71  41  26  99  80  35  72  48  52  65  63   4
   79  32  82  46  39  31  65  27  32  83  98   6
   36  81  24   2  72  45  66  57  80  86  60   8
   11  93   3  72  28  24  10  54  22   9  87  49
   40  71  14  74  27  61  42  99  73  93   3   7
   86   6  28  39  65  27  85  86  89  59  25  68
   23  70  36  33  31  98  23  69   8  71  84  33
   13  39  12  84  28  13  97  35  21  27  61  12
   21   3  74  31  16  28  17  85  45  57  28  45
   23  11  82  67  63  95  74  23  18  36  10  34
   33  19  20  20  12  45  82  63  92   4  52  83
   42  47  10  23  52  88  21  47  60   6   8  57
   75  59  32  13  17  25  91  73  69  38  30  41
   49  43  59  31  75  71  89  39  70  13  81  32
   52  16 100  45  57  90  89  99  64  28  55  20
   36  29  61  76  71  49  38  31  71  56
   88  90  90  26  88  29  85  36  62  71  76  23
   75  34  51  48  46  29  19  11  62  86  18  99
   59  40  78  11  72  73  47  27  39  36  76  60
   71   9  75  54  85  46  26  53   2  71  54  30
   96  35  74  77  26  42  85  63   6  36  38  48
   57  44  59  64  17  92  40  53   3  75  90  78
   48  94  49  83  96  51  61  27  61  15  16  72
   41  38  50  43   8  47  10  36  43  91  76   8
   57  47  58   8  50  97  37  90  45  63  84  76
   87   5  39  84  99  79  42  24  99  65  42  46
   86  49  56  63  83  71  95  29  45  37  56  75
   29  91  71  24  25  53  20  47  53  12   9  99
   21  90   6   9  41  68  45  31  17  64  90  69
   82  88  58  48  16  48  10  58   6  27 100  63
   84  13  94  61  23   3  39  16  86  60   6  53
   58  39  90   8  19  67  75  44  92  97  60  37
   53  18  44  10  97  19  81  41  72  40  94  32
   74  57  49  32   5  50  93  35  90  21  59  33
   66  82  26  27  18   6  46  16  93  31  35  30
   69  38  21  41  85  85  59  24  38   7   9  91
   38  71  68  82  31   6  83  15  81  82
   94  20  66  19  17   2  29  94  75  16  45  15
   51  30  13  12   9  18  11  15  72  96  92  52
   27  91  77  70  15   7  70  55  61   6  80  81
    3  13  61  55  30  19  61  87  42   3  82  67
   21  67  59  53   6  84  41  77  87  55  95  56
   20  78  19  25  30  38  61  71  56  98  63  95
   84  13   7  65  13  46  75   6  12   6  28  77
    9  92  90  90  82  57  52  11  65  71  76  92
   66  13  29  17  96  61  12  47  19   8  14  87
   97  76  76  70  71  55  61  38  30  50  42  50
   13  36   5  97  11  30  56  29  84  80  51  93
   97  58  29  92  60  65  63  43  80  60  24  59
   40  90  52  37  66  37  45  65  34  74  58  31
   65  45  19  55  50  39  46  28  80  91  91  65
   85  95  86  70  96  17   7  15   8  34  44  26
   63  81  98  91  47  11  70  74  87  59  78  40
   80  36  83  95  17  18  24  47  24  58  63  58
   28  11  59  34  16  58  32   6  19  64  52  38
    5  29  45  42  87  63  96   4  39  69  81  24
   27  40  99  71  53  66  26  46  11  60  70  60
   54  87  57  27  78  15   8  60  12  66
   66  65  51   9  56  87  21  62   5  34  64  69
   48  32  56  13  78  78  66  36  56  37  96  15
   86  82  91  83  47  18  98  37  94  47  99  82
   19  18   8  63  70  20  12  40  42  52   4  32
   21  42  48  33  96  43  32  72  32  77  65  53
    7  56  47  43   4  53  95  37  81  42  42  69
   88  99  82   7  53  69  94  81  29  84  19   9
   10  62  97  49  96  50  84  48  37  42   3  24
   25  54  83  30  55  63  51  71  52   6  82  92
   54  46  19  14  57  99  48  47  33  21  46  62
   95  58  81  18  39  63  80  58  37  69  59  72
  100  29  14  11   4  19  72  69  68  95  17  32
   11  31  57  84  53  95  78  76  97   9  40  57
   60  57  45  75  70  67  70  26  30  43  55  78
   37  70  59  59  71  81  76  91  45  74  18   5
    7  11  48   8  21  58  94  17   1  13  12  52
    6  67  11  97   4  53  53  17  92  44   2  36
   86  16  40  94  65  73  50  44  80  41  56  24
   33  14  27  91  10  67  43  20  74  38  28  49
   35  61  35  15  65  70   8  22  88  62  94  95
   26  22  25  86  10  15  56  40  52  32
    2  79  32  17   5   4  35  28  46  24  96   2
   85  49  37  82  93  50  50  80  31  85  48  94
   52  40   8  62   6  71  39  12  62  77  63  31
   49  63   3  49  89  36  81  30  70  98  45  75
    7  66  83  50  31  87  74   5  84  83  34  22
   32  95  84  76  77  52  29  97   3  37  44  52
   13  79  82  40  91  55  86  95  77  96  18  12
   45  18  94  63   4  51  49  59   5  98  87  91
   62  91  73   7  89  67  12  85  43  54  57  36
   82  75  25   3  44  54  22  78  22  46  85  44
   65  70  35   3  86  61  39  42  85  32  93  98
   81  47   8  44  60  11  13  70  31  63  74   4
    2   1  18  18  60  90  73  67  71  14  25  29
   85  15  77  60  63  62  33  64   3  22  82  75
   93  47   8  46  72  77  97  60  91  48  75  45
    8  19  35   6  77   7   2  67  64  41  90  31
   62  18  86  44  26  84  37  75  24  16  49  16
   91  23  11  79   4  59  13  24  62  50  95  79
   88  25  96  94  33  69  18  89  99  87   2  27
   75  77  24  91  79  15  94  83  25  55  74  23
   82  47   3  72  73  53  33  62  59  91
   48  76  42  78  49  38  82   2  54  40  57  82
    4  25  21  26  21  44  42  21  88  91  59  97
   89  95   5  49   4  70  79  22  75  35   6  59
   36  92  32  14  97  70  99  22  98  26  80  36
   22  13  68  25  67  13  36  33  94  22  59   5
   21   9  94  71  84  32  27  92  73  17  75  75
   15  98  65  43  19  28  57  68   4  34  47  77
   62  58  18   5   5  42  64  20  60  83  70  11
   38  56  59  34  56  82  98  23  30  79  69  61
   23  66  99  22  56  22  59  59  93  24  16  73
   70  34  59  35   4  55  77  65  48  48   7  88
   28   9  36  42  22  15  78  46  16  22   4  45
   17  40  31 100  30  55  89  52  93  24  37  44
   84  30  40   8  80  96  24  12  83  68  73  69
   13  55  10  16  54  30  18  39  73   4  43  81
   90  48  49   1  23  90  38  89  83  67  30  63
   45  41  13   9  66  81  45  92  80   4  28  36
   46  73  38  50  63  77  23  33  45  49  54  32
   60  59  52  64  33  75  69   6   8  72  28  35
   72  19  35  47  50  12  50  26  49  85  14  78
   75  76  49  35  13  53  14   7  55   8
   24  13  71  72  21  41  97  61  23  25  65  85
   44  11  58  55  56  12  31  33  46  78  79  66
   95  96  24  34  66  87  98   6  97  18  58  15
   23  37  98  40  88  10  87   3  96  73   3  76
   51  97  94   7  22  70  53  48  17  80  83   8
   71  25   6   6  47  21  58  48  44  36  16   5
   25  30  20  15  54 100  23  89  43  57  46  33
   17  94  42  82  86  80  82  47  37  63  47  72
   27  84  31  11  96   9  63   3   2  59  35  77
   42  76  48  56  12  79  67  81  68  45  88  43
   99  96  19  32  15  10  76  92  43  24  85  97
   44  73   6  33  38  25  54  92  34  33  56  87
   89   2  94  66  64  66  81  54  99  81  40  91
    4  22  94  99  52   2  80  49  97   2  59  43
   99   4  50  17  56  53  74  43  56  15  11  57
   41  55  62  87  79  36  41   6  53   8  56  81
   59  33  26  57  20  13  89  31   8  22  43  53
   83  68  80  34  44  55  50  69  87  56  21  67
   83  12  69   4  64  24  64  73  22  81  80  64
   24  76  13  46  30  55   6  57  40  63   4  22
   34  14  96  70  39  64  98  67   4  10
   42  23  46  37  29  92  65  33  93  53  33  92
   80  24  92  88  27  50  37  10  82  54  71  92
   85  39  10   6   6  60  58   6  48  57  47  45
   22  47  27  54  68  86  32  73  50  86   1  62
   11  98  65  56  87  56  94  96  91  85   9  16
   50  72  51  95  12  99  21  70  11  34  76  14
   98  91  91  69  33  53  80  57  38  47  84  32
   14  97  15  18  20  27  69  85  17  28   5  15
   67  97  66   1  10  31  92  32  80  77  74  31
    8  63  74  53  68  69  18  51   2  82  35  99
   91  97  77  89   5  90  86  71  98  49  32  73
   84  67   7  78  59   6  91  59  98   9  75  83
    9  87  40  74  41  65  13  39  77  85  69  54
   69  79  16  21  38   2  17  76  48  22  98  70
   32  85   5   4  85  31  25  29  18  73  75  17
   70  49  51  77  98  23  32  54  10  58  59  71
   69  52  71  48  66  23  97  79  45  77  26  65
   94  22  17  23   5  50  98  41  80  87   7  11
   26  95   2  16  80  45  36  78  26  48  93  77
   53  49  86  24  92  89  16  95   2  21  94  46
   27  89  32  59  11  84  84  83  80  38
   85  23  64  96  75  55  59  22  34  74  14  39
    8  88  61  64  13   3  56  74  44  25  47  20
    5  84  61  46  49  61  98  37  33  33  41  56
   77  25  78  17  52  84  35  50  58  58  23  98
   37  86  97   9  82  11  29  50  68  87  88  33
   91  23  40  51  22  18  56  30  67  17  33  85
   53  84  29   4  13  79   9  24  87  54   2  42
   46  55  75  17   7  44  19   2  84  29  40  75
   37   6  70  97  34  16  92  66  34  15  71  92
   74  50  97  91  74  58  53  78  49  67  77  82
   40  21  52  71  52  99   1  85   9  75  94  92
   15  57  73  46  38  66  83  60  93  15  20  99
   53 100  89  75  56   8  77  60  39  32  37  11
   73   9  79   5  22  54  88  93   1  23  42  61
   60  79  39   1  71  72  55  99  33  35  95  39
   80  83  68  12  22  44  69  38  72  76  78   9
    8  20  65  34  30  49  15   2  47  44  61  57
   61  68  32  89  70  63   7  26  86  55  91  49
   61  72  99  23  27  74  52  23  48  99  82  92
   90  19  60   3  92   2  24  24  62  99  30  20
   73  40   9  40  86  32  38  35  75  81
   99  14  25  71  80  54  57  85  55  71  62  17
   82  47  70  77  31  56  51  22   9   5  30  12
   57  26  64  50  15  42  81  66  29  90  77  78
   44 100  87   1  46  50   4  32  64  74  69  91
   49  35  30  25  99  59  44  71  60  36  61  92
   75  80  59  65  15  50  48  35  50  38  32  32
    5  13  34  51  57  38  88  94  13  38  87  75
   38  35  97  84  51  52  38  18  83  66  13  74
   98  38  18   1  70  90   4  19  36  65  99  94
   96  25   2  89  89  32  28  58  21  82  29  17
   60   4  64  73 100  13  42  20  70  44  19  84
   27  33  66  50  93  61  92  35  67  70  35  30
   93  37  10   6  94 100  25  82  66  70  59  53
   34  80  97  78  73  13  33  43  93  88  31  67
   79   7  57  91   4  62  63  16  92  19  38   3
   58  37  25  47  97  83  93   4  46  80  80  79
   97  37  91  85  91  31  63  58  50  56  89  36
   92  37  13  99   3  95  72  81  58  92  17  25
   33  23  85  22  45  75  41  97  84  59  76  70
   92  85  74  63   7  17  33  88  67  80  60  84
   89  35  17  25  92  15  38  80  99  18
    962  1035  1004  1006  1044   954  1002  1067  1034  1086
