 15 200
   96  31  57  64  90  32  30 105  90  35  92  63
   48  49  12  47  81  59  14  44  99  28  47  27
   28 100  42  36 102  48  76  46  50  23  15  51
   52  70  39  75  25  58  83  39  45  85  27  99
   68  62  37 103  78  27  25  94  33  53  96  96
   57  60  69  39  60  82  83  94  42  23  64  17
  110 103  25  38  82  53  83  60  81  49  79  49
   69 107  91 102  22  42  30  42  95 114  27  19
  104  66  86  42 106  14  55  24  48  95 115  46
  104  74  29  71  52  50  41  16  44  44  92  28
   95  73  74  55  61  66  64  14  91  55  94  38
   47  41 110  97 102  99  96  25  30  37  22  16
   20  77  15  56  15  54  43  95   5  15  39  92
   50  78  68  62  95  27  92  82 102  67  26  82
   46  64  29  66  52   5  55  22  16  75  43  57
   68  47  70  73  24 109  97   9  76  86  14  62
   75  19  93  26  68  68  56  68
   19  33  68 107  28  56  99  88 115  15  14  84
   76  41   6   2  51  84  41  97  49 103  85  54
   72  91  23  69  87  55  17  43  74  38  32  47
   48  61  45  60  80  95  96  57  68  35  23  55
  108  61  71  58  66  48  77  85  81  30  30  13
   42  80 111  82  57 101  13  76  53 108  48  28
   76  71  54 104  51  47  57  27  80  88  95  91
   84  82  46 105  70  22  63  41  79  95  80  28
   91  77  30  95  35  25  58  50  82  24  96  75
   21  25  75  23  57  69  73  77  41  60  77  87
   76  68  75  76  28  86  89 113  58  23  55  86
   53  25  90  53  24  78  56  48  23  98  40  61
   96  95  14  78  41  25  56  74  27  80  17 106
   93  99  53  26  65  23  41  10  83  26  88  39
   63  91  45  17  38  25 100  94  78  87  35  38
   11  40  70 100 111 118  80  76  19  34  38  19
   69  90  40  52  58  58  69  77
   59   5  58  89  80 102  49  47  16  81  60  66
   13  68  55  81  26  77  56  66  32  58  83 100
  102  72  48  91  83  46  48  96  50  73  18  48
   21  68  57  36  94  43  45  20  28  57  51  42
   67  56  76  62  32  23  65  21  64  75  45  98
   97  94  53  74  92  56  40  52  69  15  41  53
   26  31  39  93  76  62  11  16  73  79  98  19
   66  56  23  96  79  57 103  25 104  13  31 104
   68  30  64  53  83  91  59  43  17  62  84  78
   61   7  28  25  35  11  20  77 101  56  38  23
   70  57  50  86  66  75  18 106  46  30  24  20
   55  75  43  66 103  45  71  35 112  66  96  60
  107  76  23  57  21  26 100  58  50 104  99  37
   36  17  42 103  32  39  91  42  87  82  88  84
   15  49  38  97  22  13  86  44 101  75 114  95
   15  47 107  96  84  75  68  16  79  43 111  71
  100  62  55  86  30  79 102  76
   57  51  95  27  83  80  75  91  71  91  62  77
   25  29   5  64  43  20  54  63  23  62  42  27
  114  91  64  14  37  17  86  23  63  92  76  41
  104  68  33  59  64  39   6  55  24  19  50  96
   38  37  83  81  84  56  36  93  59  78  96  49
   41  97  41  17  21  44  88  40  45  30  60  76
   65 102  24  17  40  24  89  19  51  15  80  89
   56  29  95  93   8 104  74  31  42  38  28  18
   12  65  94 103  90  90  24 115 104  79  85  92
   79  45  12  51  80  58 100  96  47  45  48  70
   91  80 105  25  24  31  33  27  99  66  49  52
   24  59  60  54  35 113  36  47  22  82  19  72
   22  42  52  54  36  21  43  80  31  47  40  87
    8  66  15  78  99  69  23  93  33  10  81  53
   25  65  68  22  28  82  32  18  89  19  56 107
   16 102  74  44  59  77  74  56  34  60  32  51
   41  90  37  61  57 110  95 104
   88  77  79  46  93  47  27  99 103 103  24  47
    4  95  39  93  58  58  49 101 111  51  32  38
  111  72  23  54 102  94  60  89 104  83  75  42
   77 103  95  59  11  98  76 103  49  60  40  63
  114  88  32  31  50 112  44 100  46  43  95  67
   34  65  15 104  31  77  62  58  16  66  82  64
   16   7  88  81  30  95  55  17  15  65  20  99
  110  93  85  93  55  76  19  57  77  14  80  84
   77  29 100  32  32  17  98  54  68  74 102  88
   32  70  39  35  65  31  18  96  78  39  90  86
   18  64  52  55  99  48 102  80  71  12  55 107
   82  93  17  48  60  38  38  95  27  31  27  31
   72  35  23 118  36  42  95  42  51  88  26  51
   93  34  68  46  53 112  73  34 102  16  17  72
   35  45  96  57  94   6  97   7  95  20  81 106
   98  32  32  98  47  39  43   7  46  58 104  98
   25  89 103  59  42  86  50  92
   96  77  84  56  99 103  29  50  68  19 102 102
   97  94  18 112  76  73 101  42  54  81  13  29
   35  95 111  24  91  18  84  24 100  24  79  38
   47 102  88  66 105  48 111   7 110  31  82  66
  103 104  78  49  16  44  26  82  29  85  11  74
   73  30 107  47  11  76  55   6  52  47  85  37
   75   8 108  99  14  31  68  55  21  32  92  51
   46 104 101  61  46  63  89 103  73  88  98  47
   95 107   8  94   4  32  38  79  17  65  81  96
   70  66  52  51 110  90  55  12 104  71  65  23
   69  28  27  83  23  42  28  44  96  95  65  77
   17 104  79  49  21   7   9  59  98  86  44  23
   94  71  13 105  42  86  39  83  23  91  61  91
   62  50  13  96  52  87  24  31  96  52  66  27
   96  93  14  85  97  54  19 105 105  83 112  39
   87  32  91  25  58 106  43  99  28  37  42  71
   72  12  32  90  42  18  30  15
  110  15  22  51  79  50  48  19  80  66  76  13
   77  45  65  46  69  64  59 103  22  82 102  74
  117  60  52  86  31  25  87  49  39  89  73  56
   59  18  19  19  26  73  65  55 102 103  88 106
   85  56  33  15  80  29  60  87  79  73  82  62
   42  88 106  37   7  24 106  60  43  73  44 102
   46  84  91  83 107  25  80  31  79  41  86 111
   96  52  73  34 111  52  24  94  50 112 107 102
   80  31  42  32 104  61 106 105  38  31  21  83
   50  22  67  61  54   8  39  59  92  13  84  71
   54  40  69  76  94  74  85  65  76  62  39 109
   15  11  29  55  63  69  34  17 107  52  85  91
   51  42  71  48  22  50  43  41  10  75  65  49
  102 109  17  60  70  84  95  97  90  54  50  61
   84  83 108 107  63  18  58  81 100 108  94  81
   69  48  47  24  62  73  44 104  56  86  90  85
   37  72  62  15  64   8  22  56
   79  37  60  52  41  24  26  82  75  43  83  70
   91  39 101  55  86  28  95  50  24  54 104  39
   45 114  36  92  47  26  31  68  80  86  25  39
   32  75  86  32 100  70  65  71  46  79  28  58
   96  75 105  51  71  95  69  54  97  45 108  90
  100 105  33  97  93  85  40  48  94  38  93  29
   83  99  71  59  58  73  56 110  36  45  96  93
   22  98  44  39  47  69  54  94   8  77  50  99
   65  20  47  12  14  29  25  33  90  30  58  39
   14  71  39  26  44  91 107  63  90  46  78  70
   70  92  96  12  39  11 101  29  14  38  65  72
  112  95  20  13   7  93  94  47  91  77 100  79
   49  39  32  87  18  67  82  27  58   3  68  50
   37  20 107  45 107  68  85  74  52  17  25  40
   18  53  45  19  80 106 100  55 108  42  61  25
   56  71  38  39  71  85  25  92  73  20  75  94
   48  22  76  98  18  82  32  80
   10  55  21  92 100  83  60  25  61  84  88  48
    6  42  50  76  20  96  84  15  38  39 110  91
   85  81  85  44  14  99  76  63  31  64  65  23
   12  14  82  14  43  23  33  14  35  89  67  70
  101   9  34  92  80  77  63  62  72 100  91  31
   55  54  90  40 106  39  21  20  49  22  13 103
   82  23  84  53 117  25  92  73  87  39  85  99
   13  34  92  20 110  67 104  95  40  11  61  88
   68 109  43  19  46  57  80  23  94  70  14  16
   73  20   9  62  34  39  30  81  12  31 102  21
   29  67  36  72  17  77  63 106  49  24  16 101
   20  60  76  47  74  46  88  71  36  48  44  62
   55  54  61  82 106  83  85  58  97  78  58  77
   26  41   8  62  11  33 101  70  77  97  18  94
   28  49 101  60  37  99 101 101  99  54 113  19
   47  50  23  57  58  25  22  60  47  31  51  83
   43  24  45  40 103  25  92   8
   33  63  42  64  99  55  81  61  50  33  10  29
   58 111  88  93  44  76  70 106  75  51  80  71
   67  70  72   7  27  12  97  91  77  95  77  38
   37  21  49  47  96  81  60  40  59  28  18  45
   89 114 101  87  28  69  49 111  11  86  66  95
   31  21  53  61  39  84  65  75  80  45  56  65
   85  84 109  59  15  68  43  47  72  39  23  19
   44  68  56  92  49  34  28  70  17 107  40  30
   55  22  56  48 109  27  43  69  55  28  70  60
   74  88  30  71  17  80  68  64  21  70  17  50
   39  70  86  43  18  73 108 102  73  43  47  73
   98  48  18  43  16  79  59  12  62  18  78  71
   46  57  35  30 107  73  92  20  60  81   8  69
   69  19  23  15  80  70  71  68  52  66  99  84
   39 101  75  93  97 102  35  48  52  60  12  26
   52  90  57  62  94  15  58  25  76  78  17  35
   45  76  80  91  57  72  94 102
   75 107  93  50  63  85  28 102  97  78  73  40
  102 108 109  25  28  15  33 103  73  40  71 107
   43  79  43  16   4  35  36  35  88 108  43  15
   68  79  52  20  18  84  35  42  31  36  49  98
   74  99  31  16  96  40  83  64  98  54  29  47
   66  42  58  24  27  70  15  13  56   5 102  26
   99 105  47 104  83  63  75  31  90  86  24  59
   72  80  95  78  27 104  51  36 102  84  54  44
   92  18  57  23  35  11  52  71  75 101 104  43
  101  34  43  75  77  55  81  73  37 101  16  15
   67  75  61 105  27   4  85  52  81  53 108  10
   53  95  86 112  71  68  11  86  18  36  56  88
  101  96 110 102  12  67  67  46  49  40  13  76
   18 102  24  49  38  50  96   9 100  39   6  80
   59  50  53  88  36   3  61  78  85 103  56  18
   39  88  15  56  75  74  68  12  78  71   6  67
   59  82  51  18  55  29  89  12
  103  20  90 111 104  14 106  30 102  50  57  53
   55 116  37  51  91 104  94  23  85 103  87  51
   35  25  30  90  84  45  44  82  55  18  18  94
   89  81 102  25  34  56  66 106  27 113  91  99
   29  64  48  93  81  70  34  84  73  44  68  81
   89 104 110  60  56  41  21  71  41 104  36  87
   99  45  76 112  51  28 102  84  64  83 102  28
   28  34  85  38  57  33  95 110  36  24  58  63
   56  98  26  36  85 107  44  95  40 108  14  98
   75 118  17  75  32  88  27 101  73   9  11  46
   97  29  91  20  60 103  79  66  46  17  24 109
   89 113  71  59  82  32  30  95  66  68  32  92
   48  19  92  78  81 108  57  35  20   4  79  97
   23  84  19  83  91  67  44  78  35  89  64  50
   88  48 104 107  53  18 105  59   3  63  52  27
   56  70 105  79  18  73  92  36  18  92  84 106
   44  19 108  93  86  39  19  34
   83  76  88 100  35 106  57  81  41  64  17  50
   96  64 112  23 101  28  49  31  27  61  96  87
   38  68  13  25  48  96  54  19  20  67  80  11
   47  93  56 103  44  75  50  70  68  26  99  72
   34  65  78  72 108  13  32  41  92  34  82 104
   49  55  83  21  65  45  64  93  70  99  91  36
   74  56 111  51 108  27  92  41  27  66  72  51
  116  67  24  39  16  47  49  93  57  84  88  56
   52  37  40  18  18  21 101  81  55  72  33 107
   99  68  16  12  62  19  48  51  30  57 105  62
   26  70  75  26 104  76  33  41 110  57  97  75
   56  84  44  78  46  28  14  12  63  95  76 100
   40  25  91  52  70  31  24  67  23  59  24  94
   34  66  47  17  35  32  64  64  88  59  56  16
   62  69  31  29  93  89  41  44  20  11  64  29
  108  21 105  18  38  77  36  25  27  80  56 103
   27  51  73  63 111  74  20  23
   62 100  10  97 106  52  50  38  68  50  40  58
   72 105 104  99  27  86  53  67  88  68  51  76
   34  66  76  36  37  67  39  97  77  55  76  98
   60   8 105  15 104  17 100  87  48  20  35  12
  102  79  25  69  87  46 102  24  47  86  18  54
   78  28  55  29  71  48  70  73  74  22  85 104
   64 101  58  84 106  68 113  12  72  77  35  52
   76  73  49  59  34  22  95 102  63  61  83  74
   40 111  77  14  20  73  88  18  59 110  55  56
   82  60  62  26  95  60  49  96  46  31  25  84
   85  20  67  18  39 113  17 101  54  35  54  20
   73  23   6  48  32 110 102 104  53  36 115  27
   69 109  93  83  94  82  69  80 105  81  73 110
   95  94  58  44  75  46  82  64  73  43  75  64
   80  66  37   6  20  96  53  24   7  14  53  99
   82 102  73  75  86  49  93  77  68  60  97 112
   59  45  77  54  81  67  10  86
   49  59  19  55  25  21  40  99  69  46  74  54
   55  72 105  93  93  61  90  19  43  22  40  30
  106  58  62  27  45   8  18  69 104  92  85  39
   25  36   7  11  20  56  96  65  13  96  61 101
  100  49  93  25  49  90  55  48  31  50 110  31
   58  22  49  22  72  22 107  61 111 102  83  27
   67  28 103  93  97 102  73  84  58  49  85  83
   44  53  14 102  26  49  51 100   6  84   9  95
   43  39  16 109 106  71  27  74  73  83  51  88
   59  61 102  56  75  42  59  65  46  26  60  35
   48  30  15   3  25  92  48  94  68  70  15  19
   17  61  45  54  82  13  90  70  97  38  79 110
   46  60  28  72  57   8  22  44  94 102  32 108
   44   8  51 105  82  99  46  93  27  96 104  40
   84   5  49  50  43  54  78  62  89  52  29  93
   98  62  72  91  62 108  54  47  60  78  27  85
   64  17  71 106  67  40  47  37
   14  75  61  45  16  79  89   9  16  76  27  39
   71  62  90  66  27  55  97  76   8  76  70  80
   88  16  77  80  14  63  37  56  65  89  91  61
   63  44  64  41  95  59  27  68  65  28  81   9
   46  45  78   7  31  80  82   9  83  61  11  15
   49  57  42  73  59  21  34   8  76  93  43  93
    5  17  85  76  37  67  24  48  36  57  34  60
   40  12  29   9  81  67  88  68   8   2  80  92
    7  50  21  75   8  97  55  87  67  16   5  73
   14  46  77  37  62  65  62  88  65  59  27  88
   10  43  28  58  43  36  53  98  23  48  17  74
   64  65   7  13  12  13  19  84  79  74  81  92
   91  36  92  58  87  54  72  18  97  90  75  19
   65  38  37  43  25  75  12  29   6  48  82  24
   70  52  87  49  67  98  54  98  91  27  77  51
   44  67  40  34  79   2   7  96  35  27  90  41
   36  85  27  78  43  39  48  41
   96  82  42  11  78  59  18  23   4  87  92  35
   28  65  99 100  60  35  78   7  59  11  23  56
   33  27  92  36  31  64  92  62  37  71  75  60
   59  49  58  43  37   9  23  54  41  73  92  47
    4  42  41  53  45  66  36  25  38  82  75  90
   71  31   7  22  58  10 100  44  58   9  64  84
   40  41  65   1  68  56  47  77  35  15  12  29
   27  36  60  12  37  85  45  64  24  16  39  90
   19  34  75   8  82  87  61  61  29  84  16  40
   86  89  36  86  51  42  47  43  70  46  40  21
   29  37  41  36  75  24  31   4  47  81  51  25
   60  92  14  67  82  39  60  65  88   4  71  51
   10  14  92  33  61  78  60  34  76  40  95  14
   24  11  67  76  37  93  69  98  32  80  28  72
   49  11  73  98  82  83   8  24  37  23  85  66
   97  68  48  13   9   2  30  33  85  86  70  99
   44  17  62  58  55  62  49  27
   61  98  51  31  35  15  64  64  88  28  59  45
   98  49  56  35  93  32  50  48  73  62  35  20
   17  45  68  20  23  64  60  19  61  35  98  67
   91  40  63  82  25  70  65  96  86  47  57  74
   44  59  42  50  78  85  46  87  47  44  66  13
   14  26  56  29  21  63  78  65  37  98  73  58
   94  74  66  19  28  49  91  99  30  34  21  97
   48  54  85  11  25  49   8  90   7  97  80   9
   34  87  52  64  30  17  43  71  96  47  35  39
   50  98  86  89  81  92  97  26   3  51  81  87
   40  52  65  25  40  33  84   5  72  76  80  95
   53  38  77  41  11  62  46  72   7  54  20  59
   13  38  86  58  91  79  12  59  61   8  17  76
   84  97  73   7  86  64  28  78  21  21  31  28
   94  58  77  23  80  92  23  67  11  37   4  14
   91  55  10   6  34  38  43  95  35  76   6  40
    5  51  63  26  73  40  14  33
   48  59  10  91  27  29  36  23  44  12  54  38
   88  89  97  47  72  91  66  48  82  57  68  84
    2  26  39  90  81  94  22  88  48  22  29  61
    7  46  74  58  44  70  99  53  78  97  61  20
   68  65  34  39  28  53  75  11  45  33   8  68
   75  15  74  87  93  73  18  75  66  89  42  35
   53  18  88  98  72  93  22  99  60  94  25  15
   51  80   7  19  97  11  37  85  77  76  89  85
   95  42  24  15  26  28  81   2   6  39  23  18
   26  64  90  60  29  48  18   8  68  72  63  36
   13  36  11  89  87  79  86  84   6  36  57  65
   95  57  53  57  76   2  66  61  82  27  93  30
   97  73  55  57  83  88  64  39  87  63  75  29
   95  54  99  39  17  42  95  16  74  99  34  59
   81  46  51  80  80  22  73  88  29  95  49   1
   92  16  42  60  55  25  46  60  82  58  79  54
   62  24  81  58  54  10  15  14
   26  32  25  59  14  59  90  21   4   6  88  60
   98  25  65  27  54  48  65  10   4  58  83  72
    4  35  90  52   5  22  51  13   9  28  44  69
   40   5  12  61  92  16  33  11  54  42  73  41
    2  23  77  74  53   6  66   4  66  75  22  52
   80  54  97   7  81  37  50  45  95  47  29  53
   89  98  16  32  73  18  60  99  92  39  86   3
   10  12  31  16  55  40  93  60  42  89  31  18
   39  74   7  75  86  85  21  59  43  41  11  14
   77  38  74  80  49  80  96  16  30  72  22  28
   91  38  67  49  11  56  14  35  33  96  59  13
   20   9  95  56  52  74  67  14  85  76  91  76
   48  76  90   1  74  72   7  76  54  18  83  60
   11  76  36  57  63   2  29  76  10  97  85  37
   69  67  16  56  26  98  17  98  19  92  30   9
    7  86  87  11  72  69  59  98  67  59  16   4
   87  26  17  52  70  22  56  11
   10  34  34  60  12   4  85  56  41  93   6  17
   12  25  96   2  33  40  10  69  57  30  94  76
   72  16   8  80  26  88  36  78   7  87  33  76
   69  13  28  40  11  62   8  95  10  80  23  42
   12  15  26  57  95  65  85  34  82  24  94  45
   32  86  13  73  94  31  47  96  56  63  31  72
   36  96   5   8  91  87  37  59  86  82  12  53
   56   6  14  56  60  39  31  14  31  19  11  59
   11  10  96  21  99  82  73  41  94  41  39  12
   44  36  51  63   1  15  59  95   2  32  55  95
   42  82  78  32  91  78  87  58   9  21  43  30
   97   4  24  66  81  95  94  46  15  25  71  90
   17  36  98   5  60  26  74  35  80  29  42  28
   45  63  93  23  56  16  88  81  10  63  43  91
    8  10  96  24  20  50  92   6  11  23   4  76
   27  77  26  84  44   6  67   6  90  73  69  32
   38  96  74  12  64  97  81  91
    4  88  83  56  28  52  59  84  40  41  31  96
   39  58  41  68  33  45  51   9  83  38  17  40
    2  52  59  18  75  95  28  54  79  17  41  53
   53  89  96  86  86  37  44  47   9   2  15   7
   17  58  79  90  32  76  58  24  37  39  35  50
   65  15   3  78  99  81   3  52  68  33  61  11
   64  19  19  25   2  87  26  83  32  70  16   8
   18  61  29  72   1  59  86  17  65   6  11  13
   22  88  61  79  11  54   7  15  73  84  95  28
   62  92  40  41  49  95  77  55  16  97  31  39
   57  66  33  35  11  29  18  46  28  58  63   1
   96  91  87  49  43  44  74  94  13  59  27  14
   67  62  38  70  81  56  74  69  98  30  49  63
   12   8  95  58  32  25   7  22  20  48  64  52
   30  26   3   4  56  92  58  27  11  12  23  29
   48  72  67  96  46  34  60   2  60  34  17  20
   74  42  46  90  52  94  96  55
   36  69  43  50  76  89  78  28  37  69  30  45
   14  77  13  56  16  89  14  55  87  50   5  64
   64   2  74  26  57  94  73  52  33  18  86  69
   79  31  24  81  20  42  39  31  72  28  88  45
   16  29   8  66  49  15  43  50  22  57   3  28
   12  10  74  15  25  18  67  69   9  69  19  76
   33  12  45  59  50  37  55  10  75  62  11  10
   96  14  67  65  69  37  58  12  95  38  67  10
   40  86  56  91  92  77  78  86  16  90  62  73
  100  34  81  88  69  21   2  54  29  62  26  36
   38  17  13  97  79  98   5  76  97  68  42  32
    3   7  83  93  96  16  19  67  17  27   2  24
   60  63  77  21  88  49  32  92  54  99  52  56
   78  90   3  60   6  37  28  37  50  87  79  78
   94  57  59  90  31   4  16  61   4  77  47  83
   55  44  64  70  31  18  78  13  47  87  43   8
   64  93  32   8  85  28  76  27
   99  63  81  12   6  37  43  86  47  22  25  68
   96  67  68  44  95  16  35  94  82  64   9  20
   24  39  31  62  98   5  37  39  71  39  52  81
   93  94  31  90  73  86  78  94  67  17  52  46
    5  94  70  22  26  34  39  54  37  11  15  88
   47  58  13  76  14  66  87  93  53  85  90   5
   30  89  27  57   2  89  22  31  27  78  20  21
   92  73  25  82   4  43   2  15  73  94  48  18
   38   2  67  85  74  45  32  87  14  48  92  88
   42  91  93  58  74  71  74  39  97  88  14  94
   75  49  77  31  94  43  49   6  58  94  94  13
   99  47  43  60  30  70  25  33  81  71  62  54
   65  66  53  37  12  25  32  44   7  32  55  38
   81  70  98  50  91  82   6  46  26   8  89  12
   83  57   4  53  66  18   2  10  16  49   6  94
   57  68  85  54  53  87  80  58  57  86  58  26
   59  95  63  69   3  84  15  94
   74  44  71  51  10  57  36  59  56  76  93  74
   53   7  22   9  60  42  33   2  38  57  24  34
   44  34  32  97  91  90   8  20  26  16  40  72
   74  95  59  68  18  26  51  78  43  88  99  58
   22   6   2  28  81  35  66   5  95  25  38   9
   89  92  63  50  64  35  38  29  39  59  58  46
   18  20   1  58  88  45  62  66  48  71  94  93
   62  39  51  19  63  71  75  33  88   6  67  81
   60  87  53  60   9  87  73  37  56  79  41  44
   37  14  72  36  90  25  45  51  94  33  85  61
   81  46  34  66  96  47   3   5  47  59  63  33
    6  71  84  64  95  33  59  99  52  88  32  49
   67  57  75  81  10  35  21  92  45  28 100  35
   33  85  92  89  28  43  36  42  68  54  11  30
   68   8  35  13  14  14  85  62  62  59  99  93
   51  17  48  56  18  97  46  91  35  41  99  83
   69  32  32  12  48  35  15  14
   40   8  21  69  40  26  83   9  20  40  40  78
   13  11   4  91  82  99  73   4  32  78  40   2
   75  24  61  90  99  78  76  73  15  10  70  89
   41  31  54  96  99  32  81  70  78  77  60   8
   40  15  81  95  20  72  28  48   7  59  73  60
   51  60  52  85  77  50  95  90  55  98  18  89
   12   8  57   8  31  46  39  82  26  16  81  53
   30  25   8  42  88   3  67  77   8  27  61  71
   27  91  54  89  82  99  61  31  38   6  13  67
   12  83  76  33  26  48  34  39  75  17  92  96
   43  27  41  15  76  98  19  68  39  61   9  92
   52  25  23   6  37  35  98  17  96  69  64  16
    9  22   1   4  99  45  49  66  66  71  95  35
   94  16  91  55  71  53  23  99  18  78  97  39
   48  66  67  14  83  99  46  29  18  15  48  93
   72  22  96  47  37  42  35  91  27  31 100  48
   56  26  64  98  64  80  30  95
   17  87  22   6  15  88   5  73  18  57  52  62
   56   2  78  56  23   6  20  97  28  13  19  62
   75  94  76  30  30  59  60  38  56  87  93  16
   16  27   2  82  84  50  46   8  83   4  26  12
   90  50  64  22  21  36  78  35  45  76  39  26
   25   6  10  44  55  68  96  31  70  15  75  16
   20  60  33   3  55  85   3  27  51  34  10  79
   92  71  21  79  51  87  15   6  81  80  53  44
   63  17  86  82  27  11  66   7  71   5  95  17
   29   2  90  35  74  31  92   2  36  94  94  57
   14  83  20  92  53   3  30  51  73  94  82   5
   21   5  32  44  29  79  82  25  52  36  88  26
   72  93  17  27  32   7  63  83  92  98  37   9
   81  21  95  31  18  44  70  36  81  13  43  68
   23  57   9   2  62 100   8  43  99  53  50  93
   55  41   8  25  87  46  12  83  99  10  21   2
   68  84   2  18  27  81  87  75
   26  27  30   3  79   4  59  35  62  43  87  53
    6  50   2  94  10  82  63  78  91  54  15  20
   65  49  98  83  68  21  65  92  96  43  31  98
   64   9  47   3  66  41  60  43  34  94   6  44
   78  42  30  41  10  95  74  64  24  73  20  12
   53  59  25  82  51  60  52  12  34  15  25  67
   37  55   3  51   5  81  15  78  78  37  42  60
    2  52  94  70  96  60  67  26  51  23  19  55
   50  82  64  88  93  96  14  37  58  40  70   5
   10  48  95  97  46  92  60  65  74  46  10  53
   94  34  32  83   8  42  78  67   3  57  17  40
   50  23  64  34  66  87  94  93  47  20  42  15
   68  77  23  52  37  88  83  43  79  59  85  11
   69  40  61  91  72  71  38  45  17  51  54  98
   50  35  82  74  15  17  76  62  84  96  47  80
    4  82  10  88  68  40  75  94  87  31  54  16
   77  52  32  46   6  29  89  84
   49  14 100  20  14  64  56  73  38  69  65  52
   42   6  15  14  86  28  49  43  27  40  68  28
   85  40  43  84  70  42  77   8  28  50  42   7
   51  94   9  97  12  98  10  16  68  91  67 100
    3  32  89  51  32  59   1  79  63  33  92  54
   26  89  61  89  49  61  36  47  31  90  31  12
   56   2  55  23   7  36   7  99  37  32  69  56
   40  44  57  45  85  96  16  16  57  55  30  45
   71   2  41  97  92  30  28  96  45  10  58  64
   25  57  50  89   8  59  69   6  74  76  89  21
   34  89  42  98  64   6  94  15  66  82  58  94
   40  94  98  63  70   9  18   8  55  74   5  75
   45   1  10  22  21  38  38  32   6  23  40   7
   13  14  56  67  27  64  31  50  43  68  28  51
   38  37  74  97  97  11  67  88  97  95  53   9
   33  16  37  31  18  62  18  27  34  53  10   1
   56  63  40  57  38  40  95  27
   54  49  83  56  89  87  68   4  46  57  39  55
   53  36  13  24  15  58  25  94  75  95  69  81
    1  53  57  76  71  99  90  46  15  12  17  71
   81  66  95  91  99  49  23  51  90  14  48   6
    6  70  27  83  54  27  53  67  75  68  10  86
   44  94  68  83  44  95   1  50   5   6  19  91
   47  89   2  17  16  14  35  18  49  64  25  25
   76  51  97   9  76  63  52  17  96  20  93  13
   67  76  90   7   3  37  90  38  33  20  53  14
   53  44  15  56  33  73  51  54  73  80  54  85
   59  87  91 100  90  18  58  26  35  46  92  96
   95  55  65  57  29  98  13  46   8  81  32   8
   74  48  89  48  56  96  80  71  11   7  87  11
   69  97  57   4  29  10  69  17  83  23   2  68
   33  97  67  57  60  66  31  49  17  52  76  22
   13  43  36  27  44   3  53  62  53  33  87  20
   56  92  33   4  44  69  60  76
    548   534   556   581   523   518   504   531   571   547   547   494
    554   506   553
