 30 100
   83  18  74  88  98  93  20  30  97  57  89  83
   94  88 102  99  29  23   3  55  75  64  33  94
   55  75 101  55  66  52  19  66  24  57  95  72
   28  87  47  23  79  78  19  97  46 114  29  57
  109  47  25  35  64  28  78  67 104  96  49  46
   72  53  22  51  26  91  53 101  39  18  60  75
   29  36  41 100  24  16  26  71 103  41  83  29
   58  63  85  98  65  15  98  40  35  90  43 118
   77  79  69 101
   82  13  36  71  35  84  96  64  35  44 105  31
   58  24  64  78  35  89 105  11  86  35  58  21
   45  28  95  36  29  38  98  23  40   2  85 111
   71 103  84  77  20  71  14  71  50  83  75  69
   37  50  97  71  74  88 107  97  63 108  56  80
   56  27 109  62  48  82   8  21  94  83  63  79
   26  24  39  85  69  47  95  20  64  22  24  75
   83  44  67  25  19  53  29  11  52  63  19  25
   27  34  63  22
   37 111  48 104  46  64  91  68  46  92  21  86
   72   3  35  87  89 101 113  40  23  36 107  75
   14 103  22  20 109  37  63  68  99  34  45  86
   37  95  55  31 109  75 101  77  27  85 112  56
   31  80 107  62 108  30  68  79  33  64 112  27
   28 104  80  40  96  56  59  87  47  40  63  92
   42  36  77  47 100  65 113  95  59  88  46  94
   95  25  81  13  35  60  50  19  90  98  56  65
   55  42  54  17
   35  86  86  87  73  90  39  40  45  93  76  83
   89  72  58  89  17  70  54 110  12  27  58  95
   26 101  80  82  59  33  27  61  48  88  46  99
   69  79  25  25  79  85  41  18  52  65  99   6
   58  59  62  80 108  29  21  67  77  81  74  90
   39 117  61  64  22  75  32  44  58  91  55  20
   90  21  47  45  57 112  30  19  28 103  77 106
   18  73  50  48  30   6  14  30  35 104  68  95
   87   8  67  90
   39  21  99  60  50  56  65  75  34  83  25  47
   47  99  30  88  41  65  34 101  54  39  82  48
   38  53  55  23  66  27  52  73 103  40  82  40
  104 102  57  74  88  77   6 106 113  23  76  77
  113  98  67  76  61  43  89 111  93  26  20  45
    5  44  12  90 103  38  38  26  27  31  54  75
   87  41  82 102  16  83  80  23 108  72  33  18
   76  39  45  82  91  91  30  72  37  56  85  11
   36  64 109   9
   43  84  28  21  79  34  66  59  12  67  72  92
  108  62 111  73  25 107  78  99  30  78  38  98
   97  44  62  40  92  65  89 101  79  24  42  96
   23  20  46  65  12  24  53 109  64  62  57  38
   45  97   9  37  13  28  82  62  15  89  34  83
   13  94 114 102 104  71  47  89 116  23  82  58
   74  99  14  43  24  49  82 115  47  43  65  55
   17  34  27  94  39  60  52  24  74  47  50  62
  105  77  35  66
   65  38 101  19 101  35  34  63  97  45  13  99
   56 114  66  84  58 101  68  17  35  12  80  28
   50  55  74  57  56   7  93  75  73  91  37  31
   27  75  39  57 114  36  59  86 104  60  25  71
   92  92  94  64  16  29  49  44  29  19  64  25
   29  33  41  95  68  61  79  94  54  41  94  75
   80  21  79  70  86   5  44  44  87  79  21  36
   52  27  54  60  88  87  65  35  71  87  79  53
   81 114  85  76
   63  54  42  87  40 109  27  69  54  26  66  32
   79  62 106  69 105  59  19  37  26  64  36  83
   48  23  97  81 110  51   4  52  46  11  72  51
   96 104  97  28  37 106  25  30  45 103  42  31
  101  73  59  15  39  71  72  90  85  82  56   7
   17  15  37  70  57  18  90  34  99  85  88  98
   83  43 105  49  54  97  44  58  31  74  98  26
   42  57  89  50  15   5  46  37  93  51  19  63
   48  87  94  67
   44  19  77  74 102  35  64  69  36  63  38  15
  108  55  38  82 107  29  41  77  70  94 100  70
   41  80  27  23  29  30  93  89  21  23  99  18
   97  24  33  34  38  39  95 107  30  85  91  38
   80  80  86  52  80  61  47  27  67  54  41  49
    5  27  89  51  41  92  54  87  29  60  52  62
  112  34 104  30  20  90  94  45  73  99 109  40
   31  24  30  69  54  93  93  73  45  27  77  10
   64  99  47  63
   96  49  42  28  80 116  20  44  40  87  23  33
   45 107  10  46  56 112  83  40  78  88 119  90
   42  87  79  73  69  11  28  23 103  31  73  92
   42  43  17  79 101  81  64  58  86  19 111  31
   33  23  96  92  39  61  30   9  42  54  67   7
   97 111  81  57  98  55  53  84  87  18  54  73
   63  56  90  24  63  19  72  85  13  65  78  47
   43  14  77  28  26  72  92  72  51  55  55  22
   34  21  20  23
   14  91  89  26  52  16  15  94  95  75  47  16
   25  35  72  55  91  40  55  52  14  75  90  83
    9 111  10  36 106  68   9  87  49  42  75  69
   94  74  22 101  95  38  15  97  96   9  10  51
   23  88  50  34  33  24  24  97  95  73  78  35
   45  80  98  82  48  26 108  63  29  23  49  89
  104  33  22  75  39  11  29  34 103  60  90 106
  102  76  37  56  40  27   7   8  55  13  91  20
   54  49  70  40
   81  81  46  36  80  40  72  94 100  37  24  87
   41  79  65  56  76  39 109  18  60  85  89  31
  101  67  46  96  94  88  78  36 111  85  58  28
   24  98  14  75  60  53  29  97  76  38  96   9
   90  93 104 102  69  60 109  17 102  78  59  72
   84 105  34  55  45  54 101  84  88  25  89  89
   34  79  49  62  90  45 100  80 111  72  65  35
   36  62  96  91  21  44  21  35  27  84  96  97
  107  64  64 107
   82  94  43  70  23  90  66  26  28 110  53  38
  109  44  98  58  47  85  98  63  55  65  31  28
   41  20  81  84  21  92  67  80  96  28  30  95
   44  19  73 102   6  39  77  51  96  64  48  46
  107  46  79  86  24  98  96 102  34  70  32  24
   60  95  36  30  24  62  50  21  20  51 112  37
  104 104  56  30  55  23  91  11  61  25  95  38
   83  68  20  28 103  86  53  63  17 111  83 111
  112  83  49  50
   18  89  41  46  55  96  47  61  62  69  72  28
   88  46  59  76  98  75  74  91  41  85  21  23
   89  16  45  85  68 100  78  68  97  82  13  34
    5  44  96  88  22  31  29  42  30  16  21  67
   77  78  66  36  64  96 109  18  93  55 100  62
   62  92  99  54 105  90 101  64  31  86  91  90
   65  83  75  61  32  58  41  37 116  44  79 100
   71  39  28  83  20  71  59  41 109  54  12  33
   45  68  89  12
   83  42  69  37  39  94  67  13 105  71  52  55
   53  17  54  40  20 104  98  17  50  22  95  12
   42  46  71  90   5  60  53  20  54  11  31  70
   81  56  65  43  38  82  55  68  39  59  68  13
   75  77  98  15  43  34  70  60 108  53  60  32
  105  20 107  49  45  93  54 102  81  85  27  53
   18  81  95  45  86  91  58  96  75  55  71  61
   14  44  52  28  63  54  43  46 113  92 105  41
   26  64  51  23
   47  38 118  36  86 117  32  24  61  41  98  73
   47  80  38  99  49  12  39  37  31  41 106  21
   89  99  92  37  72  72  99  91 104  91  78  33
   81  72  70  27  64  43  67 101  67  26  68  22
   21  65  34  56  37  19  62  35  49  73  32  42
   94  27  97  81  59  11  24  82  29  16  55  52
  100  76  76  85  86  91 102  91  49  99  44  48
   73  55  43  19 100  81  24  93   9  39  80  54
   48  59  12  45
   32  90  30  85  73  47  92  26  73  66  43  98
   27 106  78  83  92  16  89  82 106  71  46  56
    9 102  20  48  75  77  38  19  94  44  32  16
   30  79  82  11  27  78  14  83  79  48  53  29
   25  77  26  88 109  47  63  32  54  47  99  24
   34  28  69  70  51  56  18  39  74  95  21  67
   74  89  85  71  76  35 104  37  91  90  50  91
   47  60  91  80  45  86  80  90  56 101  15  83
  104  61  85  90
   89  63  66  80  36  14  90  63 101  45  45 104
   37  17  57  48  15  91  76  47  53 100  48  67
   53  19  21  95  39  90  74  31  36  94  27  30
  113 108  50  62  15  55  30 101  65  87  31  25
   45  64   9  93  40  99  29  55  56 113  54  57
  106  54  62  80  70  59  45  50  50  22  45  14
   99  34  87 106 107 103  65  40  70  71  75  85
   52  55  80 100  84  78  24 103   5 102  67   8
   77  97  89  29
   38  82  34  64  69  85  81  37  24  86  84  25
   52  66  59  69  93 106 117  38  32  94  82  91
   53 109   5  85  83  92  43  91 104  92  37  47
   31  85  12  30  92  66  76  46  21  20  79  55
   90  24  16  80  48  99  95 101  53  30  69  66
   30  40  30  69  16  95  27  70 117 113  58  41
   68  62  69  14 103  61  33  94  80 101  22  99
   31  10  53   7 110 113  26  42  55  10  59  68
   51  35  98  75
   79  91  73  23  96  89  87  62  85  52  11  81
   33  77 105 105  66  87  43  21  14  27  76  36
   93 118  15  27  24  97 103 102  74  11  62  53
   99  30  54  34  15  37  80  53  43  82  32  41
   61  27  99  81  96  35  60  98  83  65  96  33
  111  59  53  62  25  20  36  52  20  93  44 110
   20 106  36  60  67  61  44  55  80  43  44  51
   32  75  85  80  18  72  63  61  52 106  53  85
   42  67  83  34
   34  13  69  58  95  11  65  57  55  30  62  16
   64  97  96  87  24  34  55  88  68  27  67 103
   83  43  83  62  38  26  32 118  99  28 101  37
   13  37  97  50  31  34  79  61  58  85  92  81
  109 115  42  28  81  33  92  42  64  61  83  28
  109  86  86  79  88  14 107  54  32  95   6  60
  101  85  86  80  87  50  34  67 110  69  69  84
   28  23  66  95 106  91  50 106  23 115  69  54
   89  96  64  92
   22  50  97  43  15  93  37  50  25  75  15  47
   95  36   7  13  71  24  98  34 112  73  56  88
  103  33  41  63  27  42  24  33  27  53  33  15
    9  37  93  46  16 102  68  54  93  24  18  55
   34  67  59  58  48  75  86  47  42  73  36  45
   92  39  71 108  78 111  37 103  59  40  18  23
   53  51  19  73   8  90 115  86  69  97  36  24
   20  38  94  35 100 103  81  66  25  14  83  19
   27  25  41  97
   84  68  75  58  61  98  99  59 101  58  48  49
   86  20  96 108  98  28  95  20  99  15 105  82
   98  63  16 108  77  93  33  61   7  93  84  54
  113  28  83  38  78  44  73 103  78  90  59  21
   99  88  13  12  67  72  37  20  46 112 103  80
  100  79  21 107  58  96  21  18 107  10  90  29
   80  49  79  43  20  15  27  17  58  35  25  49
   23 105  74  70  12  61  27  49  26  92  23  97
   62  77  70  25
   30  93  42 106  14  48  93  13  82  59  84  47
   55  79  63  25  61  41  49  85  24  29  40  48
   29  76  27  69  47 100  47  70  79  43  66  33
   35  52 104  13  41  77   3  58  14  74  94  63
  105  49  72  48  80  50  11  35 100  48  70  88
   61  47  40 114  87  70  64  43 100  98  75   2
   80  86  44  91  13 102  68  39 100 104  82  83
   86  58  41  65  59  47  64  28 107  76  70 118
   72  50  61  91
   63  78  32  88  25  48  53  34  17  76 105  25
   34  92 113  81  37  71  73 110  85  38 100  89
   20  45  12  72  64  25  41  56  25  85  41  75
   71 112  79  21  62  33  76  36  48  19 114  28
   21   9  10 106  63  72  62  37  82  43  18  16
   46  19  27  29  95  41  37  50  61  27  95  14
   60  91  97  27  34  58  31  35  19  34  87  54
   58  76  50  84  93  29  85  46  82 107  93  62
   70  33  78 105
   15 111  17  36  55  70  39  80   8  65  63 104
  100  41  49  62  70  88  32  52 113  80 106  48
   69  27  24  22  30  71 107  58  16  46  54  72
   16  30  90  69  47   6  76  30  68  27  23  67
  105   4 115 104  52  74  41  52  42  65 101  97
   24  96 103  91  76 108  56  42  92  36  27  92
   33  60  17 114  40  20 103  51  69  84  74  28
   59  86  68  98  95  70  69   8 100 100 101  47
   68 109  21  91
   47  28 109  83  61  31  60  29  63  76  32  66
   70  59  20  36  38  67  95  57  72 107 101  61
   63  97  34  17  24 106  73  72  53 103  22  89
   64 101  31  23  59  35 102  41  70  64  67  46
   34 107  94  95  49  22 101  90  94  23  58  73
   90  84 103  28 119  58  90  95 102  62  63  34
   29  36  40  85  71  92  97 100  35  76  42  80
   99  29  96  86  67 101  49  24  39  19  95 111
   83  62  31  47
   39 100  69 109  26  48  92 103  39  24  77  88
   74   2  43  65  41  36 117  66  20  89  59 111
   33  63  95  73 101  47  56  96  92  43  53  64
   90  80  97  29  52  13  35  51  97  75  33  33
   28  73  70  84  78  28  39  16  99  34  20  43
   24  30  88  26 115  31  40  67  43  98  71  81
   39  62  42  76  18  56  95  36  68  62  41  64
   62  87  84  36  27  26  45  21  99  44  45  30
   60 100  61  66
   45  19  48  82  82  19  42  29  80  66  36 109
  110  77   6  93  66  58  25  94  68  92  48  41
   74  28 103  25  38  55  12 100 107 104 101  78
   68  31  35  72  59 112  22  65  95  40  37  60
   85  66  93  97  19  52  88  36  81  90 101  92
   45  42  31 111  32  31  58  27  71  18  53  61
   31  87  48  78  57  78  33  69  52  70  91  38
   13  70  89  24  62 117  63  27  84  19  64 117
   78  98  43  85
   32  50 104  12  30  69  89  45  62  29   5  19
   64 101  27  68  95  49  47  85  26  80  29  50
   31  83  78  81  44  47  92  26  78  53  55  77
   24  79  97  84  45  19  19  37  61  80  49  81
   38  46  37  25 107  20  24  84  94  85  59 108
   42  89  98 103  70  74  34  36  28  29  82  53
   90  14  89  33  57  89  38  29  46  55  25  54
   39  78  11  25  71  59  55  70  83  61  36  28
   51  90  42 101
   19  84  32  15  21  19  89  78  11  53  27  19
   26  24   4  10  82  93  99  47  36  54  87  13
   63  41  12  50  47  66  88  45  81  61  12  31
   83  32  73  95  24  24  99   7  62   4  91  49
    2  55  87  71  51  77  33  49   7   8  62  58
   35  50  96  60  80  19  50   3  77  91  51  29
   74  76  75   3  80  96  93  46  11  77  26  85
   53  55  17  14  47  93  15  65  68  13  71   2
   36  32  44  10
   29  92  72  39  85  36  16  55  71  70   9  81
   62  95  41  41  70  14  11  97  30  76  51  82
   61  85  12  80  77  67  10  84  65 100  33   4
   31  13  20  42  95  38  90  35  69  31  43  48
   74  55  14  44  36  23   3   7  40   1  53  25
   47  84   4  48  68  24  94  96  11  22  42  37
   76  88  73  24  33  62  20  91  38  88  82  27
   35  67  51  87  99  56  90  94  64  43  83  77
   88  76  49  94
   67   5  69   7  58  38  20  49  66  25  90  27
   41  99  83  25  15  18   2  65  96  69  10  29
   88   3  93  88   5  68  50  52  10  68  69  27
   70  21  49  80  10  39   6  35  88  18   6  55
   87  37  13  58   6  76  36  36  76  42   3  87
   83   7  36  65   6  59  48  30  59  70  44  28
   62  74  43  66  10  48   5  16  55  23  71  15
   14  93  27  91  72  49  61  95  14   7  51  46
   51  69  55  89
   84  22  24  20  31  27  77  78  71  12  33  23
   14  40  62  31  94  47  63   1  90  81  54  24
   93   8  29  22  50  71  78  42  58  29  70  18
   35  39  94  89  39  17  69  91  58  45   9  96
   61  58  58  31  12  83  85  38  38  38  37  23
   80   3  59  41  81  44  80  64  56  13  51  99
   14  87  55  75  47   1  75  87  83  10  30  11
   95  42  58  69  76  97  88  72  82  13  45  14
   27  94  41  25
   69  92  21  50  66  60  51  27  85  36  84  69
   70  10  85  22  62  50  80  14  57  63  20  61
   77  50  61  85  51  78  50  43  15  74  29  69
   14  14  50  32  29  42  97   1   6  90  34  25
    4  20  48  27  50  60  20   9  17  80  99  66
   97  59  92  25   6  69  67  76  83  78  63  36
   22  62  26  11  95  24  36  79   3  34  72  84
   33  76  66  38  27  13  87  39  70  55  27 100
   80  51   2  97
   68  23  83  98  36  71  38  57 100  50  42  20
   11  41   4  36  88   1  40   5  85  25  65  17
   12  71  48  65  15  53  22  13  31  84  69  21
   89  91  58  47  94  96  50   3  49  46  62  65
   59  18  97  70  92  79  35  45  96  16  84  24
   90  20   2  11   7  37  68  16   2  81  29  45
   31  12  99  62  81  66  31   4  67  69  38  60
   94  85  88  24  78  53  61  92  31  67  57  40
    6  31  80  47
   40  81  10  95   1  84  86  50  20  70  99  18
   48   4  52  23  55  13  37  92  76  97  36  74
   61  53  30  60  46  96  23  27  32  20  79  86
   77  42  72  53   4  84  46  19  14  51  86  42
   20  26  11  53  86  79  66  62  87  90  38  94
   73  79  78  22  48  56  37  21  65  71  16  33
   31  95  26  43  25  97  62  72  24  39  91  71
   52  87  49  46  30  32  54  74  46  22  28  51
   33   6  33  41
   42  54  72  15  63  10  77  40  63  80  38  79
   33  54  14  42   8  52  86  82  91  40  78  37
   59  96  22  34   5  56  99  52  69  97  47  55
   16   7  12  78  75   2  80  84  57  15  65  81
   11  39  60  94  65  40  44  16  17  28  64 100
   91  90  71  38  57  91  20  76  13  33  29  17
   28  72  14  65  50  10  67  49  73  38  12  93
   72  46  14  66  94  99  61  80  16  66  93  55
   64  22  13  53
   74  87  34  43   9  72  40  33  77  55  82  92
    3  64  78  25   1  76  75  25  33  13  11  32
   72  38  79  87  78  86  21  14  86  82  14  96
   14  89  82  84  67  65  19   4  76  26  18  73
   29  28  17  54  24  59  62  85  37  48  72  53
   97  77  27  63  76  14  57  25  88  54  60  53
    8  76  13  77  94  12  11  66  34  20  11  64
   87  84  90  39  59  19  18  45  71  79  35  96
   56   3  55  53
   20  56  60  90  31   3  96  60  71  19  81  71
   59  13  99  68  61   7  28  67  25  22   1  20
   69  16  27  39  34  97  77  86   2  88  33  24
   72  59  91  23   5  24  43  44  21  92   4  74
   72  93  10  24  68  57  82  93  65  54  48  96
   23   8  22  50  18  57  56  22  24  96  51  46
   53  62  23  95  57  94  45  25  96  53  40  63
   65  99  41  86  85  43  17  33  60  47  49  98
   85  95  90  84
   97  20  28  82  50  96  95  11  23  30  68  99
   83  73  34  49  14  65  56  55  91  33  24  23
   95   6 100  83  11  42  93  26  58  70  37  47
   25  39  80   9  19  82  96   6  24  96  96  51
   81  30  63  73  70  84  90  21   7  31  40  84
   57  33   9  32  63  91   9  53  75  91  60  17
    2  72  94  40  72  98  75  77  10  52  25  10
   17  36  71  57  76  85  98  97  60  97  16  98
   55  68  40  68
   31  26  66  75  24  64  45  16  18  83  92  32
   77  28  39  59  36  78   6  87  50  34  30  74
    9  47  64  15  11  31  34  75   4  24  50  92
   79  21  98  34  43  59  77  17  35  76   8  96
   20  26   5  11  35  54   2  92   5  40  52  40
   19   3  81  51  64  63  10  24  30  79  30  13
   68  26  53  50  21  61  17  37   7  31  51  83
   70  57  15  23  98  70  84  80  91  21  14  14
    7  38  53   4
   28   9  67  38  87  13  44  77  82   8  54  73
    6  65  13  51  71  29  13  45  58  41  76  91
   66 100  21  32  94  18  37  34  14  90  73  18
   72  92  44   1  98  68  41  53  21  47  59  63
    4  66  39  21  95   9  14   5  78  47  82  93
   49  11  75  79  94  57  53  99  91  59   6  79
   12   1  63  85  48  92  29  95  41  91  14  76
   30  43  91  79   6  23  59  42  88   4  21   7
    4  26  70  54
   87  17  75  74  50  11  62  56  54  42  45  90
   27  73  50  36  11  36  32  15  66  32  91  92
   31  94  75  21  39  15  24  46  12  29  89  77
   97  70  17  18  88  82  78  61  85  89  85  46
   40  41  46  73  48   9   2  93  10  48  11  45
   50  27   8  65  10  13  16  56  84  19  27  18
   41  25  43  44  85  45  78  74   1  70  26  18
   42  66  87  33  96  38  61  71   9  54  99  84
   59  35  22  93
   26  74  33  70  72  11  44  92   6  42  66  54
   62  87  61  62  88   8  12  94  70  92   8  99
   72  74  48  17  97  45  50  95  51  93  73  41
   24  47  53  62  81  32  57  39  72  44  38  96
   43  30  12  97  70  85  45  43   3  64  51  84
   14  93   2  54  74  15  51   5  28  21  75  57
   85  21  17  70  29  11  46  12  33  51  40  56
   90  67  63  76  55  57  67  66   1  12   8  66
   85  45  58  97
   65  64   2  83  24   3  79  87  46  63  13  39
   60  26  68   8  64  98  80  70  87  67   2  93
   28   5  18  70  42  45  17  26   6  16  33  83
   30  35  46  90  46  74  40  16  44  77  34  94
   86  48  68  52  72  93  52  77  68  38  81  65
   10  93   8  21  48  93  82  27  75  93  55  67
    7  27  34  24  21  28  15  26  68  19  64  69
   43  56  77  90   9  38  83  14  99  81  24  48
   69  52  92  58
   70  13  74  17  34  66  19  82  36  43  77   8
   84   4  33  22  13  96  19  30  13  37  71  52
   94   3  82  69  45  37  72  83   9  67  75  96
   75  32  30  92  80  29  93  37  25  66  58  91
   93  29  84  31   5  62  51  87  54  64   8  92
   82  88  48  45  53  61  95  78  39  16  94  51
   28  29  21  44  35  82   4  73  27  26  56  12
   69  58  23  26  69  22  36  28  47   5  89  31
    9  59  20  30
   25  57  36  27  83  98  17  50  19  61  60   2
   67  91  56  60  94  29  33  68  62  18  58  38
   54  93  99  10  67  25  43  76  68  25  80  77
    6  12  56  42  91  48  78   6  39  32  88  87
   70  52  97  21  80  12  82  64  62   5  48  54
    6  62  47  37  42  61  66  55  67  89  72  95
   17  81  23   5   7   9  39  64  39  40  37  28
   65  56  30  20  18  38  86   2  98   3  48  97
   33  18  23  76
   64  31  75  48  36  19  31  79  96  20  33  84
   66  54  47  35  25   9   3  73  82  26  30  11
   65   4  97  31  20  12  73  15  16  19  83  71
   78  29  99  83  20  40  32  70  87  99  27  50
   30  89  92  31  63  11  24   2  67  86  49  42
   74  76  80  45  87   7  84  45   3   5  62  69
   42  52  42  92   8  53  81   8  39   7  89  12
   89  97  53  98   9   1  81  69  48  92  59  50
   63  77  19  30
   28  12  35  95  24  24  23  41  33  50  91  27
   72  43  13   7  39  23  73  86  93  89  38  73
   10   2  87  81  91  17  10   8  43  96  57  65
   13  75  65  80  88  80  34  53  62  33  72  78
   56  92   7  32  10  80  46  18  31  55  18  75
    8  50  60  57  84  85  77  55  99  24  60   8
   87   7  69  51  37  44  75  48  23  65  69  67
   88  35  30  36  99  35  56  44  54   4  58  21
   61  39  22  68
   79  92  41  49  19  92  39  56  64  81  44  96
   56   8  23  17  87  79  49  14  40  92  42  10
   30  65  23  49  64  86  73   1  15  77  18  76
   98  67  10  60  74  76  33  53  51  17  21  25
    8   4  76  85  30  78  19  61  48  46  29  91
    6  24  19  31  20  99   5  65  74  13 100  46
    6  31  16  31  19  58  74  40   6  39  35  19
   75  86  39  24   3  18  56  14  87   2  49  52
   23  20  56  28
   80  55   5  74  96  18  68  62  91  27  90  67
   13  76  97  93  36  85  20  81   3  37  50  23
   12  76  79  50  83  75  81  74  81  56  72  97
   95  81  23  74  89   5  38  51  14  80  95  54
   72  41  56  51  61  36  21  67  67  32  67  67
   23  72  34   2  32   7  79   9  54  76  95  90
   50  68  84  38  96  21   5  28  50   8  68  79
   89  69  13  75  11  15  24  40  83  89  32  83
   79  92  63  12
   29  51  34  56  45  11  19  59  12  50  63  62
   31  94  23   7  18  91  19  84  14  91  13  26
   18  49  96   3  28  27  82  43  98  17  25  57
    5  76  37  76  25  69  30   8  35  29  59  94
    8  25  91  99  35  48  72  85  58   8  15  26
    8  36  99  13  59  13  83  87   4  94  29  81
   22  64  31  61  83  87  75 100  48  82  94  53
   84   6  44  44  97  43  85  71  76  25  90  17
   45  40  46  79
   83  10  73  10  91  63  21  94  21  48  24  65
   59  31  57  78  45  67  70  27  78  85  73  58
   87  37  89  47  60   4  64  44  40  70  45  72
   79  61  16  97  64  34 100  56  88  44  22  44
    7  62  31  72  31  61  92  83  10  65  36  28
   51  56  69   6  24  49  53  71  10  22  38 100
   23  20  67  14  94  10  38  72  13   5  27  30
   33  46  78  50  46  55  54  81   7  40  48   2
   33  67  58  22
   50  34  79  30  83  56  54  72  98  42  14  91
   78  14   2  31  72  33  47   6  19  67   5  26
   92  72  95  33  46  83  69  51  85  19  71  43
   36   2  28  90  42  84  42  75  62  97   1  80
   84 100  95   2  56  48  57  70  21  76  98  90
   72  88  78  86  18  65  65  67  52  78  24  96
   53  24  13  80  79  62  87  67  86  77  29  57
   52  37  66  30  17  80  33  74  37   7  18  44
   46  80  38  14
   99   8  96  83  52  42  81  39  99  47  57   7
   17  77  62  50  46  17  87  55   4  31   8  66
   42  87  80  89  81  39   6  52  99  64  48  32
   88  78  19  39  62  98  29  76  45  77  92  40
    8  98   4   7  68  30  71  61  65  47  10   5
   80   9  10  13  30   8  48  64  23  73  84  26
   71  42  99   4  71  88  11  59  45  20  38  79
   45  34  46  18  14  34  38  95  20  15  15  60
   46   7  95  18
   73  83  10  21  50  83  50  80  42  31  73  37
   49  54 100  81  82  41  22  59  33  12  14  56
   40  11  69  95  79   9  40  43  61  17  94  29
   45  10  79  79  59  73   7  67  37  49  42  65
   71   3   9  19  67  97  10  28  25  88  56  44
   19  20   6  78   1  45  23  23   9  45  46  81
   91  76  63  18  47  19  12  13  68  41  74  36
    6  76   6  25  40  13  56  87  73  95  18   6
   20  43  77  56
   77   4  35   9  80  70  24   6  66  92  26  30
   46 100  74  51  79  79   1  50  91  22  45   7
   70  46  20  38   9  71  47  21  24  62  50  51
   27  29  10  90  65  96  83  53  23  32  87  72
   79  33  41  22  38  87  74  97  15  81  94  67
   86  85  19  79   4  88  71  38  69  10  34  32
   71  54  71  39  88  52   9  79  48  41  78  41
   55  24  24  66  80  85  72  93   8  68  63  74
   49  16  42  39
   70  89  64  24  36  90  70  73  25  43  80   7
    5  43 100  23  43  53  86  24  35  20  71  72
   30  92   4  83  82  63  99   6   5  13   8  36
   43  73  85  31  59   2  89  39  24  68  76  42
   26  52  18  14  96  53  29  82  37  18   4  15
   67  75  71   7  84  82  58  87  34  90  67  41
   89  17  63  32  53  28  78  50  59  44  25  65
   98  46  24  96  50   2  42  86  27 100  46   3
   32   4  66  35
   70  67   8  90  81  46  20  73  53  87  99  86
   43   7  88  42   9  59  71  30  76  23  73  67
   84  30  33  21  72  69  26  87  42  52  58  39
   85  33  19  31  63  98  95  65  54  23  56  30
   64  72  83  85   4  87  86  29  12  18  60   8
   66  24  18   4  32  37  78  75  89  90  25  67
   21  99  16  76  52  20  66  85  65  55  88  57
   71  34  94  90  45  48  64  38  21  52  71  90
   53  27  75  19
    124   141   118   136   138   135   136   133   133   147   151   114
    129   123   136   132   132   132   131   130   117   144   132   134
    143   126   119   136   131   146
