 20 400
   93  61  91 108  19  77  29  44  70 103  52  47
   48  84  25  47  88  69  11  73  47  61   5  53
   72  44  97  27  84  87  65  40  44 109  28 106
   20  97  47  65 112  92  79  88  68  30  53  43
    9  64  89  30  75  74  32  52  86  26 105  37
   45  23  72  36  99  10  10  66  86  43 104  30
   71  89  71  83  24  21 104  34  79  52 100  73
   20  59  90  41  12  29  53  37  61 102 101 106
   50  64  27 102  53  28  42 116  33  81  77  43
   33  74  77  63  24  81  71  78  49  54  17  28
   67  64  32  40  66  43  32  77  97  84  29 103
   37  70  78  12  37 117  70  39  68  86  31  90
  108  57  12  35  84  35  52  70  23  52 109  33
   34  62  25  88  65  73  23  26  49  87  53  92
   52  44  17  64  84  93  46  20  37 106  71  16
  114  58  76  12  20 107  76  92  82  74  76 102
   38  81  43  96  87  57  67  65  82  46  26  11
  117  76  83 112  52  99  78  35  38  21  69  75
   23  29 100 109  82  78  50  39  23  73  96  89
   43  35  96  91  31  92  28  51  19  69  58  90
  101  19  43  62  66  22 108 102  40  52  55  77
   71  93  24  23 103  95  51  78  34  19  85 109
  104  30  54  96  47  89  94 114  27 111  96 109
   97  78  55  35  90  76 104  84  22  53  57  16
  101  38  81  73  32  24  49  46 104  26  32  20
   54  52   8  91  95  29  49  30  23  23 107 114
   62  15  62  25  87  36  67  58   6  46  52  47
   74  50  31  41  19  65  72 110  93  58  62  96
   49  74  65  36  57  58  28  65  58  88  37  70
   85  78  97  72  35  86  73  92  32  33  28  37
   69  78  23  64 102   4  33  36  34  57  20  98
   77  78  91  46  82  11  96 114  89  80  25 101
   61  27  74 101  23  68  19  73  40  31  75  51
   35  43 101  52
   82 100  25  21  97  83  54  91  69  60 104  89
   37  30  92  63  88  92  25  21  73  39 100  27
   74  24  35  78  38  40  35  55  86  97  84  58
    8  93 103  61  90  45  35  27  67  53  73  45
   40  70  47  40  11   7 112  66 112 107  41  53
   52 106  99 103  37  28  28  20  37  83  50  41
  105  84 100  60  56  36 118  40  56  92  83  34
   28  72  78  46  93  32  83  59  54  81  52  45
   71  95  96  60  87  91  24  29  49  89  82  62
   25  31  56  46 109 109 113  49  89  36  63  65
   29  82  40 109  31  37  20  42  61  31  29  91
   46 114  54  49  15  84  60  44  78  39  33  66
   39 103  17  40  58  34  60  26  34  46  72  76
  102  55  52  71  63  38  80  21  54  69  89  42
   37  13  32  97  41  74  80  82 114  43 110  19
   21  99  36  90  82  69  79  87  76  86  61  38
   46  81  36  25 114  10  59  50  88  46  57  32
   16  91  46  15  91  95  34  75  59  50  20 100
   46  58  56  98  73  31 110 102  50  12  89  30
   16  55 108  53  26  87  52  40   7  72  39  26
   24  44   8  39  35  84  40  17  81  78  66  40
   98  25 112   7  64  33  22 111  95  99  52  72
   19  63  80  16  37  87  27  57  84  40 107  66
   17  75  27  80  42  77  25  99  74  83  95  29
   24 110  30  60  62  81  54  69 104  81  18  66
   13  16  21  68  46 103 115  82  45  82  29  34
   81  43  93  74  69  43  28  77 104  94  77 105
   98  17  27  87  56  88  82  65  36  96  68  84
   27  46 109  64   6  79  74  36  72  59  52  70
   43  19  19  45  57  88  57  20  29  41  98  48
   47  90  35  43  30  61  80  81  37  91  68  40
   40  64 111  32  71  91  15  64  80  31  98  20
   39  39  72  14  94  71  36  49  30  33  55  73
  100  28  23  86
   14  72  86  95  75 109  53  58  21  91 102  68
   87  45  12  66  41  38 110 106 105 112   9  32
  105  64  61  30  60  38  92  52  55  97  71  44
   25  53  47  46  50  27  20  49  46  82  49  88
   83  61  78  48  11  21  19 100  31  33  56  44
   86  92 101  41  49 105  53 102  35  13  63  46
   47  95  49   9  58  67  48  38  30  10  56  81
   86  71  87  52  39 102  23  31  70  89  75 112
  114  58  94  78  88  39  77  16  43  96  30  71
   88  68  36 104  14  40  24  73  99  91   9  59
   48  51  24  31  53  56  46  99  85  53  18  12
   74  60  17  27  75  44 105  59  44  33  86  27
   71  92  41 103  37  49  11  93  31  78  98  69
   66  61  83  17  97 106  41  26  76  25  74  54
   62  19  54  78  89  70  47 111  57  84  32  37
   82  56 103  30  66 101  46  50  32 113  18  95
   87  79  67  24  59  61  79  69  38 100  36  50
   92  48  92  96  69  33  93  37 104  79  63  23
   25  78  70  93  96  80  61  31  71  89  77  31
   31  56  23  25  56  25  95  97  76 116  52  73
   42  77  48   8  87  63  33  62   8  11  69  27
   85  91 103  74 102  33  28  68  56  19 113 115
   17  32  92  45  87 101 115  96  31  75  78  68
   17  42  90  22  87  13  86  70  26  13  56  19
   98  71  66  41  21  97  48  75  73  58  84  96
   33  53  94  39  52  66  23  28  79  60  62  37
   63  64  79  47  44  73  49 101 113  40  67  92
  110  43  52  16  59 102  34 112  76  37  99  73
   42  69  44  25  59  66  41 101  67  63  92  44
   22  24  54  31  46  19  57  23  93  98  18  90
   94  25  84  58 106  63  42  52  36  98  20  65
   25  29  56  85  57 106 102  21 108 109 100  42
   50 105  31  77  71  16  74  53 113  23  12  77
  107 101  31  90
   99  35  94  75  76  90  54 108  29  57 100  29
   30  83  43  80  57  65  63  18  69  66  82 100
   56  61  77  26  14  38   6  53  86  54  98  78
   72  96  78 115  60  36  80  29  67  29  30  21
   72  98  91  90  45  18  66  99  72  85  89  63
   64  18  73  27  60  96  39  50  90  82  38  83
   20  42  72  59 117  73   3  77   5  91  77  61
   16  10  90  51 100  25  45 110  33   7  44  40
   99  16  77  69  57 106   7  62  88  32 102  99
   74  54  96  37  32  99  26  28  91 102  72  66
   17  71  30  86 113  63  55  82  47  22  40  72
  102  55  22  97  46  16  56  84  66  18  48  47
   98  30  40  28 101  82  68  53 102  60  31  86
   36 112  40  99  63  71 110  18  20  90 115  76
   16  65  17  94 103  65 109  57  81  40 103  56
   38  29 111  19  98 100  33  30  26  59  36  21
   46  53  57  61  38  35   9  10  93  35  89  43
   97  41 100  14  44  39 106  94  31  26  40  50
   85  87  40 111  78  44 113  50  54  43 101  63
   68  10  89  81  61  19  43  33  94  66  72  85
   62  62  32  78  10  35 104  92  21  55  20  33
   21  89  73  99  31  13 112  58  38  58  57  41
   41 106  98  60  71  83  81  98  97  21  83  66
   82  60  25  80  87  13  94  90  84  38 105  34
   57  54  92  27  57  83  66  36  49  53  23  40
   90  95  62  42  13  88  29  15  43  43  92  95
   43  34  50  19  59  14 109 102 110  40  28  85
   39  30  71  33 110  69  22  72   8  64  33  41
   84  37 110 102  39   8  84  68  32  93  53  80
   76  39  39  72  32  44  23  33  92  18  88  62
   20 108  60  55  90  94  65  66  56  58  57  27
   80  95  95  83  50  81  28 107  43  55  49  90
  102  58  45  83  67  91  73  88  20  63  81 104
   50   8  93  65
   66  58  61  35 100  77  72 103  84 104  60  53
  116  43  71  72  91  79  65 102 101  32  62  38
   52  30  85  41  22  87  80  21  30  48  42  25
   84  42  18  37  64  87  99  57  33  23  63  94
   13  23  89  78  48  22 104  70  53  37  54  21
   91  58  70  99  95  12  25  65  39  48  37  47
   94  70  38  34  27  55  73  51  38  21  97  30
   68  61  11  85  51  58 114 102  93  74  32  51
   61  29  53  44  91  66   7   8  70  36  60  23
   28  87  70  63  79  53  30  61  48  16  88  19
   63  87  10  72  96   8  37  92  63  40  68  43
   27  86  53  72  10  41  66  94 102 113  68  19
   55  78  91  94  37  97 113  44  88   9  78  35
   84  29  78  78  78  46 110  88  95  57  15  97
   29  67  58  87  19  79  38  36  63  78  61  98
   80  36  58  78  43  99  83  93  67  44  29  80
   64  22 103  64  79  89  37  35  45  93  79  72
   60  96  90  87  41  47  43 111  66  58  50 110
   42 101  12  72  52  84  99  35  97  32 108  94
   13  31  57 103  55  80  72  49  58  95  81  29
   83  31  18 103  60  77  45  60  23  32  40  39
   84  80  63  77  16  72  31  45  94  72  86  93
   78  45  75  25  96  23 101  95 110  26  70  78
   10  20  34  80  64  51 110  15  51  41 111 100
   34 104  48  39  59  64  14  22  30 108  16  23
   25  88  61  41  18 110  97  38  82  18  10  44
   84  20  28  86  79  95  36  20  34  89  63  80
   87  15  33  82  27  71  51 106  27 104  52  18
   61  46  86 108  64  18  80  88  97  36  53  76
   40  75  10  89  66  41  40  55  31  73  17  69
   84  31  25 103  35  19  30  83 100 112  96  54
   84  13 104  67  42  60  27  51  34  26  44  66
   15 104  99  87  73  31  57  77 103  29  40  97
   49  40  23  71
   89  53 105  54  13  72  57  68  32 117  38  51
   41  84  65  97 109  68  50  15  73  15  64  93
   25  15  73  87  22  45 104  77  66  99  82   4
   65  73  95  18 114  26  73  36  99  76  51  50
   67 110  25  32  86  63  26  54  87  51  98  19
   24  23 110  23  33  15  73  74  58  59  88  86
   73  92  13  22  31  74  15  28  84  10  58  70
   12  64  47  57  44  23  59  18  61   6  51 105
   90  13  81  84  57  46  48  38  79  51  33  80
  102  56  83  19  59  31  26 102  55  77 103  24
   66  19  14  76  64  71  16  93  90  37 106  24
   30  93  47  16  14   9  62  47  81  21  32  44
   26  87  55  84  46  99  22  59  15   9  24  48
   16  19  32  28  33  21  51  32  78 102  95  24
   30  33  75  15  52  48  52   9 102  26 100  70
  106  13  77  87  62  20  13  69  83 108  94 111
   51  90  96  96  53  29 104  67  44  53  78  19
   82  36  72  35 104  75 109  32  66  14  99 108
  108 101  40 113  73  40  76  52  64  96  82  56
   21  93  48  66  55  99  52  13  40  43  84  28
   87  64  20  23  12  81  59  34  87  64  48  34
   12  89  85  51  89  48  52  63  64  72  34  11
   17  81  35  87 107  69  63  72  29  44  95  97
   28 112  50  62  97  56  98 104 104  57  35  51
   59  13  47 109  72  29  75  38  27  84  71  61
   53  92  18  30  86  22  75  32  79  71  82  19
   92 106 110  78 100  21 114  19  91  20  10  14
   73  78  44  38  24 101  21  44  64  93  57  49
   55  64 102  76  37  53  65   7  72  62  68  12
   84  62  99  96  25  78  17  84  89  81  31  31
   38  98   8  55  86  88  57 107  90  85  37  88
   64  36  72  50  89  52  91  75  42  57  17  69
   53  56  93  38  68  37  68  21  53  86 107  82
   87  37  28  53
   52  43  97  38  40  61  60  29  35  69  45 111
   45  88 101 108  32  24  67  27  59  45  97  62
   49  78  54  32  42  35  39  96  95 103  88  26
   88  58  15  47  73 100  76  70  38  88  97  73
   94  24  64  92  25  76  76  60  23  69  56   5
   49  68  86  41  51  44  82  85  26 103  56 106
   99  31  66  80  59  98  78  22 104 109  18 114
   59  65  66  72  69 113  21  47  32  91  31 110
   65  93  89  73  52  39  50  54  41  13  25  79
  103  42  50  83  49  72 101  95  99  96  89  67
   74  85  23  76  88  30  80  38  52  45  62  83
   62  43  75  75  27 115  87  83  89  98  54  80
   55  61 107 105  25  88  86  66  65  92  33  49
   17  61  70  44  73  87  76  72  58  41 101  93
   43  92  46  47  77  11  94  63  74  65  53  43
   14  42  64  97  75  49   8  79  15  45  89  75
   80  54  84  58  35  29  86  40 100  89  74  69
   66  55  92  51  33  79  66  44  84  77  44  87
   68  63  39  84  80 107  79  40  22  34  60  93
   72  32  16  35  65  81  25  21  91  76  74  96
   99 111  66  61  16  76  49  99  92  46  78  38
   93  43  83 102  25  57  95  94  70  10  34  45
   67  98  71 100  92  15  42  82  82  75  61  15
   22  97  85  22  60 107  20  39  51  76  65  67
   39 115  43 117  43  39  43  41  55  50 105  45
   87  68  38  13  69  96 105  37  66  67  92  20
   53  41  97  21  34  87  88 100  91 100  59  58
   71  64  85  22  75  27  65 108  93  61  68  55
   89  50  56  48  84  80  75  98  87  56  86  39
   77  18  54  88  71  42  35  55  33  27  65  58
   77  42  21 106  71  53  52  77  90  48  99 116
   35  61  39  23  25  64  94 110  58  46  88  98
   86  49  42  59  48  25 104  53  89  84  63  75
   20   5  17  81
   97  40  97  56 104  63  43  36  82 112  63  81
   53  69  48  61  31  47  76  91  41  29 104  42
   97  88  41  35 117 110  65  98  68 102  39  46
   94  30  80  36  22  52  64  91  51  92  45  49
   11  83  84  47  45  66  43  23  45  37  44  94
   25  60  37 106 105  76  99  48  56  80  36 108
   69  41  99  27  34  68  34  94  68  69  53  26
   94  51  47  28  83 102  75  42  64  92  37  95
   33  77  63 102  21  35  88  61  52  31  21  89
   39  99  70  65  27 100  30 106  66  65 115  88
  114  19  65  32  49  55  64  96  54  81  60  90
   40  63  54  24  70  42  91  96  72  72  14  33
    9  32  83  32  30  96  49  96  63  41  63  29
   51  50  17  19  30 102  57  53  90  51  52  88
  106  26  64 107  91  71  99  28  58  19  61  79
   59  46  42  81  54 105  51  93  25  64  11  73
   81  79 101  85  62  20  60  86  45  39  64  68
   88  83  26  77  95  94  11  31  64  21  13  52
   47  48  62  22  62 103  45  88  37  80  42  34
   46  38 112  25  27  97  95  52  34  11  92  94
   47  96  97  25 101  67  78  22  44  22  60  38
   36  53  17  75  14   9  64  76  77  88  71  35
   94  54  72  43  23  61  94  89  33  60  72  46
   42  29  18  17  87  62  95  59  38 114  43  63
   57  51  78  72  88  78  92  27  53  47  59  81
  106  97  51  89 113  40  81  48  96  53  30  68
   83  24 114 106  41  58 104  45  89  11  69  82
  111  91  32  12  60 109  23  64  78   9  60  87
   76  72  73  16 101  62  50  48  90  24  65  63
   19  66  35  48  32  57  67  87  60  34  12  19
   24  96  12  35  30  16  17  15  81 107  33   7
   66  42  56  24  15  17  35 103  61  83 113  84
   29 107  58  46  84  89  45  57  65  63  73  53
   34  85  42  98
  112  71  25  15  78  73  85  23  59  73  64  33
   87 104  90 102  24  73  89  46  86  70  36  32
   20  69  40  97  36 108  80 104  86  38  29  15
  100  20   5  71  63  54 106  63  49  31  13  36
  114  51  52  58  85  20  52   7  84  38  58  44
   68  50  49  62  45  29  53  56  92  55 100  67
   67  23  94  66  92  77 118  39  44  88  51  31
   52  21 104  54  73  64  91  75  94  21  96  84
   19  15  12  90  48  85  39  63  18  52  99 103
   59  62  77 101  63  75  22  93  63  14  44  42
   96  57  32  46  93  43  25  56  35  88  78  98
   30  89  62 104  11  34  43  28  30  13  48  85
   80  88  38  28  80  42  28 101 103 107  74  35
   47  60  40 107   6  60   8  96  36  90  37  95
   89  61  13  40   4  86  78  43  25  36  15  72
    3  30   8  35  83  89  12  77  31  32  27  41
   78  86  53  18 107  29  85  67  86 108  46  53
   58  26  92  56  27 110  45  39 108  17  23  91
    5  76  80  72  25  61  90  87  63  74  52  64
   43  30 112  85  11  80  77  87  34  37  76  57
   97  65  46  29  57  45  58  36  77  95  34  35
   93 111  33  33  89  18  57  31  23  52  84  35
  110  56  63  39  33  96  51  50  84  31  89  57
   31  58 100  20  14 105  28  83 110   3  60  25
   87  90  23  56 105  19  45  65  77  25  74  43
   12  30  22  61  96  61  30  61  89  78  55  25
   59 111 114  35  60  98  76  29  67  81 104  53
   70  55  76  25  60  79  28  99  70  76  55  79
   64  67  85  19  28  63  43 101  27  90  13  86
   18  20  68 112  77 103  37  23  98  39  68  97
   89  91  96   6  69  62  74  51  19  21  46  65
   28  40  52  16  25  32  13  74  65 108  56  44
   28 110  91  81  68  73  40  49  72  71  37  15
  105  26  84  43
   43  21  49  26  34  59 107  92  80  76  41  83
   90  27  50  34  36  45  20   8  83  67  72  50
   26  72  28  95  73  98  84  31  63 109  20  24
   14  74  52  78  15  49  76  30  78  91  77  68
  105  38 101  52  13  29  39  23  42  77 107  95
   86  26  36  63  97  40  35  56  58  28  74 110
   70  62  10  82  88  52  12 111  50  27  41 100
   49  88  83  17  27  91 109  37  95  63  79  66
   84  39 101  77  94  61  92  37  45  74  46  78
   30  72  23  34  65  21  23 104  65  90  96 114
   80  27  76  38  93  87  87  89  43  80  40 104
   53  17  17  60  17  94  89  50  36  91  88  37
   31  94 109  45  45  16  35  66  63  57  93  15
   28  42  17  99  52  58  75  55  64  54  81  30
   69  30  63  17  70  72  39  70  47  95  46  94
  101  82  30  74  72  12 100 102  28  68  20  82
   89  98  73  44  93  18  61  30  76  79  51  93
   26  36  71  18  90  59  95  34  61  36  58  88
   88  61  85 102  60  28  51  24  55  75  94  90
   33  45 109  29  39  11  79  17  69  43  98  31
   43  34  61  14  74  55  90  92 107  39  52  65
   35  42 102  72  28  99   7  47  48 100  61 111
   56  72  69  84  30  54  14 109  83 111  29  54
   71  63  84  56  92  95  43  90  83  73 110  11
   68  45  52  13  69   8  28  26  86  21 104  50
   35  93  72 104   7  45 101  54  96 100  90  42
   58  63  41  94  51  79  28   9  92  41  13  21
   28  41  26  56  11  64  12 114  18  40   9 100
  114  84  41  63  64  29  82  40  66  12  71  33
   69  86  28  49  79  58  34  72  51  29  29  72
   43  96  93  90  24 115  33  65  48 101 115  83
   38  89  98 114 114  54  19 100  84  52  67  82
  108  27  99  21  85  29 109  58  47  45  72  36
  100  64  62  83
   99  73  89  25  83  74  40  90 102  16  74  14
   73  68  32  46  96  37  29  66  71  87  61  44
   24  34  94  53  47  45  59  92  89  66  96  73
   24  93  42  91  30  93 109  80  25  68  47  91
   39  71  92  89  21  62  83  51  66  80  47  34
   67 109  21  63  71  23  21  15  69  47  72  46
   37  95  12  82  28  46  66  55  36  98 112  97
   80   6 102  88  37  93  95  94  80 100  58  20
   25  82  46  35  12  44  29  12 102  24 100  68
   78  37  78  38 103  22  80  40  61  31  15  58
   78  96  87  45  13  26  52  27 111  49  58  61
   98  20  66 108  69  23  26  87  86  30  64  36
   64  63  75  46  55  71  75  55  50  29 108  50
   56   6  73 117  54  66  43  26 103  48 100  31
   77  78  73  67  60 100  79  49  81  48 104  80
   89  99 101  77  95  79  64  60  24  66  24  33
   49  18  66  94  37  22  86  60 107  30  29  76
  112 101  58  36  30  98  97  93  76 110  47 105
   91  88 100 104 104  28  74  11  40  28  34  94
   27 112  41 112 102 101  78  42  35 108  35  53
   37  36  77 113  88  37  29  39 101  78  24  30
   29  78 103  47  87  56  31  95  67  55  98  49
   40 115   6  13  55  72  28  40  80  66  10  68
   56  89  63  72  47  55  18  84 107 112 102 104
   51  70 105 105  48  43  96 105  60  60  96  37
   85 106  90  16 100 112  80  47  87 105  23  88
   25  40  68  17  14  64  54  97  53  30  61  94
  100  30  50  41   9  92 118  64  97  45  42  58
   77  98  76  57  95  74 107  19  60  57  24  73
   94 106  10 107  93  22  83  88  33 106 113  55
   62 100  39  22  23  79  95 103  36  46  81  66
   71  52  51  28  14  31 108  87  24  33   6  49
   12 105  58  57  18  30 105  64  82  44  80  76
   69  47   9  94
    6  71 109  79  94  19  89  49 103  28 101  74
   95  46  79  72  73 111  66  59 102  22  65  51
   98  13  70  95  98  36  33  86  29  45 102  13
   24  16  14  51  30  85  50  56  99  57  27  33
  103  77  17   9  44  23  23  74  17  70  48  18
   74 110  24  31  29  49  48  56  90  73  35  51
   45  91  98  43  46  60  34  79  85  56  26  96
   77   8  90 112  48  43  81  25  40  71  55  65
   91  61  57  71  47  41  17  22  96  82  61  75
   50  23  45 101  41  80  40  49 101  44  85  58
   96  33  65  57  71  66  88  62  22 101  75  42
   30  67  36  54  90  19  46  76 105  11  56  91
   75  29  31  88  87  64  30  84  11  34  44  99
  100  61  83  96 104  67  78  30  92  17  56 104
   50  34  81  85  30  91 109 104  36 102  32  55
   52  51 103 100  32  64  50  16  66 102 100  57
   26  74  14  57  53  58  34  44  21  12  81  11
   36  75  85  32  47  18  69  74  33  16  68  44
   10   5  54  24 103  60  41  18  88  21  89  47
   66  21  33  82  10  82  54  12  20  50  43  46
   93  72  54  67 101  63 101 104  65  90 106  70
   65  62  41  72  79  25 100  25  65  71  50  77
   38  30  28 108  78  42  44  39  61  80  97  58
   93 102  65  75  84  97  98  57  86  75  66  72
  103  63 113  30  26  38  10  17  55  49 116 109
   82  37  66  65  34  24  28 107  27 101  37  30
   53  47  75  27  24  65 110 111  26  36  80  85
   43  25 106  77  63  77  28  53  51  84  71  37
   38  19  38 118  73  47  60  38  58  35  32 102
   92  63 100  64  52  78  69  15  73  45 104  30
   69  92  73  66  20  13  39 105  18  82  74 115
   31  47 113  95 101  77  78  25  48  53  32  19
   66  88  73  59  71  63  64  66  38  93 100 104
   60  89 109  64
   16  16  29  46  28  70  74  90  88  81  63  86
   82 100  32  20  21  52  79  40  38  30  88  83
   84  57  73  34  91  15  70  34  94 104  80  79
   65  23 109  48  94  34  49  33  75  33  51   6
   59  38  94  67  83  43  57  90 103 101 103  24
   95  17  15 105  78  60  77  84  51 111  58 104
   42  67  67  16  33  81  48  36  31  84  30  23
   31  73  39 112  62  89  86  77  50  20  87  33
   12  68  71  91 113  35  39  40 107 105  64  84
   62  80 104  71  62  76  53  52  73 111  53  74
   62  25  92  21  83  41  86 116  34  34  47  48
   88  85  66  32  77  35  25  48  56 101  36  90
   96  36  32  69 102  58  30  91  86 112  85  84
   48  52  47 114  68  59  49  47  26  98  59  22
   32  59  79  38  71  81  97  56  72  49  31  20
  110  21  72   8  36  38  18  77  40  10  30  87
   76  32  48  34  58  28  33  47  91  82  34  63
   17  74  48  65  32  39 101  97  70  99  74  20
   55 104  52  49  66  46 107  53  61  92  11  21
   97  10  67  29 102 107 114  91  83  16  26  78
  101  72  26  66  93  67  92 105 101  19  75  91
  101  38  61  70 102  88 100  56  36  16  18  66
   83  25  90  94  64  96  46  72  38  72  53  19
   50  96 106  29 102 100  19  71  38  99 105 102
   25  64  88  50  64  82  80  21  98  52  45  60
   32  36  25  31  66  26  52  87  52 104  34  48
   76  21  64  79  64  25  61  28  48  83  19  13
   75  64  72 107  67  76  29  58  78  86  79  31
   28  53  86  17  55  45  88  80 105  96  80  46
   57  27  39  24  18  90  60 110  22  17  92  50
   53 102 107  38  94 101  91  34  62  41 106  17
   49  91 107  86  94  20  97  19  26  65  59  90
   91  51  79  18  35  90  58  65  59  17  28  31
   73  37 110  35
   88  82 108  93  36  97  62  75  50  49 107  88
   57  24  74  41  47  43  68  25  33  28  19  50
   72 101  11  66 111  44 114  15 101  67  63  96
   25  77  95  17 109  73  91  94  82  76  24  79
   55  21  29  17  59  59  16  82  38  51  60  56
  109  70  75  24  76 114  44  81  91  34  45  34
   34  32  89  76  81  90  30  82  54  28  74  88
  100  81  95  94  65  71 115  53  88  37  91  74
   72  60  34  25 108  91  65  38  61  79  24  77
   46 107  89  81  86  21  36  20  46  94  94  18
   59  97  63  36  37  48  78  74  30  78  81  89
   86  70  52  57  55  70   7  16  87  11  58  86
  111  90  34  72  90  43  30  80  18 103  71  68
   48  11  92  74 112  40  89  92  18  59  25  59
   57  76  60  50 116  45  32  64  54  54  81  41
   63  12 116  50  46  44  23  64  34  44  13 101
   42 101 107  13 113  78  36  54  26  71  33  97
   86  75  30  43 110 103 118  25  34  23  75  18
  103 109  86 101  84  55  89  85  77  97  22  27
   45  34  67  90  87  73 108  18  45  64 104  55
   66  91  56  87  96  61  38  32  33  19  29  45
  111  47  27  75  63  20  99  18  44  47  70  79
   19  90  37 110  48  76  55  26  21  75  98  42
   63  72  40  59 112  61  35   9  85  26  75  80
   39  22 103  82  80  25  63  85  43  42  23  35
   24  35  98 105  77 105  13  31  42  39  81  90
   46  92  69  72  21  12  15  88  85  59  23 100
   66  51  63  40 103  18  31   9  45  64  87  23
   34  40  84  72  87  84  79  76 115  47 103  16
  106  30 118  70  24  85  25  48 112  86  85  71
   77  72 110  12  23  49  22 108  95  68  61  63
   50 111  86  63  43  17 101  18  55  65  67  13
   98  56  74  10  73  97  68 110  89  43  49  23
   67  31  17 110
   13  76  70  90  51  54 101  80  32  80  21  66
   35  41  67  49  74  90  86  49  62  28  58  31
   59  29  76  64  98  93  50  37  50  47  50  34
   90  66  72  69  66  34  11  91  85  73  22  28
   92  87  42  89  10  93  48  85  29  96  11  35
   11  68  88  30  20  27  93 107  96  24  93 106
   66  32  79  27 115  54 100  36  31  93  92 102
   55  31  41  74  99  78  19  85  46  64  74  28
  114  52 118  35  94  77  90  65  22 113 104  71
   11  45  12  48 101  44  55  49  84   7  87  89
   82 108 102  55  26  84  17  82  89  21  67  75
  104  49  95  75 105  93 101  48  33  55  25 108
   19  73  27 108  58  43  33  61  93 106  38  87
   75  95  67  25  36  86  92 108  53  86  57  28
   73  10  68  36  64  50  85  91  93  20  87 102
   61  87  89  80  42 107  43  60  16  84  88  62
  106  85  38  57  60  75  40  51  96 113  86  76
   69  95 106  30  81  97  35  31  36  27  43  77
   85  45  96  18  52  37  14  91  77  54  39 101
   32  21  74  20  51 103  35  48  12 114  71  11
   52  60  69  15  85  64  21  24  92  76  99  17
   26  18  87  37   3  87  73 100  91  88 108  81
   88  55  47  75  54  38  90  64  65  28  85  17
   53  50  72  31  22  96  28  22  42  33  61  93
   89  63  22  98  79  46  71  90  21  64 103  37
   81  87  34  66  28  34  83  15  24  85  28  46
   63  43 100  89   5  29  60  71  76  92  99  53
   82 115  31 113  64  66  64  93  54  49  47  62
   56  15  42  51  58  58  52  27  88  70  13  84
   73  30  54  61  35 115  87  27  41  27  33 103
   29  97  85 105  57  70  41  27  64 104  59  87
   41  32  75  17  36  93  46  27  35 103  72  92
   39  48 102  80  79 103  90  92  70  14 106  96
   33  58 101  69
  104  26  90  36 100 102  18  64 101  44  60  71
  102  19  76  78  68  10  44  50  34  59  60  29
   70  90  68  79 111  26  33  76  40  47  42  95
   98 101  31  97  77  43  42  43  34  68  28 107
   19  79 103  43  69  91  45  80  54  61  53  92
   75 103  24  90  68 102  11  51  27  33  37  12
   38  47 111  35  66  52  13  53  57  48  87  42
  114  61  33  49  48  48  78  88 105  52  91 106
   58  38  25 106  65   9  38  78  52  17  18  70
   93  96  56  89  28  75  82  16  89  98  47  69
  101  49  97  51  99  18  96  62  72  49  39  47
   49  77  94  94  49  30  74  16  53  77  62  51
   80  58  84  67  89  15   9  95  79 105  85  84
   75  93  45  12  64  78  46  41  39  27 111  36
   95  49  53  76  26  58 107  74 101  39  44 101
   12  19  61  27  31  18  30  57 111 106  77 106
   58  87  98   9  87  72  32  19  40  34  10  18
   26  15  81  74  20  18  76  85  93  41  29  53
  103  25 109  91  26  69 115  68  61  72  90  39
   59  41  77 113  29  45  53  64  53  94  42  45
   83  16  14  23  96  93  52  92  64 107  93  54
   15 108  84  48  84  56 110  16  86  44  71  41
   49  80  21  98 104  88  93  83  75  31  67  19
   53  64  16  81  62   8  73  31  78  19  26  63
   91  58  16  24  49  90  73  34  11  63  40 109
   97  27  80  63  30   6 110  21  63  23  99  91
   45  23   7  44  50  48  61  86  34 100 114  69
   81  12  70  66 100 109  65  81  30  38  22  99
   90  38  16  71  26  43   9  21  78  14 100  79
   92  85  15  54  77  78  45  37  47  17  22  37
   64  44  72  99 117  16  43  47  27  69  57  35
   38  71  84  43 109  40  29 104  58  64  29 100
   68  37  34  29  79  36  33  35  53  44  49  69
   23  87  86  62
   59 107  18  16  32  58  96  23  75  29  31  46
  112  98  70  96  92  16  35  67  58  22  33 111
  107  85 113 110  53  12  88  88  31 109 116  40
   59 101  97  95  99  81  94  58  29  51  91  92
   51  12  58  83 104  69  38  38  90 104  85  96
   10  72 106  67  17 108  55  88   9  24  59  79
   43  85  88  79  89  16  87  81  56  74  90  54
   67  88  76  30  10  95  67  87  52  86  27   8
   17  44  50 103  24  90  27  64  40  94  71  88
   61  58   6  20  78  39  88 103  69  26  75  60
   36 107  37 110  68  86  72  21  21  28  61  27
   52  70  32  43  63  26  25  89  67  29  76  97
   73  84  34  89  14  49  69  22  90  24  38 104
   61  55  76  60  85  63  50  99  34   9  65  88
   48  60  28  24  92  93 109  26  96  48 105  39
  104  25  83  24  42  59  87 112  35  79  66  56
    8  64  95  63  56  93  94  30  51  31  38  52
   60  36  34  98  63  44  82  89  28  21  12  20
   46  31  44  59  74  69  71  43  97  28  76  43
  104  72 110 103  24  56  57  98  38  88  80  66
   66  73  28  87  90 102  18  42  39  74  89 102
  104  31  85  69  71 110  91  78  99  10  43  38
   21  34  43   4  68  54  57  41  40  51  35  52
   92  18 116  23  74  69  82  84  11   9  73  71
  103  91  82  32  50  74  40  86  78  80  57  11
  113  43  34  97  39  75  67  45  60  54  16  93
  106  52 101  30  94  72  45  78  30  86  29 104
   38  34  12  63  69  13  17  59  84  59  81  44
  100 100  85  90  39  39  63  27  73  19  48  60
   63  88  14  42  84  32  46  61  68  35 107  56
   31  48  63  56  98  69  65  73  77 106 104  48
   92  77  89  13  63 105  60  56  20  22  45  76
   59 107  58  23  46  45 117  39  14 101  76  78
   25 104  99  39
   12  13  14  22  94 114   6 104  95  77  88  65
   83  83 101  61  23  26  45  34 109  33  34  74
   16  48  27  22  62  46  21  89  97  44  55  22
   58  34  73  38  87  48  86  91  39  41 104  74
  101 104  34  51  94  61  20  31  69  28  68  18
   77  78  43  84 101   6  33  76  92  16  92  30
   24 116  35 105  65  38  85  30  78  53  52  33
   53 109  36  81  61  74  21  83  19  44  72  27
   29  73  75  45  68  61  39 110 111  97  82  67
   74  41  22  18  20 104 109  42 103  30  79  74
   94 100  59  58  61  87  25  90  82  25  31  52
   21  22  94  53  33  29  77  40  83 116  32  34
   48  58  34  37  38  26  48  67  95  44  69  24
   57 115  82  85 102 113  46  39  43  80  73  66
   14  27  29  63  83  30  57  86  89  49  75  42
   88  45 103  85  46 103  60 101  43  55 103 103
   59  40  35  84  52 105  38  43  76 105  86  60
   28  70  33  67  27  93  80  99  32  53  43  23
   90  32  79  51  13 114 104  56  92  38  61  31
   39  63  68  73  23 103  97 111  53  99 101  50
  101  10  62  88  22  56  47  52  13   9  40  99
   97  38  47  33 105  25  17 101  58  21  61  72
   41  37  72  38  51   9  59  82  99  50  66  49
   30  83  93 101  36 107 106  22  91  32  30  29
   86  37  70  57  83  80  13  27  91  42  40 102
   56  60   5  19  46 115  21 106  11  55  99  65
   47 106  91  61  12  45  31  35  94  70  49  56
   30  93  88  32  22  14  68  63  43 103  20  87
   24  21  76  21  20 104  26  32 104  61  42  41
   49  60  48  58  76  80  84  23  10  25  82  96
   91  91  86  47  66  44  80  44  76 101  43  32
   30  15  51  96  59  70  86  40  58  46  44 112
   94  64 104  19  57  59  74  12  87  89 102 109
   96  46  86  37
   18  28  53  52  10  85  16  92  13  76  72  69
   43  48  68 102  40 104  96  70  68  52  38  53
   29  67  36  26  43  37  51  96  78  71  39  25
   73 106  43  30  70  12 101  55  15  96  70  24
   19 114  66  49  57  73  99  37  53  77  80  96
   89  15  38  25  56  66  73  29 114  66  64  60
   69  96  66  36  87  47  71  62 106  79  41  30
   25  22  35  26  61  30 103  99  69  12  16  30
   15  57  30  21  51  82  56  69  92  60  78 103
   43  15  94  41  68  65 109 101  43  57  22 104
   38  34  60 107  37  27  62  37  44  73  55  93
   56  34  43 116 109  67  66 112  53  81  97  82
   92 100  67  41  10  75 101  15  51  37  95 112
   89  38  41  70  44  65  25  98  45  21  22  88
    5  49  20  37  36  61  62 109  64  35  41  82
   78  96  35  77 102  89 104  49 101  43  91  30
   46  81  47 111  18  55  17 106  83  51  70  49
   25  17  30  29  49  18  42  17  65  97  64  99
   63  56  79  29  87  41  56  62  92  66  51  85
   65 102 106 114  11   7  73  22  57  64  60  60
   50  92  44  17  28  57  71 104  94  48  64  86
   66  12  34  68  32  69  31  31  66  78  32  96
   73  97  92 108  50 100  13  30  37 110  93  38
   61  96  92  15   6  33  37  96  90  71  63  54
   47  40  95  65  75  79  55 112  38  37  83 101
   56   7  33  58  92 102  66  71  39  91  92  51
   79  38 103  48  78  17  71  80  25  86  37  97
   28  84  38  51 106  71  95  38  93  98  97  68
   24  12 107  71  61  58  11  21  83  13  77  98
   65  29  73  13  52  97  83  83  43  93  37  51
   51  50  19  27  97  56  48  65  77 108  72 111
   60  58  47  63  21 106  68 100  86  87  73  31
   93 100  47  77  72 103  16 117  53  19  64  23
   84  56  47  73
   97  17  23  96  96  57  92  47 110  86  32  83
   36 111  49  57  82  27   5  46 108  65  11  71
   75 111  52  18  83  35  74  27  26  32  91  58
   93  51  81  50 113  48  75  29  22  55  66  33
   78  57  89  35  99  30  44  67  17  52  50  91
   89  49  33  52  61  33  23   9 102  54  83  65
   32  64  40  84  18  52  89  56  17  16  84  87
   44  54  66  74  95  55  26  19  38  90  60  91
   17  23  52  91  46 103   6 107  73  56 101 102
   86 112  87  45  32  63  45  66  43  47  98  28
  106  66  80  29   7  94 104  28  21  64  31  77
   84  91  31  77  68  48  58  43  86  73 102  96
   48  83  42  22  33  65  47  87  75  89  84  71
   57  72  88  95  46  59  78  94  35 107  45  70
   48  63  82  59  16  61  63  29  62  58  77  81
   79  98  60  89  33  45  53  30  48  97  98  91
   58  32  67  28  19   7  55 105 102  61  92  97
   18  14  11  22  18  72  19  30  77 102  60  32
   71  78  62  35  41  40  39  96  52  43  13 106
   18 101  26  80  61  28  58 107  53  25  12 108
  109  67  88 100  51  86  32  32  19  29  11  54
   34  76  57  48  36  95  71  97  91  43  79  91
   35  24  98  53  97  82  72  70  48  84  36  75
   98   6  61  48  87 101  68  33  50  98  95  20
   57  34  78  50  20  26  66  58  35  72  48 102
   34  59  75  23  79  47  20  66  80  69  53  38
    6  57  73  21  69  59  21  51  91  78  87  12
   61  22  25  76  88  96  82  85 103  32  10  45
   96  79  54  78  38  15  93  60  83  81  59  85
   70  67  18 102  85  53  15  48  96 103   8  43
   28  20  15  68  85  72  76  74  10  22  93  20
   88  52  65  49  32  34  81  73  32  99  92 108
   47 100  35   8  49  64  33  80  24  82 100  99
   39  69  62 107
   11  59  29   5  97  37  75  72  47   4  60  67
   66  27  89  71  18  35  99  42  70  56  98  63
   38  62  16  83  25  16  43  62  67  10  74  14
   82  14  56  50   7  18  28  25  41  76  65  76
   97  48  25  73  40  46  88  55  27  76   5  82
   59  83  36  71  21  94  98  45  23  64  10  73
   49  15  31  19  96  84   7  79  24  65  17  31
   88  54  13  74  97  90  65  74  48   3   8   9
   68  52  76   9  67  76  61   3  73  31  43  61
   81  37  39  42  93  23  49  28  66  66  96  79
   51  41  73  70  41  61  81  36  11  19  82  17
   65  36  34  99  80   2  39  64  44  22  87  25
    8  57  97  76  22  69  64  34  85  67   2  82
   86  44  83  16  46  31  90  81  66  30  53  27
   67  65  93  39  35  26  74  91  65   6  34  86
    5  51  40  99  99   3  26  23  34  40  37   9
   75  25  74  15  19  45  41  46  34  58  80  97
    2  35  24   2  64   5  34  70  65  97  47  37
   94  86  19   3  33  35  65  77  95  38  10  28
   73  68  24  18  80  17  74  51  95  37  62  19
    6  91  72  40  50  94  11   9  67  53  55  33
   33  15  93  83   7   8  69  33  77  86  25   5
    6  77  48  12  64  17  12   4  87   3  22   8
   11  30  55  76  19  42  11  27  82  67  46  87
    9  69  27  41  81  86  68  68   8  77  77  91
   57  63  98  18   9  74  57  84  95  90   4   2
   47  87  57  94  31  78  47  52  99  60  58  64
   35  54  78  70  86  53  35   2  24  61  44  24
   69  43  53  82  54  62  81  46  52  28  70  50
   28  36  20  39  80  17  37  15  85  76  79  72
   42  41  96  54  13  98  75  82  69  47  83  13
   35  33  13  71  33  98  24   3  22  25  89  11
   48  76  38   3  84  41  96  37  73  78  36  60
   74  62  15  56
   36  20  86  94  14  30  50  18  35  60  12  17
   68  88  18  51  28  23  92  90  45  65  16  86
   35  79  80  36  65  63  70  55  25  19  24  44
   95  14   6  59  15  58  71  79  52  67  43  75
   70  35  69  79  99  99   3  53   5  13  62  57
   52   9   5  17  80  75  92  96  70  19  65  63
    9  34   4  57  64  73   2  62  49  19  34  71
   92  44  27  58   9  87  23  44  62  21  54  68
   43  18   8  54  29  22  94  82  57  15  23  54
   94  85  58  65   5   2   2  70  14  75  53  54
   85  31  78   2  85  77  84  61  51  73  82  20
   60   1  58  69  98  27  43  72  34  79  78  36
   75  12  87  78  53  71  45  94  76  70  43  30
   12  54  60  48  45  69  33  95  54  33  21  75
   74  99  79  13  70  34  26  27   3  75   6  96
   99   9  69  30  21  33  31  33  31  30  46  81
   66  33  72  83   2  95  47  53  23  59  48  79
   94  26  65  90  26  20  72  29  44  65  89  14
   59  46  58  13  33  81   7  13  52  91  18  85
   90  65   3  55  84  33  63  73  96  32  63  79
   85  74 100  77  76  18  71  97  30  37  39  71
    8  86   7  96  44  72  83   5  14  21  51  35
   99  49  38  96  66  30  83  45  20  63   7  43
   86  45  78  35  74  34  88  12  45  22  13  83
   81   3  83  43  58  39  59  43   8  34  89  53
   92  97  90  41  70  17   4  30  63  23  76  77
   31  63  21  35  34  65  87  25   4  10  33   4
   15  96  89  32  49  15  32  45  66  11  49  18
   75  60   9  40  97  30  31  77  41  52  51  45
   65  94  96  75  52  21  47  88  73  71   8  55
   62  19  80  73  77  49  25  30  75  22  36  74
   78  42   5  86  43  29  95  42  28  85   5  86
   64  64  40  99  25  40  79  64  88  74  48  41
   15  88  82  28
   93  48  27   7  43   8  67  54  96  16   6  46
   27  70  95  42  67  68   2   2  13   2  94  70
    8  49  43  84  44  71  10  54  52   5  40  64
   95  55  64  63  63  89  82  62  67  32  63  23
   33  58  37  56  92  87  89  12  82  74  53  76
   34  10   6  64  66   5  59  11  82  92  56  68
   63  19  62  99  60  35  62  69  86  93  50  39
   17  40  26  63  76   9  88  79  34  16  30   4
    3  51  26  26  23  74  35  99  66   9  88  38
   23  34  83  11  97  78  81  31   4  16  96  55
   55  57  91  74  64  46  73   6  30  50  84  90
   35  57  95  86  39  66   4  59  73  84  23  78
   33  19  76  13  69  69  94  20  88  25   6  41
   41  56  30  97  16   8  76  84  35  95  30  59
   50  95  52  42  31  42  71   4  61  20  76  65
   34  56  13  85  44  17  73  60  82   1  93  13
   28  30  45  88  43  45  31  50  67   3  75  67
   12  63  22  16  50  87  25  67  15  32  44  83
   90  40  38  13   8  36  55  79  35  20  34  83
   75  61  90  88  59  92  17  17  35   2  68  46
   67  28  65  99  29  53  82  44  94  98  42  78
   33  17   9  30   5  85  86  50  51 100   5   5
   92  71  19  69  18  14   3  24  81  45  40  44
   95  73  19  98  25  98  28  38  78  99  48  93
    5  31  44  68  88  17  63  30  36  44  26   7
   78  55  19  80  60  45  91  80  32  50  48  76
   48  45  41  72  59  39  64   1   4  62  51  18
    4  66  60  93  58  17  79   8  36  81  10  46
   71  34  64  89  56  37  62   9  35  44  22  61
   96  90  52  82  69  84  49  80  17   5  89  27
   26  93  23  55   7  48  67  52  82  16  99  50
   86  90  55  26  51   2  15  86   6  10   4  69
   69   4  82  36  44  87  44  60   7  81 100  28
    9  10  85  27
   14  73  17  35  28  22  61   5  76  54   6  88
   84  29  68  36  46  43  47  90  41  43  34  11
   55  52  38  84  97  80  99  53  22  51  13  27
   41  16  41   1  50  73  40  82  44  88  72  99
   32  12  28  29  64  96  41   8  43  21  15  56
   46 100  33  93  45  15  80  61  20  21  66  37
   85  71  38  55   3  38  99  28 100  27  36  59
   95  96  24  68   9  78  59   6  86  97  68  71
   17  86  31  36  49   8  96  58  16  70   7   5
   45  51   9  65  84  10  79  77  19  14  41  38
   86  48  79  28   2  43  65  31  71  87  70  45
   13  48  89  12  74  90  54  26  54  96  57  59
   18  82  67  77  17  20  49  61   9  49  82  22
   75   8  80  19  41  37   9  86  92  12   4  43
   94  53  90  15  14  47   5  54  34  65   9  58
   74  84   9  86  11   4  78  80  91  61  74  82
   61  58  54  55  73  71  97  97  11  79  24  68
    8  72  10  97  66  79  11  15  74  81  77  58
   24  32  76   2  34  76   5  67  65  70  16  48
   38  97  31  23  55  90  62  81  20  45  31  35
   49  46  83  42  99  79  15  24  83  55  83  81
   86  24  31  19  85  96   2  60  70  61  61  64
   63   7  15  51  32  35  26  13  15  86  35  38
   35  51  78  28  23  95   9  15  31  75  11  84
   55  56  21  88  55  34  48  68  67  50  90  73
   30  15  54  76  98  21  73  97  64  67  27  17
   75  73  61  99  52 100   2   9  10  71  81  28
   74  85  49  80   1  41  96  44  96  54  74  73
   33  71   8  17  70  97  20  38  74   9  49  30
   34  71  65  38  82  62  91  76  13  88  23  47
   98   2  43  59  15  24  44  48  51  58  46  92
   36  15  15  37  53  24  80   4  60  58  57  20
    6  51  61  29  52  13  29  14  93  52  38  15
   68  96  24  47
   49  58  57  85   9  39  31   1  27  16  50  50
    3  68  43  38  24  39  44   5  13  74  44  67
   64  73  33  64  94  25  38  98  83  57  77  83
   19  78  93  83  38  22   6  60  74  88  48  16
   99  91  15  35  67  98   6  32  58  79  66  89
   22  44  36   9  21  93  89  47  77  55  79  66
   12  34  82  74  91  51  41  69  71  92  10  81
   40  46  94  21  59  52   2  17  14  44  78  67
   50  90  57  75  22  43  99  98  36  75  42  91
   91  32  35  46  28  67  89  42  66  92  24  83
   53  18  99  47   6  98  75  25  55  73  40  68
   89  16  66  30  96  70  45   9  11   3  39  96
   55  39  17  17  83  11   5  69  27  99  24  77
   36  80  40  31  26  65   2  24  16  48  89   8
   80  44  55  28  86  40  66  69  40  32  53   4
   29  75  49  27  67  21  35   9  41  65  83  33
   46  91   4  43  39  14  83  83  74  20  32  46
   54  17  29  15  68  72  60   4  38  61  68   7
   61   7  93  40  56  27  18  82   5  75   7  23
   93  87  57   5  65  22  39  64  52   7  38  80
   28  81  99  15  48  41  75  57  95  81  63  69
   20  40  54  27  86  42  72  64  19  44  24  21
   39  75  37  80  15  85   5  16   5  85  33  36
   96  91  80  28  56  69   5  96  67  78   5  16
   80  15  63  66  49  56  95  82  82   4  87  93
   81  27  42  70  86   8  23  68  20  84  96  67
   30  93  80  21  37  16  81  99  71  18  42  28
   24  98  83  37  83  31  53   5  87   5  61  94
   58  73  29   9  53  95  35  25   5  79  51  42
   63  27  95  26  47  76  67  48  76  46  99  36
   28  81  94  11  69  92  73  36   9   6  15  58
   35  98   7  50  65  51  79  59  85  86  58  44
   93  14   4  26  46  72  55  26   3  79  74  13
   64  66  90  44
   15  64   1  57  96  39  59  42  75   3  73  64
   63  22  37  13   2  49  61  96  38  93  42  17
   85  88  31  32  98  63   3  32  40   7  22  99
   47  40  18  86   4  85  46  75   8  32  63  55
   39   7  90  84  28  44  85  63  29  51  13  99
   80  80   7  82  82  96  46  43  59  44  21  33
   31  19  97  85  82  36  95  85  31  94  47  43
   93  54  73  57  59  96  47  85  56  98  68  15
   19  97  25  27  59  65  68  72  34  68  79  32
   16  47  36  92  55  77  85  13  60  39   7  88
   54  91  88  29  52  33  88  19  27  76  10  91
   74  18  64  93  91  98  43  57  33  82  88  67
   90  19  56  32  56  14  90  47  91  98  88  70
   97  97  72  85  83  97  55  75  34  17  11  86
   78  74  42  99  63  55  53  98  14  84  13  41
   10  92  25  22  49  83  99  49  20   8  20   5
   67  25  11  20  63  78   9  41  74  60  29  98
   33  80  34  76   2  39   7  79  47  89  13   5
    3  12  74   5  44  77  34  64  54  24  31  63
   89  16  62  48  56  21  54  95  69  74  33  91
   32  48  91  88  95  21  57  82  31  47  64  77
   99  23  18  56  22  59  68  47  42  45  73  95
   99  23  72  30   1  50  52  33  82  75  18   7
   82   2  60  48  10  55  22   8  14  58  73  69
   48  95  73  11  46  80  43  75  84  29  34  41
   54  24  93  90  29  87  40  74  36  45  23  88
   19   1   1  35  13  98   3  93  11  97  99  92
   30  36  75  75  85   5  92  69  56  10  61  53
   51  47   9  32  82  67  50  95  33  48  52  98
   25  58   8  19  85  31  99  34  21  29  72  86
   82  15  99  53  34  23  55  13  24  20  77  18
   50  83  42  59  31  63  29  39  76  53  91  35
   51  60  25  75  47  71  35  99  51  25   9  34
   17  77  78  58
   65  71   9  64  65  51  52  75  74  42  61   6
   61  29  12  11  76  84  52  83  43  73   6  53
   57  35  61  74  75  85  68  20  11   9  28  81
   27  48  89  55  33   3  43  40  73  21  14  32
   26  92  53  15  92  44  39  56  95  33  60 100
   69  39  20  61  54  60  20  20  91   5  63  11
   16  87  43  26  51  21  34  98   3  10  93   3
   48  47  49  46  38   3  93  62  82  22  80   7
   52  18  16  47  63  63  54  62  79  89  90  31
    2  71  54  26  60  31   3  13  14  23  16  39
   37  35  89  27  21  76  30  72  59  74  46  33
   49  68  43  27  79   2  19  22  29  16  54  34
   56  47  11  15  95  17  21  53  51  25  81  62
   88  46  50  76  32  24  40  44  53  61   9  22
   70  16  56  69  39  96  15  39  44  53  49  77
   98  69  43   9  33  63  97  37  91  74  22  38
   25  58  30  48  81  85  33  65   9  27  33  38
   37  57  17  61  80  40  48  66  29  25  64  21
   40  45  68  19  36   3  24  73  93  71  45  14
   40  83  96  76  49  28  81  98  28  40  39  16
   21   2  37  51  91  27  64  10  28  62  26  75
   27  75  37   3  93  55  16  10  34  98  78  72
   47  10  31  19  19  88  64  23  20  31  48  98
   92  18  24  91  50   8  99  74  69  36  43  42
   80   4  73   2  68  74  60  70  58  66  12  65
   15  46  71  99  34  22  10  78  37  39  23  85
   64  74  20  85  68  26  21  11  11  10  48  60
   49  54  23  89  38  91  54   6  20  54  40  64
   18  66  54  56  30  36  43   9  24  55  18  74
   31  88  52  26  38  65  70  51  81  79  45  47
   42  77  89  10  41  57  53  34  27  56  12   3
   77  50  63  80  86  44  24  10  62  67  17   6
   19  64  70  44  70  93   9  61  26  18  48  45
   82  97  89  28
    9  75   5  61   2  49  61  84  28   7  46  32
   66  40  55  46  86  73  37  13  68  82   9  78
   22  16  75  69   3   9  51  15  35   8  72  56
   25  85  23  76  86  60  47  11  53  18  74  70
   99  23  31  58  63  45  66  88  57  75  66   9
   94  44  73  12   4  38   6  59  47  25  76   2
   43  66  13  93  81  38  72  12  42  50  64  78
   18  65  65  76  27  16  44  68  39  27  72  19
   86  28  50   6  88  77  20  46  68  82  89  14
   71  11  46  55  83  15  81   8  52  52   2  24
    2  96  55  83  56  65  45  19  54  33  51  27
   71  51  48  92  35  67  22   7  45  43  91  83
   95  76  29  79  87  14  70  15  52  75  45  87
   67  69  87  96  78  15  56  57  16  54  57  25
   12  79  56   5  24  45   5  80  49  91  52  28
   45  59  68  33  49  11  61  13  93  47  95  34
   30  29  11  32  42  94  43  25  71  77  40  41
   28  25  82  31  16  21  99  85  47  97  92  62
   63  61  49  94  56   7  65  17  78  37  61  82
   73  82   3  78  84  20  19  51  79  91  19  17
   65  22  15  87  13  37  37  85  67  85  54  65
   75  56  92  27  97  94  53  43  30  25  32  68
   22  66  38  66  97  52  12  22  70  52  45  65
   64  85  99  87  32  43  24  58  73   6  74  49
   56  63  33  47  32  32  26  77  55  73  43  21
    6  17  56  31   2  72  36  54  23  52  75  50
   27  90   3   9  71  62   6  65  27  99  47  29
    2  11  82  90  56   2  82  49  24  93  48  27
   30  39  34  87   9  45  60  59  25  88  38  48
   89  36  83  61  80  62  41  22  59  70  95  90
   93   9  99  84  72  90  85  92  26  13  85  98
   44  74  51  96  96  94  75  12  50  34   4  19
   87  11  60  59  27  20  63  61  41  53  43  60
   74  18  62  13
    8  35  82  94  31  36  20  93  55  38  52  81
   29   5  18   3  94  45  24  63  31  49  83  76
   98  38  63   8  81   8  27  16  32  68  77  99
   15  90 100  39  50  50  12  41  58  71  97  82
    3  68  59  53  34  92  57  98  32  74  53  70
   52  65  56  58  68  84  66  46  17  64  17  48
   39  86  17  53  26  34   1  72  62  31  65  78
   67  86  16  53  46  39  12  28  23  99   8  29
   92  96  99  23  63  19  67  56  97  58  17   4
   56  56  26   8  45  45  89  27  57  92  58  75
   16  45  88  67  18  74  81  64  78  15  27  15
   77  16  52   1  97  77  59  79  72  98  72  27
   27  21  81  85  27  71  85   2  15   5  34  75
   60  50  75   1 100  52  97  10  83  17  70  19
   15  55  94  66  98  23  40  65  82  71  91  39
  100  85  94  69  19  29  96  39  76  88  90  75
   32  19  59  94   6  84  21  46  23   3  71  53
   60  91  27  60  84   8  68  75   3  96  86  15
  100  29  26  44  89  52  24  25  48  28  62  55
   68  79   4  20  96  34  40  24  80  65  33  48
    8  42  60  82  57  66  60  75  35  18  70  78
   23   2  77  85  23  90  56  79  95  63  18  76
   10  58  48  67  83   7  57  65  27  85  18  45
   88  55  14  87  95   6  79  28   3 100  48  93
   30  18  89  52  12  99  61  53  37  88  46  70
   94  77  98  50  16  50  89  50  20  27  47  87
   57   6   4  79  51   9  36  87  44  23  12  62
   41  47  35  85  52  36  82  18  37  39  57  37
   49  48  25  85  77  43  60  13  93  29  90  21
   93  88  40   3  39  16  72  94   8  70  36  12
   29  13   8  97  35  52  32  64  99  90  73  37
   84  63  51  99  80  87  89  37  54   2  59  76
   89  10  20  37  36  30  66  68  43  31  69  96
   14  80  22  68
   68  86  64  85  74  52   1  25  26  36  75  23
   27  84  66  78  76  67  82  99  34  46  30  69
   91  44  77  17  40  13  31  83  41   3  96  96
   90  32  56  33  92  53  28  88  26  26  42  50
   14  80   6  61  89  90  72  93  68  40  13  11
   18  94  79  43  21  64  81  53  50  79  46   5
   33  55  92  31  23  61  99   5  65  90  74   7
   70  29  19  94  76  22   4  70  25  45  31  49
   24  73   7  32  19  46  10  67  62  42  58  27
   82  41  79  69  47  99  79  13  42  14  11   1
   31  90  41  72  27  18  24  30  63  33  64  10
   61  85  88  49  95  17  15  54  68  20  20  72
   74  10  10  57  70  95  85  39  46  48  15  94
   88  65  98  12  55  44  42  64  41  50  21  75
   46  83  52  89  46  48  63  40  60  23  57  17
   19  29  85  37  37  97  14  14  74  38  94  23
   15  11  30  73  25  90  47  76  31  41  61  12
   81  78  47 100  21  43  10  68  54  66  48  22
   18  41  29   7  50  89  52  89  55  34  20  13
   76  61   7  76  63  94  30  96  38  64  13  80
   70  70  58  91  39  57  16  20   5  80  50  53
   79  72  10  39  92  17  99  62  61  13  41   5
   58  46  49  23  81  57  99   8  24   9  91  61
   39  57  26  60  12  18  65  28  28  38  10 100
   41  61  59  96  43  97  88  88  31  96  10  66
   76  10  47   9  96  60   1  55  19  17  20  69
   54  57  67  10  60  40  90  99  16  69  89  95
   87  70  88  55  95  50  99   5  87  73  94  13
    3  27  75  52  44  88  37  74  46  99  43  74
   41  29  91  64  32  44  80  35  59  80  82  31
   68   8  10  17  79   2  83  45  57  11   4  28
   79  26  17   3   3  48  84   2  35  59  52  22
    5  88  21  91  24  81   9  44  63  72  30  77
   18  46  53  34
    8  36  20  87  23  34  65  13  12  93  43  90
   30  43  71  67   7  70  90  44  40  17  53  76
   88  69  21  58  64  57  57  27  29  45  22  47
   88  25  61  11  82  11   9  28  81  34  71  23
   80  33  28  26  91  51  23  66  36  31  56  69
   44   2  82  45  41  80  99  89  47  62  46  70
   67  13  92  26  87  65  38  56  66  12   2  20
   31  98  15  23  69  18  20  18  24   3  59  94
   86  24  72  72  91  76  87  99   9  79  14  40
   40  68  42  71   7  88  28  80  53  86  96  50
   30   9  29  60  96  91  56  77   9  54  58  50
   15  97  52   2  50  91  90  25  31  74  49  75
   46  43  27  64  50  48  38  54  62  86   2  52
   55  96  41   2  49  53  74  78   9  56  11  83
   34  29  39  37  55  13  28  71  25  56  16  26
   16  12   5  41   9  30  55  49  92  51  81  72
   53 100  40  13  68  82  28  51   4  73  78  32
    5  15  46  66  88   8  12  22  42   9  65  15
   13  20  10   6   2  83  45  93  62  77  71   9
   85   8  74   8   2   4  26  64  72  10  73  66
   78  79  33   7  23  70  88  81  16  37  80  77
   76  24   1  72  19  63  87  22  53  62  17  61
   71   3 100  90  51  30  75  75  38  51  98  37
   50  26  42  47  62  61  87  21   8   5  17  13
   67  40   6   8  63  76  24  15  56  48  20  65
   34   4  21  99  11   3  25  66  18   6  94  16
   95  73  48  90  90  55  59  22  50  86  45  21
   11  80  62  76  97  22   2  44  15  63  78  44
   40  15  31  52  18  41  12  95  57  54  80  43
   17   6  98   4  10  84  23  18  87   5   2  49
   40   5  63  82  85  38  16  15  66  68  35  49
   44  62  64  88  90  83   2  32  80  87 100  65
   90  14  57  53  87  79   9  40  26  76  24  37
   39  58  99  17
   96  34   9  33  15  86  19  71   9  89   6  33
    9  57  31  33  34   9  53  52  14  91  49  55
    4  94  34  13   5  72  75  16  82  60  17  99
   88  94  94  57  74  30  57  60  13  61  82  78
   17  39  97  98  58  88  97  43  85  32  63  85
   42   4  83  73  88  67  69  46  18  42  73  53
   74  13  13  71  74  54  82  27  24  47  78  12
   37  98  14   2  55  60  39  78  67  46  57  44
   24  52  49  43  61  76  86  80  18  35  53  39
   52  82  63   1  63  31  79  61   9  68  33  53
   24  74  42  63  37  46  29  50  95  10  42  62
   76  42  70  61  13  91  65  35   5  91  59  20
   45  86  84  18  33  42  88  19  97  71  58  12
   12  50  33  12  13  36  30  75  24  86  55  16
   67  78  31  29  89  28   5   6  75   9  76  54
   67  67  13  18  86  48  69  93  48   6   3  51
   84  28  96  52  60  54  77  65  91  91  33  91
   67  38  31  78  65  93  39  39  70  89  41  72
   97  98  59  81   6  56  70  89  19  81  26  64
   45  92  69  31  93  29  57  95  95  66  74  61
   22  39  56  46   2  55   6   5  41  20  13  44
   43  49  71  46  25  91   2  82  37  47  65  34
   81  84  85  12  32  60  66  73  54  39  11  44
   19  11  40  34  26   9  12  55  20  31  38  44
   11  56   7  78  93  64  97  94  63  55   2  10
   37  66  42  37  71  91  87   6  80   2  79  81
   58  60  41  84  92  47   6   4  85  70  26  23
   75  90   2  35  49  37  90  62  68  29  34  72
   80  91  69   2  46  73  55  70  49  71  84   3
   21  44   6  45  58  30  42  87  39  70   9  76
   47  27  34  39  83  96  75   1  92  35  40   3
   73  73   3  19   6  38  25  81  63  67  73  91
   36  31  38  43  44  51  54  39  65  19  17  13
   43  13   2  44
   99  99  74  68  75  49  46  18  23  30  53  16
   38  11  86  96  92  57  32  64  73  73  14  37
   29  47  41  84  11  95  45  80  20   7  29  38
   47  82  10  59  20  84  62  76  45  78  59  97
   51  73  22  47  35  70  58  13   4   5   8  87
   17  88  89  14  33  56  39  28  53   6  55   2
   62  45  47  89  76  35  72  69  83  32  84  87
   87  32  76   3  54  18  20  29  52  96  18  80
   99  49  40  13   5  68  68  70  12  11  45  28
   45  31  13  36  51  32  58  60  42   9  55  31
   43  85  14  83  31  68  17   3  82  82  68  66
   15  20  36  88  30  79  93  67  62  15  67  21
   15  74  77  39  11  47  83  22  31   7  26  25
   64  52  73   6  43  57  63  63  93   9  45  81
   78  52  29  80  39  37  22  49  37  57  80  97
    4  98  45  98  80  80  92  28  62  98  73  15
   42  72  59  77  54  84  82  73  20  28  86  42
   86  45  64  44  79  79   3  11  35  12  29  85
   53   7  51  67  39  57   5  52  42  27  92  83
    8  96  35  88  14   5   5  26  19  89  80  30
    3  41  82  53  14  35  22   9  11  83  39  16
    5  75  53  44   6  21   3  55  66  94  88  50
   25  81  20   8  46  20  57  33  70  41  56  98
   54  19   9  90  14  12  90  48  70   4   6  13
   92  51  23  67  41  27  30  82  12  59  68  59
   79  83  82  74  43  77  59  21  67  12  77  55
   26  88  45  39  50  90  48  83  66  20  92  93
   44  43  47  11  39  37  87  57  33  31  41  80
   82  51  29  94  63  63  14  28   8  16  38  62
   54  86  69  80  87  24  48   9  87  91  26  59
   66  13  13  75  16  12  20  74  51  61   4  94
   56  22   6  32  21  90   6  92  93  39  54  28
   19  63  25  86  82  23  53  51  55  86  82  86
   40  74   8  81
   23  23   3  18  78  11  52  31  52  66   7  30
   62  79  43  73  57  75  47  94  81  82  90  61
   48   1  95  45   7  70   5  96  11  41  49   9
   86  40  18  85   2  42  28  14  38  37  88  29
   54  98  75  86  56  56  95  28  70  56  58  50
    7  39  43  78  30   5  67  29  29  79  57  80
   84  86  15  44  38  15  88  29  59  88  40  15
   18  34  12  17  51  49   2  58  31  73  24  37
   34  55  84  93  11  19  45  80  52  39  96  34
   63   3  21  37  25  83  67  93  69   8  17  93
   44  22  52  84  82  63  26  37  75  31  29  17
   32  49  61  51  57  40  98  98  17  91  61  19
    4  25  85  39  12  66  87  23  99  12  38  42
   64  97  25  42   5  72  27  13  95  58  81  55
   52  29  49  53   1  69  88  39  48  52  21  65
   47  99   2  69  71  59  85  47  77  67  98  19
   76  19   8  97   5  38  83  60  89  46  75  13
   18  28  79  63  10   4   2  87  79  97  36  97
   12   6  23  15  25  61  26  31  42  11  96  85
   61  77  44  29  21  30   5  91  71  55  11  55
   42  21  55  20  11  51  67  73  72  88  76  58
    8  70  81  44  53  88  21  92  66  66  41  27
   98  23  65   5  61  42  60  80  95  43   9  78
   42  48  75  60   6  50  74  94  31  82  45  23
   63  90  10  31  24  94  53  20  76  62  83  67
   91  78   6   4  25  11  89  77  76  79  35  25
   65  28  45  37  94  90  92  31  25  58  89  18
   36  52  55  71   5  89  86  93  64  54  25  89
   81  62  25  31  17  35  24  30   2  64  14 100
    3  81   2  35  88  30  86  68   5  28  26  46
   37  44   3  98  82  58  93   3  17  39  42  55
   64   5  21  41  68  96   9 100  55  46  49  98
    9  46  30  94  33  14  43  10  26  65  58  96
   47  81  90   8
   91  37  46  27  51  60  16  40  70  30  86  40
   75  73  45  54  36  17  16  60  53  83  53  75
   60  85  38  55   9  19  69  82  69  56  61  68
   21  40  32  37  45  77 100  25  22  35  80  76
   22  28  72  31 100  21  59  22  91  15  99  69
   99  46  21  72  96  76  11   4  16  89  18   6
   39  80  38  79   1  56  11  81  73  24  17  18
   63  85  64  37   7  33  88  23  62  43  45  90
    4  65   1  77  16  25  29  40  83   7   4  44
   93  57  93  61  19  72  53  63  21  95  21  13
   37   9   9  59  78  27  99  31  21  90  36  32
    2  64  21  32   8  24   5  62  78  54  82  11
   89  42  88  12  54  69  86  44  13  10  66  21
   28  16  38  86  78  21  23  10  53  27  49  74
   43  99  46  77  38  65  35  22  17  99  28   6
   45  25  16  22  65   4  67  51  92  29  18  51
    8  24  66  54  52  30  68  61  20   3  32  33
   51   9   5  86  30  14  76  86  72  79  64  41
   23  58  16  92  50  83  91  16  38  66  71   9
   78  90  36  85  67   2  68  71  99   4  48  99
   60  53  39  99  17  52  88  92  19  42  18  88
   84  96  18  75  99  19  43  16  12  28   5  39
   18  62  62  36  63  66  21  54  37  84  23  86
   59  59  42  71  80  23  78  81  73  87  50  22
   25  46  88  18  33  60  32  15  99  55  17  69
   23  15  77  41  91  76  31  90  80  20  81  69
   41  68   4  16  98  74  45  48  42  19  13  59
   24   5  72   7  45  46  40  14  58  68  73  55
   55  96  71  54  60  52  62  78  30  47  99  32
   40  74  57  47  83   5  21  81  63  79  82   8
   84   5  35  14  51  44  65  87  56  13  48  21
   79  74  40  93  76  27  71  75  78   5  42  13
   78  69  18  28  32   2  16  11  47  97   9  11
   80  59   8  34
    1  90  21  75  12  17  95  49  13  68  56  39
    2  92  30  28  41  92  66  67  72  43  56  87
   40  13  52  25   9  82  83  36  78  64  78  15
    9  18  81  16  34  70  70  71  82  37  78   8
   95  37  12  68  47  15  66  28  62  58  49  15
   35  15  96  27  47  13  91  54  86  82  83  93
   69  67   6  69  54  51  98  51  63  72  22  74
    2  42  78  58  72  65  30  23   2  59  18  12
   51  69  80   4  41  93  73  41  65  93  86  41
   15  22  63  16  91  33  20  94  30   8  64  38
   16  68  15  60   5 100  18  47  39  67  67  71
   68  34  23  18  68  82  31  95  59  30  41  61
   25  52  25  36  29  95  95  25  39   2  25  35
   40  22  67  91  54  41  71  65  63  89   3  80
   24  67  62  41  84  61   6  46  10  63  59  10
   95  88  42  78  88  96  82  54   4   8  38   6
   45  23  15  94  25  41  83  89  77  81 100  86
   85  97  26  29  92  99  43  22  25  71  75  57
    9  88   7  28  91  41   2  46  57  47  19  67
   46  74  37   3  76  59  67  40  59  24  74  67
   19  95  97  82  13  26  66  19  48  11  20  64
  100   6  28  72  35  48   5  92  25  72  34  78
   66  34  82  12   2  23  22  21  36  83  44  99
   56  38  86  23  50  96  44  71  25  85  88  43
   27  58  93  78  56  19  46  75  93  39  68   8
    9  78  38  48  88  98   5  81  51  89   8  28
   63  79  97  59  63  62  55  17  77  11   6  34
   38  96  43  52   4   9  46  38  76  74  96   7
   24  73  98  38  92  64  99  91  32  93   4  35
   10  23  97  51  33  41  62  67  64  89  97  67
   43  75  36  12   2  93  67  57  86  42  49  76
   77  46  34  73   4  72  83   8  62  47  88   7
   40  81  85  88  32  81  79  80  57  74  60  36
   79  20  20  56
   57   6  98  90  82  53  19  95  36  75  89  61
    7   4  34  19  14  99  75  43  46  92  79   3
    8  25   1   3  61  96  22  24  73  11   3  73
   56  13  20  25  13  37  11  59  78  51  22  15
   67  99  47  28  15  43  72  73  21  11  24  15
   95  35   6  44 100   2  48  25  94  89  48  39
   75  19  17  28  25  89  19  38  55  28  21  61
   46  31  30  85  93  10  43  31  55  32  84  96
   86  64  57   7  94  23  78  51  71   8  31  30
   47  54  99  97  27  72  22   7  39  92  28  51
   76  10  82  10  39  24  35  92  82  87  56  80
   56  47  85  72  51  89  77  27  43  82  37   8
   33  20  74  25  93  64  38  80  16  95  67  15
   46  47  29  44  35  55  67   8  78 100  44  15
   64  51  80  80  12  11   7  78  20  55   2  76
    9  83  37  87  63  55  21   8  76  40  42  62
   94  56  17  51  61  19  26  89  58  80  65  53
   53  76  82  22  40  68  29  26  84  85  96  82
   67  75  67  49  29  38  49  59  11  76  28  70
    3  39   8   8  83  63  54   5  66  16  38  50
   40  43  79  32  18   9  93  77  76  42  31   2
    2  77  22  47  33   3  25  30   4  98  63  82
   89  85  73  98  49  65  48  75  70  67  78  58
   10  88   1  84  41  42  36  27  95  96  37  37
    9  22  32  88  61  34  66  25  25  35  46  95
    4  62  86   8  80  28  50  66  59  62  92  15
   10  62   8  86  10  31  68  40  89  21  73  11
   76  80  90  46  39  98  96  58  26  43  28  60
   18  11  18  17  65  67  43  80  31  90  68  42
   42  17  88  70  23  85  73  56  48  76  11  58
   80  62  50  47  18  45  47  45  34   4   7  72
   27  39  27  93  55  12  44  55  92  92  73  37
   59   3  56  86  74  58   2  74  99  13  29  25
   77   4  17  72
   97  89  91  86  17   4 100   5  19  25  24  46
   26  23   8  52  96  82  69  72   3  83  73  29
   91  58  93  86  58  69  86  20  13  71  60  82
   49  85  38  78  15  63  32  27  80  61  12  34
    5   2  71  60   8  49  95  89  36  75  36  97
   34  27  72  21  12  96  85  26  11  91  25  77
   80   3  76   6  38  69  33  80  42  52  63  72
   63   4  76  28  45  30  98  33  83  66  33  87
   84  42  35  69  43  51  78   5   5  19  23  36
   38  73  86  93  99  13  10  60   8  74  30  45
    9   2  45  45  44  17  82  22  22  86  71  64
   85  89  11  61  78  89  35  68  20   2  85  74
   65  59  77  76  81  87  71  43  16  67  40  85
   57   5  35  26  14   6  61  64  77  35  39  52
   91  92  79  55  24  81  46  26  30  70  30  73
   26  71  16  26  56   3  48   8  62  58   7   2
   49  77  67  21  58  15  77  77  33   6  19  50
   89  39  82  52  82  23  32   3  79  54  76  94
   21  86  36  63  98   3  12  52  18  79  56  86
   68  55  40  41  93   6  20   4  57   4  10  52
   15  93  49  18  81  61  69  52  98  96  66   4
    7  68  65  79  11  88  92  14  48  85  42  43
   62  69  46  70  66 100  43  31  16  61  45  70
   73  21  10   2  80   9   6  83  27  79  82  85
   16  82  41  54  36  32  99  88  29  74  64   1
   57  58  97  90  74   2  86  12  93  61  12  43
   55   2  18  53  98  65  77  72  25  39  65  61
   73  22  25  78  84  99  37  48  69   5  86  32
   81  92  36  96  82   8  90  81  14  52  67  66
   61  53  65  44  28  34  32  87  99  83  35  15
   18  20  30  64  42  65  27  59  26  12  60  76
   80  89  61  17  44  37  20  74  54  69  60   2
   13  47   5  83  54  43  45 100  19  14   9   2
   16  69  32  73
   91  74  55  59  98  22  94  19  98  26  35  40
   69  56  42  14  70   3  18  49  38  65  82  64
   79  53  77  81  65  74  53  19  26  31  66  84
   43  13  71  74  42  93  16  61  89  18  33  89
   86   4  37  69  58  29  16  72  50  29  23  21
   26  89  74  86  53  40  42  82   5  49  46  53
   45  16  48  75  33  63  46  46   5  36  68  76
   79  89  68  92  41  86  16  17  43  91  89  76
   92  59  77  82  52  37  63  35  28  49  25  13
   65  98  24  63  44  55   6   3  69  54  85   6
   69  83  49   2  83  85  42  66  60  44  64  16
   53  80  65   1   6  48  38   3  55  29  11  22
   21  18  40  76  97  28   9  93  52  75  17   5
   16  77  73  38  76  48  94  13  75  84  95  31
   98  69  82  76  71  59  48   3  54  78  65  29
   31  15  81  36   9  15  11  57   8  73  28  72
   57  28  63   4  86  57  96   6  23  68  50  64
   82  95  79  85  61  91  75  90  38  23  47  14
   56  60  24  88  28  77  48  49  21  39  62  19
   55   2  12   6  98  98  33  96  54  43  49  51
   61  15  61  92  85  56  47   7  14  66  51  30
   44  95  76  49  85  37  84  89  50  24  84  12
   41  18  26   5  56   9  98  80  71   2  18  64
   43  19  27  95  97  87  82  12  24  33  57  53
   70  77  23  46  37  30  56   4  70  80  21  19
   55  95  70  53  10   9  37  37  78  19  27  60
   27  80  14  65  35  95  32  40  91  16  71  18
   86  25  70  62   5  42  11  68  21  11   9  50
   93  91  12  41  58  60  91  82  19  99  36  19
   46  89  44  92  68   7  22  36  64  15  71  68
   60  58  88  84  20  58  56  52  42   5  36   7
   51  49  64  42  92   1  43   5  25  19  37  89
   18   6  67  32  39   4 100   2  55  84  47  97
   21  46  55  39
   11  95  88   8  19  59  27  64   4  26  76  25
   66   6  54  58  21  85  99  74  11  52  91  40
   28   6  67  97  34  84  39  82  76  79  20  46
    9  52  32  67   6  59  36  81  88  63  42  87
   38  59  31  77  17  88  74  46  85  56  53  18
   22  57  74  58  41  86  90  98  16  62  20  50
   88  45  63  27  99  56  26  58  95  92  31  18
   58  52  43  30  16  47  86  99  64  25  59  24
   87  88  59  14  74  11  96  10  37  57  17   7
   32   5  15  67  76  56  58  42  67  65   7  88
    3  48  24  90  95  10   4  75  98  56  85  35
   18  18  73  41  34  65  53  69  21  30  17  11
   64  22  73  96  78  47  73  18  30  31  25  35
   50  32  16   9  58  61  28  10  79   6  57  41
   63  41  34  58  99  54  41  83  42  60  32  28
   25  21  51  13  81  67  49  80  60  13   5  20
   51  75  44  83  94  95  56   6   8  55  15  21
  100  97  95  81  94  41  95  82  41   7  49  70
   40  27  53  71  61  73  78   6  59  67  93   4
   94   8  80  31  51  79  56   3  58  80  90   3
    5  38  20   4  59  25  76  86  90  82  96  55
   85  35  45  60  66  11  34  15  14  63  38  13
   78  83  17  50   7  25  32  41  56  21  66  41
   13  97  41  58  15   4  38  78  66  18  15  82
   57  75  25  63  85  83  37  47  72  39  54   9
   79  53  31  94  32  60  91  38  37  46  52  79
   97  62  36  85  38  44  94  66  15  33  24  95
   45  89  86  30  16  19  27  26   9  83  93  58
   17  28  54  42  64  90  17  48  23  29  49  24
   34  35  93   9  23  53  90  58  24   3  94  59
   92  91  94  47  29  39  31  29  93  94  14  99
   29  52  46  60  73  75  36  39  87  11  20   6
   65   9  82  96  57  44  71  28  87  29  16  18
   74  41  50   2
    800   821   804   800   828   845   762   809   842   816   767   808
    786   794   782   840   782   803   806   801
