 25 100
  116  57  54  45  97  33 109  20  54  44   9  33
   90 101  73  67  20  86 112  97  86  89  21  61
   16 104  49  23  22  45  54  21  92  97  76  24
   92  54  43  79 100  20  24  86  61  79  99 110
   11  32  33  84  53  83  94  37  43  13  39  83
   20  66  20  58  58  64  79  32  72  77  58 106
   29 101  44  33  56  27  45  29  84  51  93  20
   22  43  35  72  49  73 115  84  30 111  28  64
   65  74 114  28
   91  49   7  40  69  64  41  26  80  74  50  40
   73  83  60  62  68  53   7  30  48  33  89  25
   93  83 108 100  53  33  20  58  23  27 114 105
   25  29  34  92  79 103  28  12  66  28  34 107
   13 109  32  70  63  14  24  29  48  73  17  80
   79 104  20  72 113  44  96  96  97  80  70  40
   38  41  66  85  88  51  82  76  92  85  39  83
   86  23  27  90  32  94  14  43  48  97  37  74
   41  75 108  68
   63  14  22  33  68  73  40  51 101  68  66  61
   12  15  20  25  94  47  67  65  42  41  32  20
   65  20  11  76  43  38  32  65 109  87  95 101
   99  69  85 103  22  19 111  73 102  61  62  84
   60  23  66  85 108 104  63  86  40 109  52  99
   87  38  47  28  29  13  70  15  52  56  49  30
   25  76  55  82  57  20  90 112  85  49  74 102
   93  34  27  39  52  41  56  69  36  21  68  53
  100  36  33  90
   93 101  51  21  88  49  64  93  96  46  55  87
   18  66  80  20  69   9  21  91  95  66  44 102
  106  65  19  44  21  94  44  54  34  80  33  64
   42  22  84  35  46  35  69  79  69  51 111  70
   87  52  86  26  36  95  73  99  69  39  90  14
   16  53 101   9  48  34  26 109  29  98  50  40
   91  27  20  62  31  63  50  73  69  80  50  24
   64  33  38 101  45  17  52  79  21 104  55  55
   89  30 114  61
   80  90  73  77  49  58  66 115  28  62  75  74
   95  26 103  39  58  91  76  91  18  36  23  31
  100  22  78  79  15  19  87  68  79  84  97  38
   53  15 103  37  28  54  36  60  39  59  51  68
   23  43  55  98  40  44  25  89  30  82  46  20
   89  86  23 102  45  42  96  79  32  38  84  32
   53  97  67  36  58 103  31  25  52  35  83 103
  101  19  69 105  79  29  45  21  31  75  31  69
   87  97  68  71
   80  12  25  61  99  51  88  50  76  96  37  71
   12  93  79  65  34  27  76  65  90  62  48  22
   58  21  39 103  96  11  55  67  24  64  60 100
  112  97  77  43  55  40  52  61  67  40  35  49
   90  33  84  18  29  73  87  19   3  94  42  52
   42  66  84  62  23  35  52  98  68  76  54  36
   90 110  86  55  96  28  38  36  90  22  70  43
   34  23  27  39 105 108  32  91  54  38 107  75
   80  82  87  53
   51 104  57  21  33  76  99  24  42  22  59  26
   21 108 108  39 104  59  39  59  46  78 100  47
  100 112  36  75  24  93  32  23  40  76 102  20
   68  58  23  54  64  67  59  14  43  66  93  77
   34  17  32  20  14  83  74 102  62  67  34  30
   35  44  23  61  60 116  34  76 102  46  45  92
   85 100  66 114  46  38  82  99 100  12  29  38
   69  59  26  32 100  58  70  34  86  38  38  80
   40  30   7 103
   45  54  44  75 116  47 105  69  91  27  79  50
   41  34 101  99  72  85 106 109  72  25  27  66
   81  32 107 103  23  75  24  14  89   4  59  41
   71  29  90 103  30  86 104 115  71  77  99 107
   83  99  68  64  17  47  76 105  62  28  79  58
   67  55  92  96  76  80  91  85  32  83  94  92
   64  16 116  78  66  55  96  56  36  78  60 104
   86  88  43  74  30  81  99  64  54  73  19  77
   72  83 106  94
   27  70  28 107  54  70  99  77  26  59  91  90
   77 116  17  53  60  33  89  46  36 116  46  34
   45  62  32  67  73  93  30  82  88  47  97  65
   58   7  76  36  77  71  74 107 101  88  28  96
   57  23  56 106  91  91  43 102  12  34  20  39
  101  47  20  26 110  77  84 107  93  52  40  90
   33  70  19 116  21 105  25  34  80  38  74  88
   84 108  66  60  44  68  55 110  34  65  48  90
   94 106  35  13
   47  20  51  43  85  55  47  70  34  70  53  52
   39  65 105  74  68  49  28  88  87  50  64  50
   56  15  53  41  97  75  88  76  49  28  20  22
    4  57 105  95  26  13  29 101  25  13  69  54
   91  34  32 103  81 100  79  19  22  39  54  81
   60  83  79  30  93 111  73  88 114   5  41  84
   94  82  87  45  85 102  58  73  47  49  17  26
   38 100  68  40  28  96  98  60  26  12  18  80
   51  62  31 104
   99 105 106  37  22  77   5  48   8  61  39  35
   82  39  19  12  20  78  31  22  96 105  41  68
  103  97 100  86  62  51 102  60  57  79  88  88
   62  24  36   9  61  44  70 112  57  56  34  15
   47 110  86  94  23 111 100  53  74  19 105  69
   66  62  82  96 109  78 100  89  20  22  47 109
   96 107  13  74  19  78  22  91  92  49  93  64
   88  60  46  36  31  17  52  99  53  19  53 113
   17  39  20 108
  106  25  49  31  22  29  18  80  27  37  66 116
   54 100  92  96  85  26  33  37  44  68  73  74
   86  16  24   8   2  88  83  55  12 104  58  19
   29  82  30  91  25  72  94  20  72 107 105  92
   44  40   9  91  22  53  31  37  33  54  15  28
   21  68  71  13  44  34  99  96  58  78  89  61
   57  74  37  85  58  76  25  54  30  46  44 100
   21  17  32  91  45  55  91  92  77  79  41  97
   67  97  49  99
   97  71  78  96  70  20  11  91  93  86  84  28
   71  53  78  21  68  28  16 110  42 117 114  34
  104  83  16  91  57  65  48 109  80  43  40  34
   97  32  30  34  24  63  45  92  88 101  35  40
  109  77  49  55  32  28  25  24  53  46  86  76
   30  76   9  32  25  33 111  77  68  10 103  21
   78  17  76  68  77  51  14  73  66  72  20  77
   64  76  62 111  94  20  33  44  92  77  20  41
   40  67  38  16
   57 105  54  23  84 106  74  31  97  50  12  62
   84  46  71  74  62  83  78 101  71 104  78  53
   92  89  26 107  82  24  60  67  48  71  24 103
   89  52  35  48  85  97  55  39 108  98  70 108
   94  31  20  30  39  60  51  45  73  22  95  71
   22  94  23  98 103  30  40  81  73  27 101  56
   46  57  90  37  31  69  36  76  48  67  97   8
   37  90  60  20  16  24  60  30  60 107  59  45
   86  89  73  17
   46  58  97 117  53  45  49  33  46  90  50  17
   86  86  56  63  87  62  68  68  20  19  98  49
   46  51  27  11  29  93  73  29 109  66  24  46
   10  86  38  90  35  99  62  41  57  49  60  24
   54  42 100 105  48  30 114  16 100  69  26  66
   63  27  46  26  27  94  17 106  88  28  20  65
   32 113  88  19  95  64  19  13  70  10  80  37
   32  56  16  26  48  85  26  36  98  20  17  72
   98  31  38  80
   24  43  69  50  88  48  58  10 115  95  16  45
   22  28 111  66  48  55  21 101 114  64 107  67
   27 105  65  29  78  80  28  28  45  76  30   9
   46  87  36  49 100  83  30  46  18  75  84  91
   94  60  45  97   8  75 102  33  94  39  87  29
   71  62  73  82  50 101  59  26  33 113  34  26
   16  60  85  66  33  94  88  62  17 112  89  81
   96  97  71  61  26  84  31  21  49  73  27  26
   78  65  98  40
   14 110  59  45  24  19  32 114  56  47  60  36
  102  11  31  59  18  45  83  74  74   8  81  12
   72  79  24  21  90  30  36  42  14  32 118  26
   66  98  63  74  34  56  69  66  68  47  44  75
   60  52  50  58  62  60  53  77  15  55  61  28
  105  86  42  64  56 101  60  91  30  84 102  35
  103  67 109  70  72 112  69  90  92  82  37  83
   75  16  45  25 106  32  74  16 105  23  19  46
   51  22  67  99
   40 109  80  50  47  16  28 101  49  15  21  77
   56  97  73  45  29  65  18  65  53  85  54  20
   91  76  73  96  46  52  93  95 104  21  65  98
   62  53  81  15  76  64  18  94  38  50  17  25
   21  95  73  94  26  54  15  41  99  55  50 108
  110  65  77  72  90 101 106  99  44  81  32 103
   29  41  76  97  46  97  79 102  59  20  10  96
   50  74  52  67  58  89  62  67  18  57  50  39
   26  44  28  22
   36 112  46  46  14  29  68  50  26  80  34  56
   96  75  53  24  20   5  90  46 108  68 101  51
   24  90  10  50  80  42  75  54  45 103  17   8
   56  62 103  42  81  74  18  88  82  93  21  53
   27  37  77  72  86  36 104  94   3  48  75  95
   22  62  21  40  98  58  69  67 114 100  70  68
   18  34  63  34  45 102  30  51  15  75  55  14
   55  90  65 103  67  92  93  50 101  15  62  35
   41  95 101  80
   95  13  80  25  72  41  37  65  22  77  83  14
   30  32  73  27  87  95  68  86  50  37  55  75
   52  24  57  85  80  88  30  24 100  92  85  13
   45 105  88  67  76  78  39  69 107  68  97  92
   88  59  12  95  51   7  83  67  29  52 109  12
   51  99  23 111  18  22  88  62  69  82 100  87
  108  40  93  95  68  46  37 107  80   4 103  31
   93  27  91  35  35  93 100  40 101  78  54 109
   26 101  17  16
   98  64  87  39  61  47  69  46  17 111  60 111
   55  27  31  79  11  82  72  28  50  48  82 101
   36  67  54  21  20  54  98  77  60  11  84  30
   72  11  32  35  27  96  34  36  86  22  18  89
   75  38  87  18  46  63  74  91  48  72  24  98
   18  95  87  34  44  61  91  49  88  96  36  63
  106  36  50  22  73  85  24  33  69   6  20  30
  112  52  49  44  99  45  52  57  84  93  19  12
   87  38  56  52
   36  32 109  56  33  46  84  91  63  96  57  41
   15  48  87  24  36  58  85  37  88  85  26  63
   91  82 107  84  63  29 103  94  87  93  30  19
   17  61  77  35  40  49 103  17  45  14 110  60
   74  61 107  96  28  88 101  54 107  58  52 100
   46  36  37  77  28  37  64  26  34  48  30  61
   27  55 106  94  23   8  67  62  49  66   9  62
   31  99  93  65  93  81  67  32  51  58  57 104
   45  99  33  45
   44  24  71   8  10  34  75  39 103  56  55  53
   38  37 109  52  40  78  46  40 107  45  78 100
   74  14  47  24  34  54  62 111  23  22  67  84
  108  51  32  30  42 104  28  79  39  41  29  73
   77  42 106  30  88  35  52  45  56  95  64  12
   84  93  82   9  17  81  85  19  78  53 100  12
  104  81  17  48  27  85  30  52  96  60 102  99
   21  47  39  93  64  87 102  86  94  34  88  49
   65  46  18  60
   43  66  43 105  43  86  53  95  50  69  83  90
   58  92  49 100  63  87  20 114  86  91  14  81
   58  22  15 101  66  38  40  48  49  94  20 102
  112  91  62  94  63  50  28  28  79  27  46  55
   21  88  69   4  28 103  38  44  45  43  48  56
  100  53  78  59  48  14  39  38  44  24 104  91
   44  52  44  29  95 116  20  71  18  53  82  70
   63  56  84  71  68  98  93  35  26  61  88  47
   34  78  52  76
   92  55  48  81  51  46  60  84  66  35  94  62
   52  35  64  47  76  58  78  22  53  32  54  16
   27  39  78  91 103  48  16  89  20  74  20  46
   72  89  48  79  58  56  28  61  38  92  57  71
  110  35 104  51  47  28  43  91  17  83  43  11
   23  93  77  85  62  77  42  26  52  33  75  53
   60  75  93  33  54  38 110  72  87  21  58  32
   81  50 109  25  66  15  17  70  63  13  12  48
  109  91  95  85
    4  63  55  66   7  71   4  93  65  60  98  80
   20   9  38  38  93  23   3   9  19  22  85  59
   95   6  62  81  83  74  63  96  11  10  41  84
   21  64  68  30  19  89  82  27  53  39  11   5
   99  73  73  32  61  21  18  75  68  96  76  33
   93  50  93  60  57  44  24  82  39  28  44  11
   75  10  73  76  60  88  63  83  20  65  26  91
   89  70  83  39  55  43   5  28  89   5  90  45
   52  34   4  77
   13  58  98  80  45  55  76  78  37  36  58  67
   46  26  52  50  35  63  95  75  64  75  17  91
   27  28  11  10  64  86  95  52  92  90   1   1
   88  84  68  23  41   8  88  98  38  82  70  10
   90   9  75  32  55  93  91  76  65  40  98  31
   29   7  91  47   4  72   9  11   7  23  37  68
   75  70  50  17  23  55  34  44  18  17  63  36
   32  89  88  19  75  15  92  65  67  14  71  32
   64  36   9  49
   48  95  83  76  37  46  63  67  14  50  44  45
   96 100  92  95  22  66  53  46  65  77  85  87
   46  91  91  38  72  64  82  48   6  21  24  15
   13  43  28   1  89  90   4  43   3  41  57  28
   54  93  44  18   8   4  55  29  77   3  57  18
   28  68  64  91  77  99  46  91  52  58  67  74
   93  32  63  38  62  87  27   1  31  65  37  11
   17  77  86  66  62  63  49  34  80  83  36  57
    2  69  86  24
   21  16  69  90  32  62  54  16  18  61  51  19
   93  38  36  83  37  97  89  20  17  45  59  18
   10  46  92  58  98  11  68  62  80  25  69  48
   75  86  22  75  65  80  37  27  43  60   1  37
   24  61  29  89  80  14  30  14  50  72  23  89
   97  54   9  93  63  78  79   3  83   5  53  76
   22  78  96  49  80  56  61  32  48  40  67  82
   54  81  73  17  61  92  60  38  94  15  64  54
   27  89   6  46
   37  22  31  40  69  53  51   1  81  51  35  28
   20  89  10  65  59  17  32  22  89  83  83  74
    5  92  25  36  93  89  27  35  32  35  14  82
   63  89  16  67  76  49  83  55  65  61  60  39
   85  63  48  15  76  63  88  15  79  20  68  97
   22  29  91  13  75  76  22  32  83  71  27  83
   65  14  44  67  61   7  88  91  68  73  26  14
    2  86  35  14  38  82  75  98  87  40  86  51
   32  17  43  33
   32  97  81  53  10  62  27  54  37  15  77  35
   92  25  30  39  74  90  42  45  28  49  56  82
   60  81  76   6  16  95  53  45  91  52  51  10
    7  14  33  62  65  74  51  44  39  67  71  56
   23  85  27  86  76  30  19  99 100  16  65  50
   72  43  21  58  89  75  61   6  34  29  54  83
   17   5  17  56  10  78  78  70  30  82  45  75
   79  86  92  80   2   7  80  16  66  65   9  27
   40  26  16  67
   53   7  60  95  76  33  19  78  69  94  52  87
   94   9   6  67   7  53  69  55  72  31   2  73
    3   6  74  44  87  25  73  83  78  26  12  86
   34  49  85  57  44  50  49  99  63  49  16  27
   74  86  78  92  91  36  45  13  49  50  84  83
   67  72  97  49  50   4  70  36   3  63  57  19
   24  10  45   2  65  77  32  12   7  99  82  78
   38  60  93  82   9  50  32  77  30  74  71  30
   71  79  97  12
   67  64  69  36   2  65  11  35  23  77  36  57
   79  70  13   9  35  31   1   9  39  78  75  39
   39  71  11   8  87  40  92  99  20  99  54  76
   38  80  15   7  82  32  14   1  36  39   8   4
   29  10  38  47  94  61  30   6  49  77  26  45
   39  58  23  21  27  28  17  27  70  32  11  18
   55  97   3  37  38  56  12  64  68  37  44   1
   27  20  69  29  79  38   7  51  51  45  87  42
   38  23   3  26
   91  41  78   4  66  34   9  34  90  60  23  25
   27   1  96  63  56  70  25  57  78   4  74  70
   70  48  72  51  38  26  89  20  15  69  14  55
   47  97  43  70  31  33  28   2  15  25  80   8
   53  89  55   2  26  21  61   6  94  86  85  63
   18  63  82  90   3  28  24   7   9  55  62  19
   73  42  96   4  96   5  91  69  30  67  44  26
   20   7  49  52  59  41  56   3  74  51  69  19
   20  13  80  97
   58  89  60  60  26  61  55  41  76  36  56  52
   67  55  12  33  43  67  81  25  25  64  41  70
   48  88  55  66  14  38  23  42  57  84  98  90
   99  46  11  11  90  99  79   2  90  97  37  58
   24  77  77  15  38   7  27  85  93  70  54  39
   46  37  30  75  14   9  39  23   5  97  61  27
   11  28  28  65  21   7  56  39  70  65  92  85
   77  15  37  65  90  14   5  59  88  92  89  33
   55  40  71  12
    8  12   3  65  95  34  99  56  94  50  68  82
   37  66  85  91  99  27  82  86  24  15  74  51
    9  21  10  25  45  69   7  47  61  26  17  18
   48  86  72  99  48  62  42   7  63  63  70  95
   68   1  25  19  91   9  16  52  43  96  11  43
   53  43  26   8   2  40   4  19 100  96  55  10
   19  13  89  37  92  28  97  27  27  64  20  54
   31  56  56  66  80  97  59  17  62  97  65   6
   88  65  93   3
    5  86  69  79  95  84  92  39  88  73  51   3
   53   3  11   6  32  86  74  80  70  36  30  37
   24  95  88  97 100  31  35  64  94   6  45  90
   76  24  79  23  91  35  12  92  39   9   7  23
   67  65  97  28  80  64  81  76  72  50  89  79
   94  43  36  95  68  85  10   6  48  24  24  42
   52  43  70  35  58  29  95  53  89  71  59  12
   82  99  77  16  64  47  22  10  27  39  66  14
   38   5  63   5
    8  47  40  23  41  83  98  22  23  24  25  81
   37  62  42  83  52  91  94   2  66   3   5  78
    7  30  91  23  53  46  55   3  28  66  71  84
    9  77  84  70  80  46  59  19  19  10  83  64
    8  26  58  54  76  74  91  94  62  74  24  32
   90  34  96  71  80  82   3  37  47  99  11  94
   34  94  31  37  36  61  93  47  38  42  99  40
   47  37  49   8  25  97  73  58  16  27  83  73
   70  39  81  87
   53  13  48  85  21   4  43  88  20  56  93  56
   32  65  48  33  43  36  36   6  49   3  36  54
   26  28  84  11  20  81  53  39  72  49  79   7
   22  66  82  72  24  19  53  72   8  17  50   1
   17  81  89  87  64  43  52  70  38  97  11  46
   82  22  88  22   8  88  62  33  38  81  11  52
   62  55  23  65  87  41  82  32  61  44  18  96
   74  20  54  91  95  92  49  78  52   3  47  70
   19  25  37  92
   62  53  15   2  56  65  65  69  58  28  69  94
   17  22  52  40  25  58  51  40  83  91  19  61
   65  65  86 100  85  22  29  82   8  50  85  68
   99  27  71  24  80  12  43  74  48  54  44  87
   49  75   4   8  71  74   2  87  18  36  89  46
   56  76  64  85  87  11  92   5  32  77  87  45
   83   6  24  91  24  51  98  89  43  97  31  75
   73  55  92  86  63  24  76  70  17  86  89  30
   13  86  75  34
   87  74  42  67  21  54  57  92   3   7  98  74
   87  84   3  41  54  59  82  18   5  54   5  37
   81  14  44  82  41  35  86  85  66  26  76  97
   64  24  84  53   8  35  86  59  84  30  27  17
   17  45  74   9  96  42  18  74  18  64  30  78
   40  44  42  23  68   7  44  94  79   5  77  93
   88  58  21  47  80  17  24  49  98   8  17  21
   15  14  35  50  78  30  81  90  67  35  77  79
   31  44  19  71
   94   9  54  74  92  87  75   3  62  57  53  83
   14  94  85  61  94  74  22  38  45  97  30 100
   48  37  88  97  21  86  70  61 100  86   1  78
   53  20  51  39  81  64  47  49  42  66  60  36
   59  56  55  44  44  49  60  31  95  51  47  83
   11  21  69  51  60  10  56  12  79  28  12  74
    8  47   9  42  39   8  33  24  20  29  67  22
   45  86  71  91   5  74  39  98   9  91  98  63
   67  83  38  16
   66   1  37  65  61  94  82   6  54  91  93  42
   54  10  37  58  75  38  98  38  52  27  65  96
   28  29  44  11  66  50  16  19  12  93  44  14
   42  54  37  96  29  52  91  21  67  58  94  84
   84  13  35  11  80  62  96  75  15  47  64   9
    1  46  42  39  12  16   5   4  63  34  70   4
   74  68  32  11  73  15  29  13  59  89  93  12
   67  35  54  42  58  28  41  48  90  45  60  71
   76  69  85  82
   82   8  60  56  89  78  49  62  76  37  69  46
   14  30  63  82  88  97  29  66  10  39  18  66
   87  15  93  61  31  68  36  48  72  12  97  98
   46  40   3  71  37  33  88  25  32  12  83  62
   82  82  26  47  16  72   3  13  99  66  38  20
   94  46  82  71  13  58  47  44   4   5  43  52
   86  70  47  85  58   2  72  57  90  39  57  96
   49  13  53   8  36  22  26  56   8  88  49  85
   62  12   4  23
   14  97  34  89  44  79  77  45  83  29  24  92
   78  82  30  81  26  14  41  30  57  76  65  37
   63  89  49  18  26  24  87  82   6  19  22  99
   61   5  32  40  39  38  74  47  13  43   5  27
   19  61  97  21  54  95  25  37  86  58   9  98
   53   7  84   5  86  81  20  55  49  21  13  19
    9  69   9  19  46  62  65   6  28  99  11  82
   16  78  14  71  72  16  19  73  16  33  57   8
   92   7  97  95
   19  49  26  81  55  56  46  69  91   4  58   8
   58  88  83  33 100  28  33  89  60  65  25   9
   67  45  54  90  99  54  16  33  47  94  32  88
   42  94  84  81  84  21  85  78  25  94  93  30
   40  79  24  90  58  40  39  26  69  45  80  19
   86   9  23  78  73  41  14  66  24  10  80  51
    5  77  67  92  38  23  78  74  41 100  98  86
    4  58  65  72  17  58  59  45  23  27  93  91
   22  76  54  59
   70  87   3  64  75  62  35  28  48  17  45  68
   90  60  26  89  70  52  21  70  16  17  94  43
   20  29   4  25  45  73   4   9  17  24  79  92
   92  49  32  79  71  71   9  91  58  97   1  58
   41  54  11  14  85  27   6  52  12  56  53   2
   56  77  67  33  87  67  55  91  76  67  90  55
   86  64   7  11  88  95  37  45  61  45  93  49
   89  15  12  42  18  30  46  83  63  59  61  12
   59  21  86  65
   62  87  40  99  95  70  32  74  11  53  58  55
   70  80   9  67  63  41  57  69  10  61  25  17
   40  96  61  84  86  64  53   3  97  80  43  28
    6  51  84  88  63   4  84  34  73  75  78  40
   36  69   2  72  29  82  66  74  49  23  41  94
   36  18  28 100  93  24  29  93  39  54  19  90
    4  21  86  71  84  21  77  54  11  46   8  20
   96  59  71  24  52  18   2  22  26  77  30  61
   47  59  91  51
   63  48  64  15  74  16  58  24  61  42  36  25
   57  16  53   3  47  33  86   5  25  28  96  26
   53  88  94   2  46  76  72  58  53  22  98  18
    1  14  50  10  51  69  77  81  28  78  73  49
   90  32  47  98  84  15  65  73  67  75  69  51
   20  57  36  51  60  97  69  72  60  80  14  17
   74  55  68  73   7   4  82  37  92  56  30  36
   47  64  30  32  45   7  16  72  80  50  17  64
   86  34  59  41
   28  64  69  26  55  62  45  26  52  71  17  40
   63  76  43  56  43  55  42  80  52  82  55  93
   89  78  31  22  13  67  97  16  91  46  99  65
   33  26  65  31  46  60  84  46  66  10  58  41
    6  67   4  60  69  86  70  25  86  36  68  97
   97  25  35  26  53  34  68  92  63  75  40  63
   52  27  15  78  57  74   3  41  22  83  46  70
   34  59   4  82  50  96  94  41  56  91  90  67
   10  14  17  25
    164   160   167   173   168   163   166   125   150   159   160   169
    169   164   179   162   172   152   160   153   179   162   170   163
    167
