 25 100
  110  96  36  95  65  21  76  30  13  71  39 109
   85  16  48 103  89 114 101  29  87  44  40  43
   19 108  34  90  69  17  42  69  17  60  11  15
   97  84  50  88  10 102   9 114  64  99  20  38
   97  89  74  50  28  98  38  86 109  63  38  99
   59  95  43  19  41  26  64  40  67  48  43 109
   50   6  20  55  58  81  51  17  94  60 118  97
   25  58  64  16 101  15  29  33  53  97  32  66
   63  87  80  94
   12  41  88  33  92  21  53  13  65  71  61  25
   59  24  42 100  84  12  17  35 110  74  56 102
   88  87  39  47  28  81  80  56  65  65  37  24
   19  22  69  83  10  44  16  23  69  41  80  68
   47  41  96  21  26  75  55  37  20  99  70  26
  103  31  72  96  20  78  46  62  74  79  40  14
   79  31  82  65  78  74  74  58  82  77  26  99
   87  64   4  63  48  56  64  45  48  75  96  30
   68  51  79  74
   29  49  78  30  10  53  18 114  62  49  43  26
   94  23  25  45  93 105  53  46 100 111  29  75
   18  52  88  72  14 104  41  56  51  74  86  23
   23 103  29  88  53  82  85  60  88 112  52  94
   23  77  44 106  77  48  71  21  64  24  33  59
   56 101  59  46  70   9  96  83  14  78  61  19
   49  82  56  53  41  67  45  95  63  74 101  66
   57  41  17  44 102  70  85  62  16  88  45 108
   93  55  74  30
   34  49  47  95   7  44  42  88  38  40 102   8
   77  14  75  22  23  82  50  24  43  53  76  40
   33  47  19  48  41  85  87  82  17  91  69  67
   90  88  53  80  15 101  61  58  97  65  91 100
   17  25  79  85  62 110  32 108 115  14  53  20
   58  27  44  60  77  68  49  66  38  48  93 111
   94  20 101  94  60  66  77  50  32 113  70  87
   89   8  72  33  34  27  35  44  53  61 100  91
   63  71  78  74
   22  18  33  54  56 104  86  44  82  98  54   8
   17  61  60  30  87  18  37  44  58  11 110 108
   67  75  16  92  25  39  25  87  61  40  60  58
   22  59  77  32  82  22 105 105  87  15  37  37
   51  22  27  44  70  98  90  86  76  88  12  62
   13  19  79  57  95  68  68  91  64  64  44 103
   19  25  72  33  85  53  66  32 104  55  93  97
   33  69  64  63  35  78  54  87  49 117  16 113
  105  22  50  11
   83  68  58  33  89  83  18  15  76 103  42  78
   70  78  78  36  88   5  61  35  47 107  50  35
   40  25  54  48  64  88 108  20 107  30  75 106
   61  94  56 104  82   7  46  46  19  69  26 108
   39  49 103  55 105  44  13  50  99  16 100  74
   32  21  69 101  66  35  83  17  25  58 102  60
   57 102  43 101  99  73  96  88  92  30  84  51
   25  84  13  81  18  25  63  76  36 109  38  17
   50  73  31  73
   74  47  65   9  88  81  80  94 106  41  82 112
   51  95  89  15  28  84  88 107  94  96  75  32
  101  99  87  25  41 103  23  47  78  41  71  31
   26  99  45  68  83  48  14  62  50  21  77  20
   64  70  61 106  48  75  34  31  99  91 117  27
   93  34 106  88  49  30  40  44  37  20  58  84
   38  59 106  39  59  32  11  41  59  48  54 102
   72  95 102  20  30  29  84  54  69  56  93  53
   42  37  27  29
   42  22  27  40  20  93  65  78  97  88  42  56
   12  49 112  45  45 102  47  66  87  23  98  83
   82 117  12 113  65  49  59  92  67 102  85  65
   57  98  59  22 110  29  28  30  70  99   6  81
   66  27  45  21  82  14  73 101  90  83  68  36
   82  78  54  93  63  94  41  74  92  46  92  56
   89  95  79  34  18  69  96  24  21  51  38 116
   30  70  59 103  62  80  45  25  99  46  50  50
   92  20  52  69
  110  45 101  33  38  18  77 119  52  31  17  69
   91  42  90  52  22  42  95  52  82  90  68  92
   20 108 103  63  47  33  85  31 100  80  38  44
   28  20  89  79  17  95 100 100  36  88 107 108
    6  35  92 103  97  37  84  90  48  38  26 113
   70  91  87  40  83  35  89  40  53  25  76  59
   10  67  61  96  77  73  44  36  13   9 112  49
   44  36  21 114  94  67 114  11  11  24  52  77
  107  81  73  46
   91  69 113  64  75  28  67  73 104  11 102  45
  101  99  93  79 106  63  38  59  62  32 100 119
   33  48  69  21 102  28 104  63  57  46  29  39
   36  68  43 114  23  72  58  48 108  91  37  62
   23  36  24  89  53  21  74  96  31  41  30  68
   28  48  62  69  28  84  93  32  15  38  81  53
   82  21  12  25  79  43  96  88  94  62  45  23
   76  53  37  38  66  37  24  39  27  22  68  98
   76  47  92  35
   90  85  55 102  87 108  96  86  62  47  89  44
   44  90  66   9  80  97  47  91  38  58  21  74
   67  43 116 103  79  22  46  71  32  27  77  20
   90  96  91  98  50  40  28 109 100  85  57  91
   50  72  32  82  94  44  89  16  37  41  57  30
   16  85  95  16 104 105  25  62  87  16  33   4
   41  51  83  83  88  29  96  85  22  30   8  84
   95  37  44  47  80  25  27  96  76  73  84  72
  112  35  30 100
   69  76  29  46  79  25 107  60  27  67  66  31
   19  64  87  86  88  35  68  68  47  49  68  23
   91  59  56  30  51  67  68  61  37  52  28  79
   70   9  26 107  95  15  69  61  49  79  30  28
  103  26  67  21  33  46  62  66  38  45  33  97
   54  82   8  46  35  49  12  70  35  81  96  59
   92  85  29  61  41  26  26  40  81  95  23  88
   40  96  32  58  98  39  26  62  36  28  75  74
   74  35 110  59
   89  85  93 103  24  33  59  22 106  13  99 107
  113  31  53  16  76  61  39  57  25 109 100  37
   58  58  71 105  27  54 108  26  53  56  69  36
   14  61  95  84  61  32  30  57  99  82  31  50
   57  51  54  91 107  86  39  30  66 104  24  72
   32  30  88 104   5  51  15  87  38  48  43  65
   35  76  43  43 105  45  58  30  28  71  65  67
   43  14  81  23  47  15  89  56  39  89  72  16
   82  14  48  85
   42  13  51  32  20  43  23  81  97  35  79  34
  104  28  95  19  78  78 115  94  24  26  36  34
   51  55  27  43  62  23  48  57  65  77  26 101
  108  89  16  49  54  90  76  60 110  38   6  74
   20  28  45  51  50  12  95  78  95  47  39  29
   17  39 104 105  40  66  55  42  47  67  95  90
   92  95  72  81  95  20   3  55 108  99  61  84
   67  16  43  12  68  94  97  37  71  38  11  61
   98  89  58  85
   31  42  49  59   9  42  28  92  65  79  51  85
   64  80  96  88  91 108  58  75  13  30  74  66
   89  74  99  95  34  54  26  97  75  33  31  74
   36  59  97  95  59  56 111  83  52 102  55  48
   25  82  28  80  34  50  99  65  80  68  34  81
   64  49  48 102  34  24  49  83  47  65  36  68
   36  90  91  20  20  69  74  56  76  47 102  55
   53  46  59  69  33 101  56  69  37  65  66  73
   75  99  39 100
   21  31  78 110  93  64  82  44  27 110  27  98
   92  23  86 105  95   7  67  26  45  12  14 108
   67  71  41 104 101  52  46  62  31  34  72  64
   41  29  69  45  46  30  53  67  37  97  46  79
   86  65  96  90  99  70  52  39  90 100  86  37
   93  35 102  43  92  34  22  99  17  77  56  64
   45 112  43  88  57  63  65  38  97  82  31  38
   57 100  57  67  64  63  29  73  17  67 103  23
   89  56  35  69
  110  16  91  74  45   3  84  27 105  90 103  34
  116  88  29  30   9 116  56  39  64  78  81 117
   94  53  42  53  26  33  43 103  40  78  71  94
   10 109  53  41  85  92  78 106  56 101  42  41
   63  58  69  63  84  80  40  56  69  52  39  60
   14  20  86  81  34  63  90  61 108  91  87 101
  109  62  70  93  74 102  80 111  28  32  70  56
   27  36  40  45  64  26  23  16  79 103  64  79
   17  28  28  91
   81 119  82  61  90  67  73  34  38  96  24  47
   62  36  68  67  80  84  14  23  76  27  65  87
   62  74   4  53  62  66  96  59  47  53  42  96
   57  86  52  62  63  52  21 111 102  37  33  92
   37  98 106  45  20  67  92  16  97  62  93   8
   53  19  80  27  95  13  76  65 106  96  98  81
   22  65  94  56  88  98  31  32  85  16  70  19
   46  83  52 108  85  21  81  96 103  30  68  30
   25  38  73  87
  106  26  66  81  54  90  13  46  96  11  77  88
   58  65  41  25  64  18  58   9  60 114  92  55
   16  27  87  55  73  18  88  68  32  85  67  35
   38  59  60  73   8  39  47  83 102  94  81 103
   98 116  95  65  86  55  15  46  62  26 100   9
   29  65 112  92  88 103  59  36  77  38  39  13
   45  26  26  21  97  68   9  79  99  42  61 107
   94  71  20  27  70  71  81 115  35   5  99  12
   59  36  89  32
   63  68  78  15 101  69  68  68  80  22  63  83
  100  51  53  45  78  20  53  96  95  90  35 107
   66  16  70 105  45 103  17  79   5 101  94  82
   83  63  56  54  70  21  46  78  33 100  39 106
   85  80  39  64  86  69  91 100  45  86  55  32
   63  14  56 102 107  54  33  33  68  20 107  47
  101 111 113  11  55  37  48  66  37  51  85 109
   47  45  44  51  82 104 114  11  51  74  47  54
   68  86  51  86
   13   8  46  77  56  63  25  43  27  27  43 102
   10  22  72  88  47  66  93  90 101  76  69  66
   22  73  57 103 103  86  12  98  20  48  35  62
   84 104  72  15  68  28  46 104  32  84  84  92
   20  97  48  49  71  90  56  10  62  40  70  75
   50  54  68  43 111  94  71  31   8  69  82  63
   92  20  51  74  50  33  79  94  57  99  73  62
  108  97  21  55 111  95  87  10  16  71  20  37
   33  33  92  22
   42  41  43  95  99 111  25   6  93  89  17  83
   50  79 101 104  81 101  14  70  81  94  86  59
   22  33  92  54  41  35  24  60  46  34  24  30
   29  26  94  31  52  93  33  27  75  65  38  83
   94  24  12 103  29  49  55  99  74  30  50  89
   34  53  69  10  97  25  13  96  23  16  49  68
   52  58  34  69  84  71  36  84   8  61  72  33
   94  15  90  59  49  29  49 103  33  44  74  87
   85  31 102 104
   81  80  61  74  55  96  66  50  72  99   7  51
   53 101  74  94  25  18  87  91  90  96  24  71
   39  70  48  51  39  67  57  63  44  99 107  98
   65  12  55  30  42  63 104  47  48  65  17  98
   69  66  68  36  62 108  16  44 102 107  50  63
   73  80  45  36  74  33 107 106  35  60  76  95
   33  15  95  82  30  77  22  33  52  77  28 103
   83  31  19  86  65 112  48  24 100  71  37  50
   58   3  97  31
   46  17  90  98  91  10  91  92  47 107  30  64
   68  92  87   6  65  48 100  76  42  71  12  70
  113  50  76  87  61  89  74  28  40  78  96  81
   66  81  86  10  35  42  71  98  91  98  52  22
  107  94  92  94  46  88  88  88  85  72  62  14
   88 103   5  79  65  65  63 109  88 103 100  32
   87  18  43 100  45  46  40  78  82  27  90  30
   54  65 109  75  69  40  58  24  45  31  81  14
   95  76  63  91
   36  90  22  22  69  91  33  82  36  34  60  61
   92  39  60  21  42  92  50  68  43  56  78  89
   85  47  50  87  52  18 103  94  33  63  89  16
   28  61  39  84  48  53  43  83  27  87 102 101
   17  63   9  98  52  59  93  16  66  97  42  62
   58  25  60  96  52  63  32  87 107  41  55  48
    5  46  94   4 105  40  99  47  28  22  48 103
   93 106  40  36  22  20  93 110  80  61  55  94
   92  53  48 107
    5  18  71  20  46  89  37  81  93  35  70   8
   31  87  65   3  27   4  12  82  33  76  75  63
   83  11  79  20  34  86  67  46  95  43  92  91
    9  25  55  27  94  18  98   6  54   9  93  67
   23  19  36  61  79  10  70  28   2  48  65  19
   59   9  65  93  65  93  46  74  46  71  69   2
   62  97  97  54  51  23  58  97   9  51   2  19
   83  52  47  93  12  95  81  77  53  11  84  38
   56  32  39  23
   98  69  29  70  14  92  62  97  51  34  55  92
   52  96  62  16  27  90  93  72   8  29  57  14
   23  31  65  56  81  33  35  55  44  51  68  95
   85  92  40  23  93  63  87  91  42  73  31  44
   70  71   7  97  91  32  56  67  88   8  41  79
    8  80  37  16  99  30  74  49  34  23  68  93
   31  86  21  50  27  40  29  55  38  42  84  15
   16  54 100  43  70  60  42  75  67  42   9  80
   44  57  36  44
   75  69  42  81  95  65  88   4  55  67  77  89
   19  89  85  72  13   9  54  63  16   4  86  44
   84  51  26  31  92   2  63  56  51  32  27  86
   88   8  86  28  53  29  33  42  27   5  68  17
   87  42  68   5  41  66  48  99  47  86  87  49
   48   6  59  61  41  94  14  24  96  36  50  92
   65  36  46  50  72  42  64   7  42  41  16  44
   62  70  89  64  16  48  25  51  91  23  65  12
   18  57  28  89
   79  62  61  14 100  75  64  26  66  65   3  97
   34  90  27  91  80  29  54  80  71  53  32  70
   77  67  99  67  73  27  32  36  98  20  46  45
   25  24  52  40 100  14  46  58  20  48  13   8
   94  90  32  35  58   8  71   2   3  97  55  83
   58  84  75  42  25  41  53  45  75  68  19   4
   17  99   7  14  46  53  28  53  84   5  36  19
   27  98  41  70  83  78  83  63  59  47  17  20
   41  38  30  37
   90  84  87  54  58   7  31  59  29  17  57  97
   94  46  58  84  33  95  76  70  50  99  10  11
   53  40  94  28  80  73  86  17  58  72  58  53
   98  54  37  80  24  94   2   3  30  91  70  82
   62  86  84  65  33   4  30  23  35  14  98  41
   90  89  31  50   8  48  39  20  46  56  59   5
   87  95  31  84  19  54  37  70   7  47  26  19
   76  33  40  42  79  32  57  32  63   2  93   7
   15  88  58  92
   32  37  56  80  30  20  93  88  38   1  69  33
   48  33  36  66  16  99  54  76  63  12  68  85
   74  82  51  72  45  24   5  91   5  78  42   8
   53  17  51  13  35  96  58  65  99  49  79   3
   78  71   7  59   4  74  96  63  12  92   5  29
   71  90  48  19  52  76  30  98  86  51  13  56
   52  14  74   2   7  43  24  30  12  77  26  60
   82  22  99  25  92  86  48  35  77   9  80  86
   54  40  80  34
   38  69  44  99  27  23  37  18   1  72  38   8
   68  12  17  95  85  28  31   9  23   6  42  84
   15  10  15  95  74   6  91  71  35  62  39  89
   89  21  62  43  21  69  93  49  53  90  32  96
   47  43  56   2  66  31  86  77  18  22   3  78
   14  84  12  23  57  79  72  67  83  93  46  19
   69  49  12  75  53  73  95  70  54  58  62   8
   47   7  10  82  89  78  24  52  40  47  26  59
   73  80  75  82
   78  84  92  71  82  18  37  41  23  29  71  55
   99  59   6  73  66  15  57  43  19  83  22  29
   33   3  99   5  54  70  57  17  53   2  17  48
   45  17  52  91   3  73  74  74  47  17  99  35
   50  83  71  90  38  98  37   2  19  28  43  77
   34  27  57  19  56  17  75  37  19  71  26  63
   22  18  28  81  84  33  15  84  87  66  77   3
   87  34  47   2  42  39  64  93  15  68  54  61
   20  86  59  37
   10  62   8  81  72  96  33   1  62  80  89  41
   13  63  25  54  94  61  13  62  23  26  46  11
   83   3   8  49  64  84  28  80  13  24  66  69
   79  98  23  32  86  13  11   3  81  26   7   3
   98  71  13   8   9  83  29  27  66  79  85   6
   38  18  32  64  27  76  29  66  64  84  34  53
   96  41  43  19  37  46  67  71  94  99   5  60
   68  77  92   4  21  39   3  94  94  86  59  34
   11  28  38  64
   12  43   5  46  27  83  36  47  11 100   7  60
    5  13  25  29   2  46  73  60  50  74   4   1
   85  60  50  81   7  91  12  48  51  72  85  67
   71  51  72   5  87  39  53  71   7  18  70  41
   89  79  79  23  55  96  37   7  89  72  81  52
   76  64  49  43  92  24  25  83  91  64  36  52
   29  84  93  87  37  62   7  32  17  45  60  96
   39  63  81  74  40  79  87  79  93  96  45  19
   37  59  27  85
   17  28  60   3  33   3  18  17  43  64  30  59
   67  25  54  97  38  16  71  11  66  62  93  39
   37  73   3  13  27  92  58  32  72  90  35  89
   20  24  12   8  63  66  91   2   6  24  63  11
   62  35  86  32  17  76  20  89  71  72  59  74
   97  33  14  95  15   9  85  51  17  93  82 100
   75  63  33  21  28  86  17  21  93  81  98  21
    8  69  71  55  33  91  91   8  41  39  30  37
    2  71  90  13
   47  42  75  56  26  78   3  51  76  41  50  88
   85  40  31  34  30  75  39  41  62  60  50  95
   14  58  48  83  52  42  43  47  68  53  75  26
   34  93  85  13  14  97  41  48  63  36  88  81
    1  93  39  93  85  72  46  44  81  61  86  23
   57  25  99  69  84  54 100  34  85  28  18  60
   10  35  76  45  70  90  78  64  30  18  84  32
   69  15  75  48  13  72  76  41  68  82  31  34
   42  85   7  52
   20  17  18  11  95  85  55  98  13  93  18   4
    4  87  54  98  43  52  73  50  82   3   9  68
   56  44  38   6  85  61   3  80  58  51  33  68
   88  52  13  33  55  79  90  45  11  31  83  64
   59  66  61  21   2  28  68  83  48   2  79  45
   84  81  25  13  98  58  97  33  65  70  77  41
   73  41  77  69   9  65  46  90  75  38  46  39
   66  97  27  95  61  94  16  57  75  31  48  95
   22  96  61  19
   72  95  68  71  93  62  96  30  23  71  38  78
    3  89  25  88  33  40   4  19  89  80  77  77
   61  58  77  67  45  88  66  53  47  43  92   4
    3  13  86  58  65  27  33  48   2  81  97  44
   99  75  61  55  68  98  12  42  19  69  71  75
   98  63   2   8  78  48  50  76  63  40  14  21
   24  15  45  23  20  93 100  53  12   7  53  31
   38  94  62  94  43  23  22  69  42  76  97  43
    7  18  53  35
   72  66  62  57  96  75  80  16  43  24  60  26
   55  23  10  21  29   3  50  35 100  77  37  43
   22  36  15  18  77  58  83  14  33  70  87  40
   80  43  14  25  50  53   1  35  59   5  59  63
   79  28  91  35  78  65  12  54  30  47  72  29
   39  68  72  18  76  91  70  19  72  51  71  41
   71  12  17 100  82  43  41  58  32  71  14  53
   63  65  59  48  79  10  48  39  71  47  53  40
   44  13  81  13
   88  72  27   5  16  47  38  63  87   8  93   5
   21  96  25  14  12  98  35  84  65  96  90   6
   41  36  65   5  14  66  58  49  74  72  42  50
   65  83  48  64  72  72  54  43  66  17  74  26
   24  43  24  21  20  35  52  72  13  12  20  67
   21  67  16  68  10  74  82  21  93  36  53  41
   65   6  64  25  50  42  51  70  22  28  81  65
   53  20  50  45  40  48  73  47  95  52  16  82
   27  53  85  50
    1  93  22  30  65  99  19  84   2  17  13  73
    2  32  89  78  99   3  59  80  55  36  31   2
    9  53  78  49  88  86  73   3  70  32  46  14
   94   4  52  73  25  14  24  11  52  16  61  71
   45  52  50  57  35  26  72  55  35  51  81  45
   95  92  16  30  86  55  14  44   3  29  24  13
    2  53  50  16  44   7  38   3  75  87  41  48
   91  80  73  67  45  85  82  93  31  12  54  38
   97  91  81  25
   30   1  25  44  25  43  44  74  82  14  94  71
   47  71  42  44  37  19  88  88  41  75  45  27
   49  39  98  58  56  43  18  44  68  57  63   9
   50  19  58  57  48  54  90   5  13  74  81  21
   76   7   9  74  93  39  19  88   9  48  13  95
   50  89  30  84  25  98  35  52   6  13  21  39
   89  45  24  51  18  18  84  81  30  95  36  93
   59  20  50   5  22  89  39  23  17  83  35  81
   94  74  31  21
    5  83  47  32  60  30  98  62  11  92  41  30
   51  53  75  89  40  87  59  99  45   5  19  58
   91  75  31  49  34  90  26  43  82  26  52  71
   81  52  45  31  99  71  68  27   8  16  36  12
   13   2  13  37  31  50  87  72  49  87  11  93
   75  39   8  19  27   8  44  77  38  72  64  96
   59  90  77  90  19  38  99  32  15  69  51   1
   17  36  96  81  41  47  33   3  82 100  16  98
   54  78  31  82
   50  40  24  97  11  37  40  36  26  93  56  25
   11  56  58  66  25  85  59  13  15  19  73   1
   49  89  49  15  59  12  92  32  99  14  16  36
   31  41  53  57  34  89  63  28  78   8  72   4
   29  26  70  47  33  40  15  18  62  25  60  71
   48  89  63  11   3  57  81  80  42  88  13  71
   16   7   5 100  62  75  68  45  82  67  30   8
   59  74  59  65  23  11   4  99  68  45  66  56
   43  19  56  26
   93  99  60  43  56  47  84  68  79  80  77   8
   96  82  43  21  73  48  13  22  13  41  40  40
   88  38  52   4   8  27  96  13 100  57  76  49
   35   8  34  94  45  89  65   7  86  23  18  28
   89  20  72  59  40  14  51  93  53  62  50  28
   64  62  41  59   6   9  45  76  95  39  20  48
   12  82  55  37  66  69  35  18  54  12  46  47
    6  11  96  54   5  10  31  97  97  38  90  71
   69  70  19  88
   66  62  69   7  13   7  83  96  22  29  85  35
   57  27  13  11  23   3  99  32  29  12  17  61
   98  86  23  49  61  73  93  58  57  81  89  87
   90  89  24  73  63   9  82  91  34  50  65  23
   17  87  91  14  78  70  56   4  46  78  65  29
   80  66  34  96  21  94  91  24  79  92  62  36
   66  61  75  40  28  39  70  32  98  54  44  84
   25  94  16  61  71  90  53   1  70  72  41  24
   27  82  14   5
   30  28  54  29  59  20  39  54  46  14  99  58
   49   5  29  22  85  89  22  21  23  18  92  34
   64  40  72  68  63  47  54  52  65  21  12  13
   39  96  65  80  67  55  13  64  71  44  97   6
   42  49  38  82  51  10  91  58   8  10  68  43
   34  29  74  81  46  82   3  11  82  49  39  15
   87 100  17  27  84  35  80  85  50  42  83  15
   23  80  99  21  49   7  56  89  16  42  71  63
   61  99  17  86
   70  86  17  22  12  99  14  16  67  13  77  49
   35  19  31  97  47  64  11  33  72  47  99  42
    5  55  42  18  44  21  43  83  71  28  24  22
   37  25  26  94  73  72  40   6  20   5  60  94
    9  11  18  19  72  27  25  17  31  43  54  92
   27   8  99  37  47  54  51   5  23   4   8  71
   28  90  75   2  75  62  75  28  33  88  12  90
   52  42   2  30  41  77  47  84  65  84  38  88
    7  30  56  15
   75  24  82  90  46  16  81  26  74  74  60  52
   12  72  56  95  69  16  52  43  68  47  42  18
   17  66  65  26  64 100   9  10  76  50  28  89
   88  45  71  30  56  63  75  23  91  15   4   7
   97  55  99  15  59  48  26  90  43  11  63  49
   50  82  43  14  55  52  73  28   5  63  52  61
   97  57  15 100   7  62  12  60  85  82  58   1
   11  10  70  74  93 100  13   6  33  41  64  17
   25  53  57   1
    163   173   167   160   172   162   159   159   151   170   152   172
    170   163   154   158   154   158   163   145   159   172   162   140
    158
