 20 150
   93  92  48  23  54  91  46  32  47  23  82  76
   56  49  85  55  74  51 111  17  35  84  59  47
   20  26  99  75 102  85  33  51  29  28  79  49
  101  16  25 108  82   7  52  25  47  61  67  23
   26  64  32  79 102  46  14  74  56  66  44  22
   16  53  30   4  23  14  56 102  52 106  93  92
   79  31  87  52  98  68  52  99  71 101  13 100
   38  19  18  43  73  83  87  36  39  23  92  65
   51 100  84  26  59  96  55  19  94  90  16  97
   66  20  46  86  88  13  55  61  99  96  76 100
   27  29  97  59  85  60  89  98  67 115  88  19
   78  13  34  34  64  32  23  85 106  30  54  25
   95 111  67  22  43  27
   62  72  91  55  46 102  73  91  90   7  37  53
   90  14 100  80  39  82  39  59  10  37 108  76
   49  34  34  53 106  65  26  74  97  59  39  85
   19  81  30  18 100  63  84  49  40  55  27 110
   50  98  82 104  38  62  94  70  54  46  34 103
   64 103  43 100  60  90 104  98  99  12  45  27
   90 103  35  55  88  80  90  27 104  27  78  38
   87  75  42  42 100  48 111  86  71  45  20  24
   31 100  62  43  52  66  29 105 103  64  98  56
  100  66  98  54  31 104  43  63  58  14  81  76
   51  21  59  90  51  65  33  50  70  28  42 103
   37  47 110  42  81  20  88  22  34  29  84  59
   24  48  86  52  72  32
   84  86  37  32  88  85  37  92  79  48  56  62
   35  85  98  99  56  50  63  47  96  48  80  38
   83  68  35  53  56 116  83  87  79  68  51  33
   90  78  40  14  97  76  76  42  72  97  38  64
   72  61 105  78   9  32  40  28  64  82  88  89
   78  78  23  67  90  80  11  23  58  81  21  39
   44  98  88  93  57 106  75  11  15  46  74  38
   41  83  88  90  97  17  17  18 104  31  75  95
   15  88  78  41  64  28 102   4  32  65  53  56
   83  97  36  56  73  69  92  23  67  71  52  42
   41  38  60  56  28  40  79  73  43 101  56 102
   38  23  30  45  50  62  32  30  63  40 101 100
   25 103  20  51  98 100
   31  51  37  27  20  36  51  98  36   5  74 100
   84  63 102  15  48 107  64  92  25  77  99  79
   57  84 102  38  27  20  74  61  60  23  47  86
   54  76  45 108 110  12  36  36  72  49  55  51
   30  64  70 118  73  48  65  66  34   9  35  20
   64  58  78  41  84  27  90 114  81 116  97  80
   10  71  47  50  56  11  75  35  49  63  11  63
   87  79  37  50  74  20  52  48  53  54  77 104
   53  68  86  48 111  79 105 104  96   9  44  15
   47  31  40  55  19  31   3  39  81 114 115  25
   12 100  20  35  61  51 111  61  94 109  33  97
  114  89  89  39 105  68   8 106  32  94  71 106
   24  72  46 117  22  41
  101  67  36  66  51  58  42  81  83  75  79 108
   66  29  28  64  40  38  62  88  75  39 106  63
  101  78  50  46  87  14  34  37  40  51  12  16
   32  13  68  90  63  37  13  57  79  63 105  81
   98  48  58  44  96  59  22  97  77  26  95  96
   71  50 110  53 105  41  50  64  70  28  88  71
   87  51  43  87  42  96  66  30 111  88  79  95
   30  34  60  90 103 107  99  65  39  59  19  86
   67  22  30  65  16   8  78  61  66 102  30  55
   44  98  88  64  26 100  40  37  65  66  19  97
   89  72  42  10  24  68  40  73  37  20  15  57
   99  57  40  50  31  18  36  34  56  93  72  58
   54  74 105  26  74  81
   48  41  25  49  63 102  50  49 101  51  49 105
   73  62  80 106  79  12  76  25  58  56  49  64
   87  12  88  50 107 101  98  43  41  16 102  76
   20  55  72  18  41  88  76  57  37  65  24 102
   74  87  20  46 113  60  74  64  36 108  65  29
   65  65  52  92  46  46  73  50  77  21  70  66
   57  28  51  70  23  65 109  69  80  44  33  32
   20 114  19  57  79  93 101  67  31  61  73  41
   63  80  25  51  35  91  52  37  68  81  95   9
    7  55 105  67  17  90 118  88  31  12  89  40
   56  99 102  13  64  42  65  35  47 112  43  40
   67  81  83  29  51  60  61  69  22  85  97  41
   56  61  66  33  67 101
   71  62  14  20  66  12  94 106  41  88  63  64
   91  85  24  68  83  59  97  72  77  42 113  31
   68  15  65  42  15  33  63 108  14  68  81  65
   62  15  97  35  52  26  61  74  19  44  68  74
   73  70  28  49  52  67  86  68  79  77  46  89
   31  70  52  32  46  98  88  44  88  51  66  90
   88  61   9  63  44  20  80 111  27  19  65  65
  100 106  62  71   8  50  44 103  67  87  47  41
  100  81  72  49  13  83  38  67  75  55  41 105
   14  19  79  72 115  50  29 110  91 101  38  50
   62  13  57  77  11  28 109  31 100  74  49  72
   41  33  31  77  25  33  57  95  34  22  64  49
  106   3  36  82  30 115
   68  50  33 101  60  80   8  28  73  25  65 101
   86  32  53  59 101  76  76   5  17  46  92  25
  103  45 107  29  97  90  69  79  47  99  30  95
   71  89  98  56  30  24  27  32  91  70  31  89
   18  66  32  63  24  84  65  37  96  22  53  21
  104 100  92  59  55  78  86  53  22  16  22  78
   80  92 101  92  77  41 105 113 106 100  84 111
   83  38  93 115   6  18  65  50  83  24  84  28
  115  69  93  44  56  38  70  60  30  33  62 110
   65  44  96 104  92  32  26  98  37  88  16  12
   97  35 102  64  79  95  96  36  16  88  28  16
   94  56  20  36  84  60  83  41  82  58  14   9
   16  24  11 107 108  34
  102  33 106  85  38  77  59  60  78  90  74  43
   25  11  69  68  92  63  81  96  48 111  70  24
    8  53  84  21 111  56  71  79  16  77  19   9
   15  71  26  86  16  40 102  75  64  71  81  82
   80  62  34  29  33  64  73  36  49  60  80  66
   88  17 105  57 110  75  65  55  43  60 110  80
  107  83  53 106  19  42  95  33  62  24 104  72
   92  28  50 105  38  71 106  20  25  87  77  27
   77 104  96  17  25  22  68 105  58  98  20  52
   56 102  85  70  27  49  51  74  69  48  18  65
   98  88  97  29  23  47  26  39  37  10  90  81
   68  40  57  57  74  49  56  59  22  51  89 103
   78  36 107  85  51   4
   97  71  87 108  27  50  16  38  54  88 116  28
  114  82  84  31  75  12  78  60  80  66 111  39
   78  50  55  32  34  84  94 106  99  25  21  76
   57  90  10  15 111  41  34  91  70  42  67   4
   48  10  24 105  95  87  20 103  27  31  98  49
   63  95  71  12  20  91  64  25  27  89  89  31
   42  22 100  21  75  33  31  93  12  65  10  68
   34  78  93  75  83  64 103  69  44  30  31 101
   87  75  59  92 107  52  97  43  90  79  59  71
   19  76  56  18  79  81  96  87  11 107  94  92
   16  37  33  10  71  92  15  94  15  27  85  52
   30  62  14  68  33  38  91  80  51  22 107  16
   45   8  28  79  34  79
   37  20  69  90  86  61  82  91  70  51  82  43
   96  82  44  21  81  71  44  29  61  94  85 109
   89  34  65  34  30  39  54  83  39  13  99  27
   91  64  64  32 100  44  14  99  66  41  16  69
   85  57  64  87 109 102  24  99  34  54  86  16
   92 111  21  20  66  50  88 105  79  31  12  43
   52  99  53  70  87  92  79  17  77  86  98  64
   34  64  14  82 101  53  55  85  41  27  66  97
   62  32 107  76  54 101  99  90 105  34  78 105
   89  55  29  29  17  79  99  46  94  77  49  29
   15  31  64  33  79 103 104  66  69  93  70  47
   98  92  36 105  67  83  99  91  50  30  39  74
   32  53 101  80  19  61
   37  49 101  39  69  73  48  26  84  17  81  54
   97  26  36 105  65  36  81  95  57  46  64  70
   90  87  64  29  78  81  65  31  31 105  50  81
   95  52  70  83  81  16  41  47  45 110  72  68
  101  38  22  77  63  59  26  37  48  36  58  44
  110  93  91  56  21  37  59 110  28  41  45  26
   41  69  34  89  77  59  89  53  34  99  17  26
   26  21  85  80  47   6  79  55  58 106  40 100
  105  35  17  51  23  33  40  57  40  28 108 109
   93  45  74  50  42  18  14  46  99 101  70  47
   25 108  55 103  58  74  62  67  64  36  33  23
   23  83 105 102  19  88  14  28  92  43  56  22
   64  45  45  62  28  99
   57  76  18  19 101  31  36  63  72  40  47 105
   56  87  84 104  71 105  53  87  62  18 107  36
   70  95  95 109  65  35  84  74 104   4  53  68
   91  29  89  96  47   7  22  45 104  72  44  53
   55 113 117  19  86  50  40  23  78  87  19  90
   83  35  95  74  32  52  76  94  97  10   6  25
   68  29  88  32  27  88  62  43  97  45  27  39
   59  70  59  66  33  33   7  33  28  50  72  95
   82  61  18 105  19  85  51  54  95  46  95  76
  106  88  68 100  83  71  30  35  94  17  95  70
   92  29 110  43  58  20  62 108  73  84 109 104
   36  56  18 106  11  11  55  97  22  31  94 108
   71  67  56  34  57  64
   98  25  92  60  23  65  32  42  21  95  93  87
   78  85  75  69  51 103  92  95  25  58   9 109
   69  86  50 100  75  45  95  72  58  26  94  58
   83  42  31  57 108  53  80  97  38  23 107 103
   77  60  31  51  87  73  17  69  70  57  93  39
   69  66  26  89  18  47 103  67  69  60  55  35
   18  95  63  92  39  59  14 109  35  19  25  93
   56  79  49  99 103  14 102  97  48  35  66  88
  100  52  17  20 105  38  88  68  91 106  81  64
   49  58  48 100  90  60 111  34  82  56  28  91
   76  18  13 109  80  97  54  94  93 101  92  27
   61  80  21  72  78  26  70  43  92  99  30  26
   50  27  29  67  69  67
   50  57  80  46  90 103 113   6  89  58  91  19
  111   7  84  40  30  56  80  42  29  42  31  92
   44  45  45  97  87  99  68  88  27  91  85  39
   94  43  40 109  41  96 103  13 104  34  32  71
   50  57  71  62 112 104  55  40  82  45  38 103
   63  99  66  63  74  45  65  27  99 104  60 116
  101  93  69  37  54  17  46  75  89  47  59  77
   18  23  68 103  82  93  28  18  94  91  24  64
   90  92  84 108  45  60  44  51  91  64  53  34
   57  64  73  35  66  37  16  30  63  12  19  43
   96  37  97  87  97  25 106  30  94  28 114  72
   47  43  75  93  29  98  44  46  71  73  23  56
   97  20  24  63  82  65
  100  55  16  76  33  55  75  69  75  57  92 107
  103  36  82  29  86  34  84  71  46  86  88 100
   41  42  62 102  89  51  44  26  73 100  37 105
   58  22  15  47  74  88  24  25  26  68 110  88
   82  89  15  44  17  64 103  97  31  10  15  31
   11 104  67  41  22  89  76  95  58  88  15  66
   34  62  65  86 100  90  48  10  93  16  60  39
   50  16  61  83  20  61  72  65  74 103  60  21
   24  72  42  24 108  21 102   4  31  45   4  54
  103  13  38  48  92  97  62  92  21 108  50  76
  100  29  75  25  32  98  68  31  32  38  75  92
   83  52  82 116  54  68 100  62  90   7  86  81
   36  47  24 104 101  75
   52  63  21  46  28  68  51  28  82  43 100  20
   23  89  31  63  83  94  45 101  70  71  19 107
   88  94  57  88  50  97 103  28  35  27  14  41
   83 111  25  51  72  54  36  59  89  32  92  50
   21  75  80  58  25  38  61  29 107  72  27  36
   91  52  63  35  30  81  50  30  80  50  71  74
   35 102 110  76  34  92  16  93  78  73  40  89
   24  76 108  37  66 111  98  44  29  78  97  48
  112  75  35 112  58  15  95  94  43  19  50  32
   90  82  89  75  71  18  90  93  57  15  27  54
   40  27  76 107  34  29  76  32  20  41  74  49
   87  56   5  12  36  54  39  28  35  51  36  93
   75  57  39  71  42  85
   48 106  50  94  22  50  69  61  32  48  44  74
   79  56  42  94  37  86  66  50  41  56 114  73
   45  61  84  53  67  27  89  29  92  51  66  53
   73  20  75  35  36  30  29  73  93  23  85  18
   26  34  95  93  18  62  85  25  31  27  79  16
   14  20 100  93  58  78  14  30  66  34  88  87
   68 107  87 113  94  44  90  96 101  79  44  50
  117  99  39  79  77  26  70  13  31  36  26  76
   43  85  84  94  44  12  40  83 112  19  63  63
   64  38  67  36 111  25  42  70  81  70  66  58
   64  59  86  12 113  10  99  44  72  47 109  34
  103   7  42  31  90 100  73 108  84  78  47  23
   95  62  97  75   9  26
   66  71  64  22 101  80  42  87 107  51  43  54
   54  22  47  40  95  16  97  75  23  82  99  33
   38  71  71  70  92  52  54 105 102 106  65  30
   44  45  94  39  63  63  74 105  32  38  46  57
   75  19  85  40  88  34  43  56  66  76  82  72
   57  19  75  45  39  86  86  34  18  86  69 108
   24  21  63  93 101  28  63  89  94  20   6  49
   75  84  69  93  18 101  49  79  83  83  97  96
   67  74  70  33  19  69  89  74  61  30  39  35
   74  57  60  88  44  23  18  23  74 103  23  65
   19  52  48  91  20  31  42  35  64  23  59  63
   19  63 115  92  87 100  59  68   7  92  61  56
   17  80  50  96  80  94
    9  89  49  39  92 106  28   8  54  53  19  53
  116  59  21 101  85  88  81  96  42  49  51  54
   56 102  88  85  77  42  26  84  46  96  66  86
   27  72  13  66  29  20  28  92  41 108  49  77
   66  37  63  93  32  89  44  58  61 104  90  93
   32 106  76  92  97  27  46  61 113  85   4  98
   58  45 108  44  96  55  63  90  56  71  38  56
   18  69  41   7  77 105  95  67  60 101  16  43
   33   5  49  20  83  48  16  66  76  14  21 101
   32  45  67  13  85  33  24  40 111  31  59  93
   74  32 101  48  73  53  24  90  22  72  33  75
  103   6  31  76  31  68  86 101 113  21  58  38
   23  29  19  37  61  82
   10  18  59  81  64  23  61  70  60  95  33  36
   57  69  31  63  42  68   8  94  68  36  50  65
   89  83  16  42   2  18  72  58  78  83  32  53
    6  98  91  11  24  96  68  94  65  56  41  86
   84  46  81  23   7  57  95  35  57  43  64  84
  100  58  72 100  80  91  54  18  53   7  26  15
   32  82  27  51  15  43  54   3  32   1  99   3
   74  94  92  77  40  22  31  82  63  81  22  44
   57   9  18  91  51  15  58  99  25  20 100  21
   50  95  62  28  25  99  57  50  13  15  34   8
   79  84  10  53  31  55  13   6  52   5  17  92
   40  89  80  80  46  75  81  21  12  81  58  80
    7   8  45  83  63  84
   41  48  17  65  69   1  47  27  28  96  76  59
   17  91  16  31  80  37  65  49  96  67   5  43
   68  82  78  59   6  42  85  40  17  48  66  18
   93  33  86  99   3  50  31  57  65  59  86   8
   55  13  29  11  77  44  17  49  59  58  70  17
   39  13  64  12  51  14  16  17  14  95  68  90
   20  12  81  54  18  24  20  79   8  85  37  75
   21  33  64  77  12  70   2  31  44  61 100  85
   80   9  52  74  64  50  78  10  16  41  16  62
   10  45   4  57  72  16  73  54  62  92  34  39
   60  81  59  12  57  46  78  70  40  91  61   2
   82  57   3  67  27  99  18  92  77  83  23  51
   87  66  25  56  39  86
   28  20  65  75  17  32  82  10  32  71  53  43
   70  18  14   7  63  65  49  68  13  63  35  68
   25  52  70  57  53   1  22  32  32  47  52  77
   18  30  65  99  20  33  42  65  46  16  73  40
   35  56   6  24  94  87  69  88  42  31  24  18
   36  41  90  43  21  35  92  80  58  37  90  69
   67  13  23  10  63   5  40  98  91  73  43  69
   70  35  24  28  22  93  96  89  14  85  42  19
   97  14  41  64  44  82  13  99  79  40  52  55
   27  14  67  62  40  46  18  87  43  35  52  68
   67  68  45  53  89  66  33  40  68  12  54  10
   80  94  86  69  61  45  83  81  41  72  10  11
   83   4  83  55  18  17
   85  59  78  90  99  81  58  16  76 100  38  11
   30  43   9  87  71   5  47  21  92  34   8  32
   58  23  11  79  88  93  28  46  53  85  67  24
   50  41  68   5   2  97  80  66  35  71  57  61
   75  46  41   1  29  61  50  47  75  95  69  97
   48  61  33  73  31  85  16   6  35   3  18  27
   97  38  55  52  61  95  44  73  63  49  92  42
   25  27  82  58  39  96  61  58  54  60  28   2
   66  35  21  61   4  41   6   7  16  94  62  92
   58  89  70  49  84  87 100  67  29   6   1  87
   97   2  82  83  55  66   9  55  10   5  81  14
    5  29  30  66   3  41  98  10  74  26  31  11
   86  34  63   2  88  70
    9  53  73  40  51  61  62  22  22  28  35   5
   50  84  77  54  66  68  47  17  36  64   4  50
    2  42  54  67  15  91  82  70  78  60  92  88
   82  93  44  18  40  71  89  54  26  42  12  35
   17  66  62  75  23  48  97   6  33  76  19   8
   42  61   6  54   1  72  57  45  42  75  29  45
   26  68  68  22  72  23  53  82   3  17  31  14
   73  76  53  15  16  11  17  38  75  50  95  26
   43  84  85  50  99  98  36  45  49  13  89  49
   58  17  21  40  91  12  71  72  53  42  89  18
   20  37  65  98  79  49  69  29  71  85  92  48
   20  55  80  62  75  95  70  79  49  18  31  48
   51  43   1  93  31  37
   63  70  88  56  39  17  57  59   8  58  68   2
   32  49  24   5  28  98  27  86  57  55  71  47
   15  94  21  62  10  11   6  64  62  98   6  35
   84  47  37  88  69  21  44  62  81  49  79   4
   37  19  98  56   2  54  46  49  69   9  39  81
   53  52  58  15  73  57  34  56  43  87  36  46
   58  83  57  50  83  55   6  40  39  61  86  87
   89   6  95  47  32  18   1  46  80  43  36  71
   56  31  83  55  75  22  63  68  35  34  21  99
   99  52  14  50  93  13   2  15  81  95  29  77
   62   6  18  90  51  67  52  68  72   6  66  70
   42  37  31  91  59  57  44  48  91  26  16  68
   62  58  54  75  39   9
   32  47  96  86  36  97  12  13  71  22  46  51
   27  19  95  50  19  49   6  41  29  74   7  77
   46  94  52  66  98  86  56  12  93  40  30  49
   57  96  21  83  67  84  48  29  93  59  42  41
   36  40  80  60  61  46  27  45  38  36  68  14
   79  44  50  75  74  18  17  75  32  55  49  26
   14  44  98  47  71  97  28   4  87  92  49  45
   12   5  57  37  96  53  72   4  36  27  73  64
    4  33  37  70  90  28  76  43  41  56  76  10
   89  89  33  44   3  60  90   2  11   6  77  56
   50  99  45  41  98  90   6  81  12  43  70  39
   62  70  82  40  78  76  62  22  78  88  38  65
   10  99  84  33  87   4
   50  66  84   4  44  32  96  81  45  86  43  11
   30  83  67  49   3  29  34  97  88  67  22  90
   16  69   6  82   5  22  49  39  56  11  88  16
   38  15  19  55  72  85  87  71  26  41  74  31
   93  51  87  53  87  24  41  83  24  95  52  93
   15  16  21  58  49  35  22  52  83  95  92  30
   30  14  17  18  43  71  15   1   8   2  33   8
   24  78  25   1  99 100  46  64  32  81  36  89
    3  38  10  62  54  73  42  53  90  69  56   2
   54  72  12   6  18  80  93  10  72  29  95  91
   14  82  11  46  30  19  20  80  88  17  74  94
   25  46  89  72  28  52  28  68  32  44  88  94
   98  84  93   9   8  74
    5  84  11  18  81  34  48  45  30  30  28  61
   90  99  34  43  26  49  39  13  56   6  46  83
   98  49  21  88   3  55  34  28  91  28  92  96
   96  40  84  30  92  71  11  34  42  43  27  31
   27  58  75  90  87  38  30  67  61  59  27  44
   20  90   5  62   5  32  44  64  66  53   2  30
    4  28  49  13  96  73  12  78  49  87   4  40
   20  87  66   2  68  43   9  87  85  21  39  87
   34  16   9  88  84  91  43  15  55  18  85  64
   48   8  31  49  84  54  64  30  47  68  98  52
   13  18  10  88  94  63  79  72  73  94  27  36
   43  71  50  49  40  58  62  56  86  63  27  14
   26  75   2  27  59 100
   12  34  33   3  89  60  95  80  58  18   3  83
    4  34  36  80  28  96  39  51  37  45   2  66
   27  55  48  79  72  29  26  13  14  80  90  44
   45  24  95  96   2  63  79  24  45  74  51  99
   54  97  81   2  13  24  84   5  92  80  14  62
   45  22  42  98  86  13  51  93  88  20  22  72
   61  97  19  88  45  73  77  18  95  40  94  41
   70  40  13  32  19  51  11  48  70  80  86  14
   17  43  51  12   6  58  11  67  26  32  56  36
   91  43  50  95  36  36  15  28  93   4  21  10
   91  77  72  98  34  14  95  21  89  82  26  60
   83  51  97  43  78  77  27  29  69  94   4  95
   62  95  78  26  71  27
   74  91  45  17  30  45  21  25  45  60  29  59
   19  38  75  94  22  39  60  86  44  20  18   6
   21  77  48  78  78  75  62  22  70  92  13  81
   11  53  38  70  18  68  92   6  45  69  90  46
   25  51  40  29   1   5  81   8  69  56  25  93
   13   5  87  83  43  61  31   8  32  83  99  61
   55  13  58  46  26  17  27 100  31  21  22  47
   74  49  92  22  10  62  55  17  77  90  36  14
   47  77   4  26  48  14  11  30  13  75  30  10
   14  60  88  89  96  28  12  71  21  36  55  76
   97  75  44  78  28  12  12  43  36  21  36  64
   13  25  76   4  45  34  12  28  64  79  80  41
   74  52  14  32  92  42
   75  68  19  72  43  41  69  83  23  94  26  62
   20  87  78  14  55  68  25  23  50  56  56  41
   16  33  50  77  40  29  53  80  75   9  68  30
   25  64  47  23  32  95  71  60  66   2  46  37
   12  68  81  28  54  55  85  73  69  83  47  70
    9  21  27  56  88  73  45   2  76  70  64  90
   79  50  81  16  32  53  15  59  81   4  90  84
   77  98  28  22  61  99  32  56  46  14  78  17
   14  84  97  60  96  81  70  62  64  83   5   2
   15  67  35  52  62  96  99  64  19  10  34  59
   88   5  55  11  50  30  54  35  50  66  75  80
   82  23  13  10  83  18  89  92  15  66  53  89
   52  72  57  42  75  12
   59  36  93  85   9  83  72  42  39  69  61   8
   52  30  18   4  45   9  61  26  45  84  11  75
   47  18  22   2  51  80  25  37   2  99  61  35
   23  91  23  11  58  99  88  70   5  33  59  58
   55   3   2  88  32  59  79  84  24  33  92  14
   28  67  17  31  83  59  41  10  11  93  99  83
   46  86  19  81  85  15  44  66  14  62  86  72
   49  50  56  44  77  76  99  70  90  56  36  25
   22  55  98   1  87  33  69  53  21  70  19  31
   10  20  38  18  37  31  83  69  16  97  11  47
   27  87  10  62  56  87  47   9  35  32   2   1
   72  50  99  13  98  95  56  14  95  88   9   8
   43  51  60  70  48  45
    4  84  26  46  93  50  88  62  88  17  21  30
   26  19  36  35  66  12  16  25  83  62  96   6
   50  32  61  19  30  68  23  38  59  90  14  51
   36  78  72  49  12  57  32  16  73  86   7  10
   33  51  78  59  16  41  87  43  48  47  18  81
   43  42  82  25  88  72  17  36  37  43  61  83
   87   7  49  28  80  51  95   4  79  84  86  16
   62  26  63  21   5  90   9  14  72  79  42  22
    6  65  95  86   6  80  14  51  27   3  31  51
   59  46  65   2  18  47   2  81  32  50  83  24
   30  97  97   2  29  17  61  17  19   7  12  88
   54  26  92  36  41  80  41  73  20   9  75  89
   59  75  83  41  37  51
   70  58  35  62  26   6   7  97  24  53  16  90
    5 100  35  65  83  54  28  69  82  65  87  17
   73  66  74  20  15  12  52  31  85  11  25  78
   25  69  78   3  73  23  14  97   3  80  86  42
   60  55  42  45   3   6  58  75  33  74  76   5
   43  20  43  44  44  62  46  76  11  14  55   4
   13  19  51  74  56  92  74  29  22  58  54  30
   97  80  48   7  22   9  81  88  17  13  85  42
   28  18  30  12  61  44  65  54  21  44  58  77
   45  42  30  78  47  66  91  78  48  92  86  65
   20  76  22  24  16  94  11  81  15  80   6  38
   57  63  40   9  77   4  64  60  49  32  81  46
   17  85  86  46  34  46
   12  51  86  43  84  55  33  36  28  59  20   8
    7  75  37  78  34  82  20  36  63  22  32  18
   66  75  54   2  30  62  73  91  37  19  67   6
   57  92  94  65  36  24  82  78  76  38   9  32
   33  29  99  76  95  49   6  14  76  98  98  86
  100   9  53  61  90  30  37  22  55  23  98  53
   78  44  51  27   4  30  65  93  23  91  53  69
   65  94  57  19  83  51  36  48  39   9  54  90
   96  32  68  90   3  94  16  98  79  66  99  51
   11 100  79  63  27  19  55  13  95   4  59  30
   10  81  40  85  70  11  50  75  78  72  36  10
   23  55  22   1  63  41   3  51  21  96  25  39
   68  61  80   6  11  27
   57  39  86  72  91  40  56  77  25  72  16  95
   88  14  86  50  28  17  72   7  40  45  99  11
   15  12  54  29  66  18  15  79  75  86  97  76
   27   5  88  64  41  59  82  54  22  72  19  65
   82  42  25  58  92  76  46  75  10  35  86  75
   22  62  47  74  77  30  65  81  31  68  45  35
   76   9   3  43  84  21  98  20  41  46  79  21
   85  38  11  82  45   4  18  61  77  31  23  67
    4  36  80   5  47  96  18   8  72  88  69  80
   20  26  18  30  46  95  29  10  60  99  88  50
   62  84  43   4  77  88  33  74  97  72  36  63
   18  56  97  99  70  64  74  82  69  54  68  15
   39  60  64  43  61  26
   63   3  70  19  83  52  47  50  80  56  62  40
   26  57  69  10  77  28  51  55  62  58   5  36
   69  48  30  60  35  89  19  74  27  54  43  52
   39  85  36  77  72  82  88  34  25  88  29  95
   79  76  18  11  93  40  27  87  79  79  35  89
  100  88  10  13  52  40  98  81  54  80  14  32
   34  10  19   2  17  70  23  14  12  41  60  67
    2  14  80  24  27  91  39  97  77  68  79  37
   74  22  25  18  64  97  65  28   2  96  42  54
   38  65  38  73   9  80  65  36  23  39  52  56
   49  44  27  96   2  92  12  60  30  60   7  72
    7  97  76  73  12   6  41   3  24  33  59  86
    7  57  20  29  94  78
   53  49  56  83  18  25  70  23  10  69  69  54
   59  86  65  79  16  89   6  28  87  29  17  85
   75  37  36  37  13  62  53   4   6   6  46  77
   63  61  17  63  43  52  34  12  80  67  66  60
   36  99  20  67  23  86  76  54  51  40  33  39
   62  92  36  73  68  27  22  83  89  22  51   7
   87  82  50  27   8  79  44  14  18  90  96  60
   39  34  50  18  89   6  56  38  19  20  22   6
   46  44  39  81  98  38  28  34  47  89  71  79
   46  54  52  22  67  91  93  84  43   1  92  54
   97  63  63  14  88  74  66  82  44  85  53  52
   97  39   2  24  28   5  52  49  98  22  46  61
   88  31  63  20  37  18
   93  15  63  67  24   9  85  99  54  63  92  56
    1  46  96   7  18  26  35  21  75  67  60  50
   55  13  29  26  32  71  82  35  65  10  44  16
   84  34  96  43  76  82  76  14  74   9  61  37
   44  74  53  20  71  29  67  55  50   7  25  12
   71   5  32  17   8  79  74  47   3  25  99  16
   57  69  10  59  18  56  45  26  64  34  70  62
   98  43  67 100  27   6  20  47  55  10  98  68
   69  97  53  82  27  55  95  39  43  98  91  15
   78  61  44  97  28  78  84  71   6  83  58   9
   34  83  12  54  31  57  80  15  97  38  78  45
    5  98  81  37  82  44  19   5   7  96  58  74
   83  82  95  70  42  22
    308   294   307   297   305   297   310   301   297   311   278   314
    284   277   286   299   318   294   305   303
