 20 125
  101  32  87  32  75  22  89  59  91  85 101  22
   13  19  46  85 103  38  41  79   7 101  35  30
   45  22  82  26  13  28  19  21 108  69  78  57
   60  45  64  25 111  89  16  70  39  39  32   8
   41  27  38  95  50  32  64  46  89 100 111 100
   58  86  32  39  55  33  69  92  98  37 110  18
   46  37  93  53  29  20 106  57 115  26  92  98
   56  65  89  20  45   9  58  69  16  22  96  75
   39  12  91  75  66  31  55  41  72  97  45  88
   96  96  34  16 106  25  69  74  40  37  33  35
    9  34  68  16 118
  101   6  29  33  27  16  94  20  26  93  89  43
   85  20 100  19 108  86  68 100  23  27 106  43
   76  35  25  97  56  65  94  27  82 105  44 114
   27 100  89  80  41  78  74  90  66 110 106  89
   91  92  48  77  22  29  37  72  17  15  65  98
   93 102  83  42 106  53  65  78  98  33  86 107
   94  41  94 106   5  53  38  69  93  57  63  39
   79  19  49  83  68  67  89  73  94  31  56 102
   85  70  48  31  70  12  44  71  31  86  28  44
   30  30  54   9 102  65  72  39  77 117  99  30
   58 110  56  16 105
   10  60  68 102  70  10  86 105  34  24  71  23
   41  96  45  50  39 104  46  83  21  71  81  60
   13  46  78  21  63  87  79  93  27  32  68  32
   88  22  51  87 114  89  23  77  93  52  42  43
   56  63   5  96  43  35  91  21  45  69  87  93
   59  73  87  86  23  35  54  54  69  68  30  45
   12  15  24  42  39  66  53  84  93  63 104  87
   20 111 100  92  53 102  79  80  40  95 110  64
   82 106  98  74  78 104  93  48  25  40  87  43
   41  76  48 101  36  64  61  82  16  59  26  64
   84  45  32  88  70
   29  35  66  29  77  39 100  72  89  88  26  56
   48  19  79  50  97  41  34  84  16  83  67  65
   89  24  56  13  88 102  71  86  71  32  63  65
   88  32  85  85  82  98  56  79  68  24  18  33
   27 116 104  95  88  90  84  58  18  19  12  35
   38 101  27  10  42  73  84  93 114  31  81  75
   14  33  59 111 108  28  90  84  93  47  30  66
   97  81  27  62  58  65  87  53  30  21  34  56
   23  97   6  68  20  95 102 109  68  30  14   8
   15  31  13  90  25  70  41 105  28  96  94  46
  110  86  62  57  48
   45  79  57 108  33  73  60  53  24  85 100  55
   24  41  49  56  69  66  79  85  48 105  75  24
   57  98  65  43  56  65  75  54  58  83  84  22
  101  83  68  91  22 108  23  55  27  71  67  28
   71  31 102  71  97  88  22  19  47  33  81  79
  115  20  19  14  14 102  58  60  37  40  85  99
   42  96  22  57 115 106  18  17  88  96  82  63
   64  87  38  14  98  54  67  95 109  73  37  41
   42  46  99  22  94  86  30  55  40  14 119  55
   25  95  85 105  75  27   4  75  37  52  44 104
   61  28  43  88  27
   82  70  73  49  82  45  80 100 102  42  73  22
   88  34  81  19  89  56 113  98  82  42  74  14
   50 105  88  80  89  17  43  81  88  66  48  51
   72  59  62  38  83  57  96  99  84  53  46  80
   85 103  30  61  96  84  57  80  41  74  42 108
   32 103  17  83  73  65  60  10  29  66  38  45
   95  29  46  47  78  14  71  84  18  32  17  71
   88  47  19  23 106  80  20  61  82  60  37  30
   18  23  40  90  73  61  59  16  25  18  39 107
   91  91  11  36  55 101   8  21  42  11  12  50
   29  99  94  98  44
   68  43  74  22  12  45 108  69  61  44 103  67
   50  76  70  73  86  85  96  28  25  84 109  77
   83  85  34  77  67 106  28  58  53 112 104  21
   49  28  54  67  60  15  34  95  27  44  75  90
   32  42 108  14  38  50  63  40  15  99  43  75
   78 105   7  30  60  28  48  73  93  45  60  33
   36  98  39  93  59  73  58 104  78  10  70  76
   66  69  80  46  83  76  61  85  36  62  86  74
   26  25  33   7  79  14  33  34  47  10  27  29
   66  95  28  65  66  25  26  79  87  56  34  78
   84  66  18  93  17
   82  72 106 109  44   4  56 102  75  30  30  10
   78  88  14  45   6 107  57  82  14  76  45 108
   51  47  46  87 105  94 113  71  73  79  51  77
   93  56  47  38   6  64  46  52  52   7  48 101
   65  14  87  59  23  60  79  49  51  63  84 101
   95  62  45  51 113  23  15  83  67  63  49  12
   73 109 105  25  14  48  91  82  98  92  70  13
   66  65 111  87  46  86 101  22 100 100  13  15
   88  98  85  57  86  41  52 106  96  61  16  76
   18 106  72  74  63 101  78  23  46  88  30  53
   97  53  23 109  41
   90  41  74  57  24  13  34  55  17  63  22 110
   70  62  86  67 103  95  42  34  80 102  71  53
   44  41  65  20  69  25  50  63  36  18  68  98
   37  56  54  69  20 117  52  36  89 100  20  35
   68  99  88  18  24  17  89  23  80  85  73  26
   37  64  93  12  76  46  88  94  39  78  70  40
  112  63  90  40  85  48  42  75 102  34  71  75
   96 101 101  55 115  80  15  66  23  23  24  39
   23  50  76  80  77  98  77  55  40  38 112  96
   22  23 109  62  16  67  88  76  10 112 103  97
   40  65  92  56  53
   45  21  22  59  19  76  50  57  27  55  82  60
   13  38  76  95  40  61  98  42  25 111 107  22
  101  41  13  28  47 109  20  58  63  49  32  54
   84  51  90  41  94  78  65  33  93  37 102  57
   14  31  85  90 111  59  82  48  60  70  76  84
  102 100 102  34  99  85  58  15  90 105  37  28
   79  87  99 105  70  90  28  53  35  58  94  43
   35  20  38  52  44  54  76  85  69  81  57  38
   31  45 109 104 112  72  18  22  40  56  96  64
   37  65  79  49  82  91  50  49  56  28  80  54
   54  81  60  13  85
   29  75  95  57  80  73  66  83  53  12  42  36
   84  89  22  14  19  56  25  49  27  66  94  25
   74  82  40 101  97  17  65  96  86  78  97  29
   31  53  86  55  27  46  35 101  63  15  50  58
   63  15  89  14  95  76  89  76  57  67  43  43
  101  21  19  75  18  25  92  66 108  64  98  23
   86 107  85  85  37  34  24 113  98  39  21 101
   56  74  98  18  24  49  94  81  68  72  23  12
   57  99  66  88  28 115  67  12  27  86  55  10
   21  17 108  36  42  79 104  57  45  47 104  27
   88  51  57  61  91
   12  88  95  67  23  28  49  36  88  82  82  63
   16  89  29   6  78  71  25  67  75  55  24  16
   97  42  75  20  69  84  57  48 101  67 111  61
   90  17  88  84  46  94  45  34  24  50  78  42
   20 111  33 116  61 102  40   6  60  48 103  33
   27 110  16  31  98  47  73  97  93 110  22  20
  106  56  70  71  60  58  53  26  94  21  91  52
   79  90  26  91  94 105  38  56  72  20  56  72
  114  95  27  98  47  81 114  62  68  55  26  78
  101  85  80  98  57  85 101  49  67  11  43  96
   77  88  43  27  61
   75  95  76  68  70  43  42  25 101  46  19  22
   51  91  84  86  53  91  30  46  88  38 105 105
   39  42 104  85  80  53  99 100  32  43  51  41
   66  71  33  25  34  40  39  72  21 112  90  49
   48  92  54  68 111  67  78  42  17  78  93  68
   88  31  74  87  54  48  37  72  78  26  54   9
  112  19  42  91  98  40  32  19  84  52  94  25
   30  53  78 102  33  96  67  74  47  83  39  83
   26  89 106  70  64 103  20  57  22  74  93  90
   67  90  20 104  98  44  85  21  45  28  97  34
   90  91  60  51  58
   32  36  79 109  32 104  59  34  67  30  67 100
   37  99  13  95  60  46  24 100  19  32  98  95
   75  47  91  24  90  39 113  14  21  81  82  93
  104 118 110  50 108  62  67 112  24  57  56  74
   53  85 104  35  86  23  26 118  19  89  15  51
   89 106  16  20  68 101  28  21  76  10  57  78
   71  32  70  29  10  10  49  22  42  74  20  42
   85  95  89  16 101  23  53  30  74  94  31  55
   65  27  38  31  82  25  20  62 108  48  97  45
   48  24  15 114  96  20  90  77  23  16  13  83
   91  57 107  39  58
   29  50  85 118  20  32  96  41  63 116  28  67
  114  99  97  55 106  27  77  88  40  18 100  76
   57  82  22  60  58  70  83  97  38  92  92  57
   25  36  65  28  89 100  16  80 109  85  68  47
   75  65  86  87  94  60  56  29  65  91  60 106
   28  29 110  15  84  76  90  98  22  23  24 101
   64  14  76  91  81  34  84  95  19 105  99  90
   43  94  79  19  77  87  19  31  62  23  63  37
   78  65  40  79  16  73 111  98  61  38  69  16
   20  10 101  16  62  75  73  49  96  66  30 115
   64  19 100  83  68
  103  73 105  14  74  76  73  92 112  31  72  82
   67 107  97  42  98  84  30  85  41  77  73  24
  105  34  83  27  27  35  87  86  58  50  42  80
   97  85  24 110  35  50  67  90  67  64  49  62
   43  40  87 108   8  90  86  60  81  20  82  35
  107  38  21  88  30  33  96 102  20  66 110  65
   32  38  93  51  53  26  43  93  23  56  74  52
   96  97  96  31 103  66  40  26  59  90  92  96
   55  90  71  94  68  62  92  50  29  60  89  83
   33  61  55  48  28  22  13 115  98  45  62  49
   25 101  78  51  91
   25 114  14  80  34  62  36  98  37  14  78  68
   72  40  24  67  42  35  40 111  47  82  13  22
  100  33   8  84  33 104  52  45  39  18  69  31
  109  78  58  14  89  77  61  19  46  64  12  34
   76  76  93  89  53  29  37  63  42  95  34  37
   73  92  53  83  67  15  21  59  94  31 101  60
  106 107  42  28  89  74  13  74  71  46  67  73
  101  79  17  80  58  62  97  57  81  69  22  72
   86  58  58  85  20  89  74  45  65  77  81  17
   61  61  54  23 109  80  68  66  53  23  99  12
   82 102  24  68  34
    3  62  90  55  82  50  34  38  89 102  22  89
   74  17  40  19 109  33  57  39  33  99  69  58
   49  85  83  60  36  89  14 104  76 112  13  71
   20  74  28  62  65 100  84  63  96 117  50  30
   14   7  97  42  71  53 104  97  83  84  39  66
   42  33 101  34  42  41  82 109  65  62  30  60
  101  99  16 102   6  40  89  51  33  19  43  84
  108  60  99  79  99  26  27  54  90  91  47  24
    8  48  73  23  62  94  40  86  42  45  57  57
   10 106  14 100  74  70  92  35  33  41  31  73
    8  94  40  94  86
   63  83  30  22  83  44  87  98  89  66  32  78
   98  79  67  36 103  61  39  28 101  35  19  35
  107  53  26  41  27  85  70  42  99  32  56 102
   90  31  83   9  43  24 105  30  87  69  48  45
   18  98  28  50  42  43  34  88  93  29  77  42
   27  13  73  51 111  89  52  23  94  85  34  95
   67  95  32  48  61 106  39  99  63  24  55 102
   20  48 100 103  59  95  67  28  34  35 101  93
   64 112  52 106  59  46  16  33  79  57  60   8
   64  51  56  90  58  76  53  37  84 107  16  72
   86  16   9  45  32
  105  48  51  39  57  65  24  16 100 111  21  23
   84  71 110  82  62  99   5  15  84 100  54  71
   35  23  42  82  19   5  58  77  78 109   8 111
   62  89  65  79  39  53  63  71  14  24  19  54
   16  18  62 104  87  79  93  17  89  33 102  96
   82  60  20  99  41  65  96  53  48  94  30  99
   72  62  22  18  67  87  47  49  18   8  29  15
   45  47  87 101  63  89  94  25  81  37  71  29
   77  71 108  53  64  99  94  44  65  77  49 115
   31  82  75  57  97  12  20  39  25  47  66  37
   18  94  56  40  45
   12  82  31  78  40  85  14  54  19  26  19  97
   92  90  56  35   8  65  77  32  96  19  70  81
   70  91  38  94  98  84  89  85   3  47  32  56
   43  59  50  91   4  27  97  38  81  63  88  97
   74  81  75  14  67  74  47  56  21  12   8  12
   57  20  71  71  50  73  42  14  10  81   8  99
   72  74  26  53  87  94   8  53   4  77  13  18
   57  47  26  95  60  96  57  48  87  80  20  42
   63  98  21  37  50  88  48  65  36   6  62  31
   21  19  76  87   5  91  48  31  77  72  69  84
  100  82  47  88   1
   13  99  85  71  87  93  21  87  80  24  30  68
   26 100  17  85   3  17  50  13  79  84   4  60
   44  73  91  16  46  49   8  80  34   6  63   6
   90  12  22  32  71  40  40  25  42   9   4  16
   18  18  64  33  95  88  77  47  99  97  42   4
   12  18  33  60  12  53  45  26  16  77  26   1
   13  73  13   8 100  65  75  33  27  62  48  67
   23  92  69  36  45  41  20  43   8  88  59   5
   23  46  63  87  41  95  62  48  82  28  78  68
   79  75  62  93  11  54  32  69  42   1   9  81
   60   9  55  90  14
   97  52  37   7  36  93  16   2  77  84  37  88
   68  11  60  54  80   6  63  22  96  31  30  43
   95  73  36  82  46  25  35   9  88  73  52  76
   24  90  63  19   4  18  88  34  13  56  78  71
   62  49  99  19  73  76  24  91  65  36  17  19
   45  36  22  32  92  76  52  51  46  45  72  73
   97  96  92  60  72  45  52  26  19  50   7  22
   96   3  18  27  66  18  38  35  71  16   3  41
   32  12  11  31  27   7  18  63  85  69  24  66
   71  28  56  16  73  56  59  28  90  60  83  47
   21  67  72  30  49
   74  69  48  83  30  71  10  36  18  32  85  55
   70  98  37  69  10  68  81  30  86  28  36  41
   16  84  48  99  15   9  40  34  41  73  39  42
   31  82  23  26  32  21  48  29  50  79  96  80
   75   3   9  22  30  21  18  55  97  86  95  72
   67  18  81  97  67  29  25  22   2  74  23  44
   91  78  53   5  11  82  18  25  22  73  76  44
   15  27  84  57  45  43  32  54  72  82  79  52
   94   6  97  40  85  13   3  10  38  74  93  97
   95  75  91  21  90  48  76  13  83  15  26  65
    2  20  49  62  72
   58  36  49   7  86  34  42  51  81  25   7  56
   94  72  62  51  35  45  32  20  60   9  28  78
   62   7  44  71  55  54  37  56  62  23  18  88
    4  26  39  13  84  10  79  50  82  40  36  80
   33  88   7  39  22  19  83  93  65  80  34  41
    5  87  92  89  89  12  46  47  68  71  24  10
   70  13  82  48   2   3  93  97  23  15  34  40
   47  15  70  99  18  53  47  22   2  45  75  66
   76  65  19  94  15  33  83  52  74  94   1  63
   86  21  22  12  40  85  98  36  73  56  73   7
   57  84  68  23  83
   23  46  34  55  36  72  28   4  15  63  30  82
   25  79  23  88  29  61   7  17  20  67  29  97
   60   9  27  31  21  88  62  33  17  39  64  62
   45  58  58  65  24  50  12  13  27  58  65  32
   23   8  75  50  14  36  48  32  70  40  78  11
   70   5  87  33  37  45  60  92  75  43  80  67
   12  83  73  60  26  93  38  34  96  81  87  47
   32  68  86  95  11  32  88  47  20  42  71  81
   89  94  77  25  32  55  49  87  81  91  69   6
   27  15  95  74  53  13  97  85  77  93  99  67
   86  15  10  22  73
   48  75  32  83  94  59   4  33  59  59   7  35
   60  33  41  41  26  21  10  76  79  31   2  26
   25  24  85  26  39   5  92  46  57   8   7  81
   57  83  50  38  53  89  72  19  77  75  37  16
   71  67  11  91  72  64  47  72  98  16  77  30
   42  15  98  77  50  86  58  45  17  69  42  80
   69  11  64  25  53  47  53   9  26  97  38  34
   36  46  37  66  20  34  46  18  79  43  25  37
   78  85  85  97  24  91  79  82  56  95  83  74
   38  24  88  42  38  84  90  27  22  51  70  33
   36  53  88  12  98
   38  43   5   4  71  99  55   7  28  87  77  95
   40  28  90  58  98  13  45  25  97  43  59   4
   65  66  57  15   6  14   6  34  33  37  54  25
   14  48  68  80  98  55  69  58  64  97  72  18
   48  89  24  58  88  52  36  57  60  52  30   8
   12  42  67  53   4  94  91  30  45  41  64  99
   35   9   3  90  94  59  17  33   7  26  48  95
   53  51   5  27  56  22   3  89   8  10  98  99
   16   8  33  60  34  69  60   7   7  41  94  35
   98   5  40  45  40  15  35  79  59  32  82  55
   20  65  92   5  62
   13  61  41  54  80  96  71  55  88  55  97   9
   41  40  23  38  13  16  63  77  34   5  34  54
   76  66  40  84  48  91  59  54  71  84  34  10
   78  55  57  44  94   3  56  84  25   5  88  81
   45   4  19  94  86  98  17  79  25  26  37  76
   68  52  11 100  41  59  31  23  76  32  40  63
    1  46  21  77  23  57  78  40  18  85  33  37
   19   3   4  52   5  25  96  53  83  94  93  78
   81  68  41  29  34  11  33  49  69  72   2  21
   95  85   7  47  91  45  17  40  92   4   5  10
   76  49  27  49  54
   66  90  91  61  98  39  69  56  89  54  31  52
   96  69  28  16  71  44  18  61  92   4  11  80
    5  70  98  87  58   8  96  55  44  56  81  49
   34  66  28  66  14  41  44  75  25  74  14  51
   99  82  29  14   2  46  30  65  57  49  42  28
    1  12  16  79   6  30  58  94  25  14  77  78
   29  26  15   8  41  14  86  64  77  55  17  77
   82  88  79  55  67  52  34  28  47  27  60  82
   80  66   2   1   2  38  97  96  64  62  22  52
   75  44  24  60  32  20  61  54  63  83  40  53
   62  35  52  93  28
   75  36  15  54  33  40  48  29  66  99  68  71
   22  17  94  90  88  58  81  55  84  42   8  80
   46  24  65  13  14  88  40  20  22  35   9  76
   82  61  20  54  76  57  81   8  39  90  52  61
   48  88  27  97  12  35  23  44  54  50  69  62
    6  82  94  34  89  94  12  49   6  50   9  92
   26   2  33  32  74  79  83   7  17  78  92  14
   50  44  17  93  88  61  25  24  52  43  84  97
   51  15  46  21  77   5  38  91  89  30  48  92
   99  85  12  75  65  28   2  52  72  68  14  79
   23  56  55  44  26
   95  25  16  39  88  76  63  75  15  24  20  53
   92  14  80  97  26  35  90  46  39  58  87  86
   16  71  35  90  33  18  62  58   7  35   1  48
   20  89  22  20  65  17  75  71  83  59  25  70
   97   1  87   3  52   7  70  98  51  60   8  77
   92   1  98  81  12  60  45  19  13   1  88  91
    9  55  50  42  60  58  62  87  11  90  14  54
   25  12  81  21  26   3  70  50  35  94  48  33
    5  18  89  18  61  29   5  56  38  55  85  35
   15  27  36  14  56  21  13  68  47  91  64  20
   32  15  64  78  50
   39  21  38  37  35  66  69  83  18  74  94  90
   58  11  36  23  54  12  89  64  22  80  12   6
   78  67   4  30  33  60   4   4  72  74  69  61
   50  37  71  93  72  75  74  36  86   3  29  54
   67  11  57  35   6  50  41  68  97  26  11  41
   28  77  29  20  60  70  81  42  24  83  63  98
    3  94  67  28  19  71  71  96  26  55  22  91
   90  49  30   7  85   9  50  29  70  26  72  28
   87  18   9  40  42  14  82  60  93  45  11  27
   43  29  98  10  18  58  21  95  63  89  13  81
   27  28  56  55  47
   73  73  40   2  83  12  54  76  46  75  35  15
   81   6  92  14  50  63  96  11  87  73   8  25
   44  55  23  88  18  66   6  90  98  35  29  11
    2   2   9  57   5  52  44   6  85  61  53  35
   63  23  13  67  32  93  93   2  96  27  97  56
   17  13  98  99  38  12  74  96  34  96  51  38
   40  88  35  81  92  92  53  88  68  36  88  65
   17   9  20  93   4  97  57  72  46  23  81  56
   46  81  80  89  35  77  86  47   8  63  14  70
   57  78  96   4  18  82  26  35  97  98  89  28
   21  46   6  67  59
   75  70  34   1  94  79  15  71  40   4  82  48
    4  16  19  59   5  91  26  20  74  87  14  29
   47  38  87  51  46  37  35   6  73  25  16  54
   91  83  48  90  18  13  92  23   8  27  45  66
   44  38  23  26  22  44  48  90  41  17  42  12
   88  90   7 100  28  44  14   7  89  97  96  12
   53  92  30  15  37  79  24  18  89  11   9  18
   70  23  23  89  41  28  98  76  55  97  54  77
   40  51  75  31  87  47   9   8  44  65  43  95
   91  96   4  87  41  32  33  67  17  48  84   1
   47  93   6  19  45
    8  43  11  98  30  34  33  17   6  76  34  22
   45   6  11  66  14  22  81  34  71  29  30  83
    7  71  36  77  76  68  18  29  45  57  69  32
   18  27  93   4  83  55  45  20  45  49  64  51
   65  79  18   3  96  21  31  52  25  85  32  84
    3  66  83  32  88  69  24   9  83  52   3  53
   71  66  19  60  51  86  59  21  80  55  34  62
    8  16  15  79  13  53  75  80  44  28  24  17
   55  19  43  23  44  53  28  57  87  51  23  34
   81  59  61  68  78  89  96   4  21  57  48  57
   86  16  33  57  17
   88   2  97  32  71  51  81  10  81 100  30  39
   31  62  87  37  67  82  79   2  64  30  98  94
    8  82  95  30  84  16  66  67  68  88  34  89
   10  33  46  96  19  41  52  94  59  51  96  77
   30  35   9  17  57  89  81  54  78  18  68  79
   31  23  64  28  41  90  96  59  10  78  13  51
    1   6  64  84  27  37  98  30  41  71  44  38
   19  31  97  24  50  46  12  56  24  46  85  45
   18  44  46  28  84  24  43  58  39  31  30  94
   47  56  54  83  11  26  47  51  59  88   7  90
   33   2  88  46  73
   99  51  29  50  27  61  72  73  20  13  93  22
   46  96  75  90  10  74  52  66  86  16  50  59
   63  33  25  47  72  24  98   3  36   2  98  42
   94  41  91  56  52   8  26  48   9   3  63  72
  100  95  23  73  36  62  14  20  35  24  74  45
   63  85  10  82  75  69  28   4  45  56  81  58
    8  21  99   7  97  71  28  63  83  85  68  27
    7  47  12  27  20  85  80  53  21  12  61  96
   97  58  47  88  56  12  71  34  66  57  45  53
   93   8 100  16  40  50  18  82  79  75  74  36
   96  22  73  26  25
   54  34  87  81  35  59  32  18  14  45  70  30
   10  32  50  75   1  42  76  89  13  69  96  71
   10  65  85  70  77  26  39  77  15  80  53  10
   18  81  21  96  68  86  13  72  23  48  66  59
   99   5  76  54  63  63  76  21  18  89  34  74
   86  94  30  69   8  21  54  84  17  34  85  17
   35   7  83  63  58   7  77   8  42  84  47  15
   92  62  19  11  50  19  47  75  79  79   3  25
   56   2  64   6  56  65  99  77  39  56  57  98
   39  56  55  21  53  30  64  71  23  13  97  40
   31  99  99  70  79
    4  70  65  70  49  47  93  95  16   6  93  88
   18  48   1  28  49  14  99  99  18  19  57  32
   83  87  61  33  97  97  59  31  38  11  94   8
   48  14  44  39  73  57  57  32  98  88  90  61
   88  93  48   7  21  31  18  92  27  73   7  23
   27  42  83  21  69  45  11  63  67  14  87  21
   38  44  82  97  36  29  72  62  96  99  81  90
   66  60  18   2  48  28  10  94  33  70  45  87
   38  40   9  53  49  15  17  60  51  34  61   3
   71  37  37  48  14  99  90  67  95  73  49  74
   90  19  61  63  58
    274   239   247   253   244   253   255   236   246   254   258   239
    242   262   243   225   259   257   257   265
