 30 100
  104  63  74   8  88  94 116  84  36  68  65  19
   60  86  63 111  98  94  57  18  24  45  40  72
  113  37  35 107  13  82  69  82  62  10  18  39
   47   6  73  62  99  67 112  23 100  61   4  53
   42  53  29  52  58  68  49  80  91  97  36  74
   37  21  50  57  26  45  23  17  47  80  31  57
   85 100  39  56  16  97  42  24  57  90  43  40
   25  23  42  47  51  41  90 103  65  53  41 106
   97  68  99  26
   23  26 100  53  86 112  52  99  72 113  99  99
  106  74  42 103  88  83 100  67  56  20  98 105
   43  42  28  55 103  41  33 100  95  21  35  53
   41  75  85  43  77  64  36  26  40  79  25  29
   79  93  73  97  50  89  85  37  57  83  79  41
   39  37  24 103  67  68 111 104 106  82  57  18
   40 103 110  83  84  63  78   4  81  18  65  61
  110 103 100  50 111  66  53  98  89  26  26  62
  117  64  17  29
   73  43 105  64  51  21  39  76  80  73 106 100
   59  46  68  48  57  15  33  58  94  10 100  47
   72  69  63  46  15  44  96  99  62  99  47 105
   32  78  76 110  14  17  73  95  69  15  67  50
   80  24  90  58  52 100  56  43  39  86  12  87
   29  47  83  32  69 103  40  56  45  96  27  89
  107   8  91  81  30  68  35  20  29  76  19  61
   61  37   6  17  61  43  96  88  76  76  84  56
   80  98   9  90
   14  65  79  94  20 102  44  82  32  27  95  98
   86  35  69  59  20  23  80  21  79  41  24  12
   77 113  24  11  91 107  66  95  22  10  30 100
  107  68  28  37  32  32  72  44  75  37  59  24
   64  71  61  30 103 103  44  81 111  70  23  79
   16 105  75  56  77  91  60  89  59  89  53  46
   54  63  46  37  28  89  67  25  86  11  81  60
   71 100  66  39  20  96  99  85 104  40  99  16
   42  40 109  12
   72  34   7  79  92  97  61  81  81  98  16  78
   90  59  76  33 106  14  80  73  32  68  71  47
   14  30  93  37  17  32  14  61  38  59  33  65
  104  97  70  23  46  40  24  73  70 103  82 108
   49  31  19  22  26  61  64  19  80  14  51 101
  111  66  81 113  74  75  32  54  98  19  31  78
   22  34  33  29  64  45  68  48  13  42  40 104
  109  89 103  16  83  92  92 117 100  74 101  68
   88  56  92  92
   82  46  18  49  44  84 103  52  29  58  70  94
   58  33  65  72  64  86  71  61  72  44  86  23
  111  57  76  24  21  72  17  40  22 101  90  58
   20  70  40  19  98  39  26  49  70  53  54  40
   66  50  21  52  82   9  26  92 107  75 110  36
   94 102 100  75  17  90  19  12  90  86  95 105
   93  32  40  68  40  84  86  40  52 101  42  90
   91  67  63  24  25  97  11  50  97 107  58  83
   78 100  16  92
  102  38  27  67  86  34  82  96 105  41  61  23
   62  58  36  49  17  27  36  25  52  13  60  88
   29  46  38  81  77  95  46  97  72  17  18  99
   25  32  43  34  91  11  83 108  24  68  99  90
   98  53  20  41  43  31  55  55  40  15  88  83
   36 102  49  38   8  33  39  56 102  56  84 100
   35  28  52  18  41  61  15  93  25  79  31  86
   99  56  78  39  32 106  27 101  18  83  55  44
   54  63  71 113
   58  81  33  10 100  58  48 112  59  61 103  79
   48  55  17 100  62  91  31  76  92  89  14  87
   38  19  19  96  82  40  84  42  85  14  63  62
   53  45  60 111  33  86 111 110  37 104  76  58
   21  80  39  26  75  32  86  82  20  32  65 105
   76  60  68  46  75  98  68  82  50  63   9  30
   78  11  35  45  52  77  36  92 104  92  42  24
   90  33 100  39  57  40 103  65 101  54  74  18
   37  36  26  52
   24  56  27  25  57 115 106  21  85  50 103  55
   33  69  37  86 104  25  24  64  29  39  84  54
   12  43 100  66  44  13  97  25  46  97  31  44
   94  48  76 101  17  35  41  19 115  73  89  51
  100  78  39   3  98  61  86  75  92  90  67  56
  100  85  20  83  91  60  90  22  57  47  21  50
   59  90  70 116  45  15  79  68  48  27  68  28
   11   5  56  23 104  25  72  49  16  75  66  97
   69  97 107  82
   28  81  98  56  84  32  84 105  44  33  13  95
   87  84 111 108  68  52  20  64  97  51  63 114
   53  77  13  39  69  84  98  53  72  69  91  86
   35  91  61  19  47  41  49  55  89 100  82  20
   94  73  73  62  35  30  29  68  95  77 103  97
  111  76  34  99  44 109  16  34  48  36  23  47
   86  88  14  93  55 102  95  55  83  74  30  79
   18  24  25 106  81 103  63  15  33  20  91  93
   52  34  33  57
   43  78 101  74  40  23  73  78  88 105  88  69
   64  18  21 103 109  15  38  76  78  32  20  75
   14  54  99  62  70  83  21  42  18  45  92  86
   27  51  22  49  46 102  80  66  54  21  98  35
   73  13  67  40  74  35  34  84  60  31  36  87
   45  15  64  91  12  19  31  40  70  95  65  93
  104  80  45  82  51  86 101  87  81 102  66  35
   66  84  34  73  60  87  55  95   7  14  27  82
   64  94  31  18
   52  48  87  87  93  21 109  19  63  47  52 103
  113  58  39  39  66  59  75  30 114  28 103  40
  100  51  79  15  49   7  87  13  83  32  53  64
   30 100   3  74  67  67  78  20  35  54  97  81
   22  98  98  97  11  54  24  42  64  43  23  22
  107  80  12  84  21 105  17  45  65  93  78  25
   87  40  92  66 111  97  99 108  59  89  27  65
  103  38  99  11  36  35  80  42  85  74  26  62
  112  66  36  59
   91  30  88  13  65  86  45  74  60  43  91  22
   48  97 107  73  24 112  52  88 112  79  93  24
   23  68 102  38  79  48   6  57  57  54  59  88
   55 116  22  12  49  69  50 107  97  73  63  32
   17  49  66  71 106  34  97  51  30  76  69  35
   53   9  38  23  13  81  68  43  17 106  29  47
   97  19  29  94  65  13  81  53  63 108  18  67
   55  19  55  74  53  89  63  34  40  46  67  74
   52  59  39  78
   58  58  44  42  11  42  30  65  43  32  83 105
   57 104 110  35  27 100  51  64 106  93  15  64
   82  35  56  35  76 107  10  97  17  17  76 104
   82  55  83  40  17  82  26  38  87  92  40  16
  104  53  46  24  31 111  62  73  91  44  52  25
  102  72  20  69  39 101  80  48  32 103  93  93
   14  65  33  22  72  18  54  54  28 106  73  56
   89  89  35  15  95  97  24  39  91  57  50  69
    9  19  96  55
  111  32  67  47 114  73  98  28 107  34  88  35
  105  52  66  71  92  67  19  82  81  51  93  45
   61  69  24 100  92  27  76  11 108  59  27  67
   47  53   8  69  67  45  32  58  49  73  59  14
   57  53  38  53  71  83 102  44  74  12  84  12
   37  45  98  71  82  43  61  48  77  87  86  87
   28  26  27 108 107  62  44  11  46  89  67  95
   86  61  45  75  84  73  74  31  50  74  42  15
   37  42  26  34
   52  74  73  35  45  71 100  78 103  57  54  51
   88  22  50  24  51  73 106 101  34  82  84  99
   18  58  72  85 101  88  45  47  92 113  78  56
   22  45  60  17  32  82 105  32  95  35  56  72
   50  83  90  80  68  57  78  50  25 114  35  88
   26  34  25  48  86  51 100  50 100   3  10  38
   27  34  43 109  36  43  72  82  19  36  32  35
   58  54  66  93  15  94  26  61  21  63  41 110
  108  34  57  99
    7  78  19  55  69 107  57  36  45  13  66  43
   61  48 100  79  12  58  76  14  50 110  51  46
   56  87  65  33  51  48  71  33  95  10  30  92
  108  63  49  31  39  78  48  28  21  46  65  22
    5  66  89   4 106  97  16  41  32  19  45  96
   30  41  34  16  42  55  90  44  80  22  41  72
   82   6  78  62  40  22 105  30  28  12  40  74
   90  12  24  81  40  34  37  16 105  78  93  64
   40  26  27  30
   30  96  93  46  93  19  41 102   7  23  92  44
    3  28  10  14  20  67  20  75  59  70  73  19
  100 100  45  92  86  23  33  94  81  92  53 111
   39  72  69  23  75  31  88  93  69  39  86 105
    8  85  87  28  25  80  19  37  28  13  99 110
   92  32  64  58  44  90 100   9  50 104  50  81
   89  76  16  39 119  25  33  85  51  82  51  47
   24  47  99  43  11  80  81  28  38 111  20  97
   43  27 108  92
   39  87 111  91  71  57  79  40  99  14  37  51
   73  40  43 101  35  27 100  33  65 100  26  42
  104  55  90  10  84  31  98  63  45  52 107  17
   84  40  41  33  43  72  39  38  41  49  13  21
   91  20  87  95  66  31  57  40  14  13  29  75
   55  67  20  75  55 108  26  70  60  69  20  97
   82  19  81  24  62  22 110  78  99  69  53  70
   91  60  23  49 109  53  27  34  98 115  29  61
   48  94  98  68
   11  89  22  56  71  88  80  53  47 107  80  82
   79 104 117  75  31  83  39  31  18  32 112  35
   43  28  94  80  90  77  76  70  70  33  14  24
   79  62  91  23  61  45  22  83  43  16  47  25
    8  44  37  16  74  75  76 108  55  75  23  53
   96  34 100  86  69  76  35  26 104  95  58  29
   61  46   8  55  34  37  46  61  18   9 102 105
   88  88  56  64  49  61  76  56  14  20  35 105
   35  69 102  25
   66  28  70  15 103  95  20  72  77  88 102  48
   51  25  11  83  49 103  98  41  89  84 107  64
   39  59  87  93  65  58  75  75  56  92  73  46
   15  23  10  37  81  82 107  83  84  94  90 115
   42  22  46  23  32  98  34  43  95  10  38  62
   50 113  66  39  16  58 107 109  67  28  48  83
   40  27  81  30  70   7   6  94  45  36 103   6
   47  62  73  51  19  30 110  54  79  10  70  42
   28  30  18  32
   95  18  85  26  65 111  64  55  65  70  74 111
   98  56  60  86  43  69  35  50  54  67  73  43
   34  59 103  54  63  28  39  90 104  40  54  97
   79  60  81  65  92  89  85  21  32  31  44  62
   27  61  66  27  44 105  78  43  21  81  10  70
   51  39  26  59  98 106  29  82  77  90 108  46
   79  81  98  75  52  83  80  86  52  72  70  20
   51  71  30  16  57  32  74  18  28  91  65  17
   29  51  81 104
   37  84  44  17  26  88  19  21  16  28  47  81
   21  70  86  31  54  44  47 100  53  69  84 109
   38  85  40  74  70  41  64  75  98  17  43  28
   35  27  67 107  82 101  51  93  65  79  49  91
   75  20  83  64  17  44  45  96  24  94  52  16
   71  71 107  23  77  43  48  94  39  25  19  95
   80  43  45  71  41 103  33  65  70  59 113  59
   76  41  90  79   3  35  68  28  45  17  97  72
   53  69  86  90
   63  30  95  33  23  48  69  39  94  60  26  11
   40   9   8  20  47  55  47  63 109 107  53  77
   18  96  38  52  21  45  69  78  57  32  56  32
   40  44  98  85  31  94  27  15  67  69  36  81
   46  48  48  59  52  25  52  42  97  77  62  42
   38  13  49 105  85  63  84  20  90  45  53  71
   89  31  25 114  24  51  66  51  43  54  73  35
  112  23  66  22  64  66 101  29  88  85  52  28
  113 104  58  54
   86 113  81  75  45  90  30  60  76  19  76  99
   54  20  47  49  37   4  74  44  40  85  34  37
   19 108  88  43  70  85  75  47  22  38  93  81
   36  59  44 100  20  59  29  47  67  49 104  52
   76  39  83  93  91  56 103  56  56  99  91  73
   11  74  97  67  53  98  93  64  80  92  41  15
   39  86  83 112  65  52  89 105  26  22  79 103
   98  23 111  64  61  70  72  51  73  91  78 114
   63  62  49  59
   99  45  93 111  64  94  61  60  63  25  83  47
   51  72  36  49  57 101  43  82  92 101  69  42
   95  79  39  61 102  47 114  64  26  44  23  49
   88  22  59  93  96  73  86   6  97  15  50  73
   84  78  29  69  60  93  64  45 103  25  79  65
   77  18  38  86  32  22  66  35  80  22  45  32
   94  88   7  23  36  45  58  60  59  61  95  23
   91 102  25 102  77  65 107  27  23  25  99  42
   53  35  10 108
   52 103  78  88  80  71  89  18  70  63  17  97
   56  82  26  60  81  62 102  36  34  51  56  19
   81  41  13  87  23  73  95  55  60  97  80 109
   80  43  54  61 106  46  59  78  15  33  28  27
   95  36  70 117  49  61  33  30   7  68 100 108
  107  62  85  61  89  28 106  33  36  52  43  18
   14  52  32  47 109  78  17  37  11  57 108  77
   96  61  75 103  49  60  42  25  65  54  31  18
   91  21  31  18
   50  10  39 116  38  44 107  18  65  23  19 106
  108  50  14  50  13  54  45  60  95 107  56  60
   48  26  65  72  34  47  54  89  74  76  81  58
  108  97  56  93  43  72 103  89  64   4  85  56
   75  72  55  15  44  60  43 115  14  56  19  54
  110  55 112  13  84  16  66  38  46  41 106  56
   25  30  63  44  75  54 106  67  79  92  81 115
   22  37 106  80  78  59  57 101  89  66  27  30
   86  27  56  27
   97 116  20  68  65  71  24  13  29  79  55  79
   50  82  27  30  78 100  36   7  28 102  73  91
   83  50  45  78  65  76  34 110  31  91  26  20
   25  69  46  70  81  92  87   8  79  81  58  12
   21  83  74  26 107  91  24  14  89 106  85  89
   55  82  89  70  61  32  77  72  93  31 111  93
   45  60  56 116 106  21  78  98  92  93 115 101
   65  72  49  57  89  58  96  80  28  78  75  77
   61  63  43   4
   81  24  73  33  90  98   9  65  42  39  19  38
    7  63  76 108  25  36 109  62  43  63  41  92
   10  74  24  15  81  79  45  71  27  21  45  54
   63   5 112  58  59  47  23 108  14  54  85  53
   16  39  32  43 114  93  46 101  41  89  67  64
   97  51  69  76  92  41  40  81  95  51  62  90
   80  16  22  37  60  18  62  95  37 101  71 102
   37  51  33  83  76  39  65  26  32  40  65  33
   41  33  44  42
   14  50  36  98  16  12   2  28  83  42  47  96
   49  18  43   9  17  16  53  94  88  72  72  39
    6  69  68  12  97  25  42  22  48  95  98  74
   72  97  29  48   5  37   8  80   5  50  98  63
   66  60  77  59  49  41  65  23  15   5  71  37
   79  88  56  63  82  59  97  98  57  34  75  57
   22  11  69  48  86   8  64  80  60  20  70  71
   84  86  61  72  68  72  15   3  40  58  72   1
   17  48  11  83
   88  87  15  60  25   8  50  16  39   2   7  14
   11  46  72   3  23  27  15  37  57  91  19  10
   68  73  83  55   8  70  80  14  17  86  76  53
   78  45  19  60  35  54  83  89  66  36  82  77
   30  27  38  13  64  26  17  83  57  23  27  68
   70  74  78   6  36  48   4  14   5  32  46  86
   64   2   2  33  18  52  35 100  25  92  45  44
    6   3   7  65   5  52  61  16  23  80  83  55
    3  43  96  79
   32  73  11  41  56  84  80  39  39  29   8  18
   57  60  46  72  58  95  74  56  24  93  12  72
   42  42  54  62  92  59  11  21  47  13  62  12
   80  40  26   3  92  94  38  11  48  92  48  61
   24  78  19  59  67   5  46  69  76  19  91  15
   79  65  22  84  39   1  64  53  58  21  76  16
   12  98  24  32  73  39  73  85  73  41  98  52
   52  74  97  88  41  71  23  23  43  27  23  62
   35  13  98  18
   91  44  38  22  87   5  59  33  70  78  16  14
   34  76  38  57  95  95  32  98  26  74  95  98
   34   4  83  95  20  10  36   8  84  95  78  14
    9  41  74  81  87  70  46  68  35  82  55  78
   40  37  48  89   2  16  62  31   7  32  94  38
   88  10  33  55  33  28  51  15  60  23  67  66
   58  52  59  77  82  25  46  89  25  92  39  45
   32   4  38  71  96  15  11  22  10  77  16  95
   67  71   2  99
   33  76  96  39  20  11  47  24  35  22  89  37
   14  60  30  87   6  98  31  37  85  50  36  72
   96  88  13  80  85  81 100  45  71  48  78  50
    7  12  43  96  68  76  91  35  49  17  32   5
   65  71  91  91  81  58  45  94  39  96  56   6
    4  43  30   4  28  42  72  56  12  85  71  41
   96  86  87  75  54  69  51  55  98  62  80  14
    3  14   8  89  36  14  19   3   7  31   5  51
   24  62  26  15
   22  65  91  63  73  32  13  55  75  47  32  16
   51  79  49  32  54  23  34  42  41  70  32  96
    8  54  32  78  83  43  90  78  96  10  27  46
   88  49  74  93   6  75  94  64  43  62  62  63
   54  66  99  57  25  94  82  23   8  44   7  72
   18   7  16  34  94  24  94  92  21  21  17   1
   14  88  67  45  64  36  18  78  52   3  69  15
   18  35  51  86  93  23  93  61   5   2  52  24
   30  14  98  24
   18  81  76  49  17  74  24   8   6  64  58  81
   49  59  79  62  90  91  72  86  59  90  58  17
   86  67  78  31  36  10  74  20  46  87  87   9
   83  79  74  78  17  97  25   7  88  43   3  21
   12  54  92  63  77  87  60  63  65  90  30  34
   82   6  67  67  97  76  80  52   4  62  30   2
   79  81  52  91  71  50  96  11  89  41  77  30
    8  57  27  72  83  12  79  11  88  28  49  61
   50  41  34   5
   53  38  80  94  15  55  56   7  60  49  10  30
   56  48  91   5  49  25  78  33  17  13  91  24
   69  99  92  19  22  64  27  60  26  95  41  41
   58  59  55   4  87  33   4   7  81   7  34  53
   99  40  68  82  31  85  31  25 100  70  38  14
   42  49  41  69  28  11  49  34  61  48  94  80
   36  97  79  75  53  33  70  10   7  27  64  87
   20  72  11  80  61  67   5  43   6  63  32  93
   73  72  84  53
   87  49  76  80  54   5   8  87  23  67   8  56
   74  39  82  19  12  82  82  48  80  73  21  61
   91  69  12  45  62  90   9  94  71  13  71  58
   16  69  28   6  96  71  63  92   1  39  14  53
    9  41  74  99   6  51  22  30  10  15  44  51
   11  33  89  20  23  48  23  90  49  56  97  70
   56  19  38   3  68  96  34  46  64  91  52  75
   95  98  55  93  12  79  32  58  99  36  48  10
   36   7   2  29
   81  23   4  61  30  83  24  13  61  82  91  13
   16  32   3   3  35  50  99  46   5  57  54   2
   58  29  97  63  41  22  18  61  43  49  20  22
   84  26  47  96  73  79  69  48  19  14  25  98
   13  44  37  47  67  89  77  42  20  30  10  19
    2  27  82   4  62   2  88  70  62  84  87  71
   26  16  92  23  60  18  16  56  29  29  78  31
   97  91  84   9  35  14  51  92  78  88  14  27
   64  71  76  60
   67  42   4  28  63  83  41  30  22   6  27  47
   53  90  82  15   8  88  68  34  27  82  88  33
  100  65  11  57  47  28  90  62  93  60  23  24
   80  69  87  54  66   3  24  40  58  91   7  85
   42  98  41  74  37  84  68  33  52  84  78  22
   63 100  48  25  97  97  74  64  35  24  39  13
   15  32  66  34  64  26  14  25  34   6  53  75
   42  35  86  38  43  20  56  11  95  93  78  33
   51  23  85  94
   63  68  19  31  23  90   1  96  43  64  67   7
    2  50  81  74  36  45  38  74   2  77   5  68
    2  57  33  89  71  96  24  89  28  81  59  47
   87  20  99  41  36  41  38  85  70  61  18  28
   97  17  17   7  97  49  93  74  47  61  86  83
   13  34  91  32  93   6  87  75  41  10  33  95
   30  80  25  39   1  19  14  12  53  20  84  41
   17  65   9  95  68  78  40  72  30  34  92  41
    8  43  66  57
   22  85  31  91  46  30  66  43  51  73  18  82
   65  16   5  31  90   5  53  31   5  32  18  94
   83  45   2  79  37  71  98  61  52  54  45  31
   50   2  88  99  62  50  55  13   7  32  48  84
   88  71  45  38   7  72  15  59  73  40  42  68
   49  96  68  94  89  24  44  75  98   7  90  55
    6  97  82   8  43  90  30  60  46   7  86  45
   57  92  61  46  52  31  45  71  68  67  52  30
   51  43  69  27
   48  53  65  72  95  72  86  41  59  81  22   4
   62  12  10  82  91   3  58  53   9  10  94  42
   24  85  62  77  28  11  93  14  91  99  31   8
   24  61  24  71  94  25  79  67  21  27  79  87
   12  64  57  80  80   4  40  44  15  59  55  86
   12  31  90  42  78   2  25  54  85   5  24  18
   95  44  86  89  43  86  64  54  86  12  41  54
   13  23  71  90  14  21  85  73  19  48  56  42
   93  83  24  48
    4  84  53  73   3  47  15  80   5  84  18  76
    8  54  37  45  16  48  96  23  31  57  20  63
   57  35  92  12  23  86  34  99   3  60  82  40
   70  60  98  47  43  61  73  62  59  47  52  91
   50  53  71  58  37  27   6  69  37  96  36  90
   74  57  13  35  21  60  51  67  28  30  25  19
   89  79  81  10   4  41  62  93  57  21  39   8
   17  46  67  36  33  46  42  88  58  28  75  87
   78  74  80  74
   53  29  43  75  58  40   6  41  17  63  51  55
   19  92  69  85  52  47   7  12  80  31  28  14
   92  57  36  27   1  32  68  58  19   2  40  64
   88  60  60  90  72  27   6  79  16  76  61  32
   61  37  20  39  34  52  40  69  82   2  80  27
   85  83  79  64  25  67  12  61  13  99  95  66
   88  75  72   2  75  77  45  27  95  69  73  68
   58  57  43  11  99  10  85  50  89  48  71   9
    2  86  54  17
   97  41  86  61  39   4  48  77  61  98  49  60
   52  57   3  39  94  46  27  97  65   9  55  73
   48  22  50  69  64  65  43  78  10  97  76  16
    9  51  64  76  74  36  61  86  90  59  44  83
   98  54  13  99   1  22  93  63  71  87  62   8
   89  67  75  96  70  50  19  59  28  87  63  39
   27 100  37  58  72  96   8  87  88  99  77  33
   27  93  95  38  79  77  71  91   5  30  15  52
   67  92  78  88
   78  20  18  64  18  91  71  11  95  82  25  67
   99  81  98  90  86  49  99  43  60  43  32 100
   12  18  68  28  23  81  85  21  34  10  61   3
   68  32  34  88  29  76  24  12  46  70  22  11
   97  17  33  76  86  22  84  72  79  90   5   2
   16  80  51  53  67  26  11  93  70  16  61  38
   15  38  89  69   1  87  79  29  52  35  58  69
   93  57   5  62  97  35  24  74  80   4  82  12
   72  78   1  13
   71  24   9  26  33  54  41  71   7  93  77  64
   31  68  63   6  71  88   8  72  51   2  80  67
    3  56  12  96  29  78  13  48  75  61   5  90
   20  69  64  78  67  48  72  76  64  55  89  88
   20  97  29   7  45  86  53  69  99  98  79  30
   55  53  93  41  65   3  85  49  57  36  86   7
   26  91  27  87  48  80   5  24   5  36  61  49
   19  52  81  59   2  61  90  81  18   1  77  58
   57   9  20  41
   96  26  88  55  45  28  25  63  65   6  32  25
   35   7   3  45  85  34  73  73  97  71   4  70
   65  77  24  24  24  36  38  39  33  77  92  80
   31  48  14  85  44  63  95  36  68  98  59  92
  100  65  71  90  40  35  27   3  56  30  91  59
    9  77  11  33  37  26  74  86  12  24  55  82
   47  62  97  57  75  72  73  52  85  98   8  13
   23  23  53  49  54  58  38  59  90  99  73   8
   76  41  18  82
   53  80  41  99   1  17  96  38  40  19  18  69
   53  90  99  34  62  12  13  67  30  28   7  43
   65  47  24  27  45  52  27  44  48  27  39  61
   96  86  94  76  21  32   2  26  25   9  26   2
   70  81  70  81  75  20  85  70  19  96  80  56
   64   2  48  78  90  61   9   8  39  81  59  36
   72  88  37  86  42  96  99  25  74  79  11  96
   68  54  46  63  97  85   6  62  36  93  38  69
   90  75  85  83
    8  84  21  89  47   2  55  55  55  37  42   2
   13  50  45  31  63  50  67  64  58  44  31  69
   69  52  17  55  56  81  68  29   8  64  60  19
   33  60  22  48  24  15  33  85  79  89  74  52
   87  47  45  84  70   4  40  72  99  39  94  49
   66  74  80  52  13   9  80  38  36  21  12  65
   40  31  18  40  63  26  22  22  63  48  44  92
   61  46  78  88  53  85  37  92  84  26  47  94
   79  58  26   6
   74  27  64  91  85  16  88  95  96  82  61  27
   81  43  28  77  57  71  67  10  67  49  27   9
   69  22  72  40  47  69  51  37  20  88  59  80
   80  91  37   8  33  12  60  24  46  26  54  27
   28  84  21  51  99  61  68  18  90  10  65  99
   41  32   2  94  25  67  57  21  75  79  96  14
   26  74  61  45  72  14  81  44  34  49   5  43
   35  73  27  25 100  71  44  88  57  95  14  30
   53  47  25  23
   45  74  14  82  94  65  39  66  19  51  85  92
   67 100  98  97  58  50  73  41   4  10  49  39
   84  17  77  51  95  62  45  38  56  72  62  73
   76  58  16  25  88  23  76  95  41  37  79  25
   58  71  59  58  55  94  52  70  22  33  57  63
   67  91  62  13  26  43  34  89  24  69  63  36
   17  74  83   6  79  58  44  69  60  48  45  79
    8  96  43  98  46  43  12  91  20  35  63  79
    5  14  44  51
   26   6  27  37  74  16  77  55  37  96  29   6
   65  99  63  58  82 100  39  70  74  29  85  75
   87  12  17  75  49  29  45  61  87  78  22  30
   77  58  75  20  88  57  76  67  51  63   3  60
   33  78  28  14  28  49  12  61  59  10  13  46
   93  36   5  37  66  16  15  53  24  25  64  96
   73  24  32   3  48  59  20   6  85  83  40   3
   13  85   6  51  54  32  47  60  42  22  24   5
   43  54  65  49
    4  66  25   6  46  16  44  55  42  92  23  60
   60  45  67  59  62  16  68  36  25  13  48  70
   11  35  68  51  18  72   6  51  76  59  80  66
   19  97  61  15   7  31  21  99  22  96  55  35
   19  27  77  35  44  23  54  61  11  81  25  39
   42  90  67  30  76  89  37  70  27  83  59  74
   17  27  95  93  67  69  59  44  52  58   7  92
   12  12  77   9  36  49  11  78  97  84  13  77
   65  83  96  10
   60   8  42  14  38  39  19  93  50  57  96  13
   54  33  87  47  27  51   6  70  85  52  51  93
   28  78 100  28  79  45  10  53  52  11  35   1
   22  73  64  51  14  66  52  41 100  78  85  83
   14  75  41   3  68  43  72  78  97  38   2   3
    4  51  20  54  19  88   9  80  76  55  72  90
  100  60  74  66   5  33  96  82 100  46   6  39
   24  56  36   8  70  59  75  90  44  48  77  88
   21  97  76  87
   67  93  75   4  70  62   5  88  39  80  92   5
    3  62  91  57  98  55  75  45   8   4  52  60
   54  78  47  45  73  69  51  15  28  34  21  45
    6  19  52  15  63  34  12  22  42  98  28  48
   43  38  51 100  63  56  69   5  97  60  95  66
    4  54   5  92  21  87  45  76  67  78   6  47
   81  87  49  75  39  57   5  48  32  21  24   4
   97  66   4  27  27  59  63  13  25  45  90  83
   33  91  49  77
    7   3  89  35  49  36  90  99  78  34  47  32
   70  36  81  85  31   5  73  96  77   2  45  14
   34  70  68  42  41  35  77   1  75  15  92  84
   83  47  65  48  26  22  26  97  37  32  50  95
   97  32  35  80  13  17  89  91  13   5  33  18
   57  35  16  48  59  83  41  43  17  82   7  11
   58  58  55   2   2  81  40  14  24  26   3  11
   46  45  61  50  28  54  12  26  74  36  43  27
   59  44  66  99
   28  80  30  74  21  10  99  55  64  68  93  77
   98  43  33   7  81  74   5  49  76  48  79  25
   99  40  90  89  32  33  74  40  85  92  74  62
   43  99   7  54  55  59  88   8  96  54  28  52
   93  79  81  59   5  22  65  16  66  18  37  51
   11  58  34  35  28  73  80  32   9  62  51  21
   38  97  98  78  54  88  47  20  72   3  45   9
   71  59  78  24  37  74  55  91  74  77  40  81
   78  85  61  60
    138   111   134   137   129   129   140   131   129   126   139   133
    133   132   135   135   159   135   135   142   144   130   143   149
    126   132   135   131   120   146
