 15 200
   99  37 101  62  64  55  10  16  56  18  63  54
   81  32   3  53  24  19  65  92  98  20  30  81
   88  72  85  14  12  88  96  79  94   9  51 115
   93 105  86  59  24  78  48  80  96  32 111  63
  105 109  92  36  82  33  10  61  80  83  96  12
   77  38  27  99  79  31  97  53 103  50  17  99
    4  95 105  90  99  43  53  80  81  26  51  18
   90 102  50  87  35  14  60 104  29  80 100   6
  104  51  39  77  94  49  94  40  58 109  67 100
  108  36 103  32  97  83  63  97  95  46  86  70
   25  84  93  33 103  32  91  87  33  72  66  18
   67  37  99 100 100  22  66 103 104  18  51  42
   73  67  19  36  27  60  32  57  82  47  91  38
   81  34  44  50  17  22  43  71 102  15  92  23
   72  53  85  12 103 103  23  19  91  51 109 104
   58  67  10  36  37  83  17  68  57  34  22  56
   38  66  94  46  22 102  63  54
   77  97  83  17  75  92  32  63  15  27  99  22
   38  58  56  76  89 107  25  76  53  75  16  43
   52  31 111 105  52  72 100   9  26  19  39  99
   87  15  98  59  60  60  32  31  54  74  22  26
   57  17  36   5  50  59  31  32  27  96  66  25
   62  47  98 106  62  75  36  70  25  95  63  99
   38  42 108  16  59  24  94 101  29  97 105 111
  118  93  72  70  54  39  22  28  91  98  14  61
   46  49  80  35  24  35  50  56  28  93  43  29
   28 111  96   5  24  26  86 115 106  42  43 104
   23  27  63  33  36  94  81   9 110  36   8  80
   44  66  15   7  27  31  20  88 102  61  54  73
   53  53  45  97  32  71  24  12  78  76  34  55
   43  15  76  46  29  39  52  61 113 106  48 107
  110  76  33 117  89  14  53  59  68  74  96  83
   73  29  39  28 103  94  46  81 101 103  57  23
   11  86  53  75  50  71  30  70
   16  50  53  15  24 100  94  45  18 107 103  23
   41 105  67  61  77  64  67  48  86  97  45  62
   50  82  60  99  10  62  84  83 103  67 103 100
   84  60  91  61 100  88  70  33  23  44 113  88
   23  38  11  50  31  22  60  53  51  85  79  13
   30  83  67  37  60  56  75 105  27  94  33  32
   77  79  33  66  62  61  20  62  51  97  69  88
  100   9  45  80  27  27  48  23  75  20  94  92
   21  59  99  58  89  29  15 100  48  22  17  83
   78  51  36  61  96  45  91  14  47  34  37  91
   10  89  76  84  82  66  53  36  34  58  42  37
   72  93  85  91  34  85  15  56  30  17  29  43
   84  40  58  47  61  47  98  92  84  54  41  71
   54  48  68  61  20  52  33  67  45  73 114  74
   51  82  88  72  42  85  28  12  51  63  54  66
  103  39  51  70 114 101  71  83  99  41  33 113
   80  17  39  54  74  92  16  37
   42  37  68  96  95  34 118  67  24 106  47  20
   60  29  78  44  40 105  63  16 112  80 102 109
  100  85  89 101 108  64  36  10  94  57  34  37
   92  65  29  17 101 104  72  75  82  14  94  18
   76 106  94  19  45  18  49  24  57  78  25  24
   62  66  74  97  74  74  31  10  96 107  58  32
   26  83  81  77  80  14  29  26  98  29  21  98
   62  90  92  11  12  70  81  61  79  92  19  89
   84  76  30  21  49  55  82  41  26  24  34  94
    7  85  17  64  16  18  71  96  33  63 102  61
   16  47 104  65  24 105  92  41  29  35  58  19
   88  57  89  92 111  24  72  95  64  73   2  83
   41  79  71 100  79  42  96  95  19  75  89  72
   14  72  39  66 105  22  64  13  64  57 106  86
   54  96  51  66  64  24  14  81  30  28  27  49
  119  39  24  90  33  14  16  30  58  39  93  36
   26  61 107  32  95  76  76  73
   79  30  34  49  84  20  37 101  67  85  21  37
   46  97 102  24  41 101  65  39  37  54  77  56
   70 105  37  85  39  42  87  49  70  24  41  89
   64  71  56  58  31  39  94  68  29  80  60  25
   54  10   8  71  98  18  49  33  42  13  21  66
   82  27  31 102  55  18  94  71  65  86 105  80
   49  63 108  23  85  63  48 104  35 104  61 106
   51  76   7  39  60 100 106  31  48  95  93  70
   40  67  27  31  85  68  45  25  38 113 105  72
   95  48  29 101  68  13  93  43  39  59 102  76
   80 101  83  58 110  44  57  71  81  26  21  27
   85  11  45  64  25  63  99  44  98  24  85  18
   49  97  27  31  45  50  40  73  29  53  93 103
   64  79 111  98  99  13  57  27  96  43  36  79
   28   7  79  19  73  34  51  68  77  11  54  82
   14  21  60  49  61  50  91  60  20  61  89  63
   72 105  44  43  68  44  55  26
   36  75  36  74  55  78  84  90 100  73  82  58
   59  39  35  46 110  56  91  42  84  32  41  29
   37 102  90  31  90  95  98  53 111  51  45  74
   40  73  84  40  56  98  91  70   4  69  45  20
   15  57  59  34 111  28  72  86  45  55  21  56
  104  78  81 102  56  12  90  82  17  48  68  68
   72  94  77  29  27  94  60  72  26 109  70 102
   39  58  23  63  18  15  26 100  27  66  99  63
   97  61  59  91  70  25  16  75  46  38  20  95
  111 102 102  65  88  43  26  83  32  62 103  85
   35  93  99  94  37  29  35  80 106 104  42 117
   59  23  84  99  66  10  33  19  63 107  57  88
   86  22  85 106  89  92  53  29  95  57  24 115
  103  29  29  68  70  50  91  66  24  80  61  45
   29  43  58  48  63  93  95  74  18  30  92  94
   86  44  26  67 106  51  19  39  16  89  44  99
   46  38  39  94  18  54  80  83
   78  76  75  33  66  37  95  42  78  76  42  88
   96  30  61  31  34  82  32  83  81  18  56  56
   21  99 102  91  16  63  58  89  18  44  35  86
   80  98  79  31  70  76  66  92  15  98  83 106
   97  43  33  39  40  96  79  66  14  81  98  82
   98  23  37  14 105  56  18  86  98  71  18  57
   43  27  28 110 101  62  81  93  25  86  94  60
   73  36  33  24  18  28  24  20  23  15  27  80
   50  30  92  76  23  44  26  79 102  24  18  24
   69  99  99  11  23  36  85  83  81  41  47  97
   90  23  97  44  98  49  55  65  58 108  30  97
   94  86  26  15  24  87  88  13  70  37  74   5
   46  60  77 101  41  63  98  85  95  38  24  98
   59  74  82  32  26  66  19  38 107  22  35  25
   45  59  52  40  90  46  68  18  49  92  59  13
   82  21  39 101  28  37  45  29  98  14 116  36
   10  21  69  45  88  13  52  72
   19  21  29  39  26  22  56  61   6  97  40  79
  108  59  26  76 105  43  61  63  33  64  27  32
    9  77  58  28  29  48  36  12  87  57  31 100
   81  15  19 106  87  80  75  77  22  71  26  50
   87   7  75  47  59  43  96 100  33  36 100  51
   74  85  42  59  65  47  36  81  43  74  91  68
   63  15  94  48  85  51  50  38  47  74  98  66
   71  28  70  31  27  96  48  26  89  43 102  52
   61  56  84  37  20  92  87  30  29  28  43  24
   21  35  78  89  33  76 113  33  38  48  85  43
   56  17  41  87  21 106 104  61  99  41  42  83
   57  78  46  27  63 101  51  32  59 110  27  36
   62  65  13  47  84  91  73  88  79  73  60  72
   72   8  15  62  37  53  42  15  89  94  32  64
   24  87  16  19  63  99 109  64  24  63  51 101
   65  34  66  23  68  87  98  21  95  37  35  29
   56  37  86  86  23  54  80  35
   44  88  98  78  49  45  42  47  19  18  73  40
   77  79  30  49  41  81 111  28  68  42  76  73
   19  99  23  45  64  84  46  47  35  62  69  44
   26  49  55  66  45  34  17  95  25  80 108  75
   64  91  51  42  94  56 108 102  24  62  41  48
    8  35  74  47 107  88  25  45  85  10  57  80
   46 109  74  53  89  58  74  84  16  74  53 114
   28  19   9 102  70  36  54  38  77  19   6  82
  104  72  19  42 113  94  71  34  97 107  21  91
   99 101  57  88 101  64  72  10 110 113  54  56
   68  47 110  79 108  45  77  93  96  79  83 102
   29  94  31 106  44  79  57  70  17  60  64  21
   96  92  45  37  25  24  41  61  96 112  81  93
   72  24  26  26  59  58  22  63  54  49  84  39
   80  44  44  98  21  84  55  72  88  75  15  97
   31  32  91 114  67  64 102  97  42  71  55  76
   66 100  94   6  46 109  98 105
   97  83  62  56  27  74  95  13  46  12  62  50
   49  37  21 108 100   6  30  34  92  73  85  54
   87  25  28 105  36  79  78 100  67  52  49  82
   30  64  55  62  39  24  26  66  35  34  94  82
   22  93   2  33  46  92 108  72  18  48  41 105
   32  83  69  71 108  32 104 108  80  44  25  53
   52  18  22  55  22  29  94  99  51  46  78  66
   56  82  99  22  73  29  25  80  98  74  27  55
   67  84  77  70  42  65  13  56  57  97  49  63
  111  99 108  12  65  30  68  90  29  54  17 104
   23  30  60  30  97  24 107 112  82  42  48 105
   25  50 102  70  84  62  57  61  21  89  54  44
    9  59  82  65  57  90  94  81  53  58  45  97
   55  19  23 114  93  85  86  35  25  65  84  15
   53  32  72  66 111  14  64  92  70  97  94  17
   21  17  14  69  45 113  70  51  65  65  31 106
   32 100  82  26   7  37  27  44
   26  78  83  74  82  77  55  57  92  78  58  99
   46  91  52  13  66  54  27  24  50  47 100  51
   18  57  63  27  15  73  37  91  37  20 100  50
   89  29  42  91  45  22 102  49  85  42  33 101
   76  94  12  84  63  98  55  45  71  32  73  83
   22  19  80 103  80 113  65 104  83  72  55  72
   90  81  53  16  58  69  96  15  65 117  28  71
   44 106  44  93  64  26 104  46  97  17  30  79
   96  22  76  96  41  33  31  55  64  94  23  58
   67  96  36  25  61  75  60  58  69  99  44  24
   28  36  27  63  15  42 106  34  63  78  45  97
   63  23  38  83  58  20  40  86  35  49  48  89
   64  49  69  91  84  93  64  50  52  53  22 104
  109 109  78  27  64  21  88   6  15  61  29  17
   75  23  59 101  49  39  26  72  92 103  76  10
   36 106  74  45  99  65  82  24  64  50  85  81
   88  60 103  55  85  51 112  80
   77  23  34  43  37  89  93  36   7  50  20  85
   34  28 101  51  47  99  51 108  37  77  81  93
  101  40  12  85 107  13  67  50 103  71 114  52
   14  21  55  81  71  20  42  24  32 106  98  25
   11  48  35  25  72  42  47  66 103 107 114  47
   62  87 117  50  79   7  93  33  70  86  75  54
   39  97  98  17 115  99  74  19  72  34  67  44
   97 115  40  30  41  41 100  72  16  50  33  77
   40   6  27  62  91  67  84 105  63  52  72  92
  102  98  57  45  35  40  20  29  29  64  75  62
   57  81  52  79  54  26  14  70  51  21  68  75
   37  25  31  39  76  20 101  27  42  62  29  32
   40  89  49  60  24  70 105  41  75  46  85  22
  108  67  91  49  91  82  48  12  41  86  76  86
   37 113 104  64  53  50 108 106  90  34  57 100
   29  83  75  79  25  63  58  98  91  65  23  31
   71  87  95  61  40  46  28 105
    8  94  98  54  23  71  39  43  24  80  96 100
   83  49  73  43  62  59  28  63  66  84  31  62
   95  53  45  37  87  29  90  77  46  15  56  71
   78  97  15 105  47  54  11  67  45  97 117 104
   19  99  32  45  54  11  22  31  13  94   8  47
   43  39  99  86  91  42  36  43  89  62  21   9
   41  85  72 109  71  12  61  90  43 107 101 108
   27  48  27  44  93  17  91  81  28  85  35  84
   59  44  56  64  78  78  24  59  27  40  53  39
   17 106  48 101  57  28 102  38  50  89  14  93
   43  95  49  49  17  30  54 106  67  24  64   7
   80 113  85 107  72  85 102  43  90  74 108  27
   26  50  13  90  20 100  66  18  62  53  60  17
   70  47  97  95  86   8  67  76  72  90  21  20
  111  36  79  84 106  92  20 102  55  76  21  43
   83  76  42  18  91  89  66 104  79  80 113  79
   70  28  84  77  87  96  81  44
   49 117  34  32 109  49 103  84 116  34  62  76
   26  32  66  77  79  90  61  13  82  43  28  19
   66  31  45  37  48  44  65  33  37 109 116 109
   76  79  98  69  39  79  25  98  39 111  54  51
  107  49  47  13  63  39 103  24 116 108  80  75
  109  86  68  52  47  55  80  80  23  45  95  24
   19  22  24  15  71  13 111  44  81  70  31 113
   91  26  19  23  98  96  19  53  69   5  77  21
   78 106  32  39  20  87 100  96  67  47  60  28
   81  39  57  18  74 116  20  76  46  47  72  57
   26  60  50 104  39  99  49  29  39  30  22  51
  111   3  28  72  61  86  35  48  60  51 111  11
   46  28  26  78  47  80  18  61 112  87  87  20
   13  88 100 109  61  59  82  85  24 107  28  89
   21  64  95  45  62  71  61  52  25  83  99  46
   23  93  96  30  29  25  46  70  60  88  35  27
   46 100  26  31  96  98  59  63
   32  54  84  37  19  65  52  56  99  82 107  96
   75  43  97  61  30  89 104  34  62 112 118  96
   39  53  36  21  72  39  68  28  31  14  90 107
   64  78  52  23 100 113  24  63  21  27  34  71
   36  26 112  93  63  35  34  42  36  48  64  68
   24 106  72  72  40  15  53  90  78  27  87  16
  102  56  91  23  88  61 101  65  68  37  70 109
   89  94  54  96  82  81  22  83  38  38  67  94
   16  64  74  38  92  58  45  65  75  41  48  46
   60  74  61   4  39  87  89  15  67 109  48  71
   45  87  47  94  37  60  44 108  81  43 101  26
   91  96  76  81 107 103  41  34  42  82  17  87
   23 108 107 102  84  72  52 106  59  85  30  44
   62  29  45  91  46  17  21  85  95 102  41  20
   39  51 106 102  50  24  67  78  22  21  40  13
   30  30  72  60  24  86  21 105  25  62  62 107
  101  79  35  79  21  31  72  70
    3  76  10  55  49  58  92  86  54  86  43  52
   35  72  99  51  83 100  46  27  16  91  88  24
   27  45  27  95  91  14   8  29  20  98  60   4
   24   2  21  52  88  26  62  26  13  71   1  50
    9  11  24  68  32  87 100  55  24  22  11  93
   34  79  79  10  26  73  21  52   7  61  97   4
  100   7   5  29   4  69  64  26  34  85  55 100
   29  12  59  27  82  95  51   7  91  29   8  99
    2  68  68  33  14  67  23  66  44   8  52   8
    8  67   9  79  11  31  50   9  16  59  25  42
   77  30  13  83   9  77  20  25  71  31  49  84
   49  81  17  17  13  80  54  14  16  95  68  66
   31  35  87  81  93  55  73  54  24  68  26  75
   22  69  58  67  94  86  72  46  10  91  12  86
   44  58  23  99   9  12  92  91  29  61   9  11
   52  51  96  72  77  32  88  38  56  74  80  59
   77  37  13  60  81  13  57  60
   27  23  20  95  31  19  73  41  96  89   3  93
   78  59  51  26  18  13  84  36  62  28  90  65
   63  87   7  14  51  40  12 100  78  91  76  18
   25  97   6  49  42  56  74  82  49  40  89  87
   45  99  70 100  57  55  86  84  82  18  53  91
   48  56   9  14  50  43  76  41  90  18  54  13
   65  65   8  90  45  80  24  16  86   8   4   6
    2   9  42  41  59  76  82  92  19  21  90  48
   66  65  23  85  84  71  61  51  89  25  65  91
   88   8  17  98  89  93  29   5   5  78  62  14
   94  92  46  73  84  10  34  98   2  83 100  38
   67  45  97  99  92  84  84  27   3  44  57  37
   58  54  67  18  78  44  82  93  41  37  71  58
   71  88  44  72  85  65  68  51   4  14  61   8
    3  34  85   2  14  98  64  47  46  28  19  29
   37  76  66  91   5  19  65  35   8  13  54  96
   98  19  67  42  59  44  81  44
   98  63  58  98  88  12  12  57  96   6  12  93
   76   3  39  46  36  43  35  71  25  15  66  43
   56  33  53   6  96  49  26  37   3  47  15   3
   35  53  14  42  17  15  35  82  83  69   6  23
   85  72  98  67  75  90  58  55  64  32  32  89
   74  32  46  78  51  52  35  10  89  14  84  74
   27  32  74  45  47  59  99  49  62  14  41  14
   20  99  69  39  81  92  66  86  33  96  22  15
   89  48   9  60  17  74  97   8  66  80  94  30
   32  67  77  48  20  65  23  90  55  76  70  12
  100  16  41  35  23  41  58  82  77  60  68  72
   44  20  19  24  86  34  97  63  73  90  90  70
   27  77  47  57  42  55  20  19  32  51  79  48
   58  62  52  47  93  66  86  44  66  36   3  34
   55  22  31  48  67  29  79  95  68  53  55  47
    8  75  68  35   3   4  46  19  21  62  86   3
   28  95  73  51  42  14  95  74
   76  80  51  24   7  79   1  41  88   8  65  82
   51  89  24  68  73   5  57 100   8  36  13   3
   14  35  22  14   4  45  83  97  14  61  69  69
   17  51  84  89   3  11  34  36  23  97  17  98
   41   1   9  96  69  93  64  94  49  33  77  84
   52  39  44  21  43  43  71  92   9   7  61  82
   78  21  31  41  27  90  81  94  17  88  85  15
   54  17  11  96 100  37  39  48  38  14  98  31
   32  35  77  88  60  49  36  75  80  91  75  16
   95  26  85  45  87  86  32  19  79  42   9  59
   95  60   4  42  86  11  15  62  79  67  59  95
   26  52  16  11   1  93  42  19  42  30 100  31
   63  33  49  16  38  73  17  22  91  30  22  47
   97  38  65  38  13  83  43  89  38  49  10  26
   62  11  55  50  56  92  99  21  85  77  88  53
    1  80  95  14  73  88  94  83  51  68  25  75
   85  42   7  86   9  43  34  44
   32  79  85  70  23  97  83  11  37  21  98  80
   56   7   7  83  65  10  40  71  65  63  28  59
   42  10  65  35  72  70  21  55  39  87  67  25
   45  43  56  50  88  81  24  43  91  37  60  87
   54  95  95  41  14  93  62  77  75  89  92  37
   27  92  83  18  62  98   8  40  46  21   2  33
   58  51   2  90  23  52  68  14  73   8  59  13
   60  40  98  75  60  11   6  77  72  24  18  35
   74  43  85  83  25  42  67  86  82   4   2  41
   24  70  80   2  38  92  19  77  75  54  17  35
   22  14  33  51   1  72  58  49  39  80  96  76
   23  99  67  41  82  43  10  67   8  89  17  95
   60  23  77  85  70  65  62  38  82  66  18   6
   47  26   3   5  12  97  51  93  23  61  80  32
   74 100  31  94  29  86  56  44  39 100  53  36
   97  82  47  68  51  63  22  43  84  48  19  52
   37  11  76  60  44  73  49  94
   66  32  66  34  62  38  22  28   5  36  22  54
   47  73  71  71   5  60  24  69  19  73  70  79
   73   3  14  85  29  23  15  66   9  58  61  44
   80  40  30  71  58   4  14  35  98  42  71  99
   87  50  60  75   4  80  43  34  63  54  98  52
    6  32  31  10  53  95  27  25  98  55  39  46
   30  13  42  89  79  13  51  42  91   5  48  11
   78  49  94  44  97  93  84  11  90  39  20  57
   15  48  57  23  33  89  97  40  70  76  91   7
    9  12  18  45  31  72  93  31  84  54  11  31
   77  27  21   8  75  91  78  36   7   9  70   1
   53  87  32  10  36  98  78  91  56   9  54  15
   25  90  31   6  19  11  58  82  10  54  87   4
    9  78  76  36  50  61  16  37  82  35  47  75
   81  72  45  62  45  12  22  28  91  89  22  21
   30  75  81  52   4  65  89  76  90  28  67  15
   66  80  69  25  95  60  27  24
   41  26  43  83  40  65  14  68  33  36  66  14
   15  87  45  76  79  29  81  21  27  95  47  59
   82  20  13  20  99  52  46  28  88  71  76  33
   34  22  37  87  44  28  48  10  97  11  25  14
   21  62  84  67  79  16  35  45  98  34  16  38
    5  93  80  91  11  58  89  30  15  33  94  46
   59  89  89   2   7  47  23  23  81  19  10  47
   37  76  82  90  88  80  88  96  88  99  80  37
   61  73  15  28  97  61  94  29  10  94  85  86
   48  15  19  94  95  84  35  27  21  70  67  19
   18  83  21  58  12  63  48  46  58   7  75   7
   12  25  89  96  93  22  18  89  43  79  37  99
   65  51  29   2  69  41  13  32  16  74  91  12
   55  29  27  77  85  50  86  76   2  95  68  92
   73  52  61  66  28  65  41  85  56  14  51  94
   35  86  77   9  78  83  68  74  14  96   1  68
   92  99  51  74  28  97  63  34
   92  85  73  65  85  97  51  51  99  10  79  39
    5  56  92  40   6  67  55  48  74  42  92  73
   95  26  54  91  79  61  83  94  17  48  86  14
   36  87  98   1  25  31  29  37  92  31  81  61
   33  99  43  69  43  66  17   3  87  66  12  60
   46  22  64  51  40  58  82  32  66  34  15  39
   47  96  25  64  19  63  57  75  68  43   6  44
   34  74  48  73  89  18  65  81  28  75   6  50
   50  62  20  83  92  20  15  81  86  79  66  90
   91  76  33  18  87  28   3  79  73  56  26  70
   60  86  62  23  94   1   1  50  13  69  61  21
   54  41  62  82  42  19  52  80  47   8  76  68
   48  46  98  73  20  15  43  18  39  43  57  44
   48  95  91  49  72  57  73  87  24  11  79  38
   91  22  88  87  50  13   7  43  82  57  62  15
   55  71  45  83  40  28   6  92  17  70  74  84
   53  66  25  18  97  57  37  83
   62  26  20  30  62  71  74  65  89  87  38  75
   31  31  81  55  74  36   3  76  48  67  27  34
   92  21  83  57  40  28  61  63  78  45  49  58
   76  71  49  53  58  84  85  20  82  40   5  42
   42  15  60  78  15  48   2   8  86  55  61  70
   97  77  37  72   5  25  92  59  26  92  55  40
   57   7  34  64  28  62  46  26  88  32  66   6
   87  96  94  17  39  71  52  68  37  94  97  28
   13  39  84  66   1   9  41  86   5   9  98  28
   17  15  45  19   4  50  40  94   5   1  60  49
   41  63   4  25   6  64  42  19  13  40  30  15
   85  25  72  10  62  27  60  38  93  47  56  86
   22  11  67  82  92  78  70  47  22   5  32  14
   42  96  82  86  59  58  95  45  51  69  28  75
   28  73  67  21  91  33  52  47  14  34  98  10
   71  74  14   5  52  47  16  17  75  31  49  27
   45   4  17  99  63   4   4   5
   12  37  42  64  84  43  24  92  61  93  55  60
   64  75  92   6   9  98  73  69  17  35  26  61
   18  84  83   2  70  27  30  20  40  54  66  25
   80  47  50  46  64  89  86  49  84  75  18  26
   87  20 100  74  71  18  12  47  84  55  73   3
   70  27  34  34   3  74   8   5  40  72  94  59
   59  91  89  60  81  79  11   4  62  65  40  54
   56  34  18  86  29  87  82  34  21  37  93  57
   35  25  27  32  70  39  93  49  56  23  57  53
    2  21   3  94  42  80  41  22  78  49  93   3
   87  77  44  87  17  83   2   3  24  70  61   2
   81  60  10  46  18  48  59  51  93  22  51  71
   93  52  32  54  50  21  17  36  50  58  67  20
   59  84  81   3  10  20  28  75  85  39  36  97
   61  72  44  43   6  93  44  24  32  10  17  94
   84  98  94  40  60   7  39  54  50  49  82   2
   86  20  21  78  98  68  91  65
   88  42  28  42  32  35  57  46  19  41  47   9
   65  23  51  92  46  65  84  92  54  67  12  62
   84  53  56  86  89  37  75  15  67  98  12  66
   23  80  68  28  75  84  16  59  32  66  74  18
   30  17  91  22  39  22  52  73  43  81  29  35
   94  97  32  12  38   3  52   9  30  33  59  33
   24  25  51  97  62  43  12  98  37   2  78  33
   67  11  74  15  47  93   3  65  17  99  72  32
   20  87  30  17  74  71  80  57  48  23  82  53
   53  20  76  77  43  27  47  61  43  14  73  96
   85  73  77  41  88  63   5  80  42  39  66  13
   43  79  74  25  46  87  77  31  73  68  69  24
   38  57  37  20  36  17  38  57  65  58  90  11
    9  10  26  91  54  95  25 100  88  43  73  89
   33  85  47  17  53  63  83  34  26   7  32 100
   82   8  46  64   9  42  23  96  41  66  23  26
   18  49   6  60  29  52   1  32
   32  80  82  72  68  17  20  78  99  54  89  33
   79  78   3  64  72   9  53  10  71  36  29  17
    7  79  91  30  13 100  37  53  13  36   5  63
   96  97  55  34  44  90  72  84  80  10  13  93
   96  62  70  87  43  68  60  50  17   4   1  70
   50  17   2  61  30  98  26  74  39  33  40  49
   73   7  22  98   5   9  36  96  47  85  46  61
    9   4  80  87  73  67  12  35  96  52  74  25
   71 100  76  43  28  36  27   8  44  51  45  10
   18  17  63  63  76  72  86  86  91  38  43  53
   48  29  57  29  56  80  97  33  53  91  41  42
   74  86  73  78  42  90   4  89  61  44  88  75
   65  28  54  59  90  34   7  64  40  59  25  93
    9  43  19  61  20  36  57  91  64  29  39  26
   80   5   9  55  56  62  12   6  22  75  61  17
   83  20  34  30  78  50  53  16  14  46  87  78
   43  16  16  46  66  74  86   3
  100  21  19  54  87  44  77  61  90  40  17  15
   27  62  47  70  40  50  75  53  53  33  74  45
   13  49  62  74  30  74  26  27  59  93  49  40
   29  15  92   6  71  58  91  36  59  14   1   8
   93  13  71  66  61  92  81  85  96   9  98  57
   66  74   9  31  20  74  77  64  15  40  92  93
   68  28  36   6  35  95  44  14  74   5  15   2
   90  56  93  70  27  88  23  23  86  32  76  36
   58  62  55  55  36  37  82  50  90  69  65  81
   94   8  61   3  54  89  13  64  53  31  97  27
   60  21  60  54  97  86  48   8  39  83  48  97
   22   4  34   8  39  28  14  70  14  28   3  93
   94  56  89  14  99   2  50  86  42  67  51  85
   49  55   8  17  20  95  39  26  44  14  84  98
    8  77  30  35  13  13  84   8  47  27  86  62
   21  32  69  85  12  16  52   6  30  33   2  36
   49  79  24  29  16  19  37  58
   57   1  86  82   2  66  10  28   1  77  57  34
   85  79  45  30  40  12  58  90  37  72  77  92
   39  76  74  67  61  73  40  78  74  10   3   2
   38  27  20  33  79  37  86   9  67   5  48  62
    9  60  65  95  39  72   8  89   3  11  37  42
   10  22  48  54  72  58  31  39  89  65  19  93
   96  88  92  96  45  90   6  73  28  41  85   2
   15  80  94  82  17   9 100  57  37  98  33  99
   40   2  80  64  84  28  11   9  51  72  55  80
   22  79  54  87  35   3  93  35  68  62  32  54
   81  55  59   5  72  16  68  75  66  85  90  60
    4  99  78  42  47  20  83  62  56  55   9  99
   72  87  90  36  57  24  89  49   4  27  33  93
  100  25   8   7  45  48  26  25  83   6  82  22
   90  52  11  57  56  41  59  66  85  27   8  63
   91  10  18  81  90  91  74  45  57  22  82  84
   72  14  82  75   9  13  60  43
   74  60  23  74  92  41  56  62  21  34  11  12
   27  64   9  58  82  17   2  80  50   5   1  24
   70  56  82  99  37  73  50  79  83  97  26   1
   55  25  55  90   8   4  95  42  92  80  76  31
   74  88   3  27  46  75  79  65  80  62  38  47
   80   5  43  39  76  87  54  25  37  89  28  88
   13  57  22  81  18  52   8  54  47  68  36   3
   28  10  64  11  22  25  96  33  70  73  42  12
   91  41  43  68  22  62  72  46  27  67  59  71
   56  31  48  98  72  18  31  93  36  10  72  39
   66  20  72  12  66  57  65  10  29  71  19  78
   12  22  30  30   7  11  70  79  73  22  86  15
   83   2   9  12  30  32  67   9  54  26  73  67
   44  89  69  21  57  94  95  34  23   3  79  86
   72  68   4   4  53  84  50  31  80  87  80  98
   85  86  47  53  88  24  94  10  93  54  54  13
    9  31  82  39  87  89  44  41
    519   557   554   542   554   522   569   574   509   536   530   535
    524   546   532
