 40 200
   97  65  82  63  32  59  16  26  13  33  56  12
   48  93  95  52 102  49  56  57  49 101  11  22
   89  62 100  35  74  34  81  10  52 105  54  36
  109  62 111  28  78 114 101  20  26  89  17  23
   99  16  21  71  16  23  70  79  36  17  30  79
   79  27  53  66  87  28 108  56  60  63  92   6
    4  87  89  66  72  11  19  94  53  22   6  87
   26  32  87  21  37  55  73  90  44  40  99  17
   36  81  56  33  11 109  43  39  56  20  86  51
   33  41  85  68 111  51 112  70  49  59  48  92
   19  44  18  77  78  96  66  44  80  13  64  50
   63  47 109  77  82  93  38  85  56  89  29  73
   18  49  35  66  12  51  98  24  65  31  72   6
   67  83 100  75  66  86  14  54  48  57  40  66
   28  37  12  72  88  59  50  78  42  45  73  24
   96 110 104  17 105  78  40  61  57  63  85  96
   43  69  38  91  12  74  99  71
   38  56  95  56 105  90  36  42  69  90  54  63
   50  18  34  69  27  58  54 109  87  40  23  82
   31  53 107  27  99  78  65  27  82  75  33  89
   86  48  74  70  67  86  14  61  42  84  45  24
   17  19  98  84  32  51  76  89 107  48  39  73
   87  57  74  31  99  92  51 102  22 110  89  34
  102  95  81  53  52  52 115  93  27  89  35  50
   25  63  16  47  49  67 106   8 105  29  52  99
   31  31  33  18  54  83  38  78  97  21  96  63
   25  62  47  56  63  90  65  49  43  30 100  73
   81  33  33 106  77  73   3  71  18  28  57  93
   23  24  23  21  94  22  99  29  79  37 101  35
   45  83  11  98  89  58  52  11  26  66  60  56
   43  92 103  51  79 109  26  54  32  54  87  86
   51  21  95  75  38  98  95  30  34  49  51  45
   25  87 110  19 102   8 106  95  61  29  40  79
   40  96  82 100  21  16  69 114
   11  10 108  98 100  44  40  49  93 106  11   7
   37 110  76  35  92  19  43  66  16  65  91  51
  108  37  51  47  18  60  93  64  83  63  91  32
   44  75   3  67  85  18  62  40  47  80  17  76
  105  69 106  69  43 102 102  71  61  91  54  44
   30  79  53 101  95 101  76 112  15 106  24  59
   57  41  73 110  25  38  55  18  56  22  70  37
   96  37  53  83 108  74  15  97  29  22  29  39
   42  77  77  40   8  53  80  79  21  74  61  36
   83  37 106  59  58 111  68  49  70 102  76 101
   50  66  67 102  88  67  79  72  39  70 110  45
   22  30  90 105  94  32  20  30 101  56  51 113
    8  17  96  39  82  78  31  24  96  97  90  76
   43  49  58  39 101  95  74 107  71  32  67  51
   74  30  48  72  15 110 102  80  23  51  52  83
   28  98  51  83  66  52  98  32  73  65  42  32
   28  49  81  45  72  59  91  16
   68  25  39 101 106  92  53  52  34  83  85   7
   60 108  72  44  95  88  47  33  46  11  37 106
   31  24  87  49  34  31  24  25  85  54  79  28
   99 107  13  81  85  29  54  89  66 106  34  88
   44  89  95  17  58  98  19  99  21  57 104  53
   45  95  26  98  60  74  33  96  88  58  75  47
   70  57  95 104  43  49  56  16 103 119 112  76
  100  40  20  83  61  25  29  25  28  61  26  88
   43  20  53  78  44  37  91  58  60  75  80  77
   28  46 110  80   8  28  32   7  26  62  31  50
   61 100  52  91 109  97  12  71  65  19  50  64
   38 112  55  86  29  35  99  64  47  50  87  87
   67   8  63  76  65 100  24  52  56  74  64  25
   44  77  57  15  59  25  92  45  61  40  54 105
   47  31  63  56  54  33  60  95  73  67  77  77
   51  64 107  97  74  19  19  98 102  10  34  13
   15  29  56  74 104  48  80  86
   10  17  33  97  72 101  42  86 104  95  38  71
   79  35 113  91  23  67  42  22  59  95  27  54
  106  35  92  33  38  65  13  43  45  51  38  76
   29  80  57  72 111   9  73  51  27  55  24  39
   46  45  41  51  55  12  32  28  52  49  43  88
   57  99  11 104  40   9  71  91  65  87  51  85
   79  95  59  73  38  73  33  86  33  51  29  58
   14 100  57  72  83  61  83  13  81  75  70 109
   39  33  16  44  89 107  30  14  75  22  58  67
   75  78  28 101  49  49  33   9  41 106  88  55
   63  36  63  50  55  40  21 103  12  73  21  79
    5  70  17 102  63  15  21  99 107  76  54  47
   77 102  39  66  66  96  35 102  42  21  47  47
   46  60  26  54 100  95  32  31  57  41  62  99
   70  61  28  33  79  51  58  53  49  43  77  78
   51  16 100 118 100  80  81  69  21  63  52  87
   73  44 113  76  77  83  49  68
   92  25  45  51  22  72 110  14  61  35  42  64
   23  68  63  64  20  23  40 115  57  52  95  96
   29  80  97  31  59  62  43  53 114  42  37  23
  103 109  77  73  33  48  86  85  62  66 101  49
   17  83  81  62  77  28 100  32  70  38  36  96
   49  98  65 102  57  66  19 102  53  27  11  43
   34  90  92  36  75  82  77  83  95  13  92  78
   25  44  52  58 101  24  97  72  37  33 103  62
   61  59  13  93  87  80  49  64  47  41  99  57
   46  56  68  89  95  71  58  84  38  57  69  94
    7  59  22  60  80  87  97  54  47  23  57  37
   52  93  36  37  52 100  12  52  35  29  58 108
   57  96  54  23  41  90  94  64  64  84  30 101
  103 101  72  20  39  15  76  93  82  69  90  42
   53  31 104  78  63 104  88  61  85  96  68 116
   72  67  50   8  96  22  81  36  27  78  67  80
   93  61  92  46  85  84  36  64
   28  94  51 111  30  69 101  19  70  68  20  12
   50  31  74  44  38  95   8  50  34  95  63  77
   20  67  75  12  88  38  24  60  23  40 102 103
   90 100  84  65  68  80  18  21  97  64  16  70
   13  50  36  41  93  79  32  92  67  64  14  30
   48  82  49  80  61 100  72  91 114  89 101  84
   10  59  82  61  91  51  90  20  17  49 112  97
   64  73  78  49  88  41 103  44  22  49  40  76
   94  91  39  30  97  20  64 112  14  83  44  68
  110  12  79  55  46  47  53  15  44  52  42  43
   39  29 103  56  88  35 109   4 103 108  19  78
   57  83  92 107  74  70  83  16  88  59  95  30
   18  20  54  27  48  33 116  89  76  46  66  76
   43  40  56  37  21  71  24  70  87  97  79 101
   91  15  34  42   3  72  55  18  26 102  30  32
   90  33  81  87  54  68  71 103  20  95  94  17
    5  91  56 101 106  97  24  15
   99  44  81  88  32  33 100  58  26  71  38  62
   82  95  76  62  52  42  58  91  80  95  24  76
   96  70  81 111  91  74  98  49  21 107  41  66
   54  21  60  74 109  55  65  77  65  25  33  31
   37 116  35  39  66  86   9  80  77 102  89  84
   71  85  61  33  54  25 101  97  69  68  71 101
   69   8  58  61  43  49 104  63  19 109  59  86
   14  43  11  80  38  26  68  31  32  93  44  66
   68  48  32  53  70  85  85  28 115  36  23  21
   89  75 100  49  52  14  60  64  51  36  40  50
   52  11 105  39  66  89  38  20  40  84 104  86
   27 105  75  11  99  13  34  11 112  75  75  22
   64  19 109  44  30  36  30  95  29  32  74  82
   45  28  96  83  56 109  94  26  30  39  69  55
   51  28  63  42  48  23  20  11  87  95  60  77
   42  35  93  92  20  58  65  52  58  37  27  49
   90  73 108  26  33  57  21  35
   17  44  74  13  62  90  65  60  58  84  54  62
   87  46  45  73  51  82  87  63  91  32  47   7
   89  45 111  79 107  98 108  92  72  23 107  84
   65  75  55  25   8  71  82  55  66  66  36  85
   64  91  67  15  27  49  83  35  78  70  19  29
   83  57  79 105  89  39  98  30  62  21  66  73
   84  92  13  39  86  58  32  76  14  92 114  52
   32 115  33  20  70  64  20  23  55  60 108  52
   36  40  11  18 100 105  80  72  18  74  14  58
   74  51  40  75  83  70  38  85  52  78  60 105
   90  32  45  46  87  56  42  98  56  90  11 111
   47  60  48  64  70 103  28  43  97  29  46  65
  100  71  42  18  51  23  94  63  23  99  76   7
   47  93  48  29  18  19  46  60  47  52  32  98
   11 107  23  97  21  37  96  93  50  25  36  77
   97  75  36  73  95  16  62  13  79  53  71  52
   65 110  63  10  66  63  61  43
   73  35  81  25  68  25  85  87 108  79  24  86
   62  76  93  76  83 113  88  61  27  37  37 102
   30  30  42  75  21  46  17  85  84  41  99  19
   76  16  25  50  49  30  95  49 106  37 104  83
   73 101  58  68  93  66  17  78  25  24  74  81
   62  46  59  19 104  75  56  83  80  66  40  84
   94  52 103  68  43  20 108  27 100  46  79  95
   50  83 103  20  17  41  72  55  27  80  24 100
   17  95  55  79  23  98  94  16  66  90  68  62
   32  68  29  12  50  69  73  27  55 111  22  84
   82  82  39  17  36  71  33  53 100  87  58  29
  105  70  71  60 105 100  52  55  75  86   6  77
   64  13  80  40  30  74  90  95 108  89  33  88
   11  79  90 115  77  27  84  53  87  87  48  82
   31  68  54  69  17  13  78  64  98  95  42  39
   17 109  53  74  51   3  59  29  31 106  74  92
   67 100  58  90  91  88  30  83
   39  43  67 104 103  76  59  53  26 102  28  71
   66   9  88  77  44  97 108  95   9  60  27  46
   38  83  19  78  89 106  48 104  29  22  95  78
   58  72  50  73  48  80  81  31  88  28  20  49
   94 105  61  77  96  24 105  18  82  97 108  83
  108  44  80  49  83  18  63  27  70  46   7  56
  105  70  81  41  75  42  25  23  24  29  33  50
   24  25  67  52  79  86  29  21  55  93  86  92
   79  46  85  65  39  52  81  80  32  16  26  62
   10  66  39 115  94  22  76  92  24  94  26  62
   27  63 107 103  84  52  97  71  32  23  40  88
   58  44  53  97  24  66  32  47  23 119  58   3
   38  42  70  37  91  50 100  27  54  28  29  30
   71  37  33  64  58  45  62  95  48  82  18  69
   80  22  94  73  93  76  97  40  55 104 109  83
    9  69  83  62  46  14  23  14  34  43  68  85
   55 109  30  21  20  22 110  27
   98  46  26  54  75  48  23  64  55  30  24 108
   63  28  47  63  57  20  37  16  56  40  57  74
   28  18  46 103 103  41  47  22  29  12 105 104
   47  91  80  46  51  92  10  39  42 113  64 104
  107  81  78 107  79  40  33  69  39  95  76  83
   12  86  64  63 108  46  38  17  33  89 102  30
  106  64  93  26  44  95  73  24  45  27  27  17
   36  94  29  19  47  35  22  57  97  82  91  36
  112  79  12  98 105  95  80  23  93  32  27  62
   41  64  64  10  23  47  53  31  34 111  98 111
   41 109  53  94  34  99  38  14 109  44 117 103
   35  82  67  78 102  87 101  80   6 108  92  56
   69  12  48 104  25  64  48 105  92 105  80  88
   90  28  74  84  93  90 108  24  96  60  89  85
   24 101  90 107  63 100  66 111  17 116  64  49
   82  24  55 105 110  97  76 109  41  43  94 104
   52 109  77  67  96  79  85  36
   86  72  40  37  63  72  63 104  41  13  62  56
   24  74 107  19  72 102  27  59  38  11  21  37
   50  95  84  62  77  98  35  68  74  68 115  62
   62  95  55  41  47  43 103  62  98  69  83  18
   52  67  95  53  94  47 111  72  26  94  45  69
   82 106  36  37 101  22  11  27  26  27  97  99
   62  51  35  90  26  93  81  58  94  30  26  90
   54  95  59  71  51 112  19  41  65  67  46  52
   30  95  30  58  37  33  22  43  52  82  41   7
   34 112  93  88  63  19  84  18  68  58 109  80
   57  61 109  41  71  28  50  18 109  22  98  22
   24  58  71  19  43  87  69  77  90  34  41  72
   26 102  16  19  99  66  31  47 106  41  46 101
   67  53  93  41  85  81  83  81  52  68  33 114
   22  27  67  47  59  82  33  76 106  43   7  42
   96  84  84  55  48  63  75 102  80 106 104  28
   43 105  50  69  89 112  34  37
   63  16  17  74  42 102  53  95  24  83  23 101
   26  99  67  76  40 107  50  61  23  82  52  75
   23 102 100  42  13  97  69  39  59  28   5  42
   77  63  97 112  51  33  13  66  91  91  82 114
   79 105  86  77   8  85  95 103  93  81  28  50
   85  40  54  83  81  83  48  79  70  60  79  44
  104  95  79  88  91  89  56  38  86   8  40  24
   48  68  56   8  70  37  75  76  33  87  76  74
   31  22  34  25  78  19  59  29  26  31  47 108
   30  58  50  86 116  54 113  59  64  72  58  45
   93  25  81  64  81  46  80  70  48  66  17  20
   25  77  40  89  73  45  52  51  26  79 101  20
   77  67  48  85  79  57  39  20  85  52  89  32
   66  38  86 112  72  39  42  68  49  57  63  68
   50  94 100  37  40  32  17  41 106  87  65  65
   53  43  42  72  87  77  19  24  30   3  32 102
   46  79 108  30  74  20  49  84
   26   6  47  42 109  91  96  21  53  36  99  16
   26  67  52  90 108  24  99  26  90 108  97  61
  109  16  81  69  50  23  66  11  23  79  42  29
   68  41  96  81  37  32  98  69  59  43  92  83
   46  91  99 103 100  10  41  13  90  87  94  47
   75  48  75  27  15  26  98  81  46  94  18  90
   28  65  77  35 109 105  85 108  26  62  11  95
   62  62  51  62  46  45  52 103 102  94  50  26
   35   3  78  98  23  32  54  63  81  31  29  67
  109  34 110  64  81  50  29  99 105  65  29  25
   92 103  32  75 110  72  41  20  42  65  33  74
   49  84 105  96  55  47  71  42  58  45  65  45
   92  50  35  51  31  35  69  96  27  60  52  39
   31  98  29  89  89 107  43  44  86  52  67  89
   65   9  83  76  68  35 102  86  72 100  80  26
   33  65 105 111  48 110  88  29  64  53 110  67
   36  10  39 106  87  30  74  75
   78  34  17  11  89  21  70  53 106  12  96  39
   21  85  86  17  32 105  82  70  96  94 102  90
   20  77  69  88  59  22  23  35  83  15  53 104
   53  85  59  93 100  65  75  37  87  27  48  94
   70  64  68  47  37  94  48  12  24  92  23  19
   80  99  48  46  70  35  39  65  23  23  75 100
   47  24  39 101  95  25  68  24  76  31  70  92
   88  72  86 106  46  98  47  22  46  21  37 112
   47  51  29  81  90   6 108  65 115  79  75  27
   72  70  39  31  57  78 119  82  24  62  29  45
   96  86  32  52  47  74  43  27  86  31  31  46
   46  23  92  79  81  21  58  82  51  34  34  52
  106  93  47   5  34  73  27  19  29  47  67  35
   58  52  58  58  59  86  36  29  63  30  56  94
   33 103  80  60  44 107  40  95  57  72  46  51
   90  95  90  97  34  52  25 107  84 105  90  97
   56  70  98  23  12  35  53  22
   84  72  91  42  57  80  37  68  81  71   2  86
   86  25  79  90 101  27  74  42  52  39  43 116
   35  65  28  95  92  29  84  19  22  53 117  99
   28  26  65  44 104  68  32  29  43  86  75  76
   54  47  60  63  89  73  27  13  62  15  57  66
   24  93  73  25  68  39  42  31  46  77  81 105
   15  17  39  72  43  62  54  12  72  63  19  68
   67  49  87 105  50 106  54  29  71  44  37  37
   52 112  48  20  60  42  67  38  58  78  24  99
   18  36  80  46  19   3  32  85 113  69  75  25
   46  67  84  67  85  49  23  41  59  84  64 112
   17  25  71  89  21  85  95  76  48  17 103  46
   80  70  48  62  74  42  72  34  33  65  95 110
  110  71  77  62  36  56  57  38  98  35  39  24
   30  21  40  33  64 107 105  56  66  93  14  82
   56  34 108 102  59  83  69  27  13  59  85  88
   27  76  72  79  37  74  19  70
   53  26  84  94  22  34  48  58  18  61  45   9
   35 108  23  24  68 104  26  91  60  58  33  94
   73  82  72  25  77  39  15  80  85  27  55  76
   14 113  50  81  21  31  66  80  36  14  47  25
   24  38  25  70 101  89  16  58  81  93  57  31
   91  41  33  78  28   9  31  29  69 112  60 100
   80  77  59  35  46  90   4  16  82  64  42  48
   97  70 115  28  60  92  23  49  25  69 114  95
   86 112  54  29  72  71  98  38  20  43  64  14
   67  24  56  75  24  23  17  64  71  23  39  64
   46  38  93  24 100   5  82  76  39  40  45  77
   81  31  69  50  19  85  82  77  43  55 105  90
   32  54  89  42  62  86  23  49  83  53  27  73
   58  65  58  39  86  52  46  18  19  14  32  42
   59  88  58  29  12  41  93  99  66  61  83  42
   12 102 110  63  93  59  27  20 102  73  22   9
   52  70  77  71  27  59  90  72
   50  48  56  49  88  12  63  53  57  25  29   4
   98 114  57 107  26 104  91  48   8 105  22  40
  100 108  79  92  22  29  35  25  91  38 108  91
   51 105  40  80 107 106  30  88  32  91  42  29
   14 105  26  86  86  23  75  18  68  16  18  17
   41  62 113  43  83  40  83  15  85  55  46 100
   32  29  47  42  75  34  75  34  50  36  99   4
   36  14  74  90  26  59  35  28  88  58  61  45
  105  87  14  35 106 113  77  32  81  85  41 102
   48  93  92  39  36 108  45  35  69  13  96  70
   89  38  64  43  42  34  89  61  92  78  95  66
   94  43  31  51  19  94  46  81  60  12  90  59
   84  24  42  75  86  97  40  38  75  48 103  60
   56  23  15  76  40   7  65 107  80  74  42  92
   92  32  76  61  96  61  85  74  91  76  85   6
   82  83  39  25  60  23  67  91  89 103  18  19
   65  91  80  54  64  24  86  36
   39  68  86 113  69  49  20  30  15  86  84  97
   96  54  37  91  61  26  53  42  25  86 101  74
   82  87  35  18 105  24  53 102  21  59 101  56
   15 104  56 101  86  94  30  78  36  55  37  23
   55  34  21  68  76  66 109  43  67  76  21  93
   88 111 113  45 103  12  81  90  31  34  14  94
   99  92  97  59 103  59  17 102  86  76  89 101
   34  55  56  85  85   9  65  88  38  39  72  89
   43  35 116  53 108  30  46  94  63  87  97 114
   12  55  67  19  28 106  50  37  91  84  52  74
   53  74  80 111  62  13  56 105  44  99  79  52
   20  82  45  96  32  34 102 114  31  97  44  62
   49 115  73  27  18  86  30  79 117  28  35  16
   35  88 100  67  63  79  40  78  39  42  98  53
   13 102  84  32  33  14  35  87  43  74  68  80
   24  51  21  13  93  59  20  92  45  55  96  82
    9  64  11  84  72  41  82  71
  110  73  52  52  80  86  73  50  36  70  10  92
   35  52  66  66  91 103  94  63  29  44  47  15
   17  95  26  84  87  27 100  99  76 111  74  88
   53  50  91  27  81  44 108  79  62  65  19  34
   48  27  26  21  51  32  95  78  35  81  87  53
   83  90  71  47 108  73  58  21  25  31  91  48
   77 112  71  18  47  29  90  16  76  95  81 100
  112  59  49  11  47  84  90  31  40  46  67  16
   53  23  68  37  78  77  37  59  26  21  98  89
   99  29  13  59  60  77  85  86  81  95  89  74
   34  70  65  50  26  60  34  87  96   8  68  46
   82  55  76  28  55  37  23  45 102  30  47 111
   46  38 105   8 102  84  47  97  27  87  57  93
   67  82  40  90  45 111  28  50  62 108  73  98
   31  25   6  30  22  62  62  37  99  40 106  47
   43  55  87  86  89  79  53   8  49  94  49 109
   88  46  91  77  66  87  77  37
   58  80 102  79 112  73  20  52  75  95 105  86
   78  65  18  16  11  76  65  78  58  87 105  83
   34  46  71  52  41  93  90  46  25  33  95  28
   12  61  16  40  87  64  60  19  91  57  56  24
   48 100  68 112  18  47  26  64  62  21  30  70
   58  28  47  67 105  68  79  49 103  16  48  53
   85 101  75  43  87  74  21  97  43  69   4  60
   32  53  61  47  19  78  92  61  21  68  72  14
  106  92  75  65  27  94  39  30 109 103  94 102
  104  39  15  56  38  88  51  64  54  28  95  57
   82  27  57  29  64  97  24  24  84  46  26  98
   23  23  28 111  83  36  55  38  47  91  95  40
   89  15  94  83  94  31 109  32  56 102  87  32
  113  75 107  41  62  66  69 105  95  22  36 100
   28  96  64  31  73  54  70  90  82  70 110 101
   89  64 103  76  62  49  81  74  89  43  61  66
   80  96  12  91 102  30 106  58
  105 104  35  37  42  25  61  89 105  69  39  26
   29  49  32  35  82  53  75  54  93  30  70  49
   69  60  87  11  29  87  45  63  40  10  66  92
   77  65  84  58  81  91  43  38  82  98  49  32
   98  37  59  92  15  19  98 111 106  69  58  64
   71 110  98  15 100 106  68  28  71  17  61  32
   47  20  83  45  59  12  23  67  69  42  43  77
   26  86 106  30  83  32  32  77  66  27  38  51
   65  54  37  59  99  16  87  27  98  32  72  80
   74  84  12  40 110  65  80  87  58  48  32  98
   94  28  22  68  48  90  76  73  67 104  88 101
  100  55  95  21  54  64  11  61   6  34  47  45
   20  41  29  75  91 100  89  52  78 110 107  35
   32  59  92  95  67  38  18  51  49  54  65  50
   11 111  11  64  88  75  47  98  13  65  24  20
   39  61  57  69  89  56  86  88  96  69  23 113
   19  50  44  23  81  28 113  90
   86  51  85  93  21  19  75  99  48  69  92  65
    8 105  62  20  39  59  92 108  68  37  71  67
   38  92  48  22  16  75  37  71  85  44  68  67
   82  29  19  88  33  54  47  30  70  93  87 115
  108  31  62  83  46  84  52  38  93  82  39  63
   56  25  49 107  30  65   9  15  58  45  22  76
   64  21  60  20  92  58  55  43   9  54  75  36
  103  41  78  94  82  76  77  36  81  37  91  80
   89  24  96  25 100  94  55  53  14  58 105 107
  103  69  73  94  49 101  23  38  32  96  21  28
   76  28  33  91  80  82  52  63  73  93  86  71
  101  92  27  75  72  76  73  64  74  21  95  61
   81  44  56  62  87  25  88  90  83  28  95 101
  106  71  21  46  37  64  85  25  32  85  73  48
   12 110  33  79  59  63  14  94  78  74 104  98
   95  98  35 107  57  49  39  77  51  38  89 100
   88  86  65  76  81  10  22  27
   19  27  93  41  43  81  49  16  66  83  87  64
   69  91  20  65  86  73  22  45  43  89  86  30
   93  74  90  27  60 104   7  97  60  75  49 113
   19  85  17  18  52 108  24  82  82 108 105  49
   72  93  40  52  82  89  24  72  54  29  71 103
   31  76  63  91  54  65  57  87  47  97  88  78
   34  52  77  98  56  30  42  70  20  28 101  72
   28  12  55  47 104  55  42  53  35  45  23  16
   63  40  20  30  37  84   9  46  78  75 112  78
   38  42  73  74  38  21  91  34  27  78  30 102
   72  54  70  59  58  58  53  34  56  46  65 106
   73  30  45 103  34  28  77  68  13  52  47  65
   14  39  39 100  26  60  74  21  41  56  98  30
   30  80  19  76  59  52  76  43  21  44  61  61
   46  57  18  34  25  64  30  53  89  28  26  40
   30  22  73  33  41   7  96  68  12  59  64  24
   57  22  85  45 107  29  88  23
   99 100  12 107  70 111  55  35  32  67 104  60
   93  15  29  71 105  71  36  33 110  35  81  62
   46  94  24  28  41  52  25  55  21  46 113  44
  102  83 117   8  82  72  34  32 103  72 100  38
   90  95 100  42  93  87  20  35  48  13  13  55
   91  23  50  83  83  32  93  90  34  79  47  24
   50  66  95  80  10  99  92  74  28  88  92  72
   68  73  74  59  96  46  23  70  65  74 105 110
    9  81  93  69  84 101  41 104  96 104  72  25
   49  38  27  58  37  57  34  65  91  15  86  60
   34  19  80 109  67  27  14  79  20  33  53  23
   77  10  65  90  40  74   4 107  28  89  23  94
   61  21  27  41  50  54  57  77  83  70  22  81
   37  60  95  29  73  91 113  87  34  26  98   4
  106  36  52  31  84  33   7   4  22  59  32  43
   20  92  47  52  81 104  71  41  95  39 112  99
   55  17  78  89  14  89  60 103
   49  11 103  71  61  57  87  62  21  67  46  81
   31  48  23  79  64  89  52  91  50  59  85  76
   66  37  20  76  66  96  54  74  56  78  51  35
   55   8  35  49  14  87  36  88  95  48  20  51
   18  80  26  69  91  78  45  28  37 100  41  68
   73 103  28  98  65  34  40  85  34  54 117  42
   35  54  36  24  34  82  42  88  91  77  20  34
   96  73  58 104  20  46  28 104  52  26   8 106
  109  11  48  21  74  72  32  41  84 100  81 101
   44  68 105 107  99  93  67  98  64  73  84 101
   25  33  41  84 102 113  45  77  71   7  26  38
   95  97  76  78  56 104  71  21  42  81   7  86
   40  26  49  44  46  63  73  19  71  14  96 100
   38  29  38   7  82  35  37  70 109  28 102  31
   86 101 100  94  24  75  80  42   9  91  96   4
  101  73 107  68  56  68   8  90  74  25  82  46
   38  96  93  16  16  57  52  19
   52  35  40  87  39  10  80  84  62  86  87  80
   50  88  67  23  72  76  89  94  50  86 107  57
   86  71  90  21  75  98  62   6  31  79  22  36
   80 110  92  78  14  15  63  15  50  65  70  26
  110  34  34  85  90  52  46  87  24  84  23  18
   37  30  24  64  18 110  39  28  45  99  84  86
   81  88 100  53  80  27  17  81  74  77  48  20
   88  43  19  49  33  78  72  35  64  62  46  33
   85  62  60  97  84  68  64  78  40  61  70  44
   14  25  42  19  53  16 105 103  97  66  14  32
   66  27 109  80  30  84  19  80 104  45  97  55
   71 104 102  29  58  43  65  83  41  51  55  74
   22  21  14 110 107  75  26   9 115  99  87 108
   26  73  99  18  67  31 103  91  33  64  75  27
   47  84  54  59  33  78  46  52  86  83  44  15
   12  63  86  87  52  88 116 109  23  34  91  16
   44  10  68  39 105  57  71  45
   25  36  25 101  27  51  88  39  74  95  53  51
   86  42  37  93  70  55 100  94  88  58  71  98
   19  44  58  44  60  69  61   7  96  77  80  14
   96  92 102  52  78  53  25  64  39  50 101 103
   69  73  96  60  56   8  40  22  77  30  66  11
   55  56  54  83  94  75  86  54  50  74  77  26
   61  89  20  26  48  20  95  31  99  55  48  93
   68  41  91  85  56  81 101  68  47  11  19  64
   47  60  74  84  54  61  76  63  69 113  67  82
   94  98  85  84  44  46  41  26  35  85 109  96
   64  82  29  46 101  15 104  33  21  78  27  38
   54 102  67  89  69  93  30  81  91  50  37  71
   35  30  23  40  58  25  43  42   7  79  97 106
   29  36  57  38  78  14  89  95  35  43  95  55
   25 110  74 106  21  23  78  16  33  36  21  63
   49 105  36  67  30  20  73  98  31  82  59  44
   88  14  11  26  44  67  26  43
  116   9  88  90  56  96  73  44  29  77  31  45
   40  42  37  92  22  93  16  90  38  41 114  36
   38   6  79  90  40  52  54  89 115  23  59  32
   63  80  25  15  29 104  25  10  49  16  25  74
   49 110 102  60  23 109  59  41  55  49 106  47
   96 105  70  70  11  32  81  19  86 104 116  63
   65  36   9  10  93  18  74 103  50  81  99  36
  102  78 101  85  47  38  68  99  87  48  90  22
   57  57  76  92  63 108  33  72  73  53 106 103
   50  72 105  85  66  51  50  95  17  89  49  52
   94  94  23  87  33 103  55  23  62  58 103  91
   16 115  33  85  79  37  56  78  25  18  60  61
  117  55  73  24  68  63  41  19  98  77  90  36
   58  11 103  60  64  56  66  40 105  46  56  60
   23  89  63  88  37  77  41  68   9  37 113  79
   98  39  99  72  20  89  95  99  97 111  76 109
  103  75 103  75  35  59 107  99
   36 104  67  50  16  24  23  86  84 108  42  68
   82  25  70  72  87  62  47  58  33  64  90  74
   90  37  58  19 112  37  84  37  28  27  59  60
   98 100  15  30  30  97  96  16  85   3  89  32
   81  31  21  42  39  67  89  97  28  22  52  41
   46  92  86  57  39 103  29  82  58  15  90  98
   92  43  61  57 100  19 108  97   7 100 101  84
   69  93  39  95  48 111 103  67  38  35  36  35
   30  53  72  14  76 100  47 106  85  43  35  72
  103  71  42  88 115 108  22  66 103  21  37  98
   48  85  12  35  86  63  68 103  53  85 104  48
   62  53 100  73  26  92 110  57  93  58  88  82
   68  51  80  39  59  65  79  90  26  95  71  40
   70  91  59  43  68 101 105 104  37  90  48  91
   92 108  88  66 103  92  60  32  98  25  55  62
   67  42  65 102  15 101 100  97  21  16  46  68
   29  17 106  78  95  89  86  61
   33  63  67  29  78  26  50  44  54 104  10  84
   50  81  83 107  28  43  26  81  85  80  63  84
   84  23  50  66  66  22  56  35  98 108  63  35
   41  60  39 100 104  32   8 103  57  83  65  56
   90 111  94  94  50  38  75  74  40 106  99  75
   84  80  21  36  28  83  97  59  24  45  92  27
   34  74  78  23  37 100  45  76 100  94 108  12
   23  13  21  39  96   8  25 109  61  75  70  76
   73  97  25  72  38  32  83 111  52  57 112  55
   63  40  15  39  53 103  20  42  92  13  90  30
   27  36 100  22  87  44  75  64  45 103  53 103
   16  29  82  29  29  15  63  50  25  56  28  35
   97 108 100  39  51 110  54  56 101  44  96  21
   37  12  48  70  35  90  35  86  86  92  81  49
   55  57  59  35  12  58  92  55  46  81  57 110
   68  59  23  89  34 105 104  59  97  51  38  69
   74  34 101  12 103  30  52  80
   65  28  57  69  70   8  50  92  70  54  49 100
  107  54  62   9  81 118  65  90  18  19  85  63
   32  64  58 100  13  46  31 101  94  74  82  37
   49  63  79  90  90  41  40  34  90  42  34  27
   45  77  98  26  24  42  42 108  24  45  45 114
   78 103  98  82  85  90  20  68  77  18  42  32
   50  43 101  56  18  76  15  18  40  77  98 115
   70  37 103  74  28 112  76 110  46  62  87  28
   66  38  77  46  21  20 100  65  94  23  80  53
   20 104  87  45  19   2  11 106  68  72  19  23
  108  34  18  53  97  86   6 102  20  67  23  97
  107  16  84  56  90  11  60  88  80  72  64  76
   45  99 101  65  21 112  69 100  15  54  15 108
   43  43  54  36  94  61  38 106 103  89  60  51
  102  89  70  90  45  63  47  57  45  16  38  37
   76  67  83  57 109  40  34 105 106  79  47  91
   55  48  72 103  75  89 110  33
   42  11  98 110  31  87 111  66  75  36 114 105
   35  72  75  33  88 111  51  48  49  79  77  40
   82  77  61  46  86  97  84  60  98  93  86  21
   24  81  13  77  28  86  10  36 103  53  96  12
   43  50 103  39  69  54  99  83  62  22  23  46
   35  36  10  96  32  83  68  90  36  53  40  65
  100  41  64 100  75  64  90 102  82  87  61  63
   40  56  79  32  76  81  36  89  78  96  37  19
   26 102  67 102  29  81  97  91  19  20 100  41
   74  89  97  89  13  65  67  76 101  85 100  30
   45  95  42  40  78 101  72 103  57  53  25  15
    6  48  47  57 102  64  22  78  22  87  24  49
   91  24  22 102  75 104 102  79   7  86  62 100
   37 107  54  53  30 114  43  70  43  95  88 104
  110  98 106  55  56 100  27 105  24  84  68  83
  102  15  49  39 107  76  38 109 113  22  24 111
   85  71  79  51   8  82  83  73
   91  51  82  20  79  21  81  23  51  60 114  31
   17  46  99  53  70  67  93  52  46  27  56  78
   61  60  17  99  76  52  57  95  96  47  51  37
   89  74  69 109  40  83   8  12  64  11  66  52
   92  49  43  53  48 105  27 111  85  14  79  78
   53 105  94  54  76 103  22  12  61  85  98  98
   41  77  82  58  30  61  14  78  66  92  76  10
   29  58  38  46  22  38  85 101  30  43 112  22
   23  41  94  59  71  87  49  87  68  57  96  86
   93  94  42 113  45  31  28  56  46 101  86  17
  100  65  67 105  21  60 107  13  73  72  64  76
   53  62  37  28  39 103  67  55  69   5  63  71
  106  43  94  52  35  33  69  98 103  57 103  67
   42  74  96  46 103  74  67  59  87  40  74  80
   51  50  11  17  56  11  76  50  66  45  71  32
   91  47 102  28  63  47 110  20  70  80  75  96
   32  83  97  44   9 101  43  59
   57 112  78  25  75  50  68  27  28  96  95  96
  104  75  76  60  30 104 113  92  62  58  95  73
  100  17  39  68  99  61  64  91  68 104  25  20
   57 103  91  58  85  82  29  83  98 111 101  92
   47  89  51  87  50  19  73  65  54 108 102 103
   89  19  27  46  35  91  31  44  11  15  63  38
   75  89  97  93  60  16  16  77  36  23 104  33
   47  89  16  22  55  57  38  34 102  96  69  70
   42  80  89  54  47  74  54  17  65 107  77  52
   64  94  45  89  22  77  23  36  80  45  16  49
   93  54  37  12  73 104  45  77  65  27  49  59
   18  53  57 101  49 109  56  96  98  21  26  17
   59  42  22  69  85  75  81 100  81  88  53  49
   11  77  44  54  76  20  22  30  34  44  43  49
   97  85 105  33  37  66  84  53  21  90  48 103
   71  53  83  88  68  15  95 113 107  23  23  56
   82  49  99  57  67  16 102  66
   56  93 113  79  38  35  76  80  54  56  55  72
   21  38  84  88  40  57  95  28  95  90  54  93
   66  79  78  21  84  49  82  42  17  78  61  41
   29 102 117  98  97  65  73  31  19  56  49  71
   59  31  51  46  27  29  29  58  99  71  26  65
   92  15 100  99  97  12  65  88  21  82  29  61
   61  96  34  48  39  40  41  72  82  96 104  76
  100   3  16  90  95  29  36  88  45  88  50  95
  102  78  52  72  78  22 111  53  73  31 116  33
   27  35  70  53  94  37  46  64  45  80  98  94
   63  94  75  43  89  96  99  15  22  45  88  35
   48  87  95  21  17  17  51  89  48  27  41  63
   40  81  80  75  43 104 105  79 105  54  10  72
   91  24  93 105  17  57  40  46  77  26  28 110
   41 100 103  63  51  62  79  67  86 113  53  75
   44  27  82  28  32  54 101  25  96  38  98 112
   17  44  36  69  51  82  91  90
   35 100  22  32  25 105  17 108  19  71  28 104
   14  90  67  92  68  48  47  99  62  59  40  56
   87 106  58  45  65  40  92  78  86 102 108  76
    9  62 101 106  79  79  71  71  94  41  68  93
   65  64  97  32  39  54  43  74 107  29  30  52
   97  50  59  89  17  52 114  99  71  19  95  66
   47  56  41  40  88  31  73  16  39  88  46  70
   40  11  21  35  94  82  70 102  43  41  91  45
   25  73  59 108  98  33  44  30  43  26  40  30
   56  82 101  63  31  26  95  68 103  86 110  59
   71   6  99  55  23  92 107  23  72  84 100  22
   51  91  67  37  89  45  90  66  19  54  94  93
   62  34 103  54  33  85  37  70  76  42  60  15
   58  87  30  46  59  30  45  99  49  70  86  29
   26  19  52  87  17  31  74  31  57  55  93  63
   71  48  40  45  35  93  91  38 109  86  38  16
   50  29  51  63  15  56  43 108
   81  84  13  70  55  19  45  12  28  70  34  46
   47  15 110  18  43  78  99  50  72  28  25  46
   21  50  80  81  67  86  73  36  89  78  12  59
   41  43  94  68  57  75  93  92  64  72  76  36
   38  81  88  67  96  56  23  68  88  42  33  81
   74  25  85  27  55  27  75  18  87  28  25  71
   48  69 100  41  26  25 103  15  59  89  72  21
   47  95  65  85  66  51  62  32  54 107   9  44
   97  27  82  79  90  54  29  35  76  29  36  26
    9  51 106  85 102  97  67  23  84  62  33  29
   30  96  86  48  40  32  77  84  25  77  48  41
   64  75  62  54  79  73  94  26  45  87  85  47
   83  23  88  74  61  52  78  77  17  71  81  64
   13  94  51  82  42  91  87  17  26  49  83  66
   32  14  11  73  54  11  56  98 117  60  32  90
   72  62  78  48  20  93  83  59 103  12  82  18
   41  86 100 103  53  30  27  29
   62  51  75  85  90  78  98  80  23  86  83  66
   86  32  27  16 106  35  73  71  32 110  28  29
   91  86  15 114  56  97 101  50  80  97  56 102
   37  45  89  77  43  72  32  84  95  85  58 109
   33  98  42  71  58  39  82  15  52  84  53  42
   56 108  78  41  20  31  96  40   8 105 108  88
   66  78  42  92  90 104  82  51  68  34  36 113
   73  84  32 101  22  69  20  63  67  50  53  66
   50  22  65 101  89  51  89  82  84  15  67  61
   99  40  91  30  98  33  83  32  85 100  67  57
   89  70 103  31  58  34  98  33  64  61  56  47
   35  71  45  53  88  33  14  63  77  86  56  18
   98  67  21  54  69  58  43  76  12  58  97  19
  105 111  84  94  51  23  58  81  39  39  43  71
   30  23  57 107 112  49  85  86  58  26  54  53
   94  86  66  46  95 104  74  35  14  74  23  41
   66  13  27  78  88  43  77  28
   16  49  33  50  82  48  97  82  94  69  64  96
   65  20  21  52  11  62  64  63  54  12  92  98
   21  42  10  82  44  77  24  93  57   1  50  66
    4  47   6  86  27   6  13  97  78  23  99  97
   12  96  97  39  86  83  44  27  68  91  80  24
   24  84  53  45  28  80  12  62  59  53  14  99
   99  30  18  39  37  93  88  15  63  81  97  16
   76  84  18  87  76  51  29  27  71  80  14  88
   71  30  61  81  92  10  64  68  55  85  21  65
   84  76  33  47   9  58   8  39  65  59  57  24
   90  64  97  37  30  12  51  69  31  94  42  68
   48  62   2  34  38  17  66  20  64  16  74  38
   93  71  70  51  97  51   5  79  54  74  31  96
   43  20   8  31  51  18  98  66  69  54  71  41
   92  68  97  46  21  55  57  31  60  65  31  96
   18   3   6  98  10  27  72  50  54  51  28  17
   74  43  73  20  99  28  14  34
   81  48  17  61   2  20  68  75  41  29  51  49
   63  97  84  37  93  60  49   3  18  63  87  23
   85  62   1  83   3  25  54  82  38  28  71  28
   23  61  38  40  48  25 100  49  65  30  66  95
   87  97   4  33  88  61  41  24   2  63  70  42
   25  59  41  73  13  15  66  13  83   7  19  69
   17  22  32  58  50  59   2  11  84  27  82  65
   81  46  91  72  63  48   7  94  13  74  67   5
   74  78  71  84  52  25  80  31  14  87  16  47
   84  52  60  51  52  17  55  68  67  88   8  39
   38  85  80  12  35  38 100  46  90  87  55  13
   97  83  92  94   8  89  21  83  37  79  10  84
   60  36  91  13  14  56  57  91  94  45  58  60
   60  20  10  65  32  10  86  64  87  52  22  28
   68  98  15  37  77   8  21  81  76  54  59  65
   89  18  10  99   2  94  11  10  58  88  64  31
   65  15  33  10  91  99  39   2
   97  98   3  22  15  65  73  61  10   4  96  98
   81   2  41  67  18  90  67  47 100  43  28  56
    4  76  68  55  93  47  26  50  29  55  29  86
   58  44  99  51  26  96  51  76  66  40  89  34
    6  43  13  39  63  17  11  47  51  14  66  60
   72  30  55  17  22   3  42   3  88  12  86  43
   52  78  41   6  85  66  47  99  52  83  41  79
    9  76  51  37   6  37  96  12  81  97  89  80
   70  34  35  65  98  62  29  30  83  41  59  78
   33  74   8  59  51   4  47  62  32  16  43  19
   60  39  52   5  16  44  25  35  69  42   3  67
   82  88  19   5  12  80 100  89   4  57  65   6
   97  98  24  81  25  29  80  86  11  15  27  32
   70  62  53  72  11  22  37   4  34  86  51  63
   32  89  57  32  89   9  14  33  83  61  66  32
   83  10  56  34  49  56  16  88  37  46  69  88
   89  66  34  65  47  48  19  97
   36  80  63  16  10  26  57  68  83  31  26  95
   54  12  38  61  16  31  63  77  62  99  69   5
   85  78  23  53  74  75  85  79  19  48  23  89
    5   1  94  39  18  88  61  30  42  12  79  15
   59  23   7  91  51  19  97  11  95  49   7  67
   71  10  83   7  53  43  79  24  17  44  44  59
   34  53  23   4  77  59  62  97  15   1   7  26
   16  65  97  26  47  87  76  80  74  50  81  24
   59  85  52  37  64  73  24  48  51  43  31  37
   77  72   6  28 100  85  81  97  76  57  87  68
   59  11  51  12   2  16  99  49  54  92  59  47
   66   8  53  25  87  79   3  47  61  70  29  27
   35  94  50  27  50  14  85  58  49  38  49  80
   72  26  56 100  57  83  20  74  42  66  50   8
   61  78  57  52  49  71  49  11  37  47  32  31
   57  53  11  14  37  88  89   4   6  98  70  96
   88  76  52  37  10  66  34  16
   95  98  73  14  42  11  73  26  13  12  72  38
   26  82   3  23  79  35  77  82  52  13  90  49
    1  85  13  81  64  55  97  73  57  52  77  44
   79  36  63  43   5  98  46  51  90  58  96  78
   72  66  66  64  65  99  85  76  66  68  64  15
   48  11  91   7  66  95  37  12  55  21  51  17
   29  13  60  39  79  31  75  26  82  60  82  55
   90  18  51  32  35  50  28  92  29  35  41   4
   65  75  95  61  14   9  80  89  28  98  60  44
   39  41  81   9  55  60  70  99  70  11  31  58
   52  75  49  60  51  69  90   9  97  34  97  37
  100  43  95   7  48  99  88  11  10  35  59  71
   34  13  72  41  48  23  68   1  60  87  71  61
   58  58  83  65   8  15  85  80  57  68  41  10
   32  59  89  82  38  56  53  57  62  59  32  24
   69  97   7   2   5  30  37  40  92  46  63  16
   39  62   5  38  28  28  59  45
   24  80  68  64  85  47   7  94  55  67  64  47
   91  49  41  46  82  85  70   5  58  56  24  22
   81  30   7  80  51  57  62  50   3  75  68  88
    8  10  39  37  72  69  25  23  41  50  11  60
   91  34  21  48  40  89  11  74  36  69  76   9
   68  13  46   9  58  46  86  18  64  80  98  67
   82  13  20  70  42  28  26  29  11  93  24  31
   90  65  59  49  19  85  16  43  71  79   8  56
   58  61  90  22  26  29  53  54  55  68  20  59
   65  50  52  23  10  31  47  22  79  54  38  16
   98  47  93  52  31  25  18  63  73  88  52  67
   59  24  72  68  59   5  92  57  77  86  61  10
   57  17  62  89  74  24  16  43  44  24  78   6
   14  19  43  97  70  98  37  23  34  35  25  76
   62  88   8  33  48   6  20  58  22  18  35   3
   46  42  60  99  23  83  39  72  89  30  52  28
   19  58  15  59  19  30  79  47
   77  20  56   5  86  51   9  91  32  52  85  99
   57  80  41  68  76   8  97  55  69  25  42  33
   83  40  31  94  32  77  87  46  96  79   1  16
   26   4  29  44  36  29  95  91  11  47  92  36
   98  69  78  72  18  24  79  10  52  56  89  78
   55  27  68  25  44  17  42  11   6  23   8  18
   93  57  26  42  28  53  26  98  95  57   4  20
   53  35  24  54  21  70  16  68  89  62  77  44
   15  27  74  84  20  99  39   6  96  32  70  43
    2  90  35  49  62  63  67  92  69  52  66  60
   81  77   3  55  28  76  10  99   1   4  91  30
   61  30  17   3  39  45  24  90  28  55  15  81
   91  82  61  84  60  69   3  22  29  71  45  35
   64  63  59  83  96  39  87  41  25   7  35   3
   15  91  78  76  99  39  57  90  78   9  81  88
   20  79  26  32  57  45  35   1  93  18  19  89
   97  29  55  12   5  23  87  97
   15  76  36  30  84  87   6  51  77  37  71  45
   30  25  29  47  51  72  50  17  24  24  80  33
    6  48  36   4  25  37  10  55  84   6  66  41
   62  92  43  36   8  60  53  38  44  94  80  71
   68   4  84  80  51  21  97  35  36   2  25  28
   40  25  45  74  54  94  10  14  43  36  46  10
   43  98  53  48  66  56   4  39  95   5  43  17
   90  64  91  36  81  79  42  77  73  15  60  45
   44  62  86  66  45  35  35  91   3  70  91  92
   14  29  17  69  51  94  44  42  60  74  79  53
   59 100   6  72  41  26  75  88  71  29  16  19
   87  10  28  98   5  95  86  91   7  32  38  80
   54  91   5  75  80  69  81   7  89  83  35  29
   63  75   8  23  55  11  15  88  89  79  43  52
   68  91  55  62  63  83  86  91  24  15  46  36
   68  67  15  14  91  47  49  68  59  83  77  65
   14  29   3  94  69  60  99  69
   89  71  29  99  52  12  52  59  62  32  51  51
   16  61  75  29  63  33  27  56  12  85  65  98
   22  62   3  25   8  10   8  11  40  82   3  36
   44  36  63  86  98  32  23  49  38  38  67  19
   50  25  37  94  79  68  28  78  24  48  91  79
   36  51  32  10  23  66  10  86  48  87  39  32
   27  16  89  71  32  54  83  38  89  12   2  67
   79   1  77  99  39  41  96  80  57  53   3  60
   79  66  94  93   7  13  23  39  90  28  93  62
   42  54  70  31  25  37  67  20  57  28  56   6
   12  82  61  71  18  61  65   7  55  28 100   2
   64  53  57  53  34  11  80  64  13  80  68  41
    2  45  75  93  56  92   8  39  86  18  31  96
   59  17  61  91  93  93  71  53  64  53  88  18
  100   9  93  22  86  77  24  12  62  78  70  35
   19  39  78  44   7  89  48  97  27  65  36  59
   37   7  51  93  51  57  58  75
   34  82  21  94  34  82  27  24  12  24  87  26
   49  35  14  35  36   5  29  44  77  82  65   9
   86  79  69  44  88  65  94  29  20  73   8  99
   26  96  86  55  65  90  20  56   7  68   6  22
   30   8  54  35  26  45  86  37  94  79  36  32
   49  67  43  84  14  31  64  20  22  49  62  24
   20  66  13  43  62  82   5  87  17  62  33  25
   62  30   8  85  86  72  48  61  90  34  84   3
   85  24  58  23  91   9  21  95  43  19  37  56
   82  45  79  99  65  36  34  83  56   7  96  24
   33  28  74 100  82  34  85  51   3  21  58  78
    3  44  32  42   4  19  58  64  37  25  98  28
   43  98  26  78  77  42  23  20   2  14  84  19
   92  36  16   1  34  91  34  55  25  23  65  30
   72  34  48  35  94  90  32  41  21  19  77  78
   92   7  54  42  61  99  46  84  89   9  44  19
   49   4  53  22  27  15  87  29
   65  63  36   2   5  31  51  65  84  18  85  46
   48  93  26  35  76  19   2  14  94  49  83  60
   71  31  84  40  14   2  60  14  75  93   9  33
   49  30  69  41  70  24  24  76  18  84  97  66
   12  12  56  31  15  96   8  84  32  23   5  31
    9  66  38  67  35  96  43  84  43  73  98  63
    5  50  24  76  36  70  79  91  94  73  69  66
   81  86  41  51  38  31  81  88  48  22  22  13
   39  65  34  51  79  57  34  24  80  89  77  40
   95  45  64   5  18  96  36  14  87  13  76  54
   82  51  11   7  26  63   7  43  80  92  74  28
   54  75  67  18  93  38  79  61  89   1  47  99
   76  76  49  67  28  69   7  87  61  75  83  78
   36  82  85  51  53  73  58   7  58  20  93  38
   35  86  23  33  14  33  21  70  62   7   3  20
   94  50  28  44  65  97  96  99  71  75  52  32
   51   1  79  81  86  85   7  79
   20  64  83  48  37  69  80  47  50  81  96  12
   44  91  66  56  51  90  71  95  54  64  45  41
   82  98  65   3  17  79  60  89  82  90   6   9
   55  11  28  67  60  23  99  67  69   3  42  12
    4  29  26   4  32  75  69  40  72  17  39  20
   91  25  52  39   5  70  70  93  73  22   8  75
   10  47  24  76  74  12  29  86  75  80  80  94
   69  16  84  87  61  78  94  50   6  28  15  67
    5  24  95  21   9  21  38  90  18  74  89  57
   77  38  47  97  84  64  56  87  83   3  10   2
   67   1  50  13  77   8  67  91   3  68   1  10
   82  26  38  33   2  23  15  30  96   1  15  64
   50  99  70   2  94  55  64   1  10   5  24  25
   25  83  29  32  17  23   5  78  11  55  27  20
   81  12  18  13  52  19  49   7  91   4  43  54
   21  92  65   6   8   8  35   7  67  72  17   6
   65   7  25  46  15  30  22  71
   29  47  69  78  48  36  56   5  69  98  40  55
   91  31   9  92  38  12  76  58  67  96  90  74
   62  23  25  43  40   7  84  45  44  44   5  40
   49  11  49  70  60  62  13  55  11  33  19  93
   64  39  21  67  13  72   2  34  81  10  74  33
   22   4  81  83  16  87  94  82  76  75  15   9
   45  58  76  21  91  11  38  55  19  84  91  29
   57  11  57  39  67   2  86  61  38  48  58  53
   90  22  81  49  73  72  96  65  66  31  73  97
   78   8   9  20  48  92  32  86  43  54   2  33
   61  41   5  72  31  83  58  97  10  89  11  83
   83  47  39  83  70  24  48  28  15  68  75  31
   93   7  86  84  14  46  76  60  10  73  72   9
   46  54  27  62  19  36  26  31  51  43  83   6
   98  81  44  56  44  36  81  34   1  70  97  66
   14  31  28  63  54  41  33  15  26   5   7  88
   60   4  70  33  19   4  76  76
   44  99  94  38  63   4  53  21  82  29  97  11
   94   6  37  32  76   2  67  44  90  21  68  44
   85   1   8  64  97  19  38  72  47  83  97  73
   40  44  13   6  69  82  92  45  15  18  34   6
   39   6  21  33  94  35  20  12  17  33  86  61
   28  63  60  37  38  25  69  32  39  50  24  71
   12  11  23  21  24  14  50  78  25  99  76  78
   55  49  57  94  38  73  35  33  83  26  37  36
   85  90  76  82  29  89  55  88  79  81  56   6
   90  59  53  19   4  54   4  51  42  31  49  63
   19  91  22  47  30  73  35  36  60  50  90  94
   78  31  75  26  40  62  63  68  85  25  14  95
   42  37  70  20  23  50  65  85  27  54  16  75
   39  74  23   7  30  72  77  36  57  45  53  50
   63  24  12  77  75  79  98  78  10  17  46  51
   66  74  73  30  32  31  85  83  78  99  71  18
   64  27   9  75  33  98  58  32
   91  98  71  60  10  16  17  86  60  71   9  94
   76  45  65  25   9  86  18  82  23   9  18  43
    5  94  34  45  53  93  49  98  89  23  67  78
   47  66   7  25  80  73   5  50  59  63  14  30
   70  22   6   8  19  99  68  95  25  19   8  70
   30  65  45  79  88  92  21  34  73  23  90  14
   75  43  30  67   3  11  30   9  79  48  97  18
   48  45  60  44  67  58  59   4  15  13  54  79
   81 100  25  21  80  79  62  47  39  75  80  40
    2  82   7  54  31  60  87   7   7  37  85  83
   26   7  81  39   1  31  72  93  64  40  73  34
   63  30  15  17  64  63  48  62  49  71  38  60
   18  52  68  67  87  69  39   7  92  57  68  70
   83  14  91  16  29   7  59  67  16  68  43  18
   46 100  28  27  40  71  18  21  34  16  34  94
   84  37  15   9  61   5  14  91  55  55   6  39
   70  92  78  13  31  88  40  43
   42  83  88  97  22  93  49  59   5  92  19  72
   84  23  28  89  77   1  30  41  23  17   2  27
   86  33  43  23  53  86  79  77  36  87  57  13
   67  21  47  23   5  42  43  78  29  82  63  20
   46  45  48  64  81   9  63 100  87  23  95  90
   39  13  56  70  34  76  81  49  93  83  28  11
   63  79  77  12  11  81  37  79  29  82  33  20
   32  46  18   8  58  12  67  93  71  89  80   2
   56  66  80  28  22 100  11  43   1  23  42  90
   48  40  67  87  45  31   1  26  92  48  83  68
   17  16  78  52  69  36  71  90  21  78  72  65
   70  91  15  36  35  93  55  34  60  77  72  62
   13  11  72 100  82  32  80  99  82  56  47  85
   50  68  47  55  47  30  77  82  56  74  58  11
   85   8  34  60  65  12  73  23  51  39  65  63
   20  19  26  22  72  50  92  11  34   8  27  16
   53  40  14  95  99  68  60  84
   29  44  29  75  54  33  66  46  30  35 100  16
   24  87  27  26  10  82  44  71  64  68  59   2
   70  46  80  21  14  74  22  87  85  62   3  17
   83  77  46  75   8  40  81  88  64  25  39  32
   62  64  59  40  18  41  82  98  49  94  57  50
   82  21  34  91  45  68  69  73  71  39  24   2
   99  92  64  37  73  42  61  95  39  55  87  46
   50  53  26  14  64  14  58  78  42  69  76  74
   50   6  71  89  60  63  43  67  48  39  94   6
   93  82  35  59  83  99  74  33   6  49  32  90
   57  47  29  49  35  62  92  79  44  18  53   8
   93  92  47  16  96  21  16  39  70  88   5  66
   39  41  62  45  29  73  45  73  72  38  12   6
    6  43  27  51  71  49  58  73  16  71  80  91
   88  81  71  79  47   6  14  62  49  23  95  25
   61  68   9   4  53  31  51  90  98  56  23  32
   76  43  31  30  70  43  86  39
   51  78  29  12  97  68  70  50  94  55  73  94
   80  10  80  94  49  11  91  11  59  51  70  15
   29  31  41  90  37  65  87  30  24  78  56  40
   90   4  53  34  99  88  45  39  74  89  62  93
   96  75  93  45  14  23  87  53  30  24  58  87
   13  78  75  30  89  97  74  73  48   5  47  19
   40  34  50  81  73  28  98  86  22  43  69  69
   16  46   2  77  50  13  92  67  78  34   2   9
   16   6  51  80  38  41  22  73  83  59  56  90
   48  92  57  42  92  83  90  52  36  87  79  55
   59  67  13  96   4  99  36  33  72  71  57  31
   29  80  46  67  98  34  33  34  66  52   8  28
   77  66  23  62  41  16  91  57  24  55  87  46
   56  46  45  73  28  63  59  92  90  91  88  69
   55  27  48  80  95  77  18  14  45  59  37  67
   99   2   6  50  14  46  85  83   6  41  98  96
   51  49  28  34  89  44  17  47
   58  67  51  62  24  95  47  63  53  94  81  98
   18   4  45   4  80   3  24  55  98  14  94  70
   18   2  27  12  80  74  81  81  18  81  12  26
   55  13  63  31  10   3  74  27  88  27  75  86
   94   4  88  24  21  92  27  93  52  95  98  94
   67  58   3  69  35  67  28  97  18  51  60   8
   71  80  73  64  40  69  35  77  63  73   6  98
   71  89  37  22  89  57  72  83  30  59  49  60
    3  20  95  74   6   6  32  86  32  24  70   2
   63  27  18  68  78   7  70  73  44  98  18  50
   22  80  42  70  63  70  16  50  15  32   7  47
   12  68  71  61  84  25  60  36  55  91  18  54
   35  96  76  43  33  14  64  70  44  58   1  49
   61  86  96  30  65  98  55  11  31  34  72  27
   25  78  37  58   7  57  27  28  27  37  17  99
   30  29  69  78  50  85  43  14  16   1  84  96
   47  12  36  58  55  96  30  75
   78  42  23   7  46  62  91  74  89  32  30  14
   23  57  74  28  53  89  58  70  89  32  14  41
   38  33  72  87   4  91  62  10  90  54  12  52
   99  16  46  10  32  21  90  25  84  60  67  89
   56  74  98  42  42  53   3  72  35  34  99  16
   29   2   4  57  15  90  32  30  80  84  97  17
   14  13  13  48   3  56  86   2  30  43  29   6
   79  48  47  35  33  97  46  14  69  64  30  14
   67  70   3  58   5  85  64  15  56  28  14   1
   94  65  50  83  92  14  68  78  21  35  64  46
   49  44  31   1  43  99  60   1  69  12  41  55
   93  38  63  21  76  84  13   3  79   6  75  55
   63   5  36  79  85  33  75  27   3  90  74  96
   69  25  12  35  39  33  67  40  63  61  15  54
   93   2  29  71  76  96  83  33  61  37  50  28
   91  61  96  93  13  56  93  19  66  59   6  37
   94  54  98  32  35  72  37  35
    7  42  51  51  29  33  37  58  66  37  94  12
   80  53  53  51  12  11  17  46  83  71  73  96
   93  23  86  32  24  84   3  11  35   6  45  21
   64  63  21  82  34  67  12  41  42  54  83  76
   66  92  79  94  66  77  22  33  80  38  15  57
   26  30  40  66   1  39  61  83  81  82  20  66
   26   4  37  98  70  80  16  97  31  16  35   7
    3  45  57 100  63  32  23  83  67  72  51  89
   49  88  43  81  24  34  77  54  85  91  15  29
   10  74  91  59  48  26  29  27  36  16  24  44
   86  49  55  53  90  55  79  24  23  95  35  59
   34  61  38  89  57  73  86  74   4  81  57   4
   64  65   4  98  10  36  64   8  92  31  54  10
   41  21  67  15  66   5  79  61  57   9  45  16
   84  92  98  78  95  43  54  76  21  79   5  65
   68  47  24  34  26  24  64  98  61  16  59   5
   22  59  22  30  36  20  42  78
   54  35  17  41   1  34  99  59  42   7   6  26
   41  46  89  98  99  31  47  26  54  23   7  37
   74  73  32  50  70  17  25  70  85  75  22  85
   99  57  96  72  27  55  57  91  22  49  48  91
   70   4  50   5  95  70  79  50  58  86  89  34
   53  76  67  47  12  48  39  66   1  95  63  54
   25   2  37  61  23  33  92  20  69  42  98  54
   74  67  57  68  87  34  10  55  89  52  32  94
    1  20  36  51  75  18  69  74   4  16  16   2
   13  68  94  54  66  15  61  42  61  82   9  57
   32  82  62  82  51  14  87  82  23  60  82   9
   90  92  82   1  32  66  60  82  61  23  21  62
   30  90   8  37  22  83   2  88  61   2  16  84
    4  29   2  77  45  39  47   9  15  88  73   4
   78  21  39  72  37  66  40  13  29  39   7   9
   27  41   6  29  42  59  39  30  19  67  44  50
   38  24  97  20  18  74   8  50
   14   8  81  72  60  82  55  22  14  36  68  80
   80  61  84  76  34  66  39  51  17  79  32  66
   38  45  29 100  73  24  66  48  66  95  44  21
   26  55  33  49  30  17  68  79  25  10  53  75
   21  82  58  19  97  98  21   7   1  40  47  54
   45   6   8  95  11  13  42  80  44  94  57  74
   62 100  27  62  47  98  91  46  46  75  59  43
   78  31   5  89  27  85  70  39  41  75  66  61
   41  54  69  43  12  93  23  89   5  81  39  23
   40  22  94  80   6  38  36  19  54  70  76  12
    9  74  94  49  55  25  37  38  52  13  20   5
   20  47  24  90  50  52  97  54  98  71  56  72
   91  65  83  39  19  11  30  64  40   1  12  76
   81  49  14  20  36  82  88  58  63  48  54  69
   91   8  96  51  16  43  70  18  97  50  95  98
   65  45  58  43  17  59  16  17  14  41  88   2
   87  56  66  97  36  89   6  21
   30  55  17  13  96  91  43  20  55  34  22  44
   94   7  53  94  76  61  11  10  36  67  40  47
   81  22  63  89  95  44  72  43  34  76  37  37
   25  85  95  23  70  59  63  79  47  13  27   4
    5  80  49  20  64  23  62  75  24  23  75  39
   51  88  69   4  90  48  98  87  58  57  91  31
   44  90  51  95  11  50  50  71  95  59  38  66
    8  65  37  17  33  39  43  78  27  74  23  33
   20  89  21  84  16  26  51  61  93  46   4  13
    3  40  40  17  67  18  97  68  85  15  85  90
   28  88  85  28  40  22  54  49  39  19  22  45
   17  10  92  33  39  44  40  49  42  98  18  58
   39  73  46  43  15  88  24  15  28  90  21   6
   11  48  81  70  68  55  22  89  79  28  34  65
   97   4  80  24  48  47  99  15  30  45   2  11
   15   6  72  10  51  62  69  30  57  73  23  17
   25  18  39  35  23  98  94  76
   89  82  11  62  71  30  65  96  45  31  19  51
   38  20  98  38  31  37  90  74  60  26  33  80
   17  34  20  82  47  16  97  11  52  29  70   2
   85  35  95  94  58   3  85  33  34   3   6  67
   34  13  79  51  29  14  82  43  50  91  46   8
   79  37  54  12  56  45  49  28  71  17  25  34
   73  56  32  12  64  73  73  49  99  81  10  37
   92  99  54  70   8  52  74  52  67  67  94  86
   46  76  91  83  73  19  98  59  35  36   3  32
   70  74  46  28  73  86  25  73  93  29  90   5
   34  61  48  59  53  51  60  79  64  67  40  13
   34  85  59  14  86  85  41  37  96  51  66  46
   97  72  68   7  76  43  36  90  72  62  13  72
   81  31  95  34  55  59  40  60  98  59  51  41
   71  47  91  70  87  46  79  49  18  82  84  79
   83  87  34  70  65  97  10  37  96  52  46  95
   63  97  33  68  11  84  17  85
   13   6  91   3  50   3  53  73  75  49  15  48
   16  93  85  31  12  46  83  85  10  76  38  40
   72  17  90  80  68  59  92  54  81  57   5  70
    4  26   3 100  38  40  70  73   2  35   2  81
   19  10   4  78  26  22  93  75  70  89  98  50
   12  94  59  35  20  75  24  29  73  36  55  87
   64  38  23  30  95   7  12  35  80  25  14  44
   42  39  35  56  17  56  89  35  49  43   5   4
   97  29  18  45  29   3  78   4  22  15  43  86
   68  76  84  60  66  59  83  52  29  97  31  51
   78  84  31   6  48  75  97  28  82  86  56  87
   38  94  41  19  80  37  99  13  85  13  90  26
   44  82  81  72  53  65  52  28  24  43  93  30
   77  59   8  76  45  17   6  26  70  79  12  99
    7  74  60  77  19  85  95  99  83  61  75  71
   85  11  65  55  24   1  45  75   7  63   2  19
   53  88  36  29  94  28  60  17
   59  91  16  37  52  48  28  52  98  43  58  28
   86  69  90  30  49  15  55  17  60  58  20  37
   36  68  99  32  36  10  48  36  60  37  62  76
   52  97  80  69  95  30  84  28  19  67  98  52
   92  32  86  40  26  41  58  75  75   2  61  40
   35  16  90   4  44  74  78  31  82  62   2  78
   74  57  79  92  82  29  73  14  15  37  85  75
   21  36  61   2  91  72  88  10  61  81  96   8
    5  96  57  96  40  37  85  70  27  19  37  16
   69  49  10   8  11  25  44  19  38  39  24  10
   80  73  74  34   8   4  61  40  34  97  94  65
   16  15  26  41  49   8  49  90  74  21 100  29
   73  88  57  62  71  41  40  91  34  98  12   9
   69  73  76  96  28  72  81  32   5  90  16  84
   33  19  11  12  90  38  40  69  97  22  18 100
   15  38   4  43  46  42  95  26  39  86  38  70
   79  13  14  90 100  57  50  91
   65  83  73  31  70  98  26  27  43  25  28  38
   57  19  52  93  38  33  21  21  55  21   7  47
   29  33  27  98  29  20  51  97  72  28  95  66
   23   4  23  27  96  92  48  96  54  38  32  93
    8  81  85  34  16  62  65  31  85  20  79  98
   73  90  83  47  84  10  80  85  71  12  23  24
   36  29  12  67  27  90  95  22  43  28  72  88
   32  66  86  71  87  34  35  70  53  53  58  82
   23  49  49   7  35  41  46  38  79  50  38  70
   93  94  61  95  63  89   1   5  22  51  90  88
   53  93  11  33  87  28  94  25   5  64  18  48
   32  12  10  87  47  77  44  23  73  68  47  34
   85  86  89   2   5  36  93  99   2  18  28   5
   93  31  10  90  48  72   7  29  81  41  33  90
   56  29  51  44  85  30  72  57  31  37  58  95
   99  39  16  24  51  25   4   5  90  82  25  99
   73  94  34  67   2  47  34  66
   78  84  83  13  81  58  16  63  29  21  58  64
   34  64  65  21  40  58  19  18  23  52  34  20
   84  76  53  71  57  39  49  96   6  31  26  98
   22  19  15  62  27  51  77  49  74  57   7   4
   43  44  23  48  47  98  77  83  26  88  51  92
   50  60  54  37  21  41  28  57  67  35  40  76
   49  31  91  92  55  91  11  87   6  64  58  22
   49  72  20  34  63  22  16  44  56  95  94  50
   66  58  32  33  61  53  36  49  37   4  43  38
   22  13  22  18  71  64  67  84  71  19   5  16
   39  20  91  69  19  88  12  81  86  26  81  68
   48  14  45  26  36  14  77  30  17  64  82  36
   82  86  93  78  58  81  75  72  97  27  21  13
   82  83  51  73  26  89  22   8  71  63  13  49
   89   4  38  11  83  88  37  86  84  76  82  48
   53   4  76  48  81  86  47  18  89  24  57  69
   27  90  95  93  74  44  82  62
    4  98  23  19  51  14  36  70  84  41  75  61
   79  69  82  24  96  25  86  28  81  69   2  77
   68  99  29  14  74  51  55  14   5  92  52  88
   49  30  78  88  83   4  78  97  71  92  82  36
   61  10   6  59  85   5  51  62  64  62   8  70
    6   4  47  50  99  86  30  99  25   4   4  56
   44  83  98  92   9  92  32  15  54  30  10  67
    1  34  19  31  57  76  36  21  17  66  23  88
   58  49  26  21  47   5  79  44  36  49   3  15
   61  36   1  30  45  52  64  20  97  24  71  53
   15  11  83  33  76   8  51  97  49  49   8  22
   86   2  76  19  27  69  61  33  95  92  56  49
    3  47  41  86  45  45  78  97   6  34  20  75
   52  97   1  45  40  55  45  70   9  63  61  50
   85  13  42  17  81  31  68  43  95  82   7  35
   12  65   8  33  99  15  12  18  16   3  41   2
    2  36   7  36  85  58   4   7
   75   5  47  65  91  82  83  25  22  10  78  46
   35  78  35  31  18  49  72  47  74  48  30  30
   24  69  60  83   6  74  35  74  74  90  45  43
    4  14  93  90  82   7   7  89  17  99  23  78
   32  89  99  63  68  41  13  17  84  83  54  77
   56  18  33  54  76  10  75  22  55  90  24  20
   18  61  41  59  11  90   4  14  95  11   7  29
   49  25  63  13  68   2   3  44  67  77  71  68
   74  55  33  95  38   6  68   7  24  66  76  47
   12  43  72  30   2   6  88  36  10  95  74  14
   69  18  98  77  31  46  43  10  62  23  11  60
   49  54  20  44  92  17   6  47  12  51  21  20
   44  68  37  79  43  45  40  12  79  25  35  69
   41  18  43  72  34   5   4   7  79  29  72  27
   18   4  23  54   6  10  45  78  18  92  47  53
   44  68  53   2  93  17   6  15  92  86  64  49
   82  94   5  30  24  24  20  48
   77  48  35  73  33  92  67  75  52   2  94  19
   56  21  27  10  89  69  92  30  19  40  48  33
   35  97  69  46  53  81  59  69  11   4  41  78
   69  51  64  20  15  83  98  15  53  32  40  59
   18   4   8  20  64  78  42  38  69  10   9  30
   36  24  97  82  89  21  19  57  78  74  10  90
   76  31  29  91  77  11  57  40   2   9   3  93
   91  90  94  80  13  97  84   3  55  45  48  36
   32  18  86  31  78  79  23   9  56  63   3  65
   47  77  96  72  58   3  97  70  19  94  23  77
   84  79  13  83  30  61  31  50  57  14  63  16
   89  86  23  90  73  99  41  57  81  50  77  73
    7   5  11  69  66   9  48  49   3  75  15  90
   78  93  63  44  83  28  68  33  28  13  27  56
   47  58  61  85  99  47  17  63  65  35  61   9
   52  52  86  14  85   2   9  43  20  60  65  35
   30  77  19  99  15  78  55  25
   54  83  56  42  44  97  52  10  37  50  63   6
    7  60  41 100  33   1  39  21  96  99  19  46
   86  39  45  12  94  56  87   7  19  43  21  76
   58  46  23  18  22  67  77  85  19  62  74  87
   66  41   6  87  83  69  69   3  96  67  67   5
   35  10   7  22  33  25  99  36  29  98  63  82
   67  68  18  52  97  29  89  91  72  26   9   2
   48  65  12  37  89   2  37   7  63  49  29  76
   40  74  39  65  98  98  19  47  18  97  28  49
   86   4  31  57  92 100  93   8  34  30  90  92
    9  86  98  61  23  20  98  14  85  35  79   8
   11  89  32  55  17  98  52  22  29  30  40  27
   73   7   3  48  84   8  49  15  98  64  95  12
   59  64  60  77  12  49  67   9  10  16  47  51
    9  15  33  12  69  53  63  46  57  90  80  68
   43  42  32  46   3  79  71   2  14  26  55  13
   63  61  45  10  39  20   9  79
   64 100  22   7  81  16   5  51  33  75   6   9
   76  45  36  75  28   3  69  59  66  33  39  78
   32  37  41  60  25  22  30  44   6  10  23  83
   96  31  98  37  81  27  94  79   4  52  10  93
   68  69   7  73  42  54   5  25  51  91  87  64
   83  80  97  19  88  26  40  27  75  49  78  37
   14  77  41  11  37  53  13  17  36  27  44  39
   65  61  41  70  39  30  75  14  33  17  78  83
   82  18  40   7  85  38  14  20  99  95  14  69
   44  19  14  15  98  45  49  26   5  26  17  81
   64  21  74  75  40   3  40   7  56  54  92  91
   96  68  72  53   7  51  81  26  93  17  79  56
   26  91  91   2  30  14   2  29  96  32  53  18
   75   6  53  58  78   4  67  50  77   8  24   6
    5  11  12  48  56  16  80   9  85  36  40  35
    9  96  62  80   3  33  79  11   7  93  84   6
   18  35  32  51  95  25  37  47
   20  57  23  96  28  87  30  84  55  47   5  77
   96  72  13  59  40  44  14  55  65  84  60  33
   45  56  92   5  44  67  49  20  18  64  56  74
   16  39  34   6  79  24  94  91  41  94  42  53
   27  67  73  55  54   2  77   1  33  98  34  39
   64   4  17  59  42   2  90  94  54  20  14  18
   78  30  35  46  85  44  96  37  38  17  32  92
   90  44  67  56  91  66  22  11  80  64   5  85
   87  61  21  50  38  24  62  15  47  58  19  34
   23  15  67   5  66  86  81  64  69   7  24  92
   18  53  50  14  87  43   9  92  47  39  39  35
   60  43  74  90  78   2  40  50  47 100  51  49
    6  70  17  61  83  82  40   6   3  52  13  42
   77  34  20  72  16  28  40  43  15  73  44  38
   65  54  91  88  52  94  40  63  50  62  33  78
   27  66  10  87  41  57   3  88  46  31  34  21
   85  22  18  67  94   8  63  52
   55   2  40  87  28  53  42  92  88  16  21  14
   13  34  26  44  75   2   5  25  49  59   7  47
    6  95  75  49  14  51  56  19  43  11  90  91
   58   9  20  53  27  31  82  34  10   7  18  16
   71  18  61  29  70  92  46  51  66   9   8   8
   16  91  75  74  75  14  81  75  99 100  51  80
   39  21  15  11  47  94  94  35  71  89  16  70
   60  22 100  81  61  56  68  83  17   6  39  38
   72  33  30  55  68  46  57  94  46   5  34  65
   42  16  74  21  94  34  89  68  39  64  87  59
    9  57  77  95  36  14  65  26  52  84  57  50
   85  65  55  15  64   2  61  14  14  90  76  92
   60  72  98  41  24  39  26   2  28  30  52  61
   91  34  73  59  33  87  80  80  68  75  64  58
   14  31  15  77  82  36  20  67  85  21  64   8
   34  64  35  27  37  94  13   2   2  85  80  55
   34  62  18  63  36  96   3  45
   54   9   4  31  73  84  34  22  65  50  54  33
   84  75  34  23  66  56  24  79  24  21  51  21
   50  27  24  92  21  62  32  72  86  42  42  66
   80  13   2  12  16  51  39  73  84  63  59  47
   57  83  51  58  86  77  79  62   4  41  90  43
   19  96  11  16  23  99  44  24  85  34  76  41
   57  13  73  71  67  80  77  46  26   8  14  31
   20  99  86  16  20  86  79  24  73  32  54   7
    9  27  54  46  33  92   3  54  34  79   2  70
   78  70  32  65  14  73  57  40  66  30  17  24
   42  10  33  77  27  12   6  89  86  66  16  78
   65  31  23  93  88  94  67  14  61  76  67  47
   67  23  23  30  70  13  13  31  15  53  95  48
   24  80  10   6 100  62  72  63  27  93  81   5
   65   3  14  47  58  43  26  35  28   1  56  45
   75  91  20  81  81  60  12  78   8  81  10   2
   94  58  68  44  61  25  21  30
   68  15  93  81  95  13  95   3  95  37  90   4
   92  15  44  27  44  57  58   3  45  61  70  46
   27  10  53  59  55  73  18  28  33   7  10  26
   97  50   8  13  26  32  32  33  25  64  35  18
   44  46   6  84  63  63  68  35   1  85  85  59
   12  70  53  31  85  60   5  12  48  83  10  47
   61  56  71  70  23  76  31 100  66  32  66  41
   62  95  89  82  15  25  48   2  66  65  28  60
   94  45  49   7  13  82  67  75  70  77  76  85
   52  20   3  44  80  83  11  43  11  27   3  59
   37  97  12  56  88  26  12  85  30  30  11  81
   62  14  52  66  23  66  16  47  83  64  17  18
   54  68   8  57  78  26  75  32  37  70  44  91
   46  21  73  74  60  82  59   4  65  47  31  88
   87  91  58  24  85  78  43  89  56  56  24  55
   33  61  78  70  82  14  15  76   9  20  81  96
   53  73  62  43  89  51  74  11
   24  33  94  37  50  83  57  98  91  46  85  60
   67  99   9  84  63  42  19  52  33  86  80  59
   96  64  22  23  42  24  38  72  25  29  94  58
   65  64  21  46  54  29  14  19  47  39  40  78
   68  30  32  42   8  53  87  44  25  75  74  37
   43  84  26  89  56  82  43  90  23  88  94  41
   70  41  15  62  92  94   7  93  50  21  41  89
   72   9  53  23  53  63  47  83  56   8  95  76
   12  84  36  28  17  49  73  77  35  77  82  85
   97  60   3  25   4   9  40  90  20  47  69  91
   77  20  33  55  77  88  40  26  87  30  64  64
   41  39  51  51  41  29  11  80  57  29  20  65
   23  85  23  37  44  62  32  43  89  41  27  47
   98  19  53  31  74  13  25  94  89  53  22  54
   83  92  92  42  63  95  52   9   2  47  82  24
   40  49  33  70  85  20  21  52  14  94  29  86
   67  26   9  12  56  85  78  80
   47  65  35  28  19  29  21  38  80  30  20  46
   21  71  84  92   5  78  39  40  70   3  83  74
   28  16  91   6  62  15   8  67  31  19  52  17
   66  72  18  32  70  42  72  19  24  18  53   3
   78  13  76  34  57  65  27  88  59  36  65  61
   58   8  25  74  96  88  14  71  95  10  12  20
   47  25  73  12  16  12  25  61  41  72  67   5
   36  31  76   6  85  36  97  48  50  58  54  39
   62  92  39  13  28  58  22  22  28  96  42  46
   14  73  16  87  13  76  32  71  26  18  50  46
   26  34   8  84  59  84  13  81  46  50  46  58
   81  38  65  55  31  76  97  39  37  19  46 100
   13  42  86  51  46  45  68  27  97  50  14  89
    2   6  20  20  67  79  55  27  73  66  62  39
   77  83  59  11   5  70  35  19  59  89  52  63
   16  31  49  68  21   3  35  81  98  40  93  73
   44 100  82  37  24  64  31  92
    207   204   204   203   211   187   212   213   207   200   215   178
    200   207   191   210   211   225   201   200   199   189   201   191
    224   209   209   213   208   189   177   204   190   195   193   196
    188   200   217   188
