 10 250
  100  27  64  45 102  92  47  91  98  37  26  39
   97  90  41  19 108  56  83 116  53  60  62  75
   60  89 101  62  48  69  76  41  40  49  42  41
   47  57  19  83  20  64  61  86  21 100  40  89
   14  27 102  86  57  26  86  81  96  23  85  83
   42  96  29 100  19  30  24  55  28  40  17  34
   74  84  78  59  96 100  27  55  55  17  59  94
   75  15   6  19  69  23  48  62  90  96  62  22
  100  78  70  17  33 117  67  82  91  68  63  73
   98  21  99  60  16  67  31  44  17  40  40  89
   83  54  37  53 105  89  86  90  78  48  32 103
  100  62  62  99  36  83  18  15  51  94  36  44
   20  68 107  90  28  69  39  75  34  40  44  54
   25  29  38  78  60  68  92  44  18  35  30  29
   57 100  29  77  30 113  49  99  31  24  62  34
   37  55  84  18  70  26  34  97  80  36 105  34
   76  54  99  15 104  43  45 103  17 105 115  31
   24  75  23  24  35  46  21  50  94  44  64  19
   87  90  99  63  55  66  45  90  33  72  35  48
   49  49  31  82  48  50  47 106  44  45  50   8
   53  35  23  21  24  73  78  41  53  27
   48 114 100  30  57  55  54  98  93 102  38 117
   65  79  58  71 107  77  63  72  17  17  76  96
   92  48  19  71  83  46 109 116  53  26  53  32
   52  87  34 109 103  95  69 104  31  79  69  91
   32  76  60  57  71 108  75  56  62  79  68 103
   32  88 103  42  49  57 104  78  75  38  88  72
   91  84  29  65  21  74  38  19  89  33  90  55
   74  83 115   7  87  91 102  27  41  92  60  83
   54  83  42 101  43  87  27  65  91  76 100  51
   85 117 113  55  50  98  82  50  54  14  83 103
   56   9  40  47  78  54  83 117  33 106  89  64
  100  70 109  57  25  31  88  64  30  42  72   6
   54  48  89  81  32  87  30  72  50  25  17  59
   83  96  63  88  46  20  41  17  22  45   8  14
   90  41  76  52 106  87  78 108  77  31  41  56
   18  80  22  52  76  48  37  87  24  15   4  27
   59  68  33 102  35  85  18 103  28  45  88  53
   20  19  96  94  36   7  32  30  37  80  76  67
   76  51  36  25  75  71  95  60  86 100  58  54
   73  50 114  86  17  56  87  98  41  60 106  40
   89  59  69  55  92  46  94 111  97  81
   55  71  98  99 112  66  44  98  58 100  19  60
   42  65  75 101  93  66  47  14  67  82  15  98
   14  81  13  59  38  82  47  65  58  75  87  26
   26  55  57  27 107  56  41  41  22  70  22  37
   59 106 103  47  76  30  17  50  46  58  23  71
   71  97  69  89  26  43  57  42  76  38  39  68
   42  24 109  93  27  17  81  49  80  54  40  87
   41  66  63  13 104  33  91  78  63  74  38  52
   85  86  33  89   5  72 110 104  91 106  19  67
   89  68  45 108 100  33  98  30  76 104  35 103
   62   6  92  58  76  51  57  40  18  69  74  96
  101  65  29 111  43  33  18  38  48  99  72 115
   91  64  56  18  46  46  58  13  75  17  47  46
   84  14  41  64  69  21 110 104  70  90  93  53
   14  62  41 112  68  92  36 101  18  53  54  27
   50  20  12  77  55  41  27  22  53  62  19  16
   17   6  65  60 103  38  77  58  86 105  96  29
   72 103  75  65 107  38  90  19  36  10  25  84
   61  85  54  99  56 103  62  85   9  55  82  83
   57  82  48  72  60  99  83  12  28  33   3  59
   30  24  66  52  35  64  93  54  84  65
   81  53  69  28  50  18  71 101  20  90  80  88
   99 101  51  98  29  54  92  67  88  22  58  96
   94  81  43 103  64  12  97  30  65  58  68  61
   74  57 109  60  10  29  49  41  95  60  77  58
   87  27  80  22  30  39 109  12  50  93  90  97
   30  72  98  49  77  19  31  31  68   4 106  86
   22  32 105  39  27  56  50  40  40 111  72  37
   63 104  55  38  79  63  37  83 106  75  87  17
   38  65  74   8 100  60  70  87  95  23  72 113
  117  74  30  55  95 111  79  45  38  42  94  24
  113  31  77  64  94  18  43  57  79  12  87  33
  109 106  57 104  57  80 109  22   7  87 112  97
  100  98  28  60  63  43 104  20  34 107  48  57
   80  28  35  21  40  87  89  63  83 107  53  28
   60  87  36  92  76  41  84  99  30  94  50  30
  102  28  82  75  74  32  43  82 107  46  65  14
  104  72  68  18  76  79  97  20  94  98  96  68
   44  28  79  56  28  72  90  50  69  88  64 106
   32  17  99  58  66  23 100  88  56  29  42  87
   40  86 115  50  33  98  49  93  74  32  22  78
   25  35  40  89  25  64  89  95 100  37
   14  90  85  37  50  32  94  89  44 111  81  74
   51  66  78  69  49 101  46  38  19  28  97 105
   48  99  88  58  56  85  33  27  75  96  66  60
   90  97  60  45  63 104  75  51  46  97  78  65
   62 109  43  94  76  30 108  32  42  59  44  48
   97  42  75  87  40  90  85  47  61  97  58  25
   56  24  48  83  30  68  41  10 103 105  51  20
  101  25 101  55  24  59  14  14  87  52  39  47
   71  80  94  37  89  38  81  60  57  83  38  43
   37  13  88  89  37  56  16  52  57  53  11  45
   18  52  89  62  40  99  97  45  81  90 111 100
    9  32  36  79  47  94  29  89  51  71  90  37
   85  95  91  56  58  62  93  44  63  41  35   9
   75  28  40  47  95  10  49   6  30  83  53  99
   73  15  26  33  29  35  12  75  33  72  21  33
   65  94  98  23 103  79  60  38  41  17  22  76
    7  96  28  80  69 107  41  68 101  12  52  13
  111  89 100 101  84  99  63 108  10  39  27  25
   95  71  15  65  58  67  51  98  97  27  77  90
   54  11 111  19 100  64  25  40  58  43 102  56
   60  66  44  61  75 112  66  37  26  89
   90  42 104  94 103 102  92  86  34  46  90  76
   62  98  39  97  33  58  94  92  27  73  91 106
   28  71  32  21  63  70   5  70  17  61  55  24
   72  47  56 103  29 105  28  43  99  12  44  41
   98  71   4  97  95  99  45  86  21  74  10  95
   16  76  99  18  18  55  89  95 103  18  19  76
   34  77  43  92  66  37  20  99  31  96  72  31
   48  64  93  33  16  10  79  56  60 109  83  63
   76  31  77  38  78 108  29  48  53  43  84 102
   86  20  53  56  50  33 104  62 101  51  78  68
  110  36  65  25 112  55  29  61  28 101  40  60
  107  64 100  52  77  32 104  91  88  46  95  77
   25  64  37  28  63  98  68  96  53  58  74  62
   39 108  68  56  95  91 102  93  75  80  82  31
   64  88  33  72  34  45  33  65  92  77  89  98
   31  61 108  38  95  77  50  71  74  58  42 105
  111  77  24  42  73  37  68  97  69  66 102  45
   90  18  80  51  85  39  17  55  71  91  51  80
   48  38  98  91 103  96  58  52  63  84  72 101
   86 109 110  35  72  23 100  23  40  14  60  52
   98  67  22 103  44  60  36  80  65  77
   62   5  79 113  32  38  10 105  61  57 101  69
  114  17  85  68  26  80  76  90 110  45  90  79
   96 103  57  72  64 100  63  41 112  59  23  96
   78  94  19  81   7  57  23  41  39  80 101  80
   69  62  59 108  92  93 101  85  90  56  85 108
   77  75  42  53  26 105 107  82  57 109  28  81
   31  95  39  55  69  54  94  22  58  81  83  55
   44  74 101  88  40  22  19  38  13  16  96  76
  111  86  99  27  93  54 101 104  94  26  58  19
   24  71  31  42  97  56  87  41  88 105  63 108
   81  60 103  80  95  46  48  54  54  33  54  79
   44  21  23  46 106  62 102  88  41  75  47  44
   45  33  40  29  18  20 107  54  15  66  57  27
   25  65  45  43  62  66  90  59  54  35  50  84
   27  96  27  87  38  96  23  92  46  11  60  76
   88  16  89  60  77  65  27  97  93  81 109  87
   24  77  25  75  40  74  31  55  65  46 108  94
   55  63  77 109  22  34  97  65  75  63  11  16
   35  53  45   9  15  15  52  63  45  50  63  24
   86  42  63  18  79  42 100  75  47  22  96  28
   15  59  29  89  36  25  63  95  41  73
   52  51  97  58  28  76  78  88  22  60  56  39
  105  90  95  76  74  30  85 102  97  12  29  37
   36  73  62  56  73  30 102  98  93  70  36 108
   73  91  48 101  23  54 104  68  98  50  56  62
   31  27  50  48  31  58  12  28  95  58  20  73
   58  63  78  31  73  41  56  73  89  41  45  77
   15  28 115 111  92 100  24  46  71  22  46  71
   56  21  15  33  81  42  57  65  70  90   6  89
   44  48  97  50  57  28  76  34 104  42  25  47
   45 102  45  60   7  29  50  61  69  79  63  22
   38  43  87  41 106  46  85 103 103  45  72  30
   66  26   4  16  93  69  56  61  60  26  38  55
   46  23  87  64  93  80  34  78  94  89  54 105
   47  94  50  14  67  96  98  89  96  16  52 103
   86  31  94  48  77  52  45  81  63  97  15  53
    8  85   9  14  59  80  87  67  24  51  60  12
   35  40  27  60  38  74 104  25  84  18  82  75
   83  34 106  26  49  47  95 111  71  57  60  32
   82  96  35  68  98  84  50  76  55  96  58  37
   69 101  30  94  75  34  19  39  17  47 108 101
   10  29  65  96  24  38  18  66  71 100
   28 112  32  11  29  49  64  24  67  93  93  69
  101 104  11  77 117  86  41  61  57  99  16  80
   93  80  24  38  37 106 105  57  33  31  56 102
   15  21  73  50  49  33  44  67  89  81  75  88
   31 102  43  33 116  73  19  56 101  20  27  23
   19  51  19   6 105  24   8  70  19  56  69  19
   25  86  17  56  31  11  37 102  14  25  23 101
   59  45  90  34  49  94   9  12  46  95  36  44
   35  40  57  59  78  35  85  53  94 105  47  72
   33  78  98  82  36  94   7  26  18  91  81  30
   32  35  19  55  73  85  33  75  71  15 103  87
   98  82  48  45 106  93  27  19  26  82  50  87
   53  20  68  41  92  74  32  29  53  74 101  92
   34  89  77  54  42  31  98  83  39  62  67  53
   62  24  90  12  18  86  34  49  34  43  54 104
   75  67  28  44  91 103  87  34  65  50  66  82
   13 105  40  61 104  99  88  50  94  37  66  72
   21  71  57  44  16  72  19  53  67  54  86   8
   69  39  61  40  16  58  84  34  74 104  18  68
   33  55  24  77 118  48  69  77  60  38 106 100
   68  67  26  47 101  90  61  90  46 109
    7  83  97  61  54  42  41 114  16  72  50 104
   31  86  47  41  71  62   7  90 113  76  28  46
   82  98 110  53  95  89  28  89  95  33  85 105
   39  19  94  21  72  57  39  64  89  96  85  41
   70  86  87 105  83  93 104  70 110  52  47 104
   67  29 112  28  74  52  73  16  88  84  60  51
   69  93  69  72 102  66  61  68  32  72  71  41
   87  99  43  27  49  18  42  89  67  79  80  28
   21  47  17  37  42  93  90  42  24  25  34  58
   68  70  63  54  69  67  45  79  24  43  88  47
   71  17  61  66  83  44  37  22 107  38  65  26
   13  72  90  38  44  44  17  30  54  73  33  63
   66  19 108  67  16  26 100  51 100  17  67  63
   39  64  78 102  76  68  68  88  94  94  93  33
    9  16   7  51  19  24  43  25  23  12  32   9
   76  95 108  88  87  19  24  59 107  27  72  42
   36  74  92  81  61  87 103  51  66 114  27  19
   66  45  34 104  40  54  58  33 112  55  72  76
   18  12  27  82  10  67  14  92  47  64  93  30
  108  27  92  87  92  85  32  91  55  74  97  32
   97  50  32  22  37  54  39  88  64 112
   16  86  38  64  15  13  66  15  22  73  85  65
   18  23  64  90   3  58  31   3  61  56  51  36
   42  22  16  57  57  40  36  74  79  57  60  69
   67  54  94  33  94  52  46  22  90  18  64  24
   98  83   9  31  45  81  25  35  20  93  24  29
   65   9  90  20  90  90  91  57  81  68  97  77
   37  26  27  50  11  18  88  47  65  86  47  22
   43  96  99  94  46  81  59  58  30   6  54  94
    9  30  45  99  72   3  43  25  22  48  53  32
    7  83  17  51  86  35  82  70  93  74  70  13
   19  64  70  51   3  18  32  13  42  67  83  16
    6  56  50   4  69  24  99  99  57  26  82  75
   96  46   2  21  87  40  80  44  84  71  58  65
   87  79  80  39  50  44  18  75  96  76  87  87
   52   8  91  38  89   5  65   7  80  87  42  70
   66  65  24  87  40  82  72  10  37  77   6  85
   42  53  11  99  10  62  72   4  91   4   3  77
   81  31  96  85  71  74  91  61  19  74  43  96
   31  28  12  40  53  48  62  18  78  35  76  57
   62  61  74  30  59  66  58   2  61  66  56  99
   53  74  86  91  87  39  33  70  56  84
   70   2  13  73  49  58  66  11  12  14  72   2
   44  25  49  35  11  32  48  44  97  93  26  14
   27  68  90  47  26  71   7   3  64  82  58  85
   56  28  79   8  14  16  50   4  73  36  42  18
   83  28  46  47  48   5  43  46  43  39  47   4
   81  19  15  66  58  59   7  41  39  78  19  48
   28  36  73  44  86  34  74  99  22  83  24  49
   33  25   3  97  21  22   7  87  63  14  60  34
   49  21  73  18  77  30  79  44  16  27  20  64
   28   2   3  52  52  10  21  56  57  97  25   3
   48  94  71  66  37  61  25   3  87   4  23  44
    2  49   7  55  90  87  16  55  89  69  37  98
   48  71  26  22  77  19  81  47  59  82  94  55
   22  20  43  21  71  96  68  98  92  58  97  90
   12  70  40  58  14  20  36  12  32  80  79  48
   97  32  93  63  43  59  76  21  84  95  98  84
   49  37  76  11  80  24  98  10  91  74  18  65
   93  85   6  14  80  99  70  90  72  32  32  39
   35  53  70  79  43  45  24  42  22  15  60  58
   45  68   4  25  91  50  28  17  72  46   7  76
   15  44  38  51  10  62  17   8  22  37
   57  43   6  19   7  53  59  22  57   9  84  58
   67  55  41   7   9  40  62  95  41  30  87  15
   95  31  95  53  71  29  63  37  44  36  27  85
   86  54  61  84   7  51  73  62  87  46  96  83
   53  10  16  58  35  74  88  56  57  62  86  42
   35  21  50  13  80  70  53  60  29  69  78  34
   66  88  10  27  82  94  36  65  23  55  63  15
   67  46  45  98  10  79  20  33  54  38  68  63
   29  28  74  25  99  37   5  11  11  14  96  50
   29  49  66   5   3  82  19  72  30   7  76   8
   51  99  23  49  36  55  50  66  98  39  30  16
   16  44  84   5  63  71  84  77  59  11  45   5
   28  47  46  91  66  69  54  96  31  91  71  61
   34  97  78  51  51  84   8  16  45  28  15  56
   95  53  75   5  51  28  80  17  85  57  58  81
   67  95  98  34  47  75  91  91  53  40  85  93
   97  96  46  59   3  75  40  57  32   5  20  80
   35   2  30  46  11  66  21 100  74  98  78  33
   47  19  60  11  46   8  54  23  98  56  36  32
   58  24  55  46  45  19  20  99  89  81 100  45
   88  82  47  58  81  40  15  59  30  39
   37  53  50  91  67  93  41   7  85  30  36  14
   12  14  52  11  73  55  15  45  25  94  55  10
   18  26  65   9  46  95  18  72  40  51  50  51
   36  59   9  57  97  88  55  77  10  46  40  48
   25  84  29  88  78  70   3  98  68   9  14  21
   87  41   4  61  28  93  89  78  48  98   5  29
   90  70  10  78  80  50  59  73  69   7  37  81
   52   8  49  81  41  45  82  32   8  29  23  90
   82  41  41  97  16  51  34  29  10  97  33   3
    1  28  76  54  16   6  38  70  81  72  24  87
    5  80  32  54   9  86  66  52  34  99  28  82
    4   6  49  12  48  40  11  88  95  33   8   9
   19  15  78  56  55  77   6  98  79  11  71  49
   40  89  76  90  65  30  22  56  24   3  55  83
   51  20  78  21  39  67  19   4  86  17  56  86
   13  88  24  44  34  82  62  29   4  67  43  97
    9  38  45  93  40  32   5  97  13   7  21  37
   59  82  26  58  75  46  18  62  41  21  55   4
   88  90  14  53  49  94   8  16  46  84  70  19
   65  33   2  61  78  22  71  24  30  79  95  39
   93  85  62  31  78  38  31  10  13  81
   93  27  23  73  53  85  26  31  72   2  30  31
   56  44  35  49  70   6  64  72  87  76  16  15
   55  13  32  56  63  32  80  83  36  16  48  56
   30  21  47  71  48  14  30  51  59   5  25  38
   41   2  76   8  26  80   3  82  66  54  64  72
    5  71  40  21  65  15  28  59  50  16  47  82
   55  83  54  33  88  48  77  93  17   6  62  99
    5  92  18  61  84  57  96  94  28  50  68  69
   31  32  14  68  20  81  35  58  56  31  67  75
   65  99  17  18  73  50  98  59  55  54  94  69
   97  66  21  45  75  20  12  58  34  24   9  20
   95  84  70  40  64  26  87  26  57  37  15  66
   35  18  15  48  57  52  17  73  42  77  76  95
   40  80  67  68  23  99  66  97  82  37  63  21
   42  89  77  83  81  85  90  44  76  41  89  75
   43  26  19  89   6  35  55  72  67  85  82  28
   98  17  88  40  38   5  71  40   1  90  53  96
    9  22  18   6  23   4  48   3  93  64  85  85
   25  35  95  46  49  35  52  17  10  81  29  30
   66  99   5  92   4  50  81  62  56  72  18  54
   48  36  70  41  39   7  50  78  88  21
   30  73  14  20  12  10  27  34  68  62  16  39
   55   7  72  12  85  52  22  24  80  31  16   9
   86  37  74  82  56  40  99  38  89  51  47  95
   39  56  61  11  73  10  75  59  10  95  71  69
    7  43  99  23  13  12  71  23  89  35  99  20
   87  31  14  93  90  64  31  12  16  88  94  42
   84  35  67  25  49  70  95  16  87  20  32  84
   55  45  19  79  99  94  40  54  46   6  26  56
   35  78  34  76  26   5  75  64  66  67  20   4
   20  92  56  52  58  74  10  41  16  55  32  40
    7  69  51  82   2  52  75  54  75  10  72  46
    3  52   3  66  33  84  16  16  17  71  15  30
   93  49  76  75  54  14  36  18  50  62  38  46
   76   4  46  61  14  25  15  27  30  27  25  85
   50  17  83  30  85  66  82  48  23  34  24  18
   78  42   3  76  20  28  57  41  40  45  76   4
    2  40  79  77  40  77  43  11  33  41   5  66
   24  88  22  58  21  70  96  51  46  15  58  28
   55  69  13  12  14  13  53  57  42  21  33   3
   18   2   4  79  44  88   8  94  76  97  44  61
   16  50  86   8  66  52  75  36  46  40
   46  97  30   3  70  81  97   4  44  47  12  45
    5  94  24  43  83  33  27  25   6  67  13  36
    6  14  45  44  55   9  44  69   2  43  82  20
   25  10  92  39  98  53  91  70  70  40  10  32
   49  41  44   4  14  26  11  24  21  63  23   5
   37  45  67  56  78  15   9  23  63  11  91  31
   77  23  65  57  49  59  21  95  44  30  30  49
   67  39  12  29  72  86  97  65  98  95  22  32
    4  33  13  85  20  61   3  13  18  89  52  93
   86  44  80  76  19  46  16  61  23  10  49   8
   25  44  13  37  11  74  56  65  54  70  49  34
   76  90  88  64  11  40  18  17  77  34  62  66
   75  85  79  90  88  91  11  65  92  45  58  83
   92  48  67  74  55  48  23  43  65  76  59  18
   93   6  78  15  66  21  89  12  65  94  51  35
   22  87  31  58  38  48  76  17  14  33   5  29
   82  39  88  36  70  46  75  52  55  72   3  23
   50  43  36   5  88  71  11  46  30  50  95  92
   76  62  61  97  95  91  65  46  64  63  49  89
   23  78  48 100  36  74   8  31  72  93  24  88
   97  61  87  22  72  83  41  25  70  47
   59  67  14  59  84  35  39  20  86  42  47  65
    9  17   9  34  28  74  26  18  15  91  82  67
   75  40  58  55  40  83   4  11  21  44  82   7
   38  18  69  18  91  65  12  35  18  58  61  43
   86  90  60  68  79  49  91  76  16  53  92  42
   52  49  33  80  37  70  52  35  31  66  59  34
   92  81   2   6  17   4  84  60  48  81  63  31
   49  88  96  74  31  65  54  44  50  14  97  13
   64  59  20  70  56  74  42  74   9  63  80  67
   58   8  71  57  95  83  60  58  40  27  53  96
   67  73  29  75  12  58  19   4  16  71  39  90
   54  84  99  98  15  36  62  59  47  76  67  53
   65  83  27  53  18  32  69  26  24  29  57   1
   66  14  63  98  49  19   9  23  16  89  63  16
   33  72   9  71  37  63  67  21  40  18  88  67
   98  21 100  95  47  28  26  35  92  60  53  93
   75  62  80  44  82  31  15  82  35  97  33  44
   32  75  14  79  57  73  20   3  49  63  55  87
   34  22  72  43  20  27  56  34  54  13  54  81
   46   3  85  10  44  85  99  66  85  67   3   2
  100  85  48  11  85  75  88  37  32  10
   81   7  73  97  75  62  47  88  49  17  10  41
   18   2  96  32   1  33  77  48  56  13  90  39
   21  33  90  78  66   2  14  46  69  72  54  14
   89  95  43  54  66  73  58  50  22  32  29  26
   80  10  64  83   1  47  87  62  18  98  90  96
   96  57  87  99   6  84 100  49  94  56  36  92
   86  26  91  62  86  93  66   1  97  88  82   7
   54  67  26  79  63  24  96  92  61  10  66  64
   82  66  56  54  38  74  26  60  14  13  66  39
   71  27  20  28  67  17  99  93  87  28  30  74
   85  68  90  54  44  23  86  35  37  90  16  30
   17  30  61  65   2  19  87  94  85  25  53  28
   55  92  37  70  22  34  73  78  63  44   3  20
   79  16  36  55  62  80  22  28  76  51  44  64
   51  78  12  92  88  30  77  68  77  65  60  15
   31  40  81  75  24  11  16  79  52  55  51  22
   97  11  68  49  15  18  22  66  17  79  45  48
   88  33  56  71  98  33  90  52  35  51  30  96
   46  79  58  71  95  57  21  79  34   3  98  46
   77  60  96  28   2  56  43  25  46  76   1   7
   35  44  94  58   7  20  43  25  56  11
   95  30  13  43  65  74  70   6  96  38  58  13
   88  21  55  68  37  53  99  18   3  31  82  65
   28  19   1  58  24  14  74  29  20  69  26   6
   73  85  22  81  43  61  76  45  22   6  21  76
   41  17  28   7  22  18   9  34   9  59  66   8
   48  84   8  74  35  50  30  86  32  24  55  65
   33  27  42  43   5  52  44  49  81  39  49  74
   29  15  62  86  62  89  64  15  38  28  27  92
   97  68  94  69  77  16  23  73  85  91  86  53
   35  47  42  64  41  39  61  31  84  71  20  66
   31  91  52  52  20  59  70  86  12  67  40  89
   95  37  27  72  67  63  94  73  61  29  78  50
   48  86   9  36  99  88   8  63   6  96  39  43
   66  40  28  10  33  42  38  32  24  14  19  78
   97  97  99  52  83  86  67  86  84  99  88 100
   37  18   4  20  32  87  82  58   1  83  39  66
   66  37  11  32  48  21   1  57  42   2  84  85
   49  58  74   2  79  49  45  82   8  58  36  26
  100  94  92  22  98  53  94  10  67  45  27  74
    6  82  26  25  20  33  83  22  59  30  13  73
   14  53  76  94  73  61  79  23  55   1
   1067   954  1035   953  1006   923   998  1023  1051  1008
