 15 200
  111  40 102  77 100  30  88  34  59  88  49  84
   57  53  67  28  55 111  13 108  33 107   6 102
   55 103  36  83  78  70 103 106  16  56  68  51
   40  79  71  53  14  50  84   7  38  21  71  82
   80  37  20  15  92 114  89  87  38  54  93  37
   71  82  17  73   6   6  56  70  28  55  52  96
   92  70  40  68  41 107  45  40  83  26  65 107
    9  42  96  61  16  96 109  21  16  80  98  55
   30 107  88  50  90  42  82  47  37  66  77  76
   30  32  20 109  46  48  21  36 115  14  25  99
   31  47 104  23  34  67 102  41  61  64  12  91
   73 103  82   8  70  52  78  21  65  71  67 102
   43  68  68  55  52  37 102  53  38  52  28  57
   29  35  73  24  32  39  74  24  43  84  51  75
   71  71  75  82  49 104  73  43  93 101  85  28
   29  76  96  26  36  50  87  86  78  30  53  82
   56  93 109  25  98  95  40  67
    5  56  16  44  34 112 105  20  28  93  77  97
   87  49  52  15  68  25 117  73 104  43  62  53
   27  61  83  54  72  71  54  27  18  35  48  98
   26  89  31  52  85  37  30  51  45 108 101  98
   65  91  72  89  26  45  70  87  66  52  83  38
   57  93  98  99 101  44 107 103 104  18  98  80
  104  90 103  40  99  30  12  18  80  50 109  16
   46  71  82  76  27  19  48  38  63  13  96   9
   54  63  77  74  53  59  93  50  49  72  71  66
   75  77  69  95 110  36  40  14  27  32  25  55
   63  64 102 100  19  55  88 109 111  19  31  31
   49  77  66  61  74  31  71  94  87  63 106  87
   13  72 105  37 109  56  68  87  19 100  68  75
   41  89  76 103 109  46  76 111  71  68   8  72
   37 101  57  98  72  51 115  88  57  27  78  61
  113  55  82 100  99  68  47  54  33  24  85  94
   60  34  55  69 106  32  69  53
   48  56  32  97  92  20 101   5 103  55  60  37
   86 107  34  41  44  95  91  96  68  47  59  76
   81  38  55  50  85  74  75  58  27 101  54  88
   71  11  91  76  14  54  23  78  37  46  50  23
   34  15  38  80  14  42  58  28  95  29  23  53
   83  88 103  46  54  92  11  54  55  33  42  37
  110  19  11  40  15  18  65   5  17  43  40  29
   93  64  60  84  97  13  47  17  68  66  44  50
   99  93  67  96  52  48  30  15  79  28  62  34
   47  89  91  72  21 107  43  94  27  43  34  58
   21  31 111  93  88  57  31  29  36  50  65  89
   32  19  70  23  15  94  88  15  82  16  42 109
   72  32  38  33  35  79 101  22 107  73  30  28
   17  20  56  74  39 101  49  98  73  96  60  57
   91  94  26  79  14  56  12  45  69  32  87  58
   50  77  51  13  42  93  22  99  51  78  72  88
   49 105  37  42  94  62 109  33
   37  15  19  94  95  99  56  89  82  54  95 111
   47  64 111 103  59  69   7  13  42 105  22  30
   20  30  63  43  32  34  54  10  67  80  57  94
  101  17  50 108  37  81 104  56  78  18  63   7
   81  53  51 107  53 106  57 101 100  84  98  55
   38  54  48  23  39  79  94  56  88  31 101  54
   24  87  79  65 117  25  77  94 103  45  89  22
   27  75  73  23  79  34  17  19  42  31  49 103
   19  34  68 100  42  61  58  33  80  54  13  99
   91  92 100  89  43  80  54  87  46  60  53  95
   13  90  39  36  72  59  29  90  35  75  44  95
   76  71  40  60  59  21  16  45  61  76  49 107
   21  33  72  25  36  39  88  59  96  95 104  20
  100  52  66 103  78  55  50  60  35  31 107  63
   44  76  57 100  18  88  83  26  35 108  53   7
   44  33  54  96  53  88  96  55  16   9  28  80
  101  78  50  18  75  13  73  75
   62 103  43  99  15  95  85  90  98  64 104  29
   49  63  22  50  50   8 108 110  73  41  41  78
   51 103  68  59  45 103   6  86 102  96  56  74
   22  53  34  35  66 113  66 102 112  68  97  89
   37 106  30  51  15 108  65  86  76  67  31  94
    8  23  26  19 110  99  86  34 102  38  94  88
   43  54  73  23  34  60  72  81 100  47  98 106
   23  18 104  85  70  99  20  36  17  63  10  51
   75  98   5  98  83  90  80  70  38  23  69  59
   90  77  78  32 102 102  64  39  37  31  60  33
   49  83  44  47  97  35  25  81  15  52  68  45
   23 103  71  89  98  61  25  62  50  26  88  42
  103  28  83 103  73  68  83  27  34  81  65 101
  103  22  55 108 117 107  98 103  48  64  85  78
   52  49  69  57  92  86  24 114  34  37  34  28
   54  82  28  79  96  96  97  92  56  82 100  21
   84  51  68  30  57  87  48  22
   65  49  74  23  32  49  66  38  68  82  36  81
   52  95   7 111  45  77  30  76  19  35  25  40
  112  92  60  24 103  30  88  24  46  27  12  68
   81  16  97  78  25  19  49  34  57  43  55  69
   85  76  12 103   4  36  27  11  25 103  33  44
   36  61   6  53  76  92  56 101  40  30  46  44
   18  89  29  42  84  41  29 102  21  65  57  42
   77  68  19  46  86  88  41  96  87  10  69  69
   86  79   9  82  12  30  47  22  37  36  38 106
   24  50 113  48  95  95  11  43  84  63  88  69
   26  63  48  47  11  37   3 106  12  74 102  20
  102  63  55  60  84  20  61  78  78  18  67  79
   37  17  58  96   9  87  32  98  74  16  98  92
   23  39  55  65  74  44  95  59  89  50  32  94
   26  84  84  65  50  61  18  22  65  57  34   9
   25  48  96  61  72  19  85  70  32  97  34  90
   23  62  49  41 111  94  54  42
  109  94  58  24  20  77  95  57  22  77  58  21
   96  49  84  13  62 105  20  25  13  21  62  17
   35  33  39  14  97  88  71  82  96  85  27  56
   20  66  61  45  22  80  95  32  85  86  24  75
  100  94  29 110  22 111  54 111  42  56  43  60
   83  54  57  62  30  34  76  70  61  75  85  28
   47  70  55  75  76 107  42  29  52  57  26  46
  109  85  89  92  48 106  62  86  10  23  31  95
   62  11  77  37  45  61  97  64  74  94  52  62
   65  76  94  29  55  29  89 105  62  89 108  23
   99  20  66  79  59  23  19  72  52  72  31  23
   74 108  36  84  67  63  29  19  62  15  54 100
   90  50  31  96  13  35  90  78  18  20  58  52
   90  70  90  11  84  46 104  87  41  27 110  10
   53  15  96  93  91 101  74  44  84   8  25  38
   33  45  74  30  17  19 106  32  31 106  70  49
  106  37  37  79  30  98  99 115
   79  59  86  32  97  58  95 108  90  89  30 109
   41  78  81  42  32  76  84  27  12  20  50  65
   56  95  57  32  89  34  17  54  33  43  57  16
   74  71  33  36  67  18  73  41  29  19  37  59
   55  25  33  23 108  45  83  87 102  39  92 101
   61  24  42  45 104  28  97  29  51  83  47 102
   62  27  98  98  98  11 112  62  71  37  31  95
   34  19  36 102  80  55 114  52  87  56  98  46
   60  85 113  32  54  68  52  85  31  25  96  71
   82  83  68  30  49  34  54  65  98  94  47 104
   15  72 112  67  80  72  12  64  21  61  50  44
   63  53  86  55  25  51 113  73  70 109  80  91
   38  18  24  12  60  91  33  16  39  52  83  66
   94  46  32  70  97  81  28  85  47  57 102  13
   44 100  58  77  39  89 103  46  50  18  89  93
   57  48  45  70 101  30  10  52 104  66  61  91
   53  56 101  75  97  98  50  44
  111  98  33 103 113  73  43  19  27  33  63  33
   42  45  61  28  31  16  60  20  41  50  95  86
  105  62  19  44  52  71  98 105  92  61  48 103
   82  45  36  76  20  99  84  36  38  68  31  50
  103  73  41  84 107  47  87  96  83  66  18  14
   84 105  37  45  72  24  46  32  17  67  26  69
   47  56  25  77  44  13  32  93  42  38  56  96
   40  94  65  66  51 112  45  68  35  29  45  74
   89  45  66 100  48  82  95  43  41  85  12  22
   70  11  17  69  67 101  69  89  20  43 106  20
   32  85  52  89  64  97  39 102  10  88 112  32
   76  88  19  81  19  70  90  47  24  40  70  96
   67 106  83  50  36  81  45  80  81  95  85  63
   50  11  52  72  27  57  75  32  52 104  44  22
   32  16  74  11  51  22  91  45 100  74  53  89
   50 100  64  66  81  53  66  27 106  66  72 103
   61  43  26  94  14  75 114  41
   57  26  16  70  57  68  30  21  49  42  87  52
   90  44 107  28  64  64  55  47  77  45  32  81
   21  51  67 106  64  25  73  99  70  95  13 105
   47  84  30  45  13  60  25  60  87  44  18 100
  100  97  47 103 112  73  87  95 101  89  66  38
   74  67  81  36 114 105  97  48  28  49  24  94
    9  19  72  47  36  96  26  67  89  40  16  15
   44  81  96  93  53  32  53  54  13  33  44  21
   40  90  39  60  55  13  40  78  33  35 106  27
   93  26  32  82  42  33  62  48  27  43  43  98
   64  73 103  84  53  57  45  49  66  56  94  12
   66 105  76  98 112  41  38  60  28  55  95 106
   71  23  38  11  88  66  86 113  43  17  57  22
  115  54 102  51  53  17  31  53  75  97  22  71
   18  18 100  37  31  28  43  79  84  90  91  37
   59  62  17 108  36  97  96  44  46  14  81  12
   98  37  91  38 115  39  39  48
   46  77  25  76  50  54 107  84  29 106  81 106
   20  36 112  52  52  71  84  42  16  38 102  65
   76 107  63 109  39  56  40   9  34  26 109   5
  108  64  72  81  36 103  55  54  74  30  43  87
   32  38  46  68 106  52  39  17  38  32  82   5
   29  82  15  58  53  30  75  51  91  77  14  64
   76  85  68   5  30  54  54  31  27  54 111  28
   96  89 111  88  87  33  69  50  36  21  93  70
   22  35  58  29 101  52  49  39  41  30  53  90
   78  83  84 104 103  29 101  71  72  53  39  95
   19 108  64  26  85  54 105  49  35  56  41  84
  112  70  95 111  25  77  88  82  48  72 110  35
   85  70  88   4  48  87  18  16  97 114   6  68
   62  55  38  21  99  55  61  80  57  84  86  35
   89  95  48  37  80  45  71  49  27  82  89  55
   79  67  22 110  44  61  56  19  79  80  20  32
   60  22  59  23  96  49  55  59
   63  61  47  25  41  29  37  21  78  88  19  57
   87 105  22  77  52  96  76  25  36 107  75  45
   80  50 105  40  95  41 109  73  42  50  27  64
   66  81  37  43  91  44 108  39  76  29  82  86
   58  74  37  40  70  11  42  69 105  82  91  53
   57  78  26 106  70  86  95 114  28  75  76  53
   73 105 110  89 102  34  91  59  40  32  56  36
   36   5  55  97  93  27  12  68  92  94  22  89
   77  31  66 114  85  78  95  50  81  78  95  31
   78  60  12  66  65 109  24  37 107  80  16  33
   93 100  28  45  15  88 110 106  72  92  37 109
   77  85  37  16  58  35  39  33  33  94  93 102
   65  33  82  90  60  37  93  17  37  23  27  85
   79  34  60  39  43  38  43  94 108  70  35  51
   24 112  85  76   4  50  71  22  71  11  96  38
   77  50  81  28  20  79 100  24 110  59  95  70
   24  11  12  32  80  59  25  39
   35  29  93 108  66  30  50  31  96  36  33  78
   51  36 104  15  36  78  21  50 108  67  67  58
   40  69  41  83  21   9  95 113  31  71  22  39
   62  68  53  29  29  51  34  77  56   7  93  69
  107  34  91  86  96  73  42  95  64  72  20  32
   79  69  35  14  16  97  80  58  86  56 103  77
   85  29  52  86  55 100  48  97  30  66  59  40
   96  53  24  84  20  44  24  91  69  42  69  16
   88  40  68  60  73  43  75  32  18  81  60  41
   83  92  43  55  89  47  63  94  28  75 107  43
   32  68  95  93  16 104  70  72  47  90  49  39
  108  15  85  81  26  86  85  28  18  86  18  78
   95  91  20  92  25  39  48  66  90  92 102  84
   73  71   8  73  92  22  70  82 111  68  51  59
   40  79  86  94 109  61  36  60  56  32 102  46
  104  55  71  70  20  46  23  88  48  42  57 102
   24  53  71  59  84  91  98  64
   24  50  13  47  64 100  28 102  17  84  30  28
   39  58  90  56  67  64  92  99  53  88  30 102
   56  19  48  38  66  78  50   5  76  71  66  46
   69  41  51  66  96  99  16  73  16  34  63  97
  100  56  34  95 109  32 118  16  60  53  24  31
  101  60 103 111  74  91   9  73  12  73  24  11
   95  96  87  37  22  79  29  86  30  38  93  46
   53  61  62  63  31  98  51  56  33  56  83  79
  107  23  75  80  80  40 107  66  55  52   8  41
   74  77  23  68  81  34   6  72  85  37  76  79
   50  43  48  71  38  63  49  67  97  81  39  36
   85  63  97  14  59  17 107  37  72  56  88  39
   82  50  10  48  42  69  13 105  30  59  98  86
  111  65  49  41  30  82  62  78  93  40  18  37
  105  38  41  53  46  96  21  33  96  10  83  80
   99 117  51  87  29  38 100  28  25  41 106  86
   52  76  43   8  26  97  85 102
   23  92  60  77  81 102  64  90  26  22  37  24
   20  75  90  26  76  83  12  21  28  62 101  40
   44  20 106  24  18   3  56  52  87  18  90  34
   92  18  73   5  20 116  38  82 107  88  60  39
   63  73  64  71  13  52  71  20 100  79  30  62
   97  80  71  16  23  44  83 103  50  50  45  28
   91  29  52  79  95  39  47  50  64  26  35  31
   87  83  10  61  18  61  36  79  86  60  71  42
   77  78  67   5  84  67  78  51  39  64  38 116
   89  90  86  50 101  19 100  38  45  34  21  53
  113  52  64  30  51  84 103  72  25  85  72  17
   40  95  22  58  66  70  30  99  53  25  22  44
   19  34  62  97  59  38  34  15  93  25  69  67
   32 114  45  93 101  68  66  83  19  77  46  82
   75 104  27  92  39 101 100 103 106  64  79  89
   82 104  88  76  83  17  93  68  98  49  98  46
   68  84  61  28  54  32 102  72
    5  80  15  34  19  80  23  69  56  21  67  27
   54  62  49  83  60   4  95  12  83   1 100  15
   64   2  77  35  26  39  14   5  95  58  48  57
   67  34  48  64  95  67  24  99  79  88  41  29
   33  72  83  98  12   1  21  25  70  63  21  79
   41  29  89  41  96  99  50  37  84  61  60  22
   19  40  77  34  76   3  62  69  23  80  41  10
  100  75  10  57  89  17   4  96  98  31  22  55
   78   4  14  58  27  70  26  72  69  42  28  30
   84  84  98   8  70  67  95  82   1  98  91  15
   87  56   7  89  85  39   5  76  56  44  99  12
   40   1  29  95  34  55  38  90  37  41  49   2
   59  44  39  59  54  71  10  56  69  52  75  63
   76  73  45  87  81  74  34  91  59  19  69  27
   38  40  37  22  53  10  29  60  13   5  30  84
   91  26  20  92  80  54  23  25  40  84  66  27
   48  27   7  92  14  17  62  53
   97  52  95  69  86   7   3  92  75  16  36  10
   26  61  56  93  35  95   1  42   1  62  48  59
   93  42  34  49  43  43  57  86  96  72  67   4
   82  22  74  65  30  79  72  63  66  10  15   5
   54  22  34  30  92  66  45  25  36  62  26  72
   55  27  14  10   5  76   5  15   4  92   4  24
   15  21  14  77  13  79  94  93  27  67   3  91
   65  31  32  42  89  92  57  69  48  92  20  95
   48  42  41  39  62  53  14  54  56  39  49  43
   40  40  35  12   5  76  79  97  80  86  95  53
   57  53   9  12  96  56  30   7   6  85  88  78
   70  29  51  56  34  74  48  17  24  52   5  27
   93  37  13  81   5  55  46  19  95   3  35  39
   79  24  28  15  10  65  35   1  45  37  95  47
   79   8  56  18  44  68   2  21  52  79  33  44
    4  48  28  11  14  43  73  56  78  92  23  13
   44  80  48  39   7  83  50  57
   61  55  82   5  26  88  19  98   7  62  47  71
   28   4  68  70  59   8  27  12  34  55  61  37
   26  73  56  63  24  42  45  54  78  18  66  15
   43  95  28  43  99  63  80  37  80  73  57  80
   85  96  72  27  99  67  53  90  11  88  80  60
   37  23  14  61  57  14  93  61  62  76  75  65
    7  97  96  80  98  95  38 100  90  62  71  91
   11  43  54  33  10  93  70  89  49  42  76  62
   12  18  46  15  61  62  76  95  31  91  49  79
   64  18  13  32  93   4  76  14  78  68  74  60
   82  89   2  15  25  48  79  74  66  55  46  21
   85  92  36  94  90  23  32  87  26  89  70   4
   30  76  80  79  79  32  15  96   6  31  88  81
   94  92  56  40  65   8  56   7  44   7  49  50
   19  22  80  36  97  64  92  74  48  86  16  54
   57  25  67  93  70  27  87   9  55  32  36  31
   64   9  78  74  12  47   5  78
   79  91  90  19  16  18  50  19  27  48  13   4
   69  47   8   7  44  45  96  90  73  13  90  77
   91  85  48  68  79  75  51  94  50  32  47  14
    4  97  54   6  69  25   7  55  37  86  50  96
   26  60  53   7  58   7  56   3   3  31  15  60
   65  49  56  83  70  33  23  48  21  71   3  62
   87  24  27  53   3  86  41  25  14  60  22  98
   76  33  45  83  33  82  87  85  70  88  58   2
   86  71  40   6  70  58  53  83  25  64  96   7
   28  23   3  21  71  31  51  23  72  46  66  10
   89  16  67  73  44  50  79  24  75  43  75  16
   36  46  66  53  53  82  92  65  52  34  58   4
   87  73  44  77  67  65  31  61   8  24   7  93
   16  57  45  15  42  56  58  43  79  85   6  48
   70  28  45  18  92  28  35  85  81   7  55  99
   62  74  55   9  49  17  11  56  93  98  83  31
   19  37  68  97  39  95  38  33
   46  14  60   5  96  22  26  25  13  54   2  87
   62  39  98  53  58  98   7   7  47  71  76  24
   65   3  38  52  74   4  96  21  14  14  63  32
   90  51  72  76  44   5  43   9   5  43  22  18
   82   1  88  53 100  11  47  21  27  36  77  12
  100  96  86  86   5  11  28  78   3  69  20  21
   74  63  43  86  68  57  43  28  11  63  16  11
   86  86   5  26  38   3  91  82  87  39  99  60
   31  13  98  15  23  18  31  39  77  85  39  43
   17  30  30  80   5   9  40  76  68  79  45  71
   68  19  75  62  18  67  86  35  98  58  38  65
   83  14  34  14  18  50  82  53  55  86  14  71
   14  88  32   1  45  46  29  92  76  30  40   4
   17  96  61  10   2  11  21   9  57  54  24  34
   50  70  42  46  26  32  92   1  76  82  74  88
   61  24  84  28  14  11  10  12  50  21   5  88
   27  66  41  73  55  16  60  89
   49  57  30  82  82  55  41  69  37  37  80  39
   62   7  95   2  64  42  76  44  92  73  77  73
    8  22  59  83   1  90  24  80  69  76  93  42
   32  97  21  33  82  88  67  68  56  65  53  43
   30  26 100   2  99  70  77  92  82   6  73  65
   80  43 100  54  40  19  60  18  64  73  68  71
   93  14  76  71  27  79  77  11  90  55  45  67
   30  42  87  69  25  31  64  22  15  92  51  49
   28  27  97  23  98  76  62  89  75  68  73   3
   92  68   4  63  16  20  93  62  30  55  22  41
   92  45  59  64 100  78  99  10 100  35   5  84
    7  45  55  59  36  96  50  32  29  90  44  27
   73  97  60  21  97  16  75  12  43  88  17  20
   87  80  47  43  31  69   9  47  16  54  81  16
   85  32  28  43  61  45  87  90  39  60  82  95
   86  72  21  50  39  91  20  32  78  17  72  21
   94  44  62  69   4  23  52  62
    5  14  47  94  95  29  24  50  86  27  49  85
   11  67  19  97  58   7 100  77  89  89  50  87
   85  72  74  94   9  23  41  34  17  25  90  61
   85  53  54  61  90  28  25  76  17  19  93  33
   11  10  91   3  85   5  58   1  73  63  74  59
   25  62  63  54  74  73  30  41  49  37  17  88
   61  46  51  37  41   3  69  88  59  57  91  65
    7  18  20  16  55   9  53  27  93  88  80  19
   46  99  38  66  68  47  13  47  44   9  59  41
   54  38  20  83  56  91  18  11  41  24   5  84
   12  88  40  38  44  96  85  37  65  46  78  95
   37   5  82  27  53  45  73  92  45  97  57  16
   17  55  80  13  91  71  24  36  87  85  54  58
   19  33  13  96  33  57   7  15  67  85   8  96
   67  90  10  25  14   7  37  61  25  95  78  72
   76  59  30  79  93  83   7  84  80   2  37  61
   13  83  67  41  85  15  11   4
   29  49  25  79   8  45  10  10  29  29  81   8
   62  27  24  62  80  34  29  89  97  95  59  47
   58  18  59  70  15  79  99  48  69  69  55  90
   43  40  86  79  46  96  47  74  91  91  76  56
   54  77  86  79   5  71  26  25   9  68  24  10
   42  88  77  59   2  74  11  91  61  24  60  17
   50  86   5  11  17  96   8  56  45  78  88  13
   74  93  80  18  23  65   6  66  31  56  11  73
   45  26   7  87  53  42  50  28  89  89   6  32
   26  33  35  89  57  80  50  38  13  17  66   2
   87  31   7  46  32  30  94  38  91  50  57  71
   40  57  24  58  90  59   3  40  33   3  29  26
   75  93  88  94  54  12  78  92  70  54  34  50
   24  69  73  41  16  38  82  27  70  48   5  92
   59  18  55  31  79  26  13  72  61  90  24  12
   60  65  65  46  14  87  95  68  13  54  49  13
   67  48   4  29  19   8  68  58
    4  10  87   4   6  43  67  89  82  87  43  78
   68  57  52  78  73  99  51  97  63  65  22  19
   11  44  88  60  59  41  22   7  17  44  71  12
   21  64  75  43  83  11  19  83  70  47  72  66
   14  31  75  32  13  64  23   9  29  52  90  99
   22   8  74  61  39  93  71  86  95  45  88  48
   73  59  91  32  63  93  86  16  76  69  60  12
   64   8  45  39  60   6  59  44  85  77  70  30
   31  62  43  13  62  37  21  69  61  17  91  97
   39  94  99  44  42   7  40  25  95  62  12  99
   85  27  59  20  38  10  75   5  95  30   2  79
   44  22 100  25  97  47  17  59  80  75  34  20
   35  14  19  63  75  23  60  37  25  20  20  55
   57  95  66  30  75  56  34  80  55   8  73  86
   72  89  31  96  63  89  25  64  18  37  60  19
   63  14  43  46  38  62  37  83  14  52  39   5
   56  77  88  11 100  34   2  76
   60  76  95  45  63  51  77  84  64  68  16  63
   20  66   4  87  47  47  64  72  37  63  79  23
   84  52  37   9  55  87  46  17  45  24  90  10
   66  29  81  66  95  55  88  42  33  58  93   4
   14  14  55   3   2  29  33  24  18  22  45  77
   38  39  21  78   4   4  20  64  75  56  78  24
   95  86  45  55  67   8  81  45  16  77  89  87
   63  28  20  27  56  87  49  49  90  73  69  98
   71  30  72  55  48  96  80  38  76  76   5  79
   19  86  77  34  66  75  44  54  83  66  66  20
   40  34   9  29  60  57  64  59  40  62  13  91
   50   3  30   5   5  79  66  53  89  59  17   9
   33  84  75  97  26  44  30   7  61  86  61  90
    2  50   8  55  53  97  87  49  45  18  97  36
   99  91   8  80  83  78  64  23  36  24  18  75
   60  49  94  10  66  11  22  71  69  99  27  99
    7  74  18  72   4  76  80  62
   71  43  85  39  63  51   3  36  86   4  30   9
   96  69   3  63  60  48  24  76  88  65   5  48
   34   9  39   3  79  48  79  94  80  83   6  98
   12  44  44  22  82  14  47  49  43  78  71  31
   79  76  72  39  11  68  63  95  66  79  33  98
   76  38  92  58  59  82  40  53  16  34 100  40
   28  22  49  98  81  60  61  72  83  49   4  75
   24  22   8  22  32  83  41  61  78  86  17  50
   91  76  59  79  12  53  62  65  71  89  55  17
   28  36  26   6  12  80  10  48  47  59  76  16
   87  11  52  85  34  66   1  55  74  55  77  29
    2  38  13   1  77  30  24  35  64  31   8  78
   21  35  22  99  65  20  95  93   6   1  97  45
   58  52  82  83  21  58  46  31  55  27  25  76
   24  13  56  68  39  72  41  66  81  31  13  49
   31  42  85   1  74  49  47  92  29  25  90  75
   60  83  58  95   6  64  63  52
   50  58  58  86  61  90  80  95  26  21  87  60
   16   9  91  38  62  13  39  79  68   9  29  65
   23  63  13  73  15  71   9  30  74  55  91  42
   46  37  67  75  21  75   2  64  35  87  27  27
   52  33  72  66  48  95  62  38   8  34  15  54
   59  33  85   9  49  28   8   6  82  44  41  54
   45   8   7  29  11  80  14  49  71  76  50  82
   75  98  48  23  24  75  92  52  10  17  86  27
   40  76  42   4  33  41  10  55  34  33  11  78
   38  47  96  38  50   2  81  72   2  32  95  87
   21  12  83  62  98  16   8  11  40  15  81   2
   34  23  81  90  52  83  79  76  84  12  23  16
   47  79  33  24  52  71  15  88  76  80  76  18
   35  85  47  79  73  73  66   8   5  50  70  63
   90   5  27  28  99  61  46  96  48  99  19  65
   34  61  21  74  96  38  16  95   6  49  10  41
   89  99  90  70  37  49  91  66
   77  73  26   7  43  89  65  72   6  76  81  42
   65  67  15  89  73  27  85  58  10  37  45  48
   73  41  72  28  89 100  18   3  86  40  98  81
   49  43  58  85  88  59  68  34  52  99  14  49
    8  73  22  28  18  39  77   7  51  33  95  80
   33  49  75  91  94  14  33  53  18  51   9  28
   32  75  64  24  61   7  65  16  86  38  50  78
   11  58  95  22  89  66  79  15  33  64  42  95
   16  72  42  53  29  59  39  80  84  22  53  67
   20  16  72  55  22  61  43  19  88  30   4  76
   86  51  17  15  86  13  49  33  59  21  61  68
    4  92  35  26  89  23  33  77  97  33  99  41
   15  12  92  12  93  68  70  53  28  26  12  20
   35  40  97  29  20  92  37  37   4  52  51  50
   80  32  18  18   5  44  79  46  59  87   4  73
    9  65  34  41  91  58  87  21  56  69  51   8
   87  49  32  52  32  21   5  43
   83  53  91  64  40  15  90   5  93  29  72  92
   77  54  22  64  40  41  23   9  58  19  88   3
   46  91  57  70  36  33  69  98  36  44  45  69
   44  64  67  53  22   4 100  38  97  84  48  18
   18  55  76  19   7  82   1  98  57  61  80  87
    7  54   2   9  30  25  97  47  95  40  94  98
   23  20  23  80  83  32  85  31  81  71  17  67
   62  47  45  40  79  13  61  61  78  55  28  30
    5  92  34  32  25  75   4  53  49  57  98  68
   42  30  96  47  22  81  97  45  31  67  41  23
   68  72  71  49  82  39  53  36   5  34  72  73
   17  48   6  98  58  87  12  68  33  53  24  72
   35  66  98  59  74  40  89  10  82  58  10  25
    7  49  58  68  74  25  56  35   9  74  88  78
   11  74  76  61  69  16  89  82  19  98  28  33
    6   3  67  29  82  77   5  77  91  70   2  34
   66  34  59  99  91  11  19   3
   88  16  48  33  29   4  48  12  92  90  75  96
   97  27  27  94  31  34  92  95  90  44   9  68
   63  91   9  87  97  99  55  57  29  89  24  86
   12  85  33 100  91   3  74  29  11  24  47  68
   48  39  52  44  98  53  38  88   2  38  75  42
    6  32  33  95  96  74  31   9  60  53  67  79
   18  82  68  26  10  68  67  57  47  86  69  83
   19  31  94  49  85  51  68  28  19  46  48  78
   42  32  44  99  25  37  41  67  76  54  67   3
   13  17  25  61  12  90  15  76  62  84  87  57
    5  59  43  77  62  25  10  43  83  31  31  85
   71  19  84  59  39  50  73   9  50  77  96  60
   93  70  50  13  53  73  68  96  14  94  48  51
   76   2  66   9   3  40  48  21  83  36  70  31
   43   3  78  18  73  12   4  10   8  46  29  13
   29  10  30  32  32  92  18  39  18  66   7  69
   51  33  42  90  57  77   9  34
    532   501   577   531   489   579   542   536   540   551   536   531
    529   548   547
