 40 200
  102  34  62  42  88 103 115  22  41  38  44  18
   18  34  86  94 110  10  28  42 103  26  93  14
   14  68  31 107  33   3  54  36  84  80  34  69
   81  53  93  24  76  61   7  34  87  16  40  40
   53  82  78  25  55  43  91  57  38  70  50  99
   71  25 106  90  45  48  21 115  50  29  32  19
   47  50  41  93  53  49 113  30  89  72  41  26
   80  84  12  92 113  18  59  20  42  60  41  45
   16  71  38  77  71  44 109  84  69  64  64  80
   69  31  68  18  35  17  50  77  56  82  89  96
   40   9  35  63  42  61  73  76  77  45  61  91
   82  35  45  36  38  40  52 107  93  41  35 101
   89  11  66  60  39  35  39 104 112  58  76  63
   68  25  17 100  62  68  45  52  76  59  32  89
   73  53  23  71  61  31  14  76  46  70  40  90
  103  41  22 111  48  81  35  19  36  31  88  35
   49  55  50  58  51  52  87  42
   20  61  29 101  98  20  68  16  96  20  54  26
   58 105  53  42  57  44  81  83  70 109 101  52
   28  63  24  96  98  92  21  14  64  52  80  45
  105  41  23  20  41 109  14  35 101  51  64  52
   20  26  89  60  82  40  44  53  71  47  68  95
   46  51  67  74 105  33  23  84 100  89  30   7
   60  80  38  50  13  50  24  70  97  16   6  88
   57  33 109  72 105  49  35  54  16  17  96  97
   77  77   8  11  14  54  95 103  88  59  85  61
   99  75 100 107  62  22  39  21  67  96  54  36
  104  95  59  44  79  46  81  57  11  56  46  94
   97  28 113  44  36  82  63  58  36  35  68  17
   22 100  60  66  84  86  83  99  60  22  48  56
   46  45  11  42  76  59  28   9  44  79  16  56
   73  58  42  13 108 100  36 106  32  39  60  96
   17  11  54  52  58  55  75  80  86  87  76  63
   26  61 106  46  22 101  13  76
   75   7 100 103  33  76  55  90  45  12  90 115
  105  90  65  26  25  75  71  93  64  61  53  55
   46  57  33  93  44  24  71  93  86  69  39 111
   42  22  44  25  69  38 110  17  27  78  75  74
   81  12  76  76  25  65  39  37  77  60  31  23
   75  38  71  65  91  68  33  40  75  39  31  46
   29  72  88  29  72  71  85 100  56  23  62  21
   14  46  47  87  67  76 109  88  57  99  32  19
   39  47 111  73  60  73  81  59  51  58  90 100
   91  70  81  72  16  42  74  96  17  85  43  14
   42  86  19  17  35  72  64  59  11  74  41  42
   63  70  24  90  82  45  44  76  49  87  90  15
    5  30  40  47  41  33  72  23  69  20  40  92
   94  23  69  94  57  95  85  29  50  17  42   9
   27  96  17  22  93  23  96  32 109  55  65  22
   91  32  83  21 114  43 102  63  45  78  78  28
   23  76  92  61  48  41  84  76
   26  62  54  45  61  25  41  32  24  26  20  78
  104  56  73  40  69 105 104  83 111 105  58 101
  115  60  94  37  10   5  15  62  37  36  79  59
   43  68  88  56  73  20  78  13 107  61  68  19
   30  27  14  52  60  45  69  55  80  14  90  88
   65  34 108  51  36  44  60  43  49  25  34  61
   61  88 100  40 105  18  32  21  39  61  75  72
   95  58  19  32  83  20  10  32  95  60 113 104
   27  28  74  38 100  36  60  68  50  73 108  19
   22  51  67  82 100  51 114  63  34  87  30  11
   47  21  96  65 103  40  68  78  66  26  27  47
   19   4  46  40  61  92  45  51  12  99  34 109
   73  98  50  49  21  53  44  94  93  18  70  36
   48  96 116 117  60  79  56  31  64 106  78  75
   14  90  47  79  80 104  34  62  96  62  43  52
   94  95  82  23  43  55  72  61  32  52  60   4
   48  93  85  90  38  30  13  36
   86  91  87  21  42  98  86  17 104  34 103  45
   60 101  31  63  77  39  89  19  15  62  64   9
   76  65  31  76  81  20  13  89 105  59  80  31
   42  48  13  46  47  93  34  88  64  17  19  59
   91 100  32  74  65 103 101  24  54  84 102  79
   58  95 103  71  78  30  18  64 107  98  25  61
   26  88  93  67  80  66  59  59 106  95  50  17
   10  96  74  75  19  71  34  85  93  34  78  42
   20  81  19  50  15  48  23  81  57  98  80  16
   40  66  69  96  40  38  78  63  63  36  82  96
   83  40  42 110  23  73  88  78  29  31  59  72
   99   9  23  20  40  41 109  50  21  77  44  67
    8  27  15  92  44  55  38  67  66  68  40  52
   42   8  12  98  38  92  56  42  39 100  20  56
   86  90  61  50  61  51 100  87   5  76  74  20
   45  34  40 103  43  91  45  24  66  35  84  16
  106  64  43  58  66 101  12 105
  109  90   5  95 108 110  59  53 107  28  88  24
   18  64  99  39  36  47 102 102  17  10  31  46
   60  91  38  97  25  53  40  51  51  61  93  18
  103  56  14 114  45  85 105  97 101  95   9  27
  100  97 105  58  71  19  99  96  43  95  82  23
   10  15  36  83   3  61  32  41 117  81  61   8
   93 103  76  86 107  41  13  35  58  79  64 100
   48  76  47 100  41  81  83  28 118  77  32 100
   71  77 111  18  23  24 110  57  45  92  73  83
   86  72 102  97 101  82  51  64  83  72  65  12
   27 104  96  65  89 112  98  79  12  82  88  58
  108  90 116 119  68 103 105  76  51  63  32  43
   40  42  37  95 103  61  43  58  90  56 111  66
   30  91  12  25  12  67  87  95  49  52  49  64
   38  47 105  37  70  83  10  24 107  85  13  11
   65  50  52  73  85  44 100  22  13   6  57  91
   65 103  44  59  33 102  38 101
   75  72  40  46  99  35  49  47  32  31  95 107
   57  95  43  57 115 101  60  16  90  66  75  31
   88  61  60  66  28  85  21  89  76  30  46  42
   19  74  27  93  58  89  33 104  41  20  35  71
   51  72 102  71  75  74  26  18  58  93  36  52
   48  93 108  89  12  90  70  52 112  45  95  34
   62 109  96  75  25  71  45  56  30 102  36  95
  104 105  41  89  79  98  34 105  43  85  69  55
   81  83  41  86  26  16  65  16  28  57  54  86
   94  99 104  96  99  55  91  56  50  91  30  76
   19  86  97  89  97  28  71  31  94  92  25  50
   27  31  40 103 104  99  69 103  78  69  94 103
  105  78  51 117  53  95  97  45  59  60  92  33
   57 102  78  65  20  46  69  68  62  20  47  46
   37  82  91  70  42   9  63  60  14  57  42  89
   64  84  89  58  30  47  68 101  70  21  36  41
   39 108  55  28 113  85  51 108
   63  24  22  25  90  78  43  52  87  13 109  43
   78  67  78  28  15  14 101  54  73  81   7  77
   89  10  14 112  47  13  57  66  33 102  90  60
   98  79  67  68  20  41  95  83  34  40  16  84
   84  61  22  30  97  44 106  52  88  61  68  16
   66 101  70  40  17  46  76  22  37  50  41  85
   79  62  15  34  14  29  17  23  96  48  70  61
   64  88  84  94  24  18  47  60  42  56  73 108
   71  58 103  89  27  32  38  80 108  18  86  18
   79  74  38  85  90  50  89  90 111  52  79  87
   59  36  30  48  94  76 108  13 101  79  29  45
   28  44  45  56  46  46  55  72  33  35  85  95
   89  54  99  58  61  79  32  91  95  20  80  19
   64 105  99  74  67  50  38  51  42  31  41  36
   95  53  40  24  36  96  15  72  17  20  42  66
   54  89  66  28  92  31  96  95  74  83  66  33
   88  73  10  28  30  12   8  77
   24  49  92  54  47  11  38 110  41  60  62  80
   87  61  22  82  25  80  85  97  83  87  16  16
   65  36  26  45  27  40  82  95  35  57 104 100
   93  49  88  80  34  58  58  72  46  51  30  21
   68  98  54  73  71  71  40  14  44 103  80  93
   82  35  67  71  17  24  38  61  34  55  94  61
   87  35  62  37  88  29  99 112  98  34  42  95
   53  22  37  20  99  48  43  14  19  55  32  18
   85   8  88  88  46 106  72  51  36 105  90  89
   11  14  50  51 113  24  44  47 104  54 103  50
   50  86  30  38  36  80  76  27  37  43  52  40
   63  41  36  64  77  69  61  25  31  37  95  73
   12  62  95  60  60  29  55 103  90  33  55  63
   47  42  94  19  88  26  63  34  67  34  83  97
   25  39  51  79  62  77 115  92   6  49  75  12
   18  97 106  75  36  85  18  86  69  20   4  87
   36  74  19 103  70  20  12  67
   51 109  98  54  92 111  81  76  58  15   6  93
   42  91  92  48  44  85  34  80  96  80  27   6
   36  34  57  16 103  38  33  36  87  32  93  96
  104  19  82  76  38  63  50 111  32  30  91  41
   48  96  13  35  42  73  23  42  86  98  59  25
   34  74 101  45  66 106  85  60  13  38  22   7
  104 103  37  90  28  41  39  43  28  76  62  47
   38  98 113  64  60  92  39  69  41  56  54  17
   75  70  83  97  25  64  53  77  93  10  38  40
   57  34 103  45  95  18  36  88  74  64  32  44
   10 105  70  81  79  19  60   6  90  49  58 100
   94  65  85  43  32  90  26  13  52  61  78  18
   83  73  23  31   6  59  85  54  46  11  42  91
   58  88  13  22  97  78  83  58  32 114  89  93
   74  17  91  18  22  14  35  53  21  52 113  81
   41  40  49   4  22  18  27  70  49 101 100  35
   73  47  50  44  72  84  21 100
   77  89  60  24  13  67  88  26  18  80  53  52
   61  47 110  75  44  35 102  20 100  57  57   6
   97  15  50  49  88  83  55  61  68 101  79 106
   56  75  12  32  63  90  46  68  76 103 101  73
   38 115 103  30  46  31 104  63  34 100  58  34
   92  81 105  71  19  50  14  47  77  20  54  25
   40  76  43  43  40  63  83  78  16  56  44  20
   13  29  76  92   6  88  97  37 103  40  53  72
  113  24  30  27  41 108  26  48 113  69  56  60
   35 106  66  17  61  43  89  72  64  33  37  95
  115  26  73  88  35  90  43  69  63  45  74  55
   31  28  29  32 113  51  67  65  90  82  34  56
   84  22 104  36  47  69  36  19  75  57  72  70
   87  94  40  72  50  84  94  37  77 105  93  79
  103  52  43  27  91  56  33  61  88  60  18  57
    9  26  19  92  66  49  59  32  88  40  92  80
   23   5  72  18  45  26  84  18
   54  18  59  75   6  68  10  15  86  87  52  84
   39  93  63  21   8  44  12  69  30  90  54  87
   30  28  92  94  66  32  65  66  20  32  32  23
   82  21  48  78  39  50  13   6  98  66  17  42
  102  39  79  41  78 117  90 109 103   9   9  26
   27  16  97  15  45  82  95 106  44  96  25  31
   53  39  23  36  80  51  48 105  79  34  96   9
   89  30 108  46  99  76  34  43  72  91  49  84
   15 110   7  49  45  36  23  58  70  76 102  13
   28  89  61  53 100  68  24 114 103  85  47  55
   59  74 107  51  59  81  43  98 106  40  91  90
  111  79  22  41  13  23  93  61  77 101  95  24
   65  62  84  61  61  87  46  60  41  21  36 108
  111 107  38  97 104  89  67  32  63  47  43  58
   38  61  97  99  53  32  73  23  35  75  18  89
   65  93  11 100  31  60  58  21  50 110  39 104
   87  20  78  36  59  62 108  73
   61   4  39  41  99  96  86  73  17  38  49  86
   47  52   8  90  71 101  64  42  80  11  16  85
   33  89  22  54  91 103  94  68  72  81  27 114
   96  17  89  90  33  80  51  38  15  17  55  48
   33  73  46 101 113  74   6  27  84  18  53  35
   64  84  45  91  39  69  55  28  62  71  98  58
   54  95  44  32  87  98  60  21  35  22  54  70
   47  20  87  86  90  85  24  88  70  30 102  79
   73  26  40  15  35  73  50  54  60  81  28  46
   62  91 104 106  55 107  67  41  35  41  41  22
   47  55  34  47  45  56  65  46  92  23  14  54
   70  19  40  12  84  37  96  15  70  95  19  20
   89  63 117  32  72  76  81  68  53  97  96  90
   85  40  47  87  93 100  57  80   6   7  64  30
    5  93  68  16  74  44  84  74  72  66  85  39
   56  20   4  23  23  54  29  34 105  16  47  23
   91  32  83  71  54  70  38 106
   20 102  12  61  12 108  50  81  33  90  19 110
   44  76  58  45  33  55 100  78 106  62  47  31
  117  68  58  78  33  69  16  86  28  82  58  53
   52  45  59  25  27  57  36  66  44  98  43  65
   88  76 105  10  13  88  57  88  45  67  70  36
   83  55  39  43  20  46  76  28  92  45  24  62
   57  90  94   8  98  31  18  61  50  84  86  47
   22  27  11  26 111  37 108  62  92  53  36  81
   66  82  72  92  24  41  35  82  94  98  48  23
   94  79  90  25  52  51  33  42  27  83 113  12
   71  68  47  68  11  38  18  72  76  63 101  21
   19  43  63  57  31  36 103 102   8  19  33  64
  104  51  15  86  82  14  20  59  18  14  55 106
   69  15  55  25   6  82  72  83  83 103 100  77
   38 112  36 102  25  37  20  14  81  70  25  53
   93   9  21  37  37  84  44  69  98  58  41  92
   62 107  57  74  75  34 117  97
   91  63  48   9   2  40  15  30  27  94  81  57
   26 105  83  66  60  60  63  22  72  83  76  95
   37  58  92  34  22  30  83  93  25  64  57  35
   27  67 111  61  31  41  53  69  82  57  99  24
   17  98  38 105  46  52  69  15  66  66  77  77
   26  28  63 111   4 103  76  24  28  24 115  95
   80  55  31  70  30  66 101  12  16  67  98  44
   89  25  61  93  32  51  43  21 113  75 101  16
   15  47  71  40  90  56  74  81  19  37  79  64
   36  97  72  96 100  11   6  65  68  46  99  14
   61  38  51  92  14  19  82 108  88  39  86  30
   80  14  70  64  15  96  27  60  45  79  59   7
   39  98  27  70  28  65  32 104  20 115  52  58
  110  85  51  99  67  49  90  60  26  41  34  91
   34  98  57  42 106  77 108  25  75  93   9  71
   54  65  42  15  74 109 108  83  32  80  58  73
   57  39  29  78 110  23  48  47
   82  15  76  66  14  18  57  17  56  78  27 102
  106  58  30 102  54  63  93  41 104  43  68  98
   14 108  47  90  74  57  55  28  92  91 108  49
   49  77  41  56  59 118  79 115  49  34  42  20
  104  98  27  40  41  53  22  35  46   6  25  49
   88 100  99   9  26  18  91  62  49  52  68 104
   48   5  48  56 102  41  65  79  86  30  26  80
   50 109  68  31  57  14  51  65  25  86  65  62
   21  34  88  45  16  85  62  41  46  15  57  62
   85  20  38  23  23  64  65 102  38  15 111  85
   88  39  45  77  23  55  88  91  83  99  97 102
   91  96  99  50  74  70  83  76  42  92  62  53
   74  40  29  28  63  29  71  80  80 102  31  88
  101  29  96  55  70  19  82 110  14  29  48   8
   94  75  29  19  93  61  97  29  44 117  98  97
   29  91  88 117  72  64  83  78  88  29   8  58
   85  31  82  56 105 101  83  19
   46  53  55  85  65  76  41  28  42  46 104  80
   84  15 107  19  40  42  40  86  64  24  90  96
   32  29  71   3  60  56  96  44  92  99  83  93
   72  65  74  62  65  73  71  69  24  53  42  66
   21 111  53  43  48 105  19  92  86  65  34  14
   19  73  73 104  84  65  20   7  54  30  56  27
   75  10  87  90  59  39  21  33  63  63  53  40
   86  42  32  98  27  12  60  37   9  54  94  84
   20  30  60  61  26  28  40  99 102  72  64  25
   45 103  25  35  49  49  73  41  34  30  10  47
   84  81  31 108  28  93  39  98  12  26 102  35
   68  14  86 114  30  39 103 105  58  27  47  69
  108  46  94  78  47 101  82  19  39  54  75  88
   91  90  99  62  78  34  78  44 112  63  28  51
   71  26  97  12  12  23  26  33  22  91  48  67
   44  39  52  45  24  62  77  29  97  77  33  52
   17  86  51 103  38 112  82  41
   26  31 106  31  98  56  46  98  88  54  75  66
   49  38  98  14  94  56  41 101  10 100  22  42
   35  32  78  53  95  72  24  95  84  56  69  85
  115 100  78  52  58  72  56  63  61  61  42  27
  103  84  71 102  27  91  77  91  85 107 107 100
   55  15  71  12 101  97  46  23  71  83  35  44
   47  15 112  52 107  69  89  88 106  65  54 103
   18  75  14  33 109  63  47  59  67  60  76  27
   69  62  92  15  77  76 109  44  84  10  94  24
   61  97  30  87  97  25  41  97  95  24 101  22
   97 106  69  53  22  98  13  34  60  27  96  54
   84  89  71  46 100  10  32  50  94  54  37  93
   65 100  41  72  10  29  34  45  40 109  81  38
   10  99  48  86  81  58  52  91 102  76  31  39
    9  26  78  22 115  30  80 100 100  98   9  99
   89  43  80  95  89  28  38 103  23  58  95  75
   70  31  27  38 102  44  41  74
   73  68 114 105  42  19  48 102  85  79  33  94
   43 115  21 106  84  45  55 111 100 102  23  67
   96  34  95  30  11  89  46  72  97  64  24 102
   27  75  88  24  66  51 102  74  54  19  74  24
   26  79  17  45  16  71  70  40 106  60  96  10
  101  41  48  27  79  68  77  24 110  26  46 101
   26 101  37  44 105  70  67  68  67  27  64  43
   88  58  58  93  18  90  66  25  34  63  50  32
   64  31 101  49  59  20  85 100 109  63  46  55
   43  35  62 105  37  54  88  30  51  11  89  93
   94  53  54 102  76  22  60  54  37  15  63  89
   37  84  91  70  65  98  15  71  12  58 106  65
   98  28  90 112  65  93  72 102  67  34  23  26
   93  63  62  41  28  49  29  48  11  22  74  75
   77  75 104  57  97  90  68  30  19 112  19 100
  100  38  75  54  21  76  20  27  32  55 103  37
  100  19  24  54  27  60  36  62
  111  21  83  43  94  98  40  42   9  71  74  98
   62  38  63  24  84  12  39  75  62  25  34 103
  100  28  19 101 106  60  42  39  85 102  75  10
   99  49  44  56  71  68  37 112  21 107  60  83
   53  54  79  75  25  93  37  32  14  50  96  42
   60   8  23  23  59  47  36  65 109  57 114  21
   43  52 102  37  57  57  14  32  22  25  30  25
   52  80  66  71  78  17  39  72  48  15  21  58
   75  62  47  49  46  62  92  76 108  43  29 113
   89  42  65 111  73  23  93  65  85  27  81  63
   33  73  20  33  15 118  94  85  52  67  71  67
   30  88  18  42  26  65  36  62  78  85  34  26
   48  92  30  20  30  71  86  45  21  20  45  29
   97  25  67  25  33  22 109  77  22  55  11  63
   36  58  49  44  28 112  61  30 105  53  78   8
   23  19  59  24  25  97  37  18  21  91  40  18
   39  48  23   3  25  22  15  58
   44  25  85  15  33  58  17  85  95  14  43  75
   77  84  49  41  57  78  50  34  38  27  90  89
   53  30  59  50  79  94  57  90  46  39  31   8
   49  83  91  88  91 103 104  72  43  54  57  78
   84  25  89  40  60   9  45  53  65  50  57   8
   62  36  88  73  83  51  48  78  60  55 109  66
  104  87 101  42  88 102  74  24  13  17  47  71
   25 102  91  60  64  49  20  24  36 106  76  96
   87  38  13  85  46  67  68  98  54  96  32 101
   91  45  17  57  59  50   5 106  32  86  47  69
   46 103 100  60  50  18  55  73  40  34  63  81
   57  55  85  37  33  51  12  65  85  60  99 111
   21  23  93  61  94  94 106  32 106  33  61  66
   87  68   7  20  56  35  74  46  54  98  55  39
   58 106  36  30  49  62  20  64  93  69  12  50
  110  24  88  28  62  68  15 103  42  56  61  33
   69  40  63  75  54  31 112  44
   42  66  57  57  11 106 108  27  82  29  91  46
  102 100  38  75  25  63 106  66  58  93  73  24
   18 111  57  64  57  37  79  53  51  37  21  49
   98  13  46  82  21  70  99  18  76  38   9  84
   31 106  42  10  24  81 106  48  64  23  97  91
   18  57  86  18  74 104  48  17  44  98  76  11
   58  23  92  17  91  90  55  38  55  49  62  33
   32  99  99  52  94  86   9 114  25  77  75 112
   84  39  47  29  17  20  53  22  84  14  24  15
   73  30  50 107  54  46  25  90  90  74  43 105
   20  56  81 104  47  87  79  91  72  50  72  64
   28  64  48  88  89 114 102  66  57  46  84  67
   33  86  16  53  55  60  28  19 108 103  68  70
   96  61  27  81  27  71  16  26  47  43  88  81
   66  78  99  99  54  11  30 104  47  41  12  31
   15  28 107  44  35  38  41  84  24  69  71  20
  102  13  66  71  49  89  10  73
   44  69  38  74  73  23  15  72  91  58  22  76
   79  55  75   9  34  43  11  99  79 103  63  33
   53  12  27  57  59  66  38  56 114  23  75  26
   24  81  74  65  68  77  91  88  69  11  83  40
  109  19  69  32  90  82  85  50  58  20  91  47
   34  73  64  91  60  18  82  54  22  58 107  83
   66  32  77  35  73  83  91  73  71  28  69  35
   24  55  74  47  76  19  43  66  75  89 100 100
   47  99 104 107  36  22  77  75  32  72  24  22
   19  38  83  75  47  80  59  35  64   7  73  10
   56  76  11  98  69  60  94  72  58  35 107  32
   30  56  53  85  70  60  79  75  72  21  26  92
  103  77   3  97  57  81  52  83  61  56  98  70
   46  50 112  32   7  72  38  13  50  69  61  81
   89  27   8  62  98  97  46  90 106  67  67  90
   50  29  54  96  59  25  16  49  69 110  82  47
   91  74  62  94  63  46 102  26
   43  65  77  42  66 108  22 106  29  82 108 102
   17  88 105  77  25  25  21  71  27  49  50  18
   44  24  67  70  61  94  34  70  84  14  16  57
   66 110  62  59 104  72  69  83  81  35  89  29
   37  89  29  92 102 102  88  20  72  53  62  31
  117  35 101  27  45  57 104 111  33  81  14  73
   97  24  74  69  28  17  17  70  60  60  93  26
   58  54  67  92  43  72  93  69  48  22  23  20
   44  20  45 107 109  62  34  72  26  60  48  43
   77  54  29  62  53  60  24  33  49  11  44  62
   81  87   3  44  13  73  21  54  46  41  78  89
  113  75  63  77  69  99  28  64  71  88  47  25
   39  49  76  50  81  46  23  68   8  19  50  96
   32  35  53  89  31  43  45  91  70  61 106  29
   13  85  38  74  30  59  91  78  39  48  53  85
   94  45  44  32  82  24  39  11  47  45  26  47
   60  85  49  42  36  41  21  49
   59 115  52  18  99  36  20  11  64  72   8  94
   14  95  39  68  24  95  30  62  61  45 112 116
   11  79  89  17  44  76  53  44 108  79  34  27
   42 108  92  36 100  92  83 106 106  83  12  33
   78  12  37  92  30  52  52  50  58  63  44  28
   66  27  66  15  40 106  73  19  42 106  28  55
   48  19  25  59  27  54  35  67 114 108  98 103
   51 100  52  12  95  87  63  77  13  57  29  53
   71 112  66 107  76  63  21  99  85  63  29  65
    9 104  45  67  50  64  32 109  24 105  28  99
   39  12  61  81  39 104  56  55  17  76  30  90
   78  57  68  87  44  42 112   7  68  69  99  32
   95  95  34 109  63  46  76   8  85  68  19  39
  102  46  66  58  92  32  79  64  46 103   6  77
  104  35  52  18  65  45  53  93  72  18  19  17
   67  57  13  54  68  73  66  43  58  96  52  20
   57  59 108  64  95  18  30  21
   95  40  89  68  97  82  61  46  26  46  66  72
   59  41  37  47  15  57  89  79  21  96  11  38
   31  64  32  27  42  93  70  86  84  43  95  36
   30  62  72  12  39  20  82  61  96  76  90  31
   58 116  48  30  98  37  31 113  89  91  44  24
   97  89  99 110   8  37  34 105 101  61 109  58
   34  78  80  27 101  10  40  55 108 104  94  97
   71  71  92 107  46  42  34  18  77  35 117  11
   76  93 116  50 102  70 106  57  80  60  10  45
   81  30 115  28   3   8 103  94  48  35  70  91
  110  49  31  18  67 106  58 115  60  23  76  59
   44  62  73  20  71  89  82  86 108  10  69 104
   67  19  61  73  80  33  53  73  36  42  87  77
   41  74  32  58  33  76  42 103  95  45  98  98
   59 103  50  41  38  41  72  90  74  91  43  62
   42  59  33  25  13  72  75  87  70   9  11  31
   65  64  67  75  11  74  39  82
   18  35  62  41  56  22  42  25  95  95  48  90
   75  65  80  73  99  77  37  79  59  97  67  58
   27  81  65  86  26  79  28  59  58  64  18  53
   78  97  83  28  22  58  80 108  29 100 107  72
   48  34 107  90  31 104  54 107 115  31  79  14
   65 107 104  99  84  68  37 101  53  76 105  10
    5 115  49  47   6  42  87  52 104  27  48  61
   96  40  84  61  63  19  53   3  69  66  59  61
   42  34  88 114  62  88  77  36  90  19  81  90
   90  39  86  96  36  65  43  38 103  49  86  63
   39  74  35  21  85  21  55  92  98  85  98  60
   38  99  61  53  44  29  63 103 109  54  51  37
   87  34  40  88  18 100  24  98  25  62  89  13
   61  99  41  60  99  72  34  99  61  74  25  27
  114  14  41  95  12  36  48  53   8  79  84  40
  103  21  47  13  31  66  61  47  79 105 100  29
   28  97  58 101  62  78  94  86
   24  29  22  47 100 113  58  27  66  33  55  81
   26  14  82  52  27  19  82  97  93  74  26  57
   13  61  30  28  42  82 102  85  72  99  24  47
   99  53  76  26  48  42  59  77  53  44  92  93
   39  75  94  86  79  17  83  88  36  60  73  47
  116 100  62 112  87  33 102  15  92  89  14  98
   53 101  79  91  95  40  61  58  96  57  43 103
   21  38  58  53  44  53  92  66  69  49  79  24
   27  32  81  70 103  46  29  25  86  18  21 102
   95  48  48 105  21  62  90  69  40  21  53  70
   60  80 112  23  57  86  58  61  95  55  99  38
   90  63  62  86 105  30  42  97 111  87  57  41
   71  73  19  28  97  42  30  45 103  65  55  62
  102  15  55  65  32  25  78  57  56  42  19  84
   15  76  64  33  28  78  46  84  53  72  88  97
   13  87 106  38  36  29  78  84  29  77  75  56
   78  43  60  68  42  63  39  42
  100  98  53  43  72  61  51 100  47  86  29  85
   46 105  69  70  86  28  58  20  46  74  69  44
   36  95  43  99  70  88  75  73  35  59  18  60
   58  60  41 100 105  89  16  84 100  57  27  27
  101  20  79  54  88  58  15  42  93  88  52  28
   17  68  53  20  85  65   9  97  90  94  74  81
   97  39  82 105  54  30  41  29 101  24  75  78
   62  30  70  89  51  61  72 108  10  19  56  62
   66  34  44  90  21  86  51  41  35  16 107  28
   19  40  48 111  62  40  64 106  82  24  17  45
   83  28  17  76  82  37  84  32  59  63  20  35
   45  46 100  94  34  37  87 105  95  67  29  34
   18  64  58  34  26  16  69  62  45 103  83   9
   95  57  50  10  75  84  50  28  43  55 105  38
   73  16  55  96  97  45 113  50  47  30  59  75
   12  23  59  17  15  68  87  41 101  74  70  10
   33  78  33  86  49  45  80  89
   92  74  62  21  53  15  61  86  17 110  82  52
   27  98  97  48  33  31  88   6  55  26  29  18
   53  61  62  78  28  19  68  23  81 101  55  90
   60  88 100  59  64 108  97  71  48  85  48  45
   56  48  69  29  22  26  45  25  51  91  54  41
   24  76  24  26  72  92  79  48  54  99 107  83
   66  72  98  79  72  31  62  74  67  96  69  24
   60  50  76  65  89  74 114  79  28  76  67  65
   37  21   8  85  89  38  36  26  75  56  54  50
  107  88  68  26  39  85  78 103  45   7  35 111
   40  80 100  84  29 110  51  14  85  55  30  71
   58 113  58  79 101  70  20  93 108  66  20  54
   78  88  48 100  46  84  89  57  75  83  99  30
   81  34 102  61  51 107 101  99  46  80  81 116
  115  64 104  43  82  56  88  86  41  75  71  45
   56  40  15  70 104  73 104 104  92  54  59  59
   44  30  29  42  29  27  78 108
   32  33  37  92  34  42  77  68  81  22  76  91
   41 103 100  45  88  37  48  20  70  36  67  95
   46  50  35  47  26 110  21  53  84  92 100  70
   50  66   7  57  27 104  16  68  58  21  59  86
   68 110  93  28  65  85  33  51  68  20  36  96
   88 109  32  84  89  27   5  53  18  68  25  24
   21  71  92  16  25  46 100  52  93  34  53  32
  103  87  80  76  32  47  64  51  53 106  81  12
   14  65  35  86  85  98  96  17  31   5  51  61
   85  62  55  88 113  32 110  61  13  90  53 101
   65  17  51 114  86  69  38  86 105  90  97  59
   35  38  50  19 102  54  41  52 105  98   7  46
   72  92  93 102  79  77 102  89  53  92  59  96
   73  25  81  70  28  32  79  15  95 116  70  40
   84  85  46  72  35  20  21  84  37  60  70  99
   49  94  72 109  25 104  36  83  40  56  24  12
   29  72  27  80  52  81 103  84
   44  17  22  83  26  47  25  70  92  36  80  74
   27  18  31 100 102  47  77  87  94  25  67 105
   42  15  52  64 107  85  51  20  83  68  98  51
   34  22  23  22  40  26  26  78 101  46  68  17
   23  48  79 107  66  48 100  34  92  19  96  17
   88  47  97  27  44  33  90  55  36 107  38  58
   57  43  34  95  54  17 108  32  73  90  87  74
   63  31  64  56  59  63 111  14  41  43  57  26
   49  70  99  80  73  62  32  82  99  47   5  86
   71  54  35  29  96  16  62 109  88  91 116 114
   26 102  21  92 104  35  34  56  39  99  49   4
   68  27  89  52  74  39  17  51  28 115  28  88
   18  64  87  35 100  55  60 111  52  62  64  78
   82  44  88  41  54  43  15  48  43   6  86  91
   20  60  75  52  11  87 106  31  72  39  23  73
   21  62  39  88  80  63  83  90  53 110  39  19
   96  62  84  32  56  55  10  21
  104  72  11 108  83  19 109  66  38  75  44  21
   39 102 110  25  60  48  30  75  35  36  24  28
    7 100  20  93  35  72  64  30  24  32 107 108
   81  95  85  60  39  67  73  77  50  91  31  17
   68  58  42  79  53  53  88  82  28  95  62  59
   15  57  72  87  62 100 110  28  60  64  96  63
   21  57  67  61  39  80  46  11 114  73  58  38
   69  82  88 108  27 106  50  69  52  61  35  26
   38  52 100  99  73  42  23  38  96  60 106  87
   64  69  35 101  77  92  95  32 100  17  19  40
   20 108  98  21  43  43  88  60  46  26  27  23
   80  45 117  18  45  71  24  73  80  72  13  86
   90  11  52  73  41  58  97  75 100  20  24  48
  103  56  48  86  22 116  52  91  15  50  39 116
  101 108  97  15  44  87  93  64  50  63  24  80
   29  37  20  29  71  55  23 112  30  98 109  23
   25  22   9  24  74  72 101 114
   96  38  11  46  60  60 105  35  57  95  32   8
   62  12  45 101  84  39 105  40  77  21  24  87
   28  63  49  78  36  57  48  39  80 102  63  33
   40  87  74  76  24 104  36  49 102  50  38  98
   63  52  14  41  44  64  85  56  86  42  56  10
   26  34  64  17  50  90  43  76  52  72  86  99
   34  42  43  95  18  93  53  85  81  23  23  75
   60  37 107  61  43  68  23  80  42  31  19  59
   76  53  40  89  50  24  96 113  96 102  46  17
  113  91  25  89 111   5  87  94  17  94  82  74
   71  69  40  81  76  58 100  35  68  98  47  42
   42  14  94  54  65  56  16 106  46  38  80  47
   24  24  94  87  24  26  81  86  58 100  41  67
  101  69  68 100  79 101  35 105 102 114  52  46
   49  72  44  34  21  21  52  67 111  17  39  48
  113 103  75  68  96  32  55  46 105  53  27  81
  100  33  74  70 101  98  80  26
   72 100  86  27 114 101  81  38 103  80  93  30
  112 103  60  99  86  45  31  26  71  43  31  74
   43  80  22  17  59  49  41  90  67  80  39  95
   50  94  64  82  10  77  99  60  61  79  79  50
   53  53  82  34  33  44  92  98  81  74  55  39
   95  38  50  57 105  51 109 111  41  95  26  59
   81  38  82  89 103  53 100  24  85  76  94  30
   72  15  76  98  87  53  71  83  30  47 101  68
   36  78  65  22  51  88  51  33  64 106  51 100
   52  71  86  27  34  79  32  42  38 100  46  18
   50  64 114  14 111  26  43  35  42  27  88   9
  110  38  68  51  26  49  72  41  69  99  83  46
   80 109  25  56 112  49  31 105 112  91  34  19
   86  55  20  58  33  27  89  20  85  55  42  78
   92  14  12  59  23  83  61  27  55  49  57  16
  106  44  96 107  25  82 112  21  21  66  98  66
   93  43  53  83  38  42  20  44
   32  32  55  46  85  81  54  42  67 101  44  36
   77  49  98  46 112  24  69  70 110  82  66  63
   83  80  39 107 108 112  17  29  38  18  11  48
   44  62  81  92  38  86  59  99  30  93 108  36
   91  62  93  76  29  97  55 105  33  48  41  37
  106  22  26  90  97  68  94  81  14  51  25  85
   54  76  56  18  44  87 105  91   7  28  10  77
   20  17  25  72 106  62  23  99  47  38  81  97
   57 106  13  88  16   6 106  44  57  74  96  48
   99  84  29  71  97  60  39  93 104  46 107  82
  109  83   9  20  89  40  46  70  33  53  23  90
   90  67  65  29  50  40  19  95 100  93 102  76
   49  99  21 103  22  43  14  60  82  32  39  36
   18 111  19  68  69  68  48 109  41  39  25  58
   92  93   7  98  66  69  66  69  41  30  78  72
   15  29 117  63  65  14 114  68  11 113  61  94
   86  73  29  87  27  62  26  57
   94  61  83  75  14  89 108  43 108  48  26  51
   83  87  89 110  12  79  38  46  90  13  43  75
   33  72  41  81  29 100  75 101  26  22  37  28
  110  53  48  59  85  12  56  23  76  73  36   9
   98  71 110  22  93  94  15 109  91  34  62  92
   89  34  44  51  34  96 113  63  21  67  34  25
   89   6  53  29  87 105  92  28  94  26  36  49
   15  38  78  42  40  93 100   9  14  80  52  34
   99  65  70 115 116  91  59  75  50  45  15  68
   29  82  54  26  94  61  88  43  33  58  33  26
   78  47  69   6  37  39  33  83  37  80  22  83
   40  43   6  89  48  46  56  55  99  37  19  40
   33  72  24 117  81  92  72  21   2  91  66 116
   57   5 102  95  44 102  86  62  61  54  23  99
  100  87  92  87  15  47  41  65  90  56 100  51
   21  96  32  61  64  62 107 102  50  95  22  49
   35  65  78  67  40 103  72 102
   33  79  82  89  87  62  33  27  48  96  19  77
   86  61  29  79  60 109  55  49  45  65  47  49
   78  42  42  93 101  26  33  12  75  77  39  42
    3   5  59  54  29  67 111  31  79  21  41  27
   22  48  89 103 105  85  81  20  23  58 103  85
   44  29  27  58  63  26  16  51  76  53  85 104
   20  61   9  94  73  38  18  86  18  61  11  20
   73  95  64  21  82  63  56  73  13  94  88  65
   67  37 102  26  58  79  46  87  50  50  18  58
   99  67  48  13  34  20  48  87  53  88 102  40
   47  86 106  64  77  57  90  45  61  97  71  40
   38  72  47  95  54  42  13  10   9  16 105  96
   27  17  51  97  38  18  69  68 109  81  27  31
   32  27  86  66  53  63 114  80  92 106  63  96
   39  72  62  25  90  39  61  10  84  22  16 104
   61  89  38  77  21  18 108  47  45  75 103  23
   98  43 101   5 107  53  67  47
   42  32  50 103  94  25  45 112  72  73 104  85
   99  87  61  65  83  53  52  46  92  42  42  51
   51  78  69  73  90  77  26  20  39  81  83  64
   42 106  56  31  90  39  40  94  14 113  67  23
   39  16  52   9  60  61  89  21  63  36  77  16
   80  38 107  58  79  53  79  27  56  40  66  31
   79 104  84  65  42  86  53  57  14  73  88  30
   86  23  28  46  76  85  66 109  74  20  26  48
   32  74  83 100 104  90  77  59  26  16  65  61
   49  54  50  78  89  73 106  53  21  76  38  55
  100  73  84  84  21  88  45  17  59  49  62  52
   52  23  17  63  73  58  48  31  81 100  20  91
   14  81  73  46 107  66  52  31  19  46  78  26
   67  89  13  49   9  86  44  64  43  83  50 106
  109  58  97  20  87  53  31  22  36  44  35  55
   32  77  34  20  80  71  12  61  96  90  95  74
   47  71  31  67  28  24  26  39
   40  90  91  19  48  35  59  36  97  29  66  71
   65  51  80  74  55  58  51  98  17  82  31 101
   22 102  43  20   6 102  86  64  45  47 108  58
   27  89  80  80  97  84  97  42  30  49  37  12
   59  30  45  85  45  30 104  59  71  26  49  62
  105  66 111  56  62  77  93 117  35  58  19  18
   26  57  93 100  40  27   7   6  23  83  37  82
   30  82  23  42  75 114  48  82  40 101  59  19
   70 100  69  21 112  60  14  90  23  88  12  47
   36  65  47  99  52  40  29  53  96  81   9  68
   79  53  81  38  71  27  89  90  52  74  93  24
   83  20 105  19  10  99  75  59  17  44  81  14
   84  60  62  36  84  48 101  80  82 101  71  52
   20 105  42 111  50 105  69  33  67  58  97  61
   45  49  86  41  29  66  49  88  62  66  95  53
   96  42  26 100  45  99  38  48   8  38  20  87
  105  33  38 104  23  35  48  22
    5  72  48  69  15   2   4  89  70  81  67  98
   93  76  34   9   2  94  89  75   3  85  14  93
   97  43  79   1  77  99  48  79  28  33  77  50
   26  61  14  79  40  45  99  72  32  88  65  80
   56  37  36  93  56  76  29  46  72  38  53  13
   33  93   9  13  60  56  90   5  70  82  82  92
   67  70  64  21  53  62   4  74  16  39  64  83
   40  27  99  19   2  91  56  94  67  44  73  65
   96  35  81  29  42  59   4  25  47  51  55  35
   49  89  43  84  76  94  67  39  49  29  19   8
   80  96  83  40  74  46  36  31  30  65  44  14
   35  84  70  67  73  79  66  10  16  64  76   5
   31  96  38  53  75  77  81   4   1  47  27  44
   49  92  89   4  54  38  73  56  44  54  77  16
   38  50  91  40  46  80  98  28  73  40  72  21
   15  65  80   3  58  37  82  97  83  77  28  76
   63  49  61  47  61  60  17  62
   92  57  77  16  13  83  43  88  19  97  64  85
   49   8  56  65  47  73  34  35  48   2  10  51
   91  47  94  18  12  15  98  88  42  55  29  65
   15  70  93  96  62   9  95  81  12  67  41  66
   92  92  29  47  29  79  60  66  46  70  34  16
   67  55  48  37  13  76  96  19   4  19  74  98
   57  22  74  61  90  69  85  42  19  93  99  23
   55  78   2  35  12  54  80  58  98  97  19  20
   25  37 100  96  97  49   7  14  23  56  18  45
    5  31  11  11  45  95  64  81  46  19  53  76
    7  18  50  62  24  59  28  54  95  58  57  17
   16  77   7  61  76  29  44  50  71  72  35  90
   90  16  43  42  20  17  33  10  49  80  63  48
   62  60  95  60  44  58  87  97  75  25  95  60
   38  60  73  95  12  12  76   2  72  74  54  23
   96  92  59  52  59  60  39  33  33  18  40  55
   89  54   9  57  97  10  89  28
   36  99  18  15  86  34  55  16  75  99  26   5
   11  19  51  94  80  42  34  24  50  49  56  65
   67  52  79  18  59  90  44  13  31  34  72   8
   69  82  64  93  39  64   1  89  84  38  41  43
   33  93  26  33  86  49  73  68  31  52  83  86
   30  79  35  54  27  39  86  68  45  68  76  57
   88  34  21  76  38  32  20  13  57  88  48  81
   88  59  65  28  52  29   6  29  52  14  86  87
   66  58   4  40  58  37  33  49  67  54  30  10
   14  44  30  46  97  68  46  12  98  23  74  88
   76  28  87  89  68  39  41  57  94  36  67  65
   52  32  80  14  21  68  72  34  57  17  15  88
   98  78  62  68  62  83  45  92  45  93  75  13
   23  96  44   8  53  15  22  88  70  96  61  93
   91  21  90  92  10  96  20  83   2  62  41  94
   22  86  21  84   3  67  11  41  60  33  37  82
   87  39  11  54  57  73  19  34
   93  48  53  66  57  88  78  71  89  85  86  31
    3  56  33  78  47   2  11  34   7  10  48   5
    4  56  10  81  94  98  94  43  73  84  39  51
   68  45  17  58  44  97  33  98   4  46  34  93
   81  80  97  51  51  75  41  65  22  93  16  15
   38  81   9  65  79  72  45  67  64  86  81  59
   44  28  17  64   7  88  79  90  77  45  38  33
   16  60  96  74  19  83  93  79  19  50   3   3
   82  80  38  82  15  81  44  43  56  45   5  95
   81  51  39  37   4  63   1  49  70  33  82 100
   64  95  10  46   6  74  45  26  50  77  87  65
   89  98  71  78  50  19  66  63  97   4  80   3
   29   6  55  67  81  62  68  13  25  98  34  81
   67  23   4   1  51  32  62  85  55   8  32  35
   95  17  71  34  23  15  73  55  23  40  68  56
   20  18  22  79  71  59  36  55  72  63  47  98
   54  13  31  12  82  76  95  80
   17  29  25  90  69  11  28  89  13  86  13  60
   43  15  83  42  25  69  13  95  89  42  41  94
   36  43  75  32  30  98  90  19   5  51  28  81
   60  62  95  63  63  10  71  28  50  89  96  53
   20  12  82  34  44   8   6  84  57  24  13  35
   62  23  14  32  32  87  88  41   2  15  82  44
   77  21  11  39  31  38  53  43   2  15  56  89
   95  21  37  28  86  38  77  28  16  69  26  72
   91  32  99  65  87  61  82  24  47  13  25  86
   79  54  45   7  62  73  29  55  39  74  28  19
   20  80  63   4  83  29  21  33  76  76  55  45
   11  96  87  98  66  78   7  65  90  31  67  38
   96  78  92  24  66  63  72  50  49  44  64  57
   60  97  93   8  82  17  50  77  66  13  93  60
   30  13  50  67  56  63  13  30  97  26  41  90
   73  80  64  15  69  23  74  82  39  67  36  90
    3  45  77  53  48   4  93   3
    7  20  99  23   7   5  52  51   2  74  31  83
   97  48   5  74  75  67  15   3  87  96  76  71
   60  26  76   5  93  66  77  52  62  54  15  85
   12  48  97   1  63  30   7  17  10   7  98  77
   19   8   2  47  32  84  19  17  62  15  25  97
   97  97  70  28  99  55  77  66   2  36  42  96
   12   8  34  25  11  65  95  81  55  25  44  20
   71  27  69  18  62  36  34  74   2  38  75  15
   38  43   5  84  94  87   4  57  66  27  30  24
   21  42  14   5   2  38  60  39  24  43  46  92
   76   7  22  52  22   6  13  29  96  36  15  59
   11  21   1   1  45   5  14  34  57  55  73  66
   77  65  70  24   8  50  68  60  25  47   8  49
   79  20  99  91  94  53  28   9  67  56  53  47
   67  61   6  74  40  25  92  84   1  26  91  92
   42  67  55  39  26  74  10  86  91  98  55  21
   49  12  62  52  83  11  78  14
   27  46  78  71  13  82  69  58  88  76  10  10
   63  20  63  48   3  11  48  96  29  53  36  86
   14  52  53  51  87  21  83  30  36  74  62  67
   95  35  79  12  61  29  82  16  79  85  71  37
   55  41   1  39  44  35  81  89  60  13  77  59
   68  22   7  25  91  18  45  68   6  58  21  75
   42   8  17  37  85  33  71  48  76   8  76   9
   11  10  79  25  37  20  83   5  60  26  44  62
   39  19  73  18  88  94  37  92  75  55  56  18
   24   5   6  24  11  54  17  49  69  19  74  36
   87  18  16  31   6  76  38  86  22  22  88  59
   85  88  71   9   5  16  44   1  38  45  20   8
    2  25  67   3  66   8   9  66  56  51  20  82
   50  17  33  41  82  70  35  36  42  83  66  65
   73  32  24  32  72  96  57  44  93  63  71  14
   44  20  27  60  85  63  37   4  36  91  72  70
   66   9  57  92   2  24  68   7
   41  94  87  85  17  33  60  52  24  93   8  64
   27  39  25  87  99  89  17  50  30  27  99  39
   13  94 100   4  57  98  58  53  80   2  21  58
   14  32  50  50  96  74  16  21  80  78  99  26
   29  53  95  78  15  67   7  53  21  53  49  87
   45   2  46  78  91  64  37  83  78  56  67  22
   33  52  96  74  95  86  94  80  14  56  41  44
   51  19  27  26  78  92  56  51  77  56  40   5
   43  51   4  31  79  76  82  37   3  95  22  90
   38  32  79  21  24  68  22  16   9  50  29  26
   52  82  90  63  23  34   8 100   4  30  90  69
   85  60  63  64  72  74  58  41  78  83  21  15
   28  57   7  62  56  29  81  22  12  92  22  92
   50   1  17  34  42  70  66  66  66  76  78  71
   14  56  76  91  84   9  90  31  93  91  64  53
   62  25  52  83  25  89  18   8  28  27  38  75
   27  41  98  91  89  93  97  28
   82  70  18  57  65 100  71  10  72  58  41  26
   24  41  90  24  77  36  26  15  34  25  94  98
   39  80  85  70  77  68  31  16  77  45   7  15
   10  61  27  37  86  57  51  45  62  69  80  94
   34  21  58  32  41  33  68  97  64  14  38  24
   27  68  38  33  95  89  80  41  76  65  17  57
   22  74  45  81  22  89   4   6  11  73  71  16
   66  81  73  87   8  63  71  91  94  57  75  87
   30  96  32  30  59   7  35  64  71   4  17  29
   94  95  52  53   1  85  61  59   5  64   3  61
   62  20  78  67  72  29  35  75  74  61  57  76
   52  79  74  53  30  37  58  81  75  81  22  29
   98  51  20  55  50  75  50  13  23  79  54  45
   55  77  12  88  23  77  48  72  47  77  29  16
   91  70  64  33  58  41   4  28  96  64  41  99
   94   9  11  36  83  35  89  19  36  96  98  22
   69  37  98  12  40  93  93  47
   62  11   8  54  20   4  39  32  59  97  98  16
   62  27  18  65  58  27  73  40  22  31  92  96
   80  69  50  90   8  74  69  77  27  71  21   9
    8  89  27  35  70  53  53   7  82  85  20  72
   59  10  90  76  67  46  79  64  18  13  48  79
   74  28  10  63  45   7  21  56  89  64  90  96
   15  13  74  22  75  63  77  67  74  26  53  65
   66   9   1  49  49  18  72  50  73  58  65  96
   37  33  26  17  84  45  50  36  12  93  81  78
   60  77  11  68  22  93  80  26  37  38  77  71
   92   5  41  23  25  85  55  96  20  71  55   8
   12  52  24  70  80  16  91  96  57  47  38  95
   21  32  91  77  98  53  28  48  66  91  72  15
   47  28  98  80  14  39  28  49  88   5  30  20
   39  96  24  93  84  91  77  67  89  59   5  38
   70  71  70  99  89  96  86  46  58   4  14  69
   37  56  61  58  34  20  87   3
   35  19  59  86  91  53  23  84  87  37  63  54
   58  57   7  44  67  79   9  88  11  51  54  96
   14  95  55  58  29  21  58  45  41  10  36   7
   63  29  92  71  39  21  59  50  42  12   2  31
   73   3  10  82  67  80   7  54  83   6  44  72
   15  22   4  45  83  52  96  61  39  97  63  85
   63  41  75  67  66  45  33  31  88  49  65  83
   99  74  32  11  97  23  23  78  15  74  57  31
    7  87  83  93  64   4  79  71   5  42  54  48
   76   2  45  88  56  61  19  35  52  78  74  11
    1  92  37  21  69  21  63  46  54  62  41  49
   81  91  84  72   6  67  39  38  14  26  81  46
   20  83  16  79  69  36  77  98  36  58  30  43
   25   8  67  33  70  18  13  70  34   4  22  32
   11  60  75  79  23  60  87  49  23  59  99  62
   93  89  84  17  47  64  45  88  25  76  11  38
   97  99  44 100  66  84  35  94
   65  84  46  45  96  34  92  97  32  16  57  21
   70  18  56  98  96  65  93  48  81  21  56  24
   82  80  20  16  41  76  46  49  86  78  80  86
   33  90  55  25  81  55  89  99  19  47  87  78
   16  80  40  67  33   3  24  10  14  98  99  80
   87  88  16  94  71  30   8   2  66  14  94  85
   62  69  82  68  32  60  64   8  34  86  16  95
   17  83   3  62  11  26  73  71  34  19  65  25
   89   8  98  59  67  71  80  48  43  27   6  98
   78  24  53  56  20  52  88   1   2  35  62  51
   43  30  13  57  49  35  62   9  10  79  20  29
    4  32  81  79  93  95  27  56  29  10  25  91
   43  48  27  52  57  23  71  44  79  81  84   6
    1   6  75  14   2  16  42  79  45  65  66  51
   82  46  16  13  50  83  47  83  70  42  98  19
   51  18  98  11  87  48  57  85  59   1  73   9
   32  84  32  78  59  40   3  30
   52 100  67  73   8  21  28  38 100  64  64  22
   63  63  95  14  49  17  55  74  26  92  97  27
   78  24  90  65  12  12  21  47  44  24  92   1
   13  95  26  20  73  29  59  64  96  95  48  64
   72  31  65  15   6  39  98  77  20  91  57  82
   56  27  63  28  71  51  59  76  41  36   4  61
   56  23  70  79  26  18  54  98  78  96  63  49
   55  98  26  34  18  35  86  19  44  80   6  38
   29  77  62  94  85  38  53  56  42  39  90  60
   46  25   6   9  61   7  44  73  68  66  72  90
   66  47  71  66  69  63  40  72  11  96  95  48
   41  93  69  99  26  70  15  99  50   9  96  90
   15  57   2  79  39  34  32  43  58  22   7  21
   25  71  62  25  10   2  51  31 100  97  46  83
  100  12  35  92  32  63  22  37  33  41  30  63
   61  96  99  82  88  52  85  75   6  97  64  88
   21  86  25  37  58  43  77   2
   87  16  91  54  91  11  52  38  79  13  87   1
   65  33  49  66  87  59  11  34   5  51  70  75
    2  44  47  36  85  43  86  34  87  29  56  63
   62  57  46  87  87  53  72  46  64  19  71  52
   16  28   5  92  92  29  58  25  65  42  39  83
   28  63  78  73  99  58  34  75  23  70  81  42
   62  14  25 100   6  77  87  50  66  22  21  64
   80  83  94  90   5  70   7  49  24  65  75  34
   43  22  43  12  91  71  75  23  22  14  63  82
   11  28  19  77  57  60  77  69  84  35   1  91
   40  47  71  52  92  67  94  34  36  39   3  89
   86  77  48  48  85  72   8  12  96  87  82  54
    7  60  95  25  25 100  94  45  87  91  50  12
   51  90  57  91  96  28  32  28  28   8  17  36
   72   7  75   6  83  77  96  98  33  42  91  50
   21  99  93  72  68  22  62  45  20  51  79  27
   44   7  49  45  33  80   2   6
   15  45  60  96 100  75  97  90  80  11  33  58
   88   3  25  54  59  57  39  85  37  36  44  19
   65  55  12  70  95  85  23  14  84  52  58  77
   92  36   7  43  82  72  59  49  26  49  15  86
   96  12  73   2  72  58  41  96  39  43  31  27
   83  74  56   3  98  14  39  89  83  81   4   8
   39  48  80  33  73  41   4  92  97  41  12  71
   29  86  50   9  88  67  65  97   2  30  12  86
   99  73  47  77  17  55  34  29  93  82  40  52
   74  22  37  15   9  91 100  38  50  65  13  98
   58  73  60  27  95  96  33   9  31  75  27  84
   36 100  41  49  89  20  81  52  72  36  57  98
   71   5  81  47  79  39  74  11  91   3  59  59
    9  19  64  15  37  61  21  55  85  61  68  14
   70   4  49  76  11  27   9  86  31  26  99  40
   60  49  78  87  32   1   6  36  84  39  47  46
   61  77  73  32   9  82  60  64
   29  88  28  43  93  86  49  89  64  27  77   2
   10  60  87  13  59  51  14  66   3  71  52  17
   90   9  60  30  37  58  53  82  13  26  11  61
   53  30  73  64  52   1  39   3  66  76  71  94
   12   9  90  72  66  58  80  78  69  98  86  65
   20  14  12  96  77  96  23  47  64  53  47   5
   63  99  72  63  17  64  46  33  30  84  79  32
   67   9  43  88  55  98  68  45  80  25  46  51
   91  68  32  71  96  23  40  77  66  92  45  54
   31  91  82  97  82  46  51  13  73  91   9  17
   17  77  74  38  88  60  27  17  24  12   9   1
   18  11  21  52  30  48  26  43  76  28  49  55
   37  62  74  83  53  75  46  31  24   3  72  15
   14  89  21  60  43  93  20   6  97  82  57  98
   22  35  84  99  22  42  14  77  63   2  16  14
   75  29  25   1  45  43  34  42  23  80  98  52
   19  83  34  54   5   9  19  84
   58  67  63  27  51  31  65  79  71  68   7  33
   18  93   8  97  79  63  79  26  40  78  25  15
   72  77  40  99  45  46  13  61  16  10  23  22
   36  37  42  45  50  36  37  37  92  61  62  46
   90   6  66  63  65   7  92  22  28  43  71  94
   83  36  31   2  28  48  86  99  50  86  48  92
   31  97  19  22  44  70  92  75  53  39  55  80
   17  76  85   7  83  98  53  67  96  64  23  18
   88  75  48  53  87  74  76  14  10  46  48  81
   66  17  93  77  60  58  38  69  86  80  96  64
   33  38  77  12  77  27  81   5  91  85   1  76
   40  93  21   5  78  75  17   9  53  93  60  47
    7  57  10  25  70  14  22  86  69  55  40  21
   20  16   3  55  31  71  40  63   3  39  74  58
   31  79  20  97  99  94  83  77  86  29  64  41
   61  69  52  69  87  45  32  88  18  26  78  64
   98  28  58   7  70   4  31  68
   79  83   6  83  10  59  59   6  21  55  33  43
   69  73  10  93  10  60  67   7  94  14  83  77
   77  78  35  50   7  48  95  18  32  64  39  21
    1  19  35  51  58  48  55  44  48  42  66  88
   13  36  36  18  93  13  28  16  30   6   8  15
   58  96  35  94  16  14  72  84  38  36  77  62
   56  89   7  51   3  50  18  28   7  39  64  14
   97  29  97  79   2  41  69  44  44  42  29  77
   49  51  25  93  38  32   3  58  32  98   8  83
   50  14  83  32   9  89  70  14  25  82  10  86
   13   3  39  58  83   5  95  83  50  93  16  65
   22  23  32  57   7  92  77  59  11  54  81  20
   39   5  75  37  94  91  84  57  80  10  36  74
   95   3  55  32  39  62  63  20   8  29  82  78
   97  91  32  95   3  88  31   9  15   5  95   3
   26  74  40  10  24  80  79  13  97  53  25  41
   32  73  86  75  14  68  73  41
   33  43   1  14  60  99  63   5  21  40  87   9
   65   5  89   5  26  62  64   2  11  11  85  37
   11  79   9  81  94  26  68  31  12  38  78  14
   90  34  32  86  40  59   2  37  48  92  43  82
   82  39  86  68  90  36  45  70   1  49  11  95
   19  72  56  77  32  34  31  83   6  86  68   7
   86  15  78  73   1  34  50  35  53  88  56  77
   28  51  45  15  90  26  47  88  86  45  70  72
   38  72   5  68  50  99  18  11   6  49  60  59
   68  73  57   7  80  53  18  74  65  99  30  13
   25  54  60   4  40  86  55  57  74  97  41  13
   67  18  25  41  40   7  90  40  94  53   7  41
   11  76  16   2  48  25  44  11  46  76  95  86
   25  41  54  76  83  55  84  59 100  85  31  41
   34  31  16  59  23  18  42  81  85   3  92   3
   18  70  29  50  98  39  95  78  83  52  12  74
   10  86  80  51  93  46  81  55
    4  99  36  68  25  21  65  61  99  47  31  11
   50  78  47  84  35  98  65  36  48  81  71   5
   19  83  88  16  13  47  75  81  32   4  27  98
   14  68  73  51  32  41  81   8  96  11  54  23
   52  49  29  39  80  16  80  83  98  55  20  68
   60 100  91  92  55  66  79  41   7  56   2  85
   77  59  11  82  63  50  98  73  98  89  88  88
   51  25  45  41  26  86  64  33  64  94  81  50
   42  54  64  64  72  54  20  34   4  70  88   4
   21  67  49   5  44  91  15  52  30  77  34  47
   69  45  92  79  92   1  12  22  63  36  49  35
   80  29  96  65  81  44  84  42  37  30  76  85
   57  22  74  98  83  43  16  70  97  99  72  76
   14  86  52  78  85  82   2  25  98  52 100  47
   77  47  65  65  81   6  48  85   6  50  38  97
   82  89  59  78  79  20  71  92  97  21  71  88
   78  60  91  99  95  90 100  49
   70  95  29  98  85  52  96  21  21  95  68  37
   37  21  62  76  58  39  62  84  78  78  21  21
   58  86  57  68  25  25  56  21  73  74  71  94
   64  32  24  19  28  13   2  42  61  48  58  30
   26  87  17  66  53  97  66  49  42  61  63  95
   56  78  31  41  28  67  60  36  58  63  10  49
   12  18   5  66  23   1  36  89  92  98  64  40
   89  15  16  55  48  70  85  89  71   4  34  14
   30  69  89  17  59  40  47   6  64   6  70   3
   16  72  87  49  52  65  97   2  79  25  64  35
   71  10  19  42  66  94  59  32  71  73  51  31
   62  56  29  81  80  68  92  46  34  56   9   1
   99  80  12  42  19  20   5  81   5  70  54  49
   32  45  98  91  47  74  41  72  61   5  50  72
   54   2  66  89  71  47  91  41  27  39  99  57
    1  95  30  89  42  48  88   4  64  49  48  84
   50  64  51  34  49  79   5  69
   61  50  54  56  97  11   6  87  29  80  23  72
   16   4  77  42  88  50  12  54  54  13  43  87
   90   8  63  44  50  74  35  51  60  75  96  58
   18  96  60  38  96  49   8  86  44  65  98  25
   77   2  63  95  90  39   8  66  51  80  10  26
   97  53  20  89  43   8  63  93  75  18  40  99
   54  80  21  89  14  17  51  73  60  70  49  80
   74  10   9  65  11  25  93   6  95  31  44   3
   31  66  73  82  89  91  65  90  21  92  81 100
   45  76  53   7  56  74  86  27  24  43  63   4
   87  60  35   2  64  27  28  11  40  70  44  41
   78  39  54  31  15   5   8  37  56  62  23  43
   84  33  95  54  57  58  91  99   3   4  51  33
   22  59  89  31  91  39  94  91  62  77  26  38
   54  35  19  18  65  95  80   2  64  65  93  80
   94  74  11  73  72  75  62  19  87  47  48  82
    4  89  44  49  57  26  98  32
   60  44  76  42  36  90  89  39  12  58  91  32
   29  48  27  96  83  62  91  15  26   9  40  70
   61  99  80  54  49  53  73  61   4  89  36  88
   95  38  40  43  47  28  13  31  38  96  33  67
    2  83  39  70  25  35  19  61  51 100  19  68
   77  35  38  23  56  97  31  63  94  54   7  30
   52  71  30  69  47  24  18  32  49  89  43  74
   84  51  35  56  32  96  75  42  28  18   2   2
   60  12   6   9  75  81  34  44  70  31  87  89
   99  73  23  35  70  23  49  72  47 100  34  99
   47  31  95  20  43  45   9  39  60  76   4  70
   81  64  64  29  44  52  29  36  38  89  91  19
   10  29 100   8  58  28  57  36  41  49  21  46
   66  61   2  80  98  34  69  89  58  46  42  28
   19  78  99  53   8  16  70  29  10  50  40  23
   61  75  50   9  57  93  95  63  42   9  26  69
   21  30  44  13  48  71  12  85
   61  39  39  67  43   3  81  10  81  34   9  17
   86  16  12  25  78  90  91  32  88  60  60  97
   62  91  41  41  50   8  69  43  20  96  89  45
   46   5  58  51  15  40  42  24  24  71  20  87
   82  29  79  28  10   5  23  91  36  49  58  86
    3  76  10  79  62  59   9   1  78  33  99  41
   23  92  37  50  83  94  85  41  55  57  23  85
   45  59  35  20  71  39  22  36  62  96  92  91
   58  94  66   4   9  55  75  48  76  60  61  65
   34  54  77  54  65  43  87  74  64  91  66  49
   35  28 100  59  96  39  85  48  74  73  31  21
    7  41  54  42  44  13  85  38  44  20  64  95
   80  55  43  63  34  72  84  49  97  85  62  24
   74  70  59  18  80  62  71  23  41  59   5  90
   92  18  76  37  83  60  15  35  70  63  59  20
   25  70  59  88  26  81  75  98  65  60  79  68
   46  31  55  76  80  77  95  63
   53   3  55  84  20  71  84  99  45  36 100  22
   95  16  66  41  80  25  86  43  51  67   8   4
   98  41  19  91  59  36  51  66  10  32  78  81
   71   5  17  81   4  20  23   4  11  34  96  76
   41  99  81  23  79  58  61  55  59  45  61  80
   51  85  52  95  71   1  44  91  76   2  89  51
   65  90  85  47  79  64  67  48   3  11  16  13
   60  10  53  91  21  33  42  29  93  45  90  58
   32   3  46  10  30  55  98   3  25  44  82  48
   94   1  71  51  60  52  83   8  85  15  77   7
   76  98  54  30  79   7  59  49  85  32  77  30
   26  60  37  30  75  72   8  98  49  36   3  77
    8  17  77   1  50  68  27  94  20  37  91  77
    3  64  52  60  25  81  32  45  57  11  97  26
   10  69  55  92  38  65  56  22  38  98  91  85
   47  63  96  49  45  42  48  66  56  13  63  85
   45  45   5  48  18  99  74  86
   15  68  16  52   5  32  57  59  94  68  52  41
   52  78  69  70  98  62  27  24  99  18  91  71
   71  41  77  84  77  27  47  32  30  68  13  81
   90  57  35  97  67  83  22  46  18  36  29  89
   49   2  63  88  16  65  78   4  20  11  75  91
   14  21   6  10  96  76  68  13  16  55  11  53
   70  37  29  84   4  95  67  56  11   7  18  16
   32  44  23  13  58  76  71  90  29  76   2  93
   32  10   1  65   2  44   4  45  23  45  92  73
   29  76   1  87  99  98   8  24  66  72  43  17
    5  58  82  99  43  12  53   3  55  88  29  57
   64  43  31  91  43  29  32  32  12  96  50   4
   37  94  53  31  38  71  58  35  78  73  29  37
   73  46  79  56  85  31  71   9  25  71  14  12
   50   7  65  79  70  74  33  24  41  14  72  56
   65  58  86  86  98  42  29  23  41  97  99  71
   42  56  46  38 100  46  68  25
   91  82  42  66  50  91  69  93  17  20  66  22
   45  48  25  43  18  36  68  34  47  21  48  47
   77  23  48  16  78  40  80  54  54  50  85  53
   35  11  35  87  82  59  31   8  87  13   4  47
   70  69  13  17  81   3  49   8   1  71  32  90
   38  10  12  17  33  35  67  17  54  41   7 100
  100   3  69  57  99  74  24  56  11  91  67  47
   22  66  27  59  49  94  61  99  40  48  56  57
   72  80  30   1  51  25  27  76  14  92  25  12
   26  75  29  15  83  47  74  70  12  57  26  46
   64  37  79  86  27  98  58  19  14  32  18  48
   69   7  41  59  67  73  42  17  10  60  63  65
   32  78  78  29  94  17  90  11  90  42  30  95
   43   5  61  45   4  31  74   4  53  30  91  93
    4  88  63  16  95  73  70  53  98  32  24  67
   15  89  63  98  73  54  58  69  33  10   9  80
   84  23  44  11  46  39  23  21
   82  90  80  60   8   2  47  92  48  85  47  31
   85  90  30  64  89  99  34  20  14  33  79  60
   98  46  76  83  71  30  18  26  43  13  84  56
   12  58  43  81  63  64  45  43  65  67  28  21
   76  39  17  28  36  85  21  15  74  50  36  67
    4  12  45   8  24  85  14  94  21  23  97  20
   66  11  35  16  17  71  51  46  18  62  59  14
   97  80  55  55  71  56  23  45  41  54  32  93
   93  78  36  44   2  66  78  79  25  93  85  17
    9  69  69   9  83  41  29  45  66  88  51  50
   59  33   5  86  53  26  47  50  21  58  21  73
   24  56  56  27   9  81  65  14   9  32  49  76
   41  41  95  90  10  78  76  68   8  49  50  58
    9  96  60  46  75  95  37  52  57  62  97  32
   87  44  43  78  85  27  62  19  59  33  28  19
   98  18   2  77  83  74  28  31  75  34  39  52
   25  59  52  48  69  52  72  63
    4   6  56  62  31  46  60  13  61  32  87  23
   65   6  43  43  30  80  47  94  62  34  40  64
   82  12  76   6  32  25  31  40  67  55  93  56
   62  49  71  10   8  21  89  23  12  52  89  86
    2  90  32  58  18  53  91  61  23  23  63  86
   91  49  56  95  19  49  99  12  17   9  38  30
   14  77  33   9  56  77  66  77   7  91  32  30
   45  75  46  28  69  48  38   1  94  98  56  45
   52  80  67  23  89  16  52  67  75  95  13  74
   92  74  64   9  40  76  41   4  37  92  95  59
   19  81  94  40  36  66  26  81  59  42  90  84
   74  66  11  16  85  67  21  12  14  38  78  75
   95  39  53  74  88  99  34  48  63  16  28  99
   10  48  58 100  36  29  64  88  65  54   5  69
   38  87  53  16  14  61   3  69  67  73  61  36
   91  90  57  89  96  45  32  72  10  37  47  93
   75  34  81  29  54  71  28  21
   19  36  51  94  57  90  57  24  98  10  33  53
   82  10   7  61  73  79  28  98  60  81  73  89
   54  51  41  31  90  98  50  95  26   7  48  27
   43  31   3  43  48   2   5  35  67  23  70  68
   54  69  38  81  83  92  69  85  55  15  51  66
   90  34  91  82  35  20  24  65  59  17   4  21
   54  42   9  29  37  85  44  40  46  12  35  81
   46  58  31  51  22  36   5  23  83  29  53  43
   65  95  96  30  23  67  78  78  36  49  65  53
    9  18  47  94  68  26  38  16  65  97  75   5
   73  33  19  20  89   3  53  95  35  53  85  40
   53   2  47  32  12  41  92  26   3  38  98  50
   40  30  67   5  62  31  23  63  29  26  13  74
   27  74  11  59  63  10   9  13  69  37  28   2
    2  38   9  67  38  64  16  26  79  43  40  65
   53  74  91  48   7  31   6   7  14  61  43  53
   68  84  85  67  90  93  39   5
   70  80  82  28  84  64  26  42  38  94  27  26
   69   5   2  62  19  81  67  92  36  67  50  11
   70  57  78  64  78   4  86  58  23  13  12  50
   68  44  97  53  84  14  91  36  48  92  46  19
   37   4  20  80  37  27  72  52  37  96  71  20
   31   2  87  26  17  84  97  64  98  45  80  87
   83  34  23  98  84  61  15  59  19  86  50  82
    8  29  28  39  78  58  53  51  63   2  34  99
   96  40  83  16  20   9  20  87  78  98  66  59
   23  54  50  27   7  75   3  43  90  16  62  14
   38  85  68   2  19  48  68  22   5  22  14  46
   75  80  59  98  14  51  64  60   7  16  95  65
   46  13  22   5  30  33  17  22  59  24  60  15
   41  85  36  38  85  75  32  99  10   4  41  63
   32  35  61  46  78  89  95  20  79  43  50  12
   69  23  37   5  86  15  73  34  74  57  79  90
   83  44  81  22  65  22  11  26
   67  91  88  26  82  57  86  39  25  75  36  40
   84  93  82   7  11  71  32  29  15  79  51   8
   70  97  67  54  10  20  68  92  27  48   6  55
   77  96  88  86  76  89  88  42   1  64  38  87
   88  66  30   2  40  55  20  71  12  97  21  96
   28  73  11  87  67  74  26  64  73   1  65  59
   50  66  86  16  61  93  10  87  32  17  16  39
   50  80  47  46  60  43   6  95  73  69  54  85
   56  39  20  23  40  41  85  29  16  73  98  32
   34  49  67  75  10  89  58  11  15  26   2   2
   84   5  88  21  16  77  68  55  63  12  53  99
   45  84  18  61  41  80  94  59  88   2  78  20
   88  54  26  85   3  60  54   5  54  50  39  41
   24  66  20  66  57  61  97  63  59  99  31  28
   94  57  42  64  92  18  14  89  39  79  88  31
   83  50  70  26  36  48  26  25  66   3  79  86
    7  55  20  83  49  57  93  95
   15  36  96   5  32  86   2  52  79  40  74  93
   78  11   8  86  45  56  87  36  85  73  90  85
   97   4  87  21  72  30  40  72  94  77   4  10
   39  12  23  47  72  44  38  40  54  25  79  85
   38  49  69  24  67  51  24  38  77  10  50  50
   97  45  48  28  49  20  10  79  44  39  18  56
   87  49  49  50  77  40  72  96   3  41  47  74
   44  27  28   1  77  13  58  39  67  57  75  92
   71  60   8   8  42  62  79  72  20  49   2  17
   41  48  80  14  32  26  16  79  11  95  95  68
   90   8   4  81  73  60  14  60  56  89  93  87
   26  74   2  89  63  38  88  34  39  44  98  31
   20  98  67  33  61  49  21  34  12  88  81  72
   12  48  59  25  96   3  59  14  90  69  78   2
   10   9   5  95  66  21  20  41  61  51  95  29
   87  83  98  91  33  48  84   3  76  13   5  79
   86  92  99  79  28  41   5   4
   15  78  95  56  57  60  10  76  59  20  71 100
   43  95  74  17  30  77  14  62  36  99  81  24
   78  48  68  35  73  57  64  77  33   9  57  84
   70  31  32  34  94   5  73  54  16  57  66  22
   40  62  89  62  74  45  26  47  22  78  51  99
   84  83  43  89  65  29  77  35  62  32  28   4
   74  60  65  10  96  27  62  19  25  96  85  43
   51  80   4  42  68  38  82  26  65  78  85  52
   32  57  77  27  53  81  17   4  17   4  65  87
    6  26  80  28   2  99  18  25  85  24  34  28
   37  46  80  33  33  61  11  85  49  15  73  78
   61  98  18  54  42  54  92   4  61  72  40  65
   90  90   8  27  96  94  35  23  47  20  65  39
    6  50  36   8  38  18  85   9   5   2  50  73
   66  32  64  79  82  84  61  51   9  86  72  66
    3  11  27  46  17  79  54  63   5  65  80  38
   17  85  32  38   3  10  31  80
   40  20  19  83   3   4  30  78  11  29  24  89
    8   3  58  14  19  62  73  78  44  74  84  40
   69  36  90  85  54  71  69  29  43  38  76  18
   56  21  49  27  95  35   4  60  42  25  36  53
   57  65  22  69  80  60  17   5  33  44  55  81
   15  79  52  52   5  60   2   3  61  10  79  43
   25  80  37  17  15  54  10  96  27  43  10  83
   41  88  31   9  15  63  44  35  84  67   4  52
   68  31  39  80  62  15  64  71  44  10  68   4
   68  35  25  87  71  41  82  63  68   6  71  97
   56  38   4  91   8  77  67  71  78  92  32  97
    3  79  47  56  94  66  41  65  47  12  24  71
   34   2  81  52   8  53  82  14   2  13  75  92
   28  56  86  55  78  88  24  95  26  47  72  40
   21  94  98  43  94  28  50  90  58  70  51  95
    2  76   8   2  95  30   5  84  89  45   7  46
   13  64  58  19  76  61  83  67
   82  73  59  65  23  24  60  66  47   8  68  81
   36  58   8  62   6  94  36  46   8  22  50  56
   33  32  81   1   3   1  97  75  79  92  99  61
   59  55  30  25  73  24  61  20  90  20   5  84
   14  49   9  43  84   5  56   7  78  66  64  72
    6  97  89  22  17  49  22  25  92  57  88  35
   55  44  51  91  59  19   9  23  95  75  96  41
   92  94  84  42  14  41  79  13  58  67  23  21
   60  13  92  24  92  99   5  64  62  39   8  67
   12  27  88  49  20  43  68   9   2  58   7  32
    9  24  95  90  28  79  65  41  81  52  82  29
   28  52  48  81  62  76  99  15  16  10  12  31
   54  21  92  17  80  65  88  45  32  83  81  74
   84   2  86  52  47  35  59   7  67  81  87  56
   26  26  96   4  42  39  48  37  68  77  39  32
   96  84   2  49  52  88   6  34  96   4  55  21
   27  32  91  27  78  57  90  56
   17  47  34  27  89  24  11  62   2  58  80  68
   26  30  21   9  97  37  79  64  24  95  68  36
   74  37  69  39  90  13  30   7  77  88  65  90
   10  49  57  56  27  95  55  90  38  47  75  95
   18  38   4  89   9  23  88  10  20  70  49  11
   29  68  70  61  79  22   6  50  82  52  74  84
   16  97  62  83  26  15  25  89  25  77  83  59
   93  74  26  64  77  15   8  98  90  23  52  69
   17  40  49   2   3  27  56  39  64  58  96  41
   84  28  63  85  15  48  15  65  71  45  75  93
   39  64  41  97  70  68  70  25  82  37  90  37
   62  66  96  15  64  70  52  56   8  79  83  74
   80  44  88   3  37  27  31  90 100  13  41   2
   59  99  17  22  70   6  22  50  57  64  90   6
   10  28  21  23  87  64  79  53  15  59   2  66
   83  15  86  48  54  53   3   5  54  10  85  54
   75  40  38  36  79  16  30   6
   78  23  35  20  30  44  84  77  55  13  92  28
   17  51  82  32  48   7  48  71  57  48  61  54
   26  69  64  10   8  88  73  91  32  43  78  76
   99  99  43  66  85  44   4  83  39  86  70  75
   81  61  27  13   8  26  31  91  87  62  13  27
   62  73  75  61  48  87  97  58  34  55  29   7
   83  52  94  17  31  76  92  25  85  48  92  88
   32  14  39  89  26  42  52  32  95  23  22  46
   46  72  13  82  53  30  63  17  67  57  86  48
   11  40  66  99  82  86  61  16  50  30   5  66
   60  27   1  44  28  55  29  65  45  18  42  67
   75  42  64  16  56  77  96  96  98  95  12  18
   87  94  55  15  80  93  46  43   9  36  77  82
   76  89  17  37  63  43   4  34  19  12  50  23
   69  31  45  79  14  63  47  98  23  91  89   3
   42  23  81  35  90  89   2  64  61  44   4  80
   19  66  17  98   3  55  40  56
   67  72  62   9  25  95  64   1  30  30   5  19
    3  30  58  43  21  53  51  60  14  64  69  60
   69  31  49  39  26  25  84  96  78  25  22  38
   78  13  63  71  29  74  65  13  89   3  40  79
   73  92  53  96  49  46  26  90  40  68  33  95
   24  68   5  49  34  62  27  92  56  70  38  73
   33  16  33  43  60  28  60  59  90  40  23  80
   30  90  80  74  37  24  45  11  29  85  85  65
   75  30  23  17   1  13  34  50  84  96  51  54
   61  48  61  24  18  38   5  56  99  42  78  55
    5  41  31  29  85  21  69  89  49  70  51  54
   57  84  93  45  29  62  64  89  33   9  88  18
   97  31  42  66   4  44  61  76  86  65  33  92
   35  17  99  65  96  27  58  49  69  28  61   4
    8  55  17  92  22  51  83  85  74  63  79  56
   84  40  74  82  25  38  95  46  24  18  21  36
   63  44  86  44  80  86  81  67
   73  28  18  96  60  84  52  76  14  79  44  39
   42  64  29  42  61  55  54   4  99  25  80   6
   95   9  74  87  98   4  19  51  71  68   3  60
   84  19  31  38  21  35  15  69  74  58  79  99
   49  88  59  35  61  87   1  45  37  79  61  56
   14  47   8  58  41  37  20   2  76  53  86  97
   90  63   9  19  65  93  99  97  92  35  79  29
   74  36  83  67  27   6  55  28  73  18  51  89
   49   4  36  88   4  56  88  24  91  31  95  56
   83  41  58   5  59  64  84  52   8  37  96  41
   32  57  27  73  44  84  17  15  67  38  22  90
   35  97   6  86  93   8  44  51  99  68  24  90
   19  45  43  75  30  61  10  35  23   2  43  60
   96  15  74   3  61   7  45  76  40  46   6  54
   65  62  22  71  80  45  65  23  40  45  24  66
   11  75  90  18  67   9  74  56  98  78  92  22
    2  80  74  15  87  69  59  95
    225   203   215   214   209   181   181   221   215   206   206   210
    211   220   215   199   216   196   206   238   201   214   206   220
    212   197   191   206   209   191   198   214   208   206   197   202
    201   216   209   204
