 30 100
   96 109  20  91  32  88  86  75  14  20  57  12
   91  51  27 101  68  52  19  32  77  84  62 113
   43  35  34  31  42  53  54  22  30  53  97  51
   33  43  39  72  53  73  13  19  89  39  31 109
   43  49  96  26  69  75  33 114  37  99  28  62
   68  27 107  67  76  60  74  74  42  38  98 106
   99  64  81  43  21  73  82  13 107   5  45 104
    5  14  32  80  56 103  24 100  82  21  47  41
   50  92  85 103
   71  81  61 100  45  55  31 111  58  67  61 104
   54 104  28 109  23  87  19  37  59  46  34 104
   86  82  38  40  22  33  30  57  80  32  77  69
   51  75  39  64  31  67  89  40  13  35  20  19
   27  63  47  44  66  60  72  43  31  30  95  58
   96  62  69  36  21  55  22  74  67  41  92  96
  104  54  89  46  85  52  57  74  99  40  44  52
   92  32  99  19  67  98   6  36  24  14 106  80
   54  56  26  15
   53  52  94  44  11  85  57  60  33  60  64  15
    9  36  44 100  40  77  91  61  41   9  36  40
   93  53  93 100  90  47  90  36  44  50  20  58
   40  51  74 103 105  72  52  26  53  83  39  67
   74  90  99  62 105  60  46  60  87  93  45  70
   97  98  31  59  26 109  93  45  12  58  93  54
  100  40  92  51  45  79  68  81  58  44  10  34
   79  15 105 108  35  87  93 103  26  78  62  35
   37 105  81  73
   15  41 106  65 105 100  18  50  75  78  69  73
   18  41  90 102  53 108  85 114 108  47  52  75
   92  24  54  49   9  24 100 101 108  48  79  53
   33 110  32   4  34  77  59  98  59  84  38   9
   87  80  89  32  99  31  83 106   3  55  77  49
    9  89 108  63  64  95  56  93  86  21 111 102
   97  89  71  52  15  39  29 103 110  42 104  98
   75  74  50  36  24  26 111  85  62  76  70  41
   44  86  38  84
   73  80  29  82  25   7  48  44  24  44 113  52
   93  89 110  79   8  75  93  26  96  77  76  33
   56 102  18  90  87  27 102  65 108  86  11  73
   87  47  40  38  36  37 101 100  74  90  18  34
   35  94  19  72  35 106  32  39  62  23  63  83
   64  37  91  33  23  34  90 112  99  86  30   9
   32  15  48  37  26  25  27  51  67  57  68 106
   19  46  25  55  78  21  12 107  25  78  43  25
  105  66  39 114
   43  24  99  28  57  67  77 100  26  21  83  29
   34 101  20  51  18  72  29  60  20  27  59  62
   28 108  18  76  17  92  21  28  20 105  98  35
  105  99  57  44  23  45  75 113  77  37  54  79
   43  18  39  33  72  74 100  89  25  15  64  48
   71  62  35  85  84  87  72  50  62  36  95  24
   16  68  66  81  48  57  44 100  30  39  83  13
   60  13  50  36 101  38 101  83  74  93  50  75
   52  93  91  96
   83  34  53 117 100  54  89  25  50  17  82 100
   36  92  40  66  46 104 100 103  64  89  92   7
   94  81  90  21  58  42  38  62 111  43  36  33
   33  80  18  69  77  79  92  68  46  38  83  48
   27  73  93  93  17  98  12  46  47  35  22  58
   22  40  69  38 102  44  87  90  90  50  17  20
   80  18  68  18  51  66  65 101  35  21  23  11
   76   9  14  59  49  74  54 100  29  79  97  75
   64  53  99  99
   83  18  97  52  12  34  33  49  44  71  46  90
   35  25  81  98  39  75  16  67  55  95 109  87
   71  32  25  49  82  21  62  56  51  17 103  63
   21 101  73  54  24  81  53  97  79  52  15  13
   53  95  88  45  68  55  77  13  28  75  86  77
  108  88  90  25  42  53  55  32 111  40  79  64
   81  61  43  29  70  91  50  38  73  38  76  38
   13 104 112  25  76  86  41 101  57  87  51  77
   75  86  79  93
   66  91  79 102  75 102  24  92 110  31  61  39
   58  30  28  73  47  17 111  63  82  67  41  91
   52   8  71   4  44  79  32  95  68  88 105  75
   41  19  70  31  51  48  17  75  70  90  34  58
   77  59  61  33  72  36  15  12 101 109  51  23
   74  31  46 113  89  26  74  24  27  40 112  34
  107 110  97  31  43  55  36  87  90  93  24 107
   49  73  85  69  18  94  11  41  52  17 115  18
   80  62  44  42
   38  59 102 100  57  89  19  76 115  73  69  18
   60  14 107  41 101  84  34  72  93  42  26  38
   82  24  34  76  85  94  32 110 104  55  29  24
   70 107  71 101  87  97  86  64  45  53  89  90
   95  60  47 107  24  86  15   9  67  81  30  91
   37  55  79 101  39  82  12  23  47  68  43  24
   16  88  34  80  50  57  40  51  56  49  32  84
   69  34  91  30  83  29  29  20  91 105  24  23
  108  87  69  52
   16 102  15  38  96  82  62  83 111 106  56  59
   37  69  72  36  80  29  67  62 104  39  54  53
   31  77  62  95  78  50  58 103  44  59  97 103
   23  76  22  90  79  31  67  48  76  74  65  43
   19  63  82  74  85  42  68  49  57  45  87  45
  113  59  67  30  31  36  62 101  69  27  18  80
   80  37  31  33  92  74  44  32  99  29  47  31
   76  32  25  92  13  24  46  24  64  57  20  25
   65  56  27  13
  103  28  61  34  75  97  71 101  28  75  85  50
   66  49  84  80  69  92  83  91  51 101  29  30
   71 113  55  22  94  16 106  25  53  43  92  61
   81  44  43 110  14  98  80  53  81  81 111  94
   49 107  58  85  24  91  89  48  23  97  81  27
   38  54  40  24  26  40  16 107  83  30  39  74
   90  97  74  55  59  17  29 100  16  96  17  86
  107 102  32  85  73  45  43 114  64  90  80  74
   37  12  41  79
   91  34  67  29  12  73  77 102  65  51  67  32
   90  37  52  49  33  27  51  25  51  58  84  53
   25  83  34  55   7  94  94  42  44   6  95  90
   25  70  78 111  91  53  43  90 118  69  95  25
  115  80  47   9  13  34  82  68  83  53  25  26
   86 102 110  92  42  11  66  29  92  49  27 110
   25  36  25 109  49  88  70  69  52  93  40  82
   43  43  99  77  96   2  92  19  46 101  50  87
   74  43  47  87
   34   9  23  77  16  45  27  95  82 103  17  17
   71  97   9  11  96  90  25  65  17  30  22  69
   66  33  26  38 101  40 106  66 102  67 102  55
   65  59  25  57   6  58  63  39 105  67  83  78
  106  18  52  90  64  26 100  91  85  78  93  16
   32  60 100  68  12  98  83   9  45  39  30  98
   44 111  96 101  35  62 113  27  41  30 106  97
   81  33  63  98  62  61  46  83  76  19  56  77
   14  78  68  56
   93  40 111  51  33  49  89  22  67  95  55  92
  114  56  67 107  62  75  86  28  31  16  18 107
   34  59  57 106  65  53  53  25 106  38  33  68
   96  92  84 108  47  41  54 107  66  28  15 100
   66  36  31  84  77  69  84  94  56  38  38 107
  114  30  26  94  47  46  98  71  86  54  96  17
   22  40  93  52  64  46  78  16  60  13  90  80
  106  97  65  57  27  97 102  72  16  49 100  22
   97  95 109  87
   90  59  59  84  75  62  19 119  51  26  40  69
   47  36  85  67  74  27  39  77 115  65  99  57
   37  82  29  77  34  54 109  20  30  96  70  70
  102  38  82  16  79  84  71  18  13  90  70  29
   71  44  20  71  38 103  43  48  76  81  56  84
   41  97  55  28  10 116  30  48  78  79  24  49
   28  52  32  69  30  49  93 103  62  83  56  56
   28  25  48  84  36  59  29 103  80 108 102  85
   46  42 103  60
   94 113  63  69  51  55  71  54  33  84   9 113
   72  61  33  39  93  89  34  78  20  97  51  88
   41  91 112  30  47 113  68  43  93  67  72  15
   23  90  94  43  27  83  76  76  41  26  18  51
   44 114  92  36  56  47  61  91  77  60  15  21
   28  92  83 100  27  45  29  37  96   8  73  65
   88   6  15  24  34  37  49  32  28 109  31 102
   73  94  12 107  61  66  58 101  13 105  49  89
   28  89  71  38
  110  19  73  19  31 108  91  42 104  86  42  35
   16  51  50 100  15  87  43  66  80  85  98 118
   33  69  14  41  31  93  95  87 115  90 100  85
   70  27  42  92  48  30  27  26  54  32  47  80
   68  73  25  64  44  11  35  32  78 101  74  61
   73  46  83  19  18  74  84  62  77  51 109  82
   32 103  19  65  76  63  39  38  64  40  52  75
  107  74  68  38 103  95  28  56   7  22  25 103
   30 112  11  41
   59  37  18  67  99  63  24  23   9  69  29  29
   25  90  32 102  48 109  45  46  30  55 104  48
   46  26 103  88  21 113  90  97  15 106  68  89
   56  71  19  93  62 111  49 100  95  80  19  45
   93  90  20  85  56  36 108  66  46  35  31  14
   71  84  95 101 110  30  75  77  36 111  40  58
   43  69  77  63  68  73 109  93  49  70  76  24
   23  13 103  61  93  57  80  82  75  59  55  74
  105  13  28  33
   98  83  30  72 113  40  88  27  52  85  52  30
   29  61  18  76  77  67  74 106  67  82  82  85
   66  46 101 102  21  99  42  84  14  69 107  80
   12  68  30  35  59  96  79  19  56  79  43  38
   88  91  52  55  84  64  49  47 104  61  75  17
  115  64  93  15  29  72  60  23  52  47  89  86
   78  95  72  20  84  54  21  93 103  90  98  62
   76  42  95  96  81  14  22  21  85  22  85  29
   18 113  31  34
    6  27  60  75 111  28  23  34  66  51  65  96
   63  64  91  37  21  57  31  29  21  58  98  65
   84  46  98  94  44  17  38  71  49 106  33  73
   54  94  89  42  13 111  40  34  85  53  60  26
   91  68 114 107  87  43 103  31  74  32 100 103
   74  70  52  68 109  23 101  57  93  90  82 102
   31 107  51  17  92  62  23  94 104  31  61 104
   28  15  38  94 101  76 100  96  88  93  85  41
   57  44  95  62
   34  99  58  59  80  31  38  91  44  54  69  55
   38 103  83 101  33  74  30  53  62  18 109  44
   98  43  34  96  77  60  75  97  29  53  14  57
   83  93  97  91  69  71 111  30  69  25  79  57
   72  47  25  14  87  49  64  69 107  61  75  82
   59  67  53  96  46  89  95  95  89  18  78  45
   99  36  37  74  50  59  89  37  91  18  35  86
   49  51  78 101  75  24  62  58 116  58  75  37
    7  25  48  25
   76  57  61  67  32 101 113  41  42  62  37  21
   55 103  98  61  66  68  50  96  27  93  46  98
    7  69  37  18  94  34 104  62  68  36  60  97
   36  10  22  30  92  97  54  75  88  39  12  20
   47  76  53  98  81  71  84  88  51  83  49  36
  114  36  74  31  99  99  92  63  32  47  20  18
   96  17  76  63  90  38  39  65  24  22  10  43
   60  96  37  64  56  89  49  37 101  76  49  54
   83 108  13  77
   39  32  37  99  37  49  44  62  10  77  46  55
   73  75  43  79  39  56  89  78  27  88  93  27
   39  82  92  52  33  91  50  67  89 101  35  38
   62  68  60  36  96  51  38  60  96  22  30  75
   63  28  72  52  83 102  36 112  74  61  58  64
   93  25  84  37  17  15 103  99  42  46  44  54
   41  79  42  69  61  96  72  14  71  35  70  46
   20  23  86  93  35  79 106  54  27  10  58  48
   43  61  82  33
   15  94  96  68 106  46  97  16  54  92  94  50
   29  44  92  51  62  56  75  74  80  68  96  79
   71  37  35  60  37  52  99  22 110   3  21  94
   71  87 116  82  53  81  90   9  84  35  32  83
   68  51  14  49  53  18  91  24  35   5  64  68
   19 109  18  30  91  61 100 109  89  69  96  81
   98  48  58  76  35 106  21  22 107  95  41  11
   11  20  85 104  33  39  96  96  60 112  86  19
   53 104  19  92
   61 109  30  63  29  46  55 118  34  46  97  45
   57  61 102  34  40  90  58  43  66  78  99  78
   67  51  86  75  48  18  51  81  41  94  85  85
   71 102  18 115  77  86  75  92 101  88  96  92
   10  80  86  77  29  20  27  38  16  26  85  55
   80  34  44  76  27  76  52  72  98  55  64  74
   72  94  44  46  39  54  87  78  90 103  13  97
   92  56  76  94  35  29  71  64  94  52  87  92
   97  33 105  51
   14  28  34  88  13 100  51  77  80  30  53  23
   14  48  20  38  62 116  26 104  48  61  27 101
  105  64  29  94  13  18  27  54  59   6  63  32
   67  97 112  60  60   8  11  91  65  15  90   8
   99  25 108  66  21  83  23  59  18  30  39  31
  100  65  17  96  64  92  69  18  43 100  95  46
   30  54   5  83  51  10  77 114  72  34  93  84
   37  24  35  48  82  74  16  23  95  33  29  41
   58  88 112  95
   77 103 117  29  15  23  38  43  35  17 117  15
   89  14  19  85  24  36  69  86  57  42 115 108
   91  54  72  66  62  69  73  83  54 100  12  44
   15  73  46  46 112  90  52  39  89  80  79  68
   38  34  78  22   6  97  67  37  95  55  51  20
   37  19  39  70  35 110  61  88   6 100  43  80
   36  50  31  81  15  97  28  64  98  45  56   3
   14  56  54  68  91  35  68  19  34 100  47  37
   90  41  33  82
   97  67  95  52  36  31  77  36 104  52  67  92
   67 100  27  75 104  60  50  99  88  86  28 102
   37  85 100  40  97 105  48  58  54  89  95  38
   17  24  65  13  58  10  31  80  45  91  34  65
   93 100 118  37  46  97  96  26  28  94  52 102
   95  88  72  87  30  74  23  27 101  50  51  67
   23 109  84  80  89  78  41  42   8  83  53  22
   49  25  19  66  57  37  68  89  74  40  68  53
   94  18  29  82
   70  87  80  14  57 104  75  21  27   5 111  71
   29  96  92  77  98  61  54  80  13  35  34  65
   86 115  35  67  64  39  60  50  24 101 104  20
   94  57  69  38  28  23  82  77  51  86  31  43
   95  34  82 101  29  32   8  45  69  30  29  73
   36  89  69  59  26  35  57  91  66  49  95  38
   77  36  57  14  37  28 102  49  14  76  52  49
    8  34  54  34  86  71  56  15  75  79  89  77
   45  79  50  20
   19   2  89  14  71  26  21  43  89  91  60  90
   17  58  82   6  42  59  92  81  37  27  53   5
   70  77  74  75  73  57  59  84  72  53  23  51
   80  66  63  34  58  44 100  88  31  78  77   2
   68  65  24  80  33  30  77   4  82   8  77  44
   42  90  11  39  32  43  28  38  69  69  15   2
   15  47  34  70  99  29  23  91   4  99  59  13
  100  99  83  31  64   8  88  12  37  91  68  70
   63  13  34   6
   34  24  42  11  57  64  75   6  55  53  53  13
   65   9  76   9  96  32  86  76  46  59  84  16
   25  31  69  70  94  71  76  62  26  81  42  42
   56  43  71  47  72  37  20  78  94  76  95  85
   83  41  57  66  50  42  45  77  87  81   7  59
    6  40  46  69  86  60  83  36  46  62  21  14
   14  52  30  64  22  56  46  35   4  66  75  64
   13  87  17  89  47  13  97  71  89  99  13  30
   59  63  88  95
   53  56  17  62 100  23  54  56  72  46  46  96
   93  76  74  10  77  34  11  50  63  97  83  79
   24  65  18   5  28  70  29  74  73  64  86  47
   70  60  30  15   6  42  58  85  49  31  78  44
   37  17  11  56  12  53  64  47  25  17  68  39
    6  21  75  53  85   1  16  69  91  59  22  55
    3  67  12  51  59  41  39  23  46  67  98  70
   33  99   5   9  76  16  18   3  89  36  51  67
   65   7  22  33
   97  74   5  48   7  20  87  56  40  35  43  29
   87  72  21  11  54   3  33   3   3  70  58  36
   24  80  56  53 100  81   2   3   3  69  26  51
   80   2  71  98  77  26  58  18  55  19  66  93
   30  34  27  87  18  73  28   2 100  57  31  68
   96  21   2  42  50  10  55   9  25  98   4   6
   21  14  33  55  96  80  76  12   4  64  10  18
   37  45  55  76  95  89   3  32  56  39  33  68
   62  16  66  19
   46  37  87  24  94  98  54  68  80  60   5  51
   20  30   9  36  95  37  23  85  18  27  38  85
   55  13  87  23  17  90  13  41   3  18  97  42
   23  56  63  65  66  73  19  20  39  12  89  78
   71  12  91  43  71  10  78  63  58  83  48  23
   45  75  11  84  90  69  23   5  15  27  77  98
   70  97  65  81  80  80  89  63  45  53  51   9
   96  65  91  57  29  89  98  11  85  39  76  83
    8  43  76   2
   72  83  16  87  59  44  31  11  78  90  21  79
   83  19  85  56  90  40  83  47  95  83  44  50
   88   6  94  29  87  14  99  89  86   5  15  74
   11  12  48  65  89  66  41   6  41  70  52  25
   62  85  66  82  44  32   2  29  86  94  44  63
   35  54  78  22  26  19  48  66  42  72  16  88
   87  41  40  33  67  60  65  20  85  66  25  93
   52  93  54  73   4  82  19  25  37  11  53  36
   55  22  11  15
   20  86  51   2   7  51  26  91  58  85  20  11
   80  22  80  49  74   9  12   8  53  19  22  96
   10  30  18  90  54  62  78  44   9  74  80  82
   72  31  90  35  35  26  17  50  70  71  26  59
   78  45  24  12  96   9  90  66  73  78  92  50
   97  65  41  76   5  72  24  25  29  64  96  91
   28  85  36  87  69  51  54  15  75  98  80  91
   34  98  97  53  70  32  52   4  83  26  14  37
   42  55   7  20
   35  95  15  59  90  73  86  54  59  39  65  12
   69  85  31  13  78  36  86  36  65   9   4  24
   33  84  89  59  28  89  56  55  68  92  10  55
   88  11  46  51  94  33  64   7  30  53  90  99
   56  14  15  70  46  65  38  89  87  36  33  35
    3  17  22  77  76  55  59  87   2  65  31  47
   32  48  67  76  47  22  66  73  39  72  28  68
   98   7   7  85  27  28  68  19  45  17  68  26
   31  24  36  26
   53  29  32   5  28  12  82  11   6  82  49  76
   48  76  85  44  72  91   9  48  29  45  63  13
   53  97  43  98  67  34  82  24  49  18   7  41
   65  93  42  74  66  63  93  31  40  21  82  60
   34  48  46  84  35  75  99  90  15   3  67  83
   35  87  60   2  17  88  36  95  75  75   8  68
    9   5  18  81  59  52  81  16  29  10  79   8
   64  44  26  33  99  24  94  64  61  98   4  84
   40  50  67  69
   73  53   4  14  57  15  88  27   3  37  36  98
   59  97   9  78  18  27  68  37  10  60  88  76
   23  83  69  33  24  10  78   4   8  49  89  84
   37  13  44  17  18   8  21  50  69  60  22  14
   16  47  64   7  88  31  90  93  40  23  88  16
   72  48  26  19  72  22  93  83  68  49  67  79
   94  23  74  24  62  46  80  56  57  59  81  23
   34  83  16  78  37  79  83  96  24   9  78  91
    5  17  33  59
   96  10  98  72  22  37  55  34   2   8  61  44
   74  42  44  83  34  91  51  48   4  64  60  55
   80  27  55  25  34  53  55  12  76  51  16  12
   92  37  89  20  24  84  42  59  29  32  46  65
   95  46  20  42  23  60  44  66  58  61  29  71
    2  55  52  81  75  77  52  10  48  81  95  26
   27  76  89  78  14  40  75  83  18  84  69  75
   34  88  77  19  89  89  62  84  39  45  83  88
   37  48  92  90
    8  82  46  77  35  15  35   8  84  44  28  70
   54  67  26  28  40  17  20  13  68   9  78  82
   45   4  56  91  20  90   9  77  58  70  24  50
   25  60  66   7  89  11  29  49  30  27   3  16
   64  12  56  32  79  19  29  63  84  13  33  87
   72  51  78  79  90  69  92   8  31  84  72  37
   26  13  34  56  60  90  80   5  97  18  86  26
   11  11  84  17  38  63  73   6  39  24  36  32
   71  90  70  41
   26  68  49  75  90  46  40  16  39  59  47  84
   30  70  58  55  80  79  63  82  66  55  36  63
   88  22  77  56  95  15  24  73  71  99  15  19
   87  45  26   8  16  67  61  28   2  35  11  85
    4  31  71  93  93  84  25  37  20  58  86  92
   33   9   6  15  70  94  42  81  13  59  91   6
   90  71  82   8  64  30  36  47  58  25  75  23
   66  72  21  33   8 100  21  94  60   7  67  33
   42  72  63  23
   70  98  93  37  95  57  92   8  36   8  98  90
   47  23  93  96  24  27  79  54  97  80  86  49
   44  79  85  82   3  65  12  38  11  51   9  60
   48  56  78  49  98  55  44  64  15  41  31  42
    9  94  51  26  40  77  11  11  29  25  19  94
   77  58  20  49  97  13  28  99  64  69  81  13
   67   6  10  11  83  56   5  79  63  87  14   6
   22  82  42  14  49  44  67  27  34  98  61  30
   90  27  37  49
   27  66   8  59  71  57  31  89  38  23  61  17
    6  60  39   4  49  30  27  84  83  95  93   4
   81  47  48   7  38  67  51  94   9  76  71  47
    7  28  24   4  62  75  53   5  45  92  93   2
   47  68  79  24  34  51  27  12  53  64  72   9
    2  80  81  21  67  61   7  34  25  56  23  94
   90  64  18  57  50  65  40  88  42  97  20  35
    3  20  49  59  78  15  16  30  98  70  14  80
    6  14   7  28
   26  55  44  34  30  45  89   1  65  83  73  42
   64  74  24  48  28  77  76  27   3  54   6  54
   74  29  77  39  72  57   9  96  88   9  42  43
    4  64  29  95  37  22  35  85  94  22  44  84
   40  75  87  49  74  12  77  66  26  37  57  23
   61   7  60  79  97   3  89  61  33  38  95  60
   92  54  83  47  80  54  18   4  49  24  50  54
   78  86  56  26  66  56  81   8  40  11   2  29
   66  71   3  50
   14   3  44  42  68  62  38  51  76  34  99   3
   48  45  78  68  24  26  77  35  91  16  59  24
   70  13   6  88  55   6  42  64  21  51  31  87
   93  26  13  69  80  34  30  43  66  79  93  63
   70   2  26  71  59  72  57  27  39  54  92  97
   88  27  36  11  75  66  75  74  18  96  39  50
   22  96 100  95  70  74  61  71  83   1  84   3
   38   9  97  10  45  47  53   1  98  13  55  22
   79  26  47  73
    6  99  33  87  80   5  11  69   7  19  60  85
   99  65  63   5  94  18  73  53  35  21  17   1
   73  40  96  66  87  16  14  21   5  29   4  18
   46  79  77  25  72  85  82  76  55  81  73  32
   46  39  94  51  74  96  75  79  42   1  41  50
   42  65  27  90  84  34  21  50  37  61   1  33
   72   9  98  50  41  48  65  79  38  74  60  40
    2  44  44  78  10  12  83  64  95  87  79   7
   76   3  94  76
   59  68  91  35  12  43  91  84  93  34  80  76
   90  14  86  16  66   8  57  58  80  62   5  69
   70  78  17  29  85   7  28  13  96   1  52  29
   58  40  87  16  40   9  67   7  15  39  86  57
   17  23  86  28  50  74   3  41  74  68  72  88
   44  28   8  10   8  85  33  28  79   2  77  53
   65  42  38  42  52  31   3  24  66  46  31  92
   84  97   5  50  15  56  38  24  36  45  47  44
    6  98  85  74
    9  22  80  45   1  66  20  85  59  27  57  82
   78  52  89  27  42  51  40   2  51  33  36  23
   53  59   6   7  99   8  78  33  97  50   7  30
   93  41  90  72  52  21  28  87  56  28  63  77
   23  27  57  49  22  50  67  64  16  47  41  94
    4  47  18  93  91  43  49  80  54  72  31  33
   33  25  40 100  26  56  93  19   6  13  18  48
   38  73  22  18  21  97  98  81  34  96  23  91
   97   6  73  80
   96  92  55  44   7  74  92  69  41  62  37  19
   50  50  29  81  97  50  83  75  99  56  14  45
   29  70  10  21  73  97  82  39  63   1  72  32
   58  10  16  69  99   6  80  73  21  61  53  84
   25  43   6   6  22  76   6  88  28  77   2   1
   28  41  67  48   5  93   8  54  23  15  29  14
   80   9  68  95  23  49  89  24  15  83  42   3
   84  95  72  23  17  38  15  14  22  19  29  72
   58  60  13  40
   86  12  46  50  36  84  76  13  61  54  35  49
   67  11  34  10  84  39  87  49  52  91   3  60
   14  77  80  12  26  60  31   6  78  67  99  46
   26  15   9  17  37  46   6  75  51  79  30  56
   45  65  89  91  24  67  52  41  11  43  43  29
   57  44  62   6  64  31  15  14  14  90  40  66
   16  77  76  40  66  61  16  79  20  87  85  19
   66  52  37   8  37  88  46  53   2  62  29  80
   96  88  69  91
   27  56  46  35  74  16   4  66  68  44  75  98
   56   8  22  45  46  38  59  20  81  19  67   6
   95  34  76  88  16  86   1  47  41  66  48  13
   73  93  83  88  14  17  56  28  28  77  92  83
   60  31  49   9  27  42  28  31  55  28  57  81
    2  75  31  89  17  14  10  39  84  55  91  87
   17  93  38  50  15  67  65  40  90  85  96  76
   55  15  81  56  58  31  71  80   6  32  60  53
   27  10  91  38
   80  77  81   4  68  54  65  47  98  37  74  53
   40  36  72  30  75  54  27  26  76  20  25  77
   78  33  17  58  74  22  59  40  20  18  80  74
   52  34  51  80  18  63  73  45  16  85  77  42
   55  90  35  51  19   8  79   8  46  54  48  45
   25  91  25  65  97  99   7  13  74  56  72  66
   70  33  73  39  41   6  30  92  44  75  44  67
   99  97  21  16  76  32  10  62  82  98  47  61
   68  50  21  75
  100  18  16  37   7  65  12  87  55  28  18  68
   74  67  27  62  58  62  43  43  26  41  22  39
   37  78  69  58  78  60   5  83   4 100  87  26
   42  27   3  38  66  30  14  93  27  73  73  31
   42  63  99  53  58  84  16  94  68  98  47  52
   90   2  87  73  17  50  20  10  16  41  11  36
    6  63  56  26  81   5  92  92  13  24  79  95
   98  89  30   3  86  72  16  21  55   7  27  88
   58  15  99  26
   50   3  80  56  74  72  49   1  70  71  12  68
   62  52  14  80  79  17  61  66  42  31   4  30
   47  56  27  42  66  89  65  36  70  23  22  22
   45   6  98   4  40  30  43  26  12  18  12  13
   96  33  32  35  82  89  91  81  99  92  33  47
   23  70  62  30  84  37  64  45   6  56  46  45
   30  23  72  58  78  56  30  38  15   3  97  23
   21  54  26  10  85  79  38  44  11  67  33  14
   18  77  11  62
   97  86  84  14  97  12  62  34  31  88  55  79
   90  59  91  76  41   4  78   8  71  52  84   8
    9  49  85   9 100  85  78  56  53  98  48  81
   35  19   8  43  45  99  92  24  38  89  19  95
   19  83  11  45  93  24  79  59  85  75  74  79
   16  52  92  10  42  13  48  97  65  19  10  66
   89  51  97  20  59  95  43   4  40  81   9  29
   83  94  76  64  34  41  93  81  10  82  80  72
   47  26   7  22
   27   2   3  75  99  90  79  75  74  91   1  88
   14  90  88  27  80  76  41  32  45  67   2   3
   11  51  37  46  51  35  32  31  57  13  92  64
   99  41  66  66   1  26  68  75  25  29  28  48
   73  81  41  88  96   6  38  70  22  62  67  93
   81  96  81  36  69   5  47  26  99  13  62  25
   80  61  84  24  97  12  74  54  18  60  51  99
   99  62  59  41  12  74  49  92  77   5  69  66
   17  77  72  38
    7  41   8  55  76  78  32  78  10  54  39  20
   35  10  89  32  15  47  58   7  19  25  90   9
   65  31  20  71  20   4  55  57  59  30  15  82
   94  93  44  97  62  93  77  40  73  24  71  37
   23  12   2  83  72  21  16  76  80  22  53   9
    9  17  31  32  80  29  82  77  11  61  64  40
   87  10  33  28  31  41  64  72  96  34  59  94
   59  83  93  49  45  68  39  14  35  75  44  51
   26  94  79  36
   50  20  36  92  45   9  38  82  89  97   6  38
   73  16  23  30   7  45  65  35  95  80  82  54
   23   4  84  42  44  73  43  52  96  19  10  87
   20  52  38  71  88  97  29  27  58  19  76  68
   22  75  35   8  83  82  97  73  42  78  84  35
   81  22  42  53  85  82  62  29  53  53   7  74
   37  77  46  90  83  82  13  62  94  30  64  62
   99  77  64  68  33  49  64  93  36  25  14  29
   61  41  68  98
    138   142   123   118   139   134   134   130   133   127   138   119
    138   134   122   132   137   135   122   130   124   122   125   139
    130   120   143   143   128   146
