 20 150
   96  71  95 107  62  46  48  20  13  59  94 101
   85  35  34  38  21  50  67  28  52  27  35  41
  102  51  20  41  13  87  31  66  80  76  50  60
   41  84  47  20  74  93  66  95  23  40  67  39
   42  37 107  49  51 103  70  65 103  33  97  51
   13  33  40  94  21 113  75  39  37  79  94  51
   48 103  19  60  28  99  33  26 100  94  72  74
   98  21  58  82 100  90 111  27  29 100  25  53
   99  39  17  34  28  45  36 116  35  45  83  23
   62  68  82  86  80  58 109  26  92 115  67  81
   90  35  93  29   5  64  81  48  58  27  88  47
   79  94  22  26  77  93  89  83  22  21  26  45
   39  19  52 109 113  27
   21  45  28  68  75 109  95  96  27  16 104   5
   63  50  63  20  96  35  42  60  26  38  94  60
   86  65  63  72 115  14 113  98  80  26  15  98
   90  57  35  62 109  71  72  89 115  17  75  51
   36  94 100  32  20  48  62  22  80  63  46  36
   65  94  67 106  36  64  68  81 114 104  49  81
  101  42  27  69  63  18  56 108  61  93  74  94
   85  91  22  78  92  56  66  51  91  22   5 109
   91   5   8 108  33  98  72 100  24  88  86  57
   10 112  21  69  65  93  22  77  87  91 108   6
  112 106  38  31  61  92  65  38  96  28  86  94
   51  99  24  16  28  92  84  64  64  47   8  79
   49  38  77  71  34  67
   50  20  29  85  87 100  35  81  29  79  41  76
   29  41  48  39 101  36  51  59  38  62  50  99
   76  80 106  28  93 108  73  27  82  74  46  52
   80  42  57  19  18  54  47  17  45  55  59  24
   45  94  55  98  62 101  90  28   7  96  17   9
   28  58  21 108 110  67  45  93  85  46 103  42
   15  37  40  56  18  97  20  76 112  34  63  89
   18  77 111  33  31  27  38  67  38 108  51  68
   93  29  76  69  40  45 106  56  72  74  52  17
   64  56  37  99   5  12  64  60  22  67  83  80
   47 100  39  28  23  15  91  50 107  35  43 102
   62 112  51  41  73  26  87  60 103  29  77  75
   95  58  10  90  13  80
   90  24  87  94  93  97  24 107  42 101  34 110
   97  79  27  74  77  29  28  76  64  19  86  85
   90 115  35  81  15  76  48  36  89  49  70  17
   61  72  41  77 113  99  85  98  70  45  52  62
   94 101  41  82  58  23  38  71  53  68  70  24
   90  70  29  80  66  79  39  26  92 111   7  52
   38  71  42  48  73  21 101  87  29 103  88  92
   19  66 101  74   7  40 102  47  84  65  60 112
   74  65  54  18  78  46  67  95 106 103   7  93
  100  72  83  51  50  85  78  86  22  80  21  52
   61  78  75  29  69 109  23  32 108  54  40  13
   73  44  27  45  77  28  25  78 104  31  21  51
   17 113  49  82  22  32
   21  53  35 105  84  47  45  99  64  76 107  62
   84  30  46 100  92  86  58 101 101  17   3  48
   99  54  16  10  64  34  85  36 111  84  81  30
   35  51 104 116   6  84  84  84  41  14  30  68
   63  79  25  61  43 106  10  59  99  75  89  40
    9  78  32  25  58 100  97  44  37  49  66  15
   89  14  35  53  93 105  98  84  78  82  22  11
   92  30  33  19  74  27 100  16 105  84  78  92
   15  51 107  29  84  54  56 111  35 116  68  66
   15 115  76  47  73 105  75  12  69  53  77   9
   34  55  53 116  72  85  26  40  39  29  17  63
   95  32  62  69 115  83 105  86  61  74  49 102
   20  19  72  62  83 106
   67 106  56  38  80  10  35 107  38  81  83  67
   45 100  17  65  79  81  75  40  84  43  58 110
  114  67  59  92  78  19  15 111  61  77  22  29
   64  33  82  45  74  48  84  99  96  43  29  94
   67  96  27 101 106  47  26 111  31  66  47  76
   81  17  36  74  29  86  54 117 106  45  57  24
   64  79  22  22  64  92 113  51  39  47  15  34
   71  27  78  97  50  64  57  43  81  10  22 105
   31  68   8  50  72  18  75  47  69  27  66  41
   28 101 100  41  58  11  66  24  36  18  47  53
  115  78  18 100  39  31  48  15   9  61  51  35
   38  87  61  84  51  29  69  41  49   9 102  51
   21  21  94  77  85  75
  112  66  73  89  92  81  82  48   7  34 100  69
   93  54 108  54  44  32   2  15  57  30  48  55
   53  60  74  90  84  33  29  68 111  28  18  58
   73  11  95 107  15  25  80  69  32  59  43  98
   50  29  47  98  27  56 105  26  79  17  35 104
   79  81 107  78  43  17  19  30  44  44  89  76
   69  55  65 102  47  15  46  94  64  64  77  52
   74  89  85  41  29  24  50  18  39  45  52  41
   39  37  55  40  79   9 105  69  61  27  97  23
   95  28  96  23  60  87  56  75 109  17  50  61
   54  51  26  71  38  89  89  53  72  20  33  68
   89 110  69 105 104  95  22  32  87  66  19  37
   51 105  26  85  89 105
   57  30  72  33  14  74  29  56  75 101  45  22
  103  55  10 100  15  29  73  45  10  43  40  33
  103  12  53  67 104  54  20  99 105  18  26 100
   69  34  49  25  72  89  14  14  83  61  71  82
   13 102  57  49  47  25  34  37  58  81  84  37
   44  28  59  27 106  27  64  58  81  24  17  58
   53 104 103  11  45  59  39  95  73  78  75  99
   84  29  94 109  72  22  69  46  90  25  22  88
   48  80 104  20  55  68  33  48  86  71  75 102
   37 111  66  34  33  61  61  90  89  20  84 108
   94  94 104  90  90  71  26  45  61  23  44  58
   23  92  15  66 103  31  47  66  29  24  97  70
   37  74  79  77  12 100
   74  75  84  55  72  26  69  93  57  23  43  21
   34  25  24  71  40  52  48  59  36  35 106  35
   75  72  56  71  75  13  28  20  55  41 107  45
   21  21  58  30  69  48  79  19 103  31  81  42
   46  74 109  82  74  89  46  92  79  63  95  93
   21 107  59  39  76  74  32  78  12  47  68  59
  102  72  97  92  36  58  35  45  68  75 102 100
   79  21   9  58  42  46  66  79  70  67  68  29
   85  99  19  74  94  14 100  34  49  38  76  34
   96  29  49  40  35  80 109  87 102  34  73 109
   10  63  49  84  55  32  37  28  95  40  68  25
   99  24  97  29  59  15  37  62 116  52  21  62
   76  94  25  96  52  72
   40  69  42  53  67  61  15  45  73  80  86  84
   34  60  40  14  64  77  32  79  96  51  56  67
   48  62  43  79  51  81  82  86  39   9  28  42
   22  55  98  50  27  49  81 102  15  14 112  28
   24  54  86  29  29  54  82  69  30  48  50  13
   68  93  50  63  33  77  31  57  21  42  23  32
   44  42  31  44  85  28  59  77  46  35  20  33
   44  19  63  32  26  16  72  20  91  72  63  55
   76  70  56  56 101  14  95  56  79  88  58  71
   61  14  65  43  87  95  17  53  58 109  83  18
    9  91  98  23  38  11  48  26 106  17  88  21
   99 101 101 102  34  63  13  26  98  85  17  86
   82  64  49  69 110 105
   26  69  37  46  30  28  23  96  38  98  65  95
   64  99  25  93  22  32  55  24  96  55  46  36
   53  58  68  90  40  32 117  76  28  79  32  29
  115  57  22  82 110  73  40 106  71  74  40  24
   68  89  45 104  34  64  61  78 111  92  69  61
   18  17  18  79  78  85  18  27  79  99  48  55
   68  98  18  27  25  94  52  28  85  23  43  40
   79  97  74  92  80  58  74  99 114  75  64  43
   44  45  30  36  27  17  20  24  96  54  97  49
   55 100  76 113  61  92  69  58  65  35  99  29
   62  17  79  94  65  53  76  77 109 105 105  64
  105  33  56 100  45  47  18  86  30  74  16  58
   81  24  77  17  76  85
   53  64  39  15  82  34  58  22  83  31  32 108
   60  77  52  56  56  70  94  50  46  18  35  75
   48  87  94  36  91  83  61 104  60  73 111  63
   33  84  55  94 105  77  75  25  80  51  14   9
  115  48 107  43  79  34 102 100  46  80  64  21
   23  69  66   4  89  69  11  40  79  71  14  49
   66  35  84  65  84  21  29  34  91  13  55  23
   71  96  69  96  93 103  85 102 100  99  62  16
   87  52  49  76  47  54  25  35   7 103  31  77
   17 106  73  77  29  63   9  37  46  23  27  67
   53  38  52  34  68 113  42  53  41  23  81  26
   61  50  28  84  71 102  89  32  20 105  41  90
   54  20  62  54  31 114
   16 101 101  33   5  46  89  72 107  22   8  31
   44  75  86 112  96  23  58  88  72  21  43  51
   70  17  28  85   8  46  25  63  26  58  68  94
   71  53  62  24  53  97  91  31  15  28  21  44
   87  88  34  30  41   7  68  21  98  60  43  82
   42 111  69  67  78  64  72  21  37  45  31  93
   96  28  87  40  98  63  38  51  63  84  64 110
   24  26  75  35  86  78  87  42  82  91  84  50
   58  99  47  27  71  98  52  12  23  94  50  89
   20  62  55   6  10  89 104  45  85  59 101  22
   82  12  35  18  52  64  86  28  71  25  69  58
   18 115  96  11  56 113  52  10  46 104  66  97
   70  84  28  61  71  66
   83 107 111  31  17  95  90  68  76  17  57  18
   91  33 100   7  67  67 108  71  30  22  77  37
   46  27  29  42  89  59  38  34  99  50  51  47
   83  75  18  60  47  16  17  50 105  84  13  25
   53  55  71  26  80  85  30  61  30  60  47  12
   37  88  17  91  16  71  66  33  37 105  40 105
   37  40  74  84  36  22  17  20  43  98  89 101
   94  43  27  75  37  29  27  71  41  66 102  43
   43  42  19 108  27  71  17  20  75  73  94  94
   98  51  58  47  52  83  25  52  98  97 109  77
   81 103  68  57  30  78  74  26  93  48  88  11
   65  78 110  78  55  42  20  98 101  77  16   6
   88  16  57 115  89  20
   18  52  71  65  11 112  61  52  24  93  72  28
   53 109  17  22  88  38  96  50  24  78  44  32
   28  65  23  79 104  18  93  74  11  47  58  30
   89  84  15  79  61  76 107  54  52  86  29  87
   94  28  12  97  53  94  87  65 104 105  60  83
   15  98 107  76  75  77  63  60  70  61  67  72
   69  30  42  85   7  23  32  14  22  42  32  56
   47  31  48  58  81  49 102  34  64  59  69  50
   52  97  41 107  76  60  73  82  71  75 105  69
   82  56  19 105  74  95  49  72  84  72  37  59
   65  52  79 100  78  16  52  47 105 108  22  57
   89  60  83 113  12 110  71 111 101 104  85 111
   33 106  37  18  72  71
   41  84   8  51  89  71  17  75  92  75  12  40
   57  83  35  98  79  48  32  22  66  17  78  35
   39  57  96  37  73   6  68  39  84 103  42  21
   70  40  51  79  33  99  60  92  40  56  70  74
   26 107  52  49  39  67  17  19  23  70 115  20
   93  16  99  54 106  72 109  43  83  35  33  75
   84  36  62  10  98  75  66  31  81  74  13  21
   43  52  98  39  66  32  12  76  89  76  68  12
   90 103  26  40  48  52  33  50  46  59  85  33
   32  53  94  71  66  20  62  81  17  63  36  99
   88  17  53  71  59  64  23  35  51  33  91  18
   61  64  62  46  35  25  57  86  41  44  63  39
   79  19  88  53  40  40
   78  21  84 103  55  26  83  91  91  30  59  60
   88  57  25 110  83 104  43 100  80  78   9  30
   43  83  53  13  47  62  91  47  36  75  92  82
   47  30  54 107  50  36  98  82  75  13  56 108
   70  11 108  30  27  51  13  96  22  76  60  39
   38  58  21 105 108  76  10  28 100  91  79  99
   74  26  33  44  68  17  22  32 103  69  87  90
   36  99  64  69  15  39  65  51  14  22  42  82
   95  98  64  83  95  63   8  91  43  37  74  36
   30  10  36  69  99  17 110 103  88  96  76  37
   85  91  85  72  59   9  85  84  58  17  68  17
   52 102  90  90  39  43  53  80  56  80  45  25
   24  29 108  38 100  96
   71  95  71  43 108  61  78  32  93  89  22  20
   61  81  30  83  85  94  42  59  42  57  61   2
   44  33  80  90  36  86  41  63  64  81  88  34
   34  26  89  60  16 115   7  97 100  31  49  64
   90  10  83  93  37  53  90  81  85  88  70   2
   18  56  30  57  32  80  71  54 103  85  11 109
   40  88  51  56  63  84  49  59  32  69  27  58
   68 105  97  19  54  19  20 101  99 107  63  20
   61  55  56  28  86  82  79  53  14 102  73  71
   20  17  62  60  99  53  72  86  25  15  38  24
   13 106  64  64  68  22 100  65  76 104  80  71
  104  35  49  40  60  86  10  92  76  92  28 116
   76 105  76  88  92  24
   40  79  60  17  37  83  73  43  26  21 104  28
   99  32  51  66  43  29 111  52  74  87  91  96
   24  97  22  36  60  38  77  90 113  71  37 105
   58  68  78  38  29 112  47  77  76  58  59 103
   51  95 102 100  64  97  59  27  98  71 103 103
   97  13  74  57  24  81  49 103  79  66  51  24
   95  66 105  56  51  34  54  69  32 117  43  71
   21  26  99  47  74  25  78  11  83  45 100  71
  107  84  86  71  96  68  58  42  59  56  51  67
   42  15  42  62  67  88  63  43  26  65  19  64
   27  88  31 100  37   6  61  54  63 111  14  54
   32  70  53  37  40  14  50  72  49  49  71  86
  112 101  86  41  34 109
   48 106  31  41  96  22  86  89  34  78  67  18
   57  53  59  79 105  26  14  24  28  60  20  26
   56  83  82 100  84  37 101  32  71  57  17  13
   57 110  39  84  83  63  35  65  70 102  89 108
   62  96 105  47  15 101  34  53  49  34  10  87
   19  91  51  90  53  35  97  60  58  84  70  94
   80  18  35  17  65  92  48  77  84  67  36  92
   60  89  19  96  94  30  49  48  74  30 104  71
   90  86  74  79  35  13  83  19 100 110  26  30
   79  74  20  86  29  69  44  63  36  56  36  34
   32  56 105 101  85  83 101  88  74  45  95  93
   79  61  41  39  16  71  96  47  24 113  31  33
  106  90  57  74  17  50
   15  31  19   5  48  61  66  95  96  59  14   5
   22  74  77  65  81  55  36  80  59  92  67  61
   12  54  87  67  98  25  85  40  22  38  63  42
   66  21  70  96  34  25  45  22  83  69  50  69
   64  74  10  64  58   1  46  37  16  87  20  67
   91  87  67  17  84   6  33  70  73  39  15  68
   57  11  95  52  87  10  81  92  11  26  43  34
    4  90  49  29  12  13   5  76  85  16  90  58
   20  76  97  79  87  60  68   4  81  61  31  87
   51  38  38  26  38  51   5  82  14   4  44  29
   19  73   9  86  98  54  22  56  44  92  23  64
   24  26  97  92  25  17  20  21  93  95  87  62
   64  93  60   1   6  81
   81  68  77  45  30   7   9  10  91  96  16 100
   48  68  57  96   9  75  62  46  92  78  14  49
   21  39  42  45   4 100   7   6  23  78  87  13
   25  49  69  58   8  36  32  18   4  95  36  52
   74   8  11  82  91  61  45  85  26  43  66  79
   40  23  38  11  66  43  41  39   6   7  61  30
    4  63  80  41  48  96  60   4  50  13  34  19
   31  27  87  40  18  53  54  61  20  86  97   5
   25  97  97   9  82  15  46  14  92  15  23  53
   92   8  93  37  44  26  90  42  24  12   5  98
    7   5  67  76  55  28  45  74   9  77  20   8
   68  10  84  93  84  26  21  42  47  64  95  39
   69  82  43  39  79  51
   67  88  91  26  25  13  75  31  90  30  77  28
   86  72  55  72  13  81  56  50  76  42  58   7
   34  22   6  90  27   8  47  87  20  46  71  60
   36  74  48  84 100  66  63  86  68  61  55  82
   72   8  55  13  53   1  25  82  98  15  90  97
   84  45  82   3   7  43  74  16  24  58  17  72
   90  67  79  56  96  22  83  41   8  77  43  26
   95  34   3  72  83  75  70  44  78   6  60  44
   10  84  29  49  67  67  10  51  40  40  55  92
   51  60  68   5  97  92  48  43  84  45  19  29
   68  10  74  84  87  97  11  67   6  75  66  15
   46   7  58  75  29  86  21  50  11  80  41  27
   21  59  99  20  98  40
   21  83  18  10  18   5  84  11  68  10  85   8
   11  32  84  46  31  74  88  35  52  95  32  33
   20   4  69  39  91  38  57  81  22  57  48  98
   54  30  69  33   3  19  22  17  46  71  55  57
    8   3  67  27  50  88  80  49  58  49  39  89
   28  37  87  36  54  28  68  93  19   2  99  68
   75  36  67  57  40  92  14  30  77   2  24  24
   88  51  10  28  95  75   5  69  36  43  43   2
   43  42  54  93  36  67  47  16  10  10  96  27
   18  45  34  63  65  18  32  26  90  31  93  67
   57  33  40  78  39   5  95  77  11  49  78  97
   29  75  85  71  29  88  81  25   3  77  87  56
   93   3  65  31  80  78
   98  50  82   4  22  65  57  12  53  29  10  54
   33  79  72  16  16  27  57  19  10  94  99  71
   11  56  95  95  46  71  33  72   3  23  37  73
   76  57   4   4  97  20  36  33  76  93  85  40
   40  34  85  45  64  11  92  49  17  41  20  70
   94  30  79  84  56   7  14  60  65  63  40  96
   26  89  82  58  16  13  12  20  33  36  82  97
   25  73  70  85  28  86  11  99  10  27  33  11
  100  69   4  81  33  49  58   7  80   4  40  47
   93   5  42  72  38   1  39  91  33  50  26  98
   86  61  59   2  34  30  88  67  77  77  99  54
   19  83  49  51   4  31   3  17  51  37  70  13
   97  94  47  47  33   8
   51  13  62  73  31  95  68   6  77  30  28  40
   60   3  89  46  32  35  33  65  19  64  52   5
    6  35  45  19  25  87  99   3  43  41  83  75
   49  84  29  66  41  65  22  10  16  71  89  24
   51  24  86   3   2  65  84   6  76  39  57  38
   37  87  69  46  74  31  66   1   5  62  55  84
   53  28  98  81  43  18   2  61  78  57  94  70
   39  85  26  19  64  51  45  65  38  96  95   6
   80  46  96  62  34  90  33  71  50  79  45  65
   77   6  13  69  48  93  44  78  69  86  62  55
    4  33  96  10  65  77  63  90  98  45  60  70
   73  30  50  36  67  81  47  74  55  94   9  58
   97  95  20  39  26  29
    2  38  30  29  14  28  35  64  98  70  12  41
   19  54   6  50  60  76 100 100  63  73  55  65
   64  60  42  13  33  69  84  48   6  87  95  50
   29  93  13   5  93  93  38  49  70  61  73   4
   52  75  60  13  88  55  15  80  23  98  69   9
   32  22   4  37  61  92  88  73  65  74  19  39
   40  54  55   4  67  91  57  21  47  45  25  67
   35  17  31  79  84  90  65  93  79  62  67  78
   72  83  63  79  25 100   8  48  44  84  19  87
   16  74  14  82  50  15  49  44  10  89  57  43
   55  65  84  45  79  20  29  55  43  90  75  48
   15   2  35  11   9  11  82  77  20  40  95  68
   64  15  87  24  16   3
   46  80  34  70  88  34  90  59  29  11  66  95
    8  47  94  19  98  87  38  71  96  64  68  77
    3  93  65  38  15  57  91  14  14  92  91  15
   51  77  71  87  35  23  89 100  22  54  44  34
   96   5  59  68  70  95  73  68  58  33  28  72
   71  86  51  81   5  82  52  45  24  90  98  47
   52   7  16  95  57  49  64  11  43  36  32  12
   29  82  24   2  48  80  42  59  24  89  81  24
   67  25  13  82  56  45  71  60  28  36  43   5
   65   4  54  73  84  57  56  24  22  98  18   2
   21  10   7  21  23  39  80  62  50  92  74  52
   95  15  87  52  11  83  69  50  91  92  12  44
   70  40  30  30  95  17
   44  28  26  60  44  89  37  24  55  88  74  84
   73  89  82  39  80  55  64  49  80  80  14  79
   43  34  57  35  35  90  86  97  59  74   3  63
   96  89  46  83  35  65  41  95  16  85  28  68
   66  35   5  34  36  29  60  26  39  55  16  21
   88  10  59  69  33  36  86  40  96  60  34  52
   15  30  20  16  73  51  82  68  44  27  12  13
   23  94  93  53  69  61  45  36  41  44  49  82
   32   6  95  31  12  93  18  72  62  75  29  86
   13  77  61  80  80  23   2  27   9  69  32   3
  100  44  62  22  58  85  71  78  24  76  46  80
   10  82  14  86  43  93  83  49   1  56  82  46
   44  15  93  20  60  45
   71  42  76  58  44  55  95  66  46  23  21  30
   80  50  66  93  47  36  86  32  24  56  59  44
   60  53  75  37  61  23  26  16  76 100  89  69
   85  51  20  60  87  55  35   9  90  95   2  83
   91  48  23  87  74  64  30  44  87  63  65  89
   38  17  70  53  76  38  77  53  85  67  90  76
   65  62  78  69  24  83  60  29  62  81  90  83
   64  84  52  84  79  89  39  91  19  45  45  65
   33  39  52  46   5  89  17  49  39  31  60  48
   42  99  52  65  19  22  99  56  54   6  36  98
   98  21   7  80  65  94  58  85   6  90  24  83
    6   5  11  15  69  46  92  80   7  29  89  29
   24  56  61  42   5  12
   85  39  66  71  72  77  83  11  74  10  54   7
   55   6  94  23  92  84  56  94  21  57  63  66
   65  57  51  22  79  83   2  33  83  35  84  87
    4  51  88  33   5  43  66   8  33  41  66  87
   50  22  73  14  72  52  44  37   9  26  47  52
   93  97  96  36  33  26  94  85  33   7  64  54
   43  11  90  91  91  23  53  78  24  80  72  65
   38   8  35  11  25  55  44  16   5  37  47  67
   63  67  77  68  90 100  91  81  20  66   7  62
   61   7  37   2  43  17  33  56  46  78  18  91
   45 100  24  20  41  54  33  32   5  12  12  42
    8  86  48  18  65  64  93  25  72  46  95  60
   38  84  35  88  28  19
   60  50  65  99  31  86  44  93  26  74  79   1
   43  25  57  54  49  38  22  68  65  90  68  29
   55  24  26  79  13  30  49  10  48  42   2  40
   78  19  49  15  12  32  40  84  35  58  97  93
    5  61   8  72  32  81   2  20  67  25  50  94
   95  47  45  98  15  46  91  69  32  43  90  62
   44  76  33  42  27  84  80  70  26  95  56  88
   40  15  33  11  13  12  19   9  14   7  45  99
   33  60  56  35  64  59  93  83  95   6  83  25
   90   2  30  33  84  39  93  65  65  88  86  49
   63  82  56  70  41   6  74  61  75  82  21  84
   50  65  79  27  40  18  15  78  99   7  68  30
   54  90  42  51  78   1
   91   9  16  85  99  72  19  37  12  97  97  79
   66  31  27   3  14  88  62  31  45  89  71  66
   41  99  75  20  99  63  87  54  78  44  46  17
   33  59  54  82  51  22  20  85  92  74  88  60
   24  27  85  77  62  96  49  83   4  42  71  35
   69   4  35  41  37  40  48  94  81  65  86  13
   11  86  25  78   6  41  82  68  53  35  53   2
   89  81  45  68  33  33  23  71  24  26  36  63
   60  15  66  83  37   9  57  95  82   9  56  25
   98  49  51  96  92  31   7  72  21  61   2  89
   21  90  70  95  54  49  33  87  39  85  42  52
   90   5  10  96  59   6  56  92  64  15  37  10
   35  31  89  56  46  54
   36  12   6  72  89  17  26  47  34  89  55 100
   20  79  11  96  52  36   6  44  76  98  39  83
   67  80  82  72  14  58  66  77   9  56  68  56
   37  41  99  51  60  99  94  70   6  35  97  80
   55  49  48  91  32  32  73  45  84  47  69 100
   81  24  94  26  89  40  51  81  71  11  78  10
   65  75  38  21  75  89  99  84  60   7  30  10
   17  66  82  41  74  86  79  40  74  45   6  75
   64  73  90   9  79  38 100  84  36  30  23  15
   15  55  53  69  50  19  86  60  19  14   2  34
   22   8  47  52  81  32  36  86  18  67  23  98
   46  33   1  36  57  72  83  11  10  41  94  96
   14  97  54   5  22  84
   88  58  48  46 100   4  41  68  79  26  30  84
   58   5  99  96  32  71  16  70  96  40  65  79
   86  48  88  36  13  93  27  32 100  73  47  77
   24  19  91  34  46  32   5  58  58  30  80  33
   13  74  92   8  63  12  33  38   3  14  54  19
  100  12   1  27  37  33  51  53  47  43  53  43
   51  78  61  34  96  85  74  93  94  60  75  54
   57  84  65  53  35  59   3  69  54  49  40  61
   54  17  65   3  26  57  32  22  49  42   3  41
   29  51  86   8  34  11  70  39  34  36  66  54
   37  62  39  16  28  86  50  63   5   4  92  55
   14  42  31   3  94   5  35   9  10   6  20   6
   84   5  82  92  48  47
   76  24  99  59  19  33  97  37  17  29  99  62
   46  28  84  13  34  66  76  83  46  94  30  74
   76  60  24  79  33  97  42  70  25  14  65  86
   49  78  57  23  82  10  52  18  64  60  41  37
   85   8  62  65  77  40  85  92  96  44   3  99
   15  94  13  49   6  37  10  68  31  79  70  42
   31  79  45  96   9  28  38  88  21  43 100  90
   60  52  19  80  48  79  96  31  22  39  47  90
   18  17  79  78  63  59  85  67  60  61  26  72
   78  56  23  39  36  97  40  30  91  54  77  12
   30  89  53  45  53  55  94  69  60  76  25  91
   44  40  50  73  69  79  45  19  70  66  45  63
   30  94  29  58  70  69
   39  85  36  16  50  82  21  12  15  74  56  52
   19  54  77   9  28   6  66  11  29  39  95  85
   61  30  59  92  58  58  14  63  84  41  16  37
   73  76  58   2  62  73   9  26  34  96  47   3
   48  99   3  81  86  63  90   9  85  34  51  65
   72  61  87   2   8  34  99  80  20  17  27   6
   42  93  82  70  51  96  91  84   4  50  27  20
   76   6  51  42  99  80  49  53  97  93  68  24
   25   4  55  36   7  47  95  17  70  76  45  75
   87  95  75  45  13  99   7  17  14   9  44  77
   21  12  18  48  50  96  23  22  54  93  50  97
   51   9  30  25  64  66  63  34  61  38  68  77
   90  90   9  66  18  15
   41  25  34  71   4  48  38  79  15  23  81  97
   47  31  81  23  35  12  63  60  65  51  44 100
   61  72  25  17  71  17  74  46  56  39  18  79
   78  89  26  47  86   2  97  10   4  83  54  44
   19  99  20  27  68  65  17  30  28  29  46 100
   95  58  77  52  86  35  39  52  13  35 100  10
   74  20  65  60  48  23  53  56  73  37  93  53
   37   3   8  97  66  93  98  15  14   7  39  93
   42  48  56  78  18  22  23  54  91  15  44  35
   91  87  41  47   8  59  45  25  81  97  77  90
   89   2  44  45  35  96  19  55  35  14  31  42
    5  84  54  66  48  22  95  19  44  13  78   3
   36   3  34  28  13  86
   79  39  56  96  69  31  34  69  82  95  16  80
    4  70  60  37  76  90   9  59  44  24  16  21
   85   7  90  82  51  82  37  29   3  40  83  11
   49  50  28  80  85   3  71  26  28  47  58  13
   56  25   9  20  44  10  61  78   5  47  11   5
   20  89  40  45  84  32  62   6  40  54  59  96
   16  53  13  64  60  85  50  33  84   2  75  38
   96  83  10  68  41  82  30  98  35  60   3  33
    4  20  24  36  24  48  57  74  54  50  68  52
   78  89  66  52  40  26  39  68  80  48  90  46
   76  17  79  19  76  99  55  48  41   8  97  55
   78  36  51  66  80  97  67  44  63  65  36  26
    4   4  29  66  76  11
   55  12  84  62  15  82  21  19  73  28  53  96
   63  59  60  38   3  94  98  87  83  50  92  77
   59  23  20  17  32  82   4  80  40  54  95  93
   45  10  63  21  19  54  80  55  34  14  14   2
   47  21   9  67  90   5  79  51  55  77  93  24
   83  21  61  27  51  76  23  47  60  29  38  16
   22  98  67  86  46  24  67  31  30  52  72  20
   44  27  85  15  20  73  63  54  37  89   6  38
   12  29  42  23  84  90  19  99   5   9  88  88
   23  37  95  24  75  37  64  42  69  64  84  68
   77  60   4   3  18  36  11  14  46  58  24  17
   41  42  79  71  92  34  17  60  88   3  71  80
    5  23  55  34  89  66
    307   284   315   290   291   313   312   317   310   330   301   309
    316   315   280   332   299   295   292   295
