 10 225
  113  40 104  67  80  93  89  82  21  81  24  55
  100  53  80  70  64  79  27  43  27  57  92 113
  105  80  47  85  52  86  70  52  22  30  56  47
   87  92  85  32  63  49  59  85  43  69 105  70
   67  94  40   5 103  67  48 100  89  79  58  98
   97  48  50  85  48  36  62  12 102  47  82 101
   30  99  60  88  91 101  84  73  51  72  35  68
   34  31 108  77  23  60  68 111  57  54  67  72
  104  21  48  65  86  75  91  87  77  24  83  72
   30  75  71  46  42  93  93  93  89  38  99  84
   39  12  32  58 105  82  18  51  13  39  71  60
   37  25  38  21  76  99  73  81   8  43  57  44
   35  42  32  13 105  67  97  61  99  84  82  69
   31  83 101  35  62  30  38  66  31  32  67  17
   85  38  45  67  27  28  43  14  37  80  50  82
   35  76  45  63  21  49  74  93  13  96  94 100
   15  49  88  52  32  80  83 105 108  99  22  90
   19  65  55  28  60  92  58  52  34  41  22 112
   83  56  45  68  72 108  78  24  76
   13  32 106  30  19  73  72  29  76  30  83  79
  107  50  24  29  13  91  18  59  31  85  86  33
   74  26  55 109 119  46  35  81  99  13 103 108
    8  28  13  25  21  42  88  90  69  96 100  42
   83  21  67   6  22  18  43  60  61  71 108  71
   12  13  39  66  36  37  88  90  13   7  68  78
   82  43  56 114  70  66  50  37  22  38  90  78
   66  62  14  61 103  97  93  19  19  78  71  78
   19  31  53  59  26  24  12  79  15  75  97  32
   82   7 102  82  86  63  98  17  18  27 103  62
   32  84  31  26  54  65  19  83  77  10  83  10
   17  61  21  88 100  11  90  95  75  41  56  79
   36 103  27  28  53  31  28  39 103  55  56  19
   75  52  54  75  12  53  88  43 102  14  71  39
   41  69  46  43  18  37  22  18 105  61   6  13
   49  82  53  62  32  84  56  76  32  64  98  99
   67  39  91  35  49  82  23 115  39  44  24  89
   17  97  96  16  36  41  69  96  26  56  97  24
   56  63  66  42 101  16  89  49  43
   63 102 110  61  88  86  55 111  66  88  26  28
   36 101  83  86  39  98 113  99  45 112  44  84
   27  33  83  13  30  76  61  14  10 103 104  26
   93  97  23  67  32  57  27  13  84  73  87   8
   82  78  30  61  59  70  66  66  33  45 102  17
   68  54  90 105  64  65 106  62  79  24  40  14
   49  63  31  44  74   4  66 101  73  35  53  93
   95  13  93  36  42  57  17  29 108  84  41  95
   13 109  97  75  43  70  86  15   7  17  92  55
   75 101  84  26 110 103  21  19  52  94  80  40
   38  68  75  78  92  27  18  36  45  43  80  64
   51  65  89  33  86  29  53 108  57  46  41  25
  104  25  66  86  66  25  72  91  19  31  37  65
   48  77  31  27  30  85  57  53 102  92  92  98
   40  71  46  19  71  13 104  19  70  98  92  98
   74  58  81  34  70  46  87  33  36  63  25  98
   59  44  62  36  41  86  60  87  28  58  36  85
  107  34  86  71  18  23  47  26  56  87  56  64
   28  64  88 103  67  80  69  56 115
   86  62 104 101 101  66  59  84  28  16 101  14
   49  24  91  74  60  32  83 109  26  71  47  67
  115  66  11  89  89  32  65  21  99  55  32  63
   90  49  37 105  29  37  31  62 100  78  65  71
   24  42  81  51  28  16  46  71  86  49  94  75
   43  38  18  11  99  86  64  66  46  65  57  47
   32  63  98  80  56  84 101  58  81  59  78  60
   46  30  37  21  36  81 103  59 102  70  75  53
   38  70  48  65 105  44  77  95  47  80  94  81
   90 109  40  81  77 106  41  70  76  39  73  63
   47 100  20  28  18  90   6  34  36  99  27  84
   40 102 104  79  90  23 114 106  94  26  43  19
   89  39  61  74  80  52  77  35  33 103  75  96
   70   7  12 108  42 108  68  14  69  89  59 106
   73  39  26  45  43 100  69  63  59  78  68 104
   75  71  25 101  74  27  52  69  31  98  44  78
   78  73  91  40 101 102  30  99  70  82  25  96
   64  87  44  14  66  98  92  57 103  90  97  43
   69  83  82  64  64  96  85  98  14
   66  18  74  47  95  67  89  51  69  88  55  14
   54  20  42  39  96 100  40  24  50  83  20  91
   87   8  18  65  96  45  96  39  98  35  42  62
   87  98  67  34  32  77  78  31  29  51  96  37
   52  92  44 108  73  94  70  85  18  67  33  93
   76  39  41  51  86  16  59  46  78  52  58  26
   99  48  73  94  48  57  26  27 106 108  93  57
   68  82  72  73  38 103  42  78  36  99  60  52
   81  28  85  99  20  25  44  21  92  76  88  76
   52  47 100  68 102  13 102  27  44  64  39  41
   41  62  81  43  52  87  38  76  42  50   9  29
   59  89  95  40  55  62  35 107  92  57  17  73
   17  75  53  57  20  43  78  85  33  85  40  99
   32  37  68 110 100  69  42  35  26   7  31  39
   26  45  58  39  32  96  24  40  32  59  15  65
   22  35  65  35  60  23  40  68  91  72  55  89
   94  99  57  47  48 105 102  94 110   9  52 103
   59  65  98  41 105  34  70  74  49  27  82 107
   70  33  49  79 116  85  92  97  92
   19  21  51  76  40  66  56  54  71  82  40  79
   51  65 109  80  37  63  70  46  76  18  93  73
   78  17  55  72  32  58 104  50  97  44 101  74
   20  72  78  82  34  88  59  68  53  26  90  71
    8  65 112  35  75  80  98  99  45  72   5  42
   65  18  70  15  33  53  66  99  23  50  55  38
   75  50  57  76  24  88 116  40  59  80  31  11
   88  99  53 106  71  45  49  94  79  55 114  44
   90  61  40  43  53  45  33  53  58  62  83  69
   86  57  55  96  31  97  46  29  97  53 117  69
   37  58  12  88  72  62  60  65 105  56  21  36
  102  72  28  70  53  88  55  76  90  61  41  65
   53  81  14  22  49  74   9 103  89  34  82  10
   30   9  18  34  80  52  17 104  55  74  53  87
   66  80  37  81  39  82  59  76  85  83  37  91
   23  98 105  18  64  58  87  36  88  89  67  77
   73  56  29  26  68  49  42  66  88  62  28  96
   42  55  28  12  41  39  53  45  49  98  26  15
   74  72  33  18  13  93 117  70  67
   18  46 105  19  54  63  72  34  85  25 108  88
  109  17   3  18  15  20  49  70  71  43  43   9
   55  61  87  85  36  84 114  80   9  64  93  73
  108  88  92  74 102  55  76  71  82  24  36 113
   44 106  36  98  93  74  29  29  54  35  18  10
   41  26  93  72  51 104  64  34  33  68  32  98
   81  26  91  79  77  76  87 106  67  66  69  32
  100  71 104  41 106  64  33 101  98  89  35  95
   56  75  98  85  83  35  81  92  74  35 100  64
   61 113  34  54  28  64  69 107  27  63  97  89
    3  99  40  47  30  89  55  20  21  97  23  21
   33  54  46  95  51  69  21  86  77  86  31  18
   79  49  36  59  40  89  52  89  25  24  48 105
   74  31  42  48  15  93  62  46  25  92  60  97
   44  80  81  80  51  35  56  57  44  68 107  26
   20  91  53  24  45   6  40  82  15  65  89 110
  112  86  81  78  50  34  66  35  39  37  81  47
   84  45 103  96  96  52  68  74  70  12  59  83
   23  83  13  55  25 100  86 108  48
   14  54  68  18  40  37  57  10  22  62  23  50
   56 105  49  93  87  21  71 100  28  73  83  34
   47  88  34  57  91  49  72  21  59  17  97  80
   29  77  75  92  92 107  50  60 100  97  93  83
   67  40  10  72  67  44  97  24  81  69  78  20
   76 109  10  65  22  74  19  57  24  53  62  20
   61  75  20  90  94  32 110   9  89 116  35  68
   27  34  83  57  24  74  91  34  16 114 107  40
   85  51 101 107  11  85  22  27  67  86  41  21
   64  86  41  23  28  71  55  26  71  39  16 105
   50  82  36  68  71  81  45  78  81  42  48  43
   92  91  41 105  61 115  13  35  12  98 108  91
   54  37   8  30  57  50  21  56  26  57  26  51
   39  91  19  83  94  95  91  42  19  15  38  71
  100  85  43  13  62  45  35  15  43  72  55  54
  111  69  13  82  44  84  87  70 101  28  47 103
   37  45  30  17  74  69  30  37  18  50  34  21
   55 100  45  93  21  87  40  43 108  21  17 103
   51   7  54  32  73  94  90  44  28
   72  38  90  38  91 103  89  47  40  64  50  82
   98   9  29  76  90 103  71  59 113  26  17  92
   64  56  61  93  27  78  67  77  46  98  30  29
   36 115  79  93  89  95  75  21  76  76 101  83
   56  72  61  82  97  31  26  59  82  30  88  76
   33 101  52  39  82  91  81  80  32  97  50  52
   67 100  34  66 113 115  26  78  26  33  49  28
   41 106  50  75  77  67  94  78  29  54  67  20
   38  58  22  59 100  22  44 103  98  47  70  10
   59 110 105  27  78  20 104  51  19  63  51  34
   69  72 101  64  78  34  73 114  82  90  77  74
   35  73  90  15  41  94 116 112  52  71  21 102
   14  19  26  41 100  45   8  55  74 118  98  52
   20  69 104  17  54  50  42  14  19  70  49 118
  101  72  18  66  27  24  58  89  90   8  50  97
   44  99  18  51  11  91  22  28  36 115  61  24
  104  89  23  68  45  17  68  26  57  78 106  33
   20  20  92  44 109  91  93  86  58  86  87  25
   91  63  62  46  84  64  76  65  72
   79  61  82 106  35  95  62  30 108  34  69  31
   71  34  16 113  62  62 100  57  61  34  68  69
   63 118  88  28  84  30   8  98  27  68  63  70
   78 107 114  81  49  13  46  16  95  80  58 109
   81  72  67  64  99 108  94  62  59  58  49  40
   82  15  19  82  84  40  87  22  56  93  76  52
   17  79  64  82  46  41  78  45  78  48   8  51
   44  99  50  58  35  52  18  92  79  27   8  78
   26  33  55  20  30  75  84  28  92  90  95   5
   22  45  31  63  52  21  31  85 110 108  27  56
   62  53  42  56  66  50  40  86 108  36  50  70
   91  13  43  24  83   8  63  66  70 103  58  96
  105  74  64  16  86  65 118  92  48  81 101  85
   65  28  95  33  93   6 105  30 100  31 103  29
   71  27 102  24  71  99  33 110  20  19  32 107
   86  54 101  83  24 106   7  15  13  26  60  36
   53  52  74 107  68  88  36  55 102  56  16  41
  109 109  77  97  59  21  42 109  17  44  90  82
   96  10  92  84  69  88  31  86  28
    5  71   2  47  33  18  21  30  92  23  96  49
    7  54  37  41  52  36  76  75  88  48  15   3
    2  38  70  23  59  33  36  61  81  85  57  61
   19  12  19  84  46  53  45  26  69  47  10  44
   45  15  63 100   8  50  69   9  16  37  52   7
    9  65  61  27  69  66  44  91  15  60  35  15
   78  13  55  15  25  11  21  46  63  40  73  36
   79  89  11  40  79  54  43   4  47  57  50  44
    9  87  56  39  17  42  21  29  43  88  35  30
   81  35  34  66  71  11  24  10  24  71  15  27
   70  97  74  52  11  25  89  60  90  70  36  56
   73  86  73  84  42  16  39  34  98  62  60  75
   85  75  82  95  15  50   5  53  16  30  28  41
   83  35  18  67  53  89  79  44  79  74  45  89
   28  80  73  42  84  84  62  93  70  31  69  23
   73  29  57  51  93  61  34  10  98   6  21  14
   88  69  27  54  82  34  34   1   6  19  95  19
   99  45  51  90  42  27  53  65  70  64  95   4
   33  52  73  46  41   3  38  92  38
  100  78  12  82  87  42  36  74  33  76  34  32
   13  61  94  80  90  15  98  45  72  30  16  71
   32  79  55   4   1  74  82  34   8  94   3   8
   95  75  95  94  92  60  27  20  47  11  10  60
   28  88  38  99  82  89  75  53  59  45  10  44
   97  89  72  51  70  81  14  20  98  97  48  24
   23  77  58   5  38  44  58  66  93  74  27  28
   51  42  97  46  11  17  15  98  94  25  45  29
   94  84  66  53  85  82  96  27  92  36  13  85
   35  98   4  29  16  42  11  88  88  90  11  40
   78  26  77  90  65  46  92  21  36  96  30  93
   90  57  93  23  20  91  23   8  36  63  62  26
   76  11  85  92  58  85  90  77   6  54  56  92
   35  63  53  30  98  63  27  75   2  96  40  75
   70  51  73  69  91  75  97  85   5  49  96  98
   70  26  66  49  85  35  61  26  76  42  17  10
   38  78  28  84  55  26  87   2  64  72  96  18
   99  23  24  87  82  76  41  19  86  63  13  96
   61  48  48  64  14  93  23  65  60
   48  12   7  57  23  17  56   4  45  25  79  74
   70  13  27  16  69  17   5   5  66   7  70  31
   80  74  29  91  88  28  52  94  95  10   5  78
   19  21  84  44  81  53  77  95  26  43  21  97
   35  33  78  45  61  44  36  41  79  67   2  91
   41  58  20  14  46  53   2  48  32  89  63  97
   63  49  77  64  45 100  42   7  43  67  55  11
   18  98   9  69  70  59  85  73   4  25  78  21
   90   2  21  33  61  41  18  87  95  86  10  58
   36  16  29  76  10   8  82  92  57  15  40  62
   82  49  37  38  14  84  91  74  72  68  30  47
   54  45  26  83  32  91  58   7  62  71  71  91
    3  92  54  30  53  85  31  17  95  87  65  39
   57  43  73  83  81  17  50  55   9  19  14   8
   78  38  56  86  32  95   7  85  39   8  15  14
   30  54  34  79  39  73  28  79  70  55  86   9
   61  58  51  74  75  31  57  33  88  50  84  26
    8  72  26  43  86  90  61  84  59  15  49  47
   92  56  32  12  37  28  45  57   5
   22  56   2  19  11  45  47  32  88  94   6  97
   67  89  17  44  56  73  22  11  86  37  72  53
    5  53  99  20  17  85  49  86   9  52  71  53
   20  57  81   7  77  80  80  41   8  34  37  46
   87  78  30  52  81  99  59  46  24  55  12  36
   70  73  97  94  14  26  45  54  62  50  54  64
   71  48  20  22  50  36  14  48  26  61  28  44
   65  85  83  96  66  21   2  54  11  41  32  59
   75  41  54  50   9  70  27  18  69  26  15  32
   29   2  68  24  33  12  67  39  30  64  31  42
   58   5  86  91  96  21  99  78  81  13  75  22
   78  14   8  27  24  89   6  14  24  91  73  99
   22  70  53  45  22  57  36  68  74   6  32  17
   35  97  98   3  70   5  39  99  41  25  58   5
   34  67  85  62  68  13  51  47  57  26  38  15
   34  36  84  13  41  79  55  48  80   4  74  30
   29  33  22  63  14   1  87  12  50  37  93  18
   42  25  75  90  50  18  27  56  11  21  10  61
   33  26  21  52  41  23  26  10  96
   40  94  45  71   9  36  15  62  47  18  48  93
   51  91  63  75  17   4  69  79  56  26  89  19
   15  94  88  49  18  64  17  70  12  72  65  57
   33  16  38  84  77  43  28  79  88  56  12  80
   61  26  58   3  47  19  42  32  85  40  80  10
   35  81  70  53  29  92  50  68  32  52  61  87
   18  65  38  17  55  58  90  92   9   3  21  55
   50  35  33  31  81   1  69  30  75   9  49  54
   22  92  31  21  91  89  73  94  12  35  23  33
   50  56   2  48  17  98  17  76  76  43  77  64
   72  54  26  62  62  29  80  35  71  62  93  83
   50  24  16  79  53  54  81   8  23  57  97  32
   90  27  55  59  88  64  40  31  75  27  72  12
   71  75  43   6   9  40  72  73  94  99  78  64
   85  73  59  71  73  19  82  80  86  51  94  46
   98  69  37  78  60  94  80  34  26  30  63  28
   14  15  50  55  62  13   2  24   3  95  53   3
   52  49   8  78  10  86  44  29  70  76  34   6
   44  84  71  33   3  25  19  12  20
   92  88  58  38  76  37  47  55  42  23  72  27
   56  41   4  25  78  54  41  56  34  88  20  38
   35  90  62  33  80  48  11  56   6  73   4  33
   98  45  33  30  83  19  44  40  58  93  20  35
  100  50   7  79  34  39  20   9  60  43  99  63
   46  93  35  92  81  55  51  20  93  70  55  64
   29  67  49  36  93  29   1  79  57  23  78  93
   21   3  54   6  44  60  57   8  41  47   2  61
   29  55  73  59  50  67  70  53  50  56  25  41
   16  61  64  17  84  20  56  87   8  58   2  47
   82  53  96  17  41  50  54  44   6  47  93  66
    9  38  83  41  67  18  56  30  26  58  78  53
   64  38  88  98  60  33  93   5  21  80  29  92
   74  95  84  72  22  54  87   4  59  37  49  22
   51  38  80  30  76  37  61  44  31  25  74  15
   92   7  10  94  56  53  17  84  17  23  36  29
   34  47  77  83  40  67  73  40  23  53  85  15
   69  62  79  98  66  79  63  74  69   8  80  88
   32  31  71  93  97  25   2  45  52
   93  68   7  96  52  53  42  79  30  86  12  28
    2  98  99  95  89  86  66  42  33  69  77  95
   61  57  30  26  84  34   6  33  99  47  27  47
    3  17  27  38  18  52  35  43  37  84  76   4
   73   7  74  12  26  34  77  76  55  68  91  95
   78  80  25  42  69   4  50  68  71  41  72  13
   30  80  16  27  29  28  20  14  45  51  47  74
   13  33   4  73   3  42  78  11  11  14  81  10
   62  41  12  17  24  84  21  16  37  85   2  47
   52   1  84  50  86  46  44  12  84  49  23  24
   99  20  63  66  82  31  56  85  85  13  97  99
   73  56  64  11  59  33  91  23  34  25  75  89
   30  70  78  54  78  17  51  16  89  90  69   5
   44  79  76  68  95  22  44  72  84  16  44   8
   65  38  33  23  51  71  46  55  59  51   9  82
   83  21  56  84  67  96  71  20  96  55  24  10
    2  21  37  40  69  73  54  71  77  67  25  65
   28  63   2  23   6  68  46  29  39  94  55  20
   80  28  90  56  93   6  26   9  60
   95  56  35  93  62  75  54  92  89  40  94  61
   55  14  57  15  33  81  43  13  79  37  28  73
   72  25  78  54  25  58  47  96  47  87  23  26
   89  38  41  23  26   6  65  46  20  20  19  31
   42  65  93  40  49  68   8  82  35  44  35  87
   32   8  92  54  85  46  92  51  83  57  55  83
   52  42  83  21  16  71   6  94  13   4  73  46
   79  75  27  47  96  44  19  77  94   3   8  68
   25  51   3   3  92  33  82  88  49  31  69  81
   53  31  67  83  87  41  64  88  42  81  96   9
   61  29  74  46  46  29  66  39  33  69  58  63
   15  14  61   3  45   2  91  74  91   9   4  24
   57  69  98  76  60  61  82  55  82  55  93  62
   73  24  94  19  25  18  17  67  96  97  81  41
   18  34  70  95  41  67  67  93  63  31  58  66
    6  38  95  27  64  27  24  49  11  74  67  11
   66  66  85  96  36  36  79  68  96  59  74  89
   61  18  57  20  95  20  74  69   2  86  99  14
   59  99  57  75  42  16  12  65  75
   33  78  20  74  15  10  17  73  67  41  53  33
   11  93  73  29  17   4  33  50   5  76  97  20
   47  61  56  19  86  38  46  26  68   8  85  74
   81   5  31  13  19  18  34  84  39  26  14  21
   54  42  52  38  20  71  85  56  38  87  21  27
   81  12  60  72  22  12  34  38  70  10  57  61
   39   4  85  42   5   4  93  40  91  76  60  74
   64   2  69  40  34  50  20  31  77  62  53  89
   66  46  89  49  10  85  74   8  14  65  46  99
   48   1   6  87  24  85   7  68  92  52  53  84
   46  41  15  53  40  86  45   5  23  14  27  40
   76  44  15  91  77  20   3   3  59  40  93  15
   98  99  91  77   6  58  95  55  32   2  17  61
   84  34   3  94  64  69  70  93  99  44  59   2
   13  35  92  46  78  94  51  23  12  98  63   8
   58   6 100  64 100  24  90  76  76   2  46  84
   11  19  96  41  57  97  39  77  54  26   3  75
   96  87  23  64  10  12  24  19  52  30  25  77
   12  51  47  68  31  38  43  51  35
   24  50  23  11  69  20  45  81   7  71  40  89
   42  77 100   4  51  47  10  49  54  85  41  41
   52   2  30  80  24  83  95  12  89  41  41  42
   26   6   2  24  63  92  65  97  23  28  49   4
   35  39  42  48   6   3  12  40  59  60  66  79
   29  93  89  21  25  65  27  89  52  18  44  66
   95  36  42  32  72  78  36  73  39  59  98  53
   66   6  64  45  72  67  91  27  24  93  99  36
   94  74  56  93  88  38  28  83  27  16   8  99
   94  71  82  49  50  82  82  30   3   2  82  55
   41  61  70  51  38  53  74  19   8  69  56  46
   29  99  64  96  33  95  53  51  46   2  59  17
    6  36  44  94  33  48   2  15  63  30  18  32
   52  91   9  78  27 100   6  88  17  83  11  78
   36  88  18  92  31  14  87   9  91  94  87  13
   25  52   3  24  90  12  97  97  96  77  48  75
   63  67  30  12  43  21  75  51  11  57  92  76
    5   3  37  13  44  83  63   1  96  69  21  29
   20  94  26  26  51  30  88  19  78
    877  1011   898   836   909   908   889   964   864   896
