 10 225
   89  65  74  58  20  15  85 110  69  73  31 101
   88 106  29  57  49  22  23  27 102 100  38  26
   57  28  43  50  43  19  40  57  33  90  90  62
   62  28  40 103  38  22  49 104  44  36  51  92
   93  83  58  87  76  99  34  61  44  73  57  49
   59  88  67  43  24  21  97  36  44  25  73  41
   51  24  90  30  24  63  76  62  99 109 100  63
   55  98  25  72  37  83  21  27  70  68  41 105
   61  65 101  57  12  44  50  92  18  50  51  42
   76  17  76  22  44  25  15 104  22  31  97   7
   34  48  58  89 100  94  90  78  15  57  39  71
   94  78  72  80  10  87  91  59  82  91  23 100
   50  95  49  16  79  63  66  77  47  46  88  43
   26 104  59  47  98  43  52  37  34 101 108  76
   14  65 104  44 111 116  68  36  49  84  84  50
   50  30  34  34  57 102  42  28  50  99  79  43
   68  37  96  64  45  71  37  83  86  90  34  12
   25  69 101  40  27  62  51   9  37  93  95  34
   76  78  73  37  68  88  92  33  56
   48  87 101  34  67  95  96  90  69  73  25  18
   23  75  71  85  33  29  84  16  69  91  48  34
   73   8  28  34  88  56 108  32  65  60  18 105
   79  58  37  57  84  87 101  82  28  40  34  47
   45  62  44  84  58  49  67  32 109  27  42  72
  102  70  34  81  25  12  92  86  98  44  96 106
   88  73  91  66 103  85  49  58  56  41  23  79
   78  68  84  39  67  67  27  80 109  77  68  54
   91  91  63  30  72  72  66  44   9  54  30  46
  112  67  88  62  64  68   9  78 113  66  43  15
   91  77  30  11  30  23  16  86  67  99  29  71
   78  30  69  70  77  49  92  71  73  94  27  93
   88  38  98 100  18  44  24  71  49  65  66 103
   55  52  89  92  18  84 105  87  43  16  36  71
  105  44  52  36  47  20  58  97  46  57  83  26
   10  37  70  36  64  93  81  91  63  16  56  51
   65  28  16  85  45  79  91  67  25  38  11 106
   53  48  40  91  19 100  57 112  43  66  81  99
  106  93  10  35 104  73  50  12  36
   84  52 108 109  82   4  95 103  79  75   6  61
   15  81  32  92 102  48  18  68  40  75  40  57
   19   9  18 102  48  45  54  80  67  59  78  54
   51  34  59  45 109  94  72  76  46  48  80 111
   78  68  14  46  96  79  75 108  61  33   8  95
   33  58  34  45  80  87  42  61  81  18  61  18
  113  34 102  40  62  90  59  94  63  83  98  21
   48 110  52  57  51  77  70  34  12  28  19 100
   69  92  78 104  92  72  75  58 108 117  62 115
   68 111  71  83  60  26 108  61  88 106  77  15
   63  41 105  53  87  34 109  48  92  80  77  12
   92  90  83  37  59 103  47  13  27  94  27  55
   22  74  26  66  68  92  31  61  71  13  86  42
   74  50  49  37  15  69  17  92  85 109  38 107
  100  52  66  33  65  27  83  16  87  23  85  23
  101  41  40  72  50  91  17  57  78  40  91  48
   97  46 104  52  61  25  63  21  14  19  71  87
   60  44  92  20  91  54  68  12  16  40  99  11
   74  87 102  21  46  95  82  49 103
   54  69  62  38  70  88  27  30  85  63  86  57
   95 104  71  96  69  42  16  99  71  57  99  20
   65  45  69  49 104   6   9  76 109  56  19  97
   58  41 106  86  99  81  90  59  28  52  40  16
  114  94  35  58  21  82  72  59  59  38 112  66
   96 100  36  41  48  28  19  28  24  55  81 105
   21  70  86  85  42  59 109  23 100  75  21  73
   81  15  11  71  89  66  58  30  56  19  84  85
   43 109  66  95  48  57  28  27  27  78  50  55
   77  70  75  38  95  50  54  41  31  39  81  36
   25  33  41  56  33  63  59  23  80  24  17  53
   32 106  89  84  76 100  59  43  30  22  19  69
   25  52  86  73  40  23  84  78  63 107  50 109
   79  41  98  21  18  81  78  64  92  14  39 101
   45  47  74  68  79  21  50  40  56  67  95  26
   70  34  52  76  92  96  83  50  71  93 105  91
   59  38  25  82  91  92 101  28  77  31  89  83
   20  20  51  57  32  90  33  91  88  25  38  77
   93  69  30  41  74  71 101  20  61
   80  17  18  10  60  22  75 108  94  50  77  99
   10  30 102  18  79  34  77  78  80  17  79  78
   23  60  80  37  73 101  69  79  51  48  22  31
   41  36  35  22  58  30  48  95  45  67  98  50
   60  17  27  96  21 103  62 107  29  91  16  18
   18  27  13  64  84  44  96  26 105  53  24  73
   81  25  30   9  94  76  16  43  52  89  87  41
   37  24  83  29  68  40  84  45  32  50  92  40
   85  58  66  31  47   7  28  42  99  65  51  85
   78  18  90  84  38  85  96  50  37  69  65  34
   73  46  50 102 111 105  20  24  73  66  85 101
   64  98  47  12  40 106  37  50  25  41 109  45
   89  49  65  92  56  18 103  26  23   6  54 105
   59  82  95  85 114 104  82  20  51  45  50  77
   55  78 100   7  71  88  30  69  71  97  92  24
   82  78  41 112  67  78  80  22  89  35 110  25
   12  68 110  95  69  30  35 105  34  78 102  16
   31  93  36  50  57  94  30  29  70  89  51  96
   87  60  49 101   7  71  65  48  67
   63  73  73  97  83  46  89  65  74  88  58  30
   28  94  62  47  20  17   4  61  54  90  51  62
  101  95  97  66 109  73  21  56  52  54  25  92
   46  91 109  11  71  67  93 101  66 101  26  75
   10  51  85  12  62  35  85  69  88  84   9  23
   85  64  63  66  49  32  40  78  19  29  93  26
  105  50  22  85  47  80 104  55  60  50  90  19
   15  67  32 108  26  31  92  25  55 105  15  56
   76  18  74  24 104  40  57  33  43  84  19  67
  109  29  58  43  90  38  32  88  69  75  85  97
   75  42  81  97  96  72  82  18  94  91 100  71
   98  55  70  24  36  69  14  27  89  34  32  25
   94  51  76  75 114  71  89  79  63  30  97  14
   73  47  50  15  66  48  79  90  86  74  93  54
   87  56  84  54   6 113  62  20  72  61  41  67
   92 106  36  46  67  18  93  55  46  20  29  77
   26  87  98 103  20 107  71  17  31  81  57  66
   50  38  75  32  52  39  86  22  11  88  32  87
   76  82  52  59  59  38  99  13 102
   30  66  16  12  47  56  82  76 104  80  27  21
   79  99  16 114  26  95  38  41  26  48  63  69
   67  43  60  91  86  84  21  56  37  31  38  90
   68  73  44  98  20  35  67  13  41  69  41  84
   83  63  34  97 105  16 104  53  24  40  89  88
  102  67  64  70  90  54  92  37  78  76  45  35
   14  27 113  20  45  15  90  87  48  72  42  11
   35  65  39 101  46  84  17  94  19  67  60  89
   92 108  82  34 111  29  80  36  33  62  18  73
   93  41  25  98  12  56  78 116  28  37  19  76
   22  93  88  51  51  62  65  68  35  85  40  36
   15  78  60  94  97  54  22  54  76  30  62  23
   43  93  30  64   4  69  47  88  63  19  83  98
   69  48  90  22  19  18  51 103  19  25  80  76
   56  43  96  91  61 102  68  54  98  16  75  91
   70  22  14 102  55  94 102  76 108  83  38  21
   37  30  67  52  73  19 106  23  30  88  81  67
   18 100  92  96  25  83  25  66  50  18 102  28
   32  70 105 106  57  64  53  24  89
   96  90  45  16  40  42 106  45  62  89  80  12
   21  40  88  70  79  37  98  92  31 106  61 108
   52  43  86  64  24  33  27  19 113  68  34 106
   44  67  88  56  72  29  45  12  37  22  68  47
   55  48  87  88  15  73  85  36  98  16  73  39
   62  34  34  66  94  76  80  76  93  39  28  43
   63  17  54  25  97  43  18  74  79  49  74  84
  102  36 100  58  26  38  74  12  92  23 113  21
   15  89  22  65  76 112  30  98  89 106  45  12
   11  21  82  85  33  30  72  73  72 102  88   9
   82  34  98  69 111  46  66  17  25  73  65  66
   13  15  69  78  55  64  59  99  88 112  36  69
   73  92  80 107  56  15  95  71  29  65  86  81
   50  46  61  93  58  44  27  95  24  94  14  59
   39  62  72  67  17  35  19  25  94  47  54  97
   98  43  68  43  36  21  89  98  46  86  33  86
   66 110  77  29  48  85  56  30  44  43  72 101
  107  88  29  16  59  93  94  12   9  46  54  24
   82  78  42  22  48  27  15  35 105
   44  78  45  63 102  99  31  55  90   5  78  45
   37  73 110  73  35  90  28  92  24  97  60  93
   20  37  87 111  86  45  79  17  97  38  17  31
   21  56  26  32  70  31  89  84  20 112  27  74
   71  34  42  46  98  57  77  75  50  33  13  23
  106  91  18  58  91  57  47  93  87  59  64  49
   84  14  34  66  99  76 100  86  37  35  41  87
   60  41  80  96  64  95  40 104  90 110  83  69
   90  40   9  61  72 109 100  59  25  42  53  32
   75  46  40  52  92  53 108 104  37  41  46  88
  114  52  26  14  12  22  40  41  51  81  47  65
   35  95  87 101 114  99  81  75  35  81 100  38
   50  97  26 104  27 102  52  65  82  98  36  78
   30  97  53  39  41  64  19  80  70  94  40  86
   93  60  78 101  59  86   5  98  54  89  45  73
   72  18  57  28  34  46  29  20 103  77  68  52
   81  26  64  94  97  18  46  53 102  62  56  44
   53  38  11  45  15  55 102  34 110  10  41  55
   49 105 107  85  94  52  51  45  74
   28  60 104 111  91  18  63  37  74  34 100  97
   41  77  51 107  53  93 117 109  23  77  42  82
   62  18  47  67  84  57  14 109  36  33  76  77
   84  92  65  92  19  80  48  93  86  89  68  38
   21  94  43  20 108  36  22  48  48 109  48  56
   34  31  42  98  54 100 111  95  86  23  16  64
   53  86  88  93  85  39  32  76  78  41 103  20
   51  97  58  89  58  83  33  54  42  17 105  46
   16   9  49  21  32  20  50  31  67  32  59  48
   66  34  77  42  88  57  29  21  77  45  42  65
   60  75  30  71  75  59  32 108  41  49  74  35
   59  47  34  87  21  49  22 100  68  92  86  65
   14 106  62  97  22  82  93  62  68  10  57  41
   85  93  81  27  65  63  44  11  38  15  61  14
   84  98  13  36  21  49  32  64  78  91  37 117
   93  33 104  95  47  25  27   7  55  65  81  78
   11  29   7  31  92  85  81  40  37 113  15 101
   82  98  81  88  60  98  89  80  25  14  96 112
  110  25  96  26  99  29  89  85  28
   17  50  35  58  89  87  17   9  39  30  73  13
   19   4  80  53  62  80  93  77  12  11  79  90
   51  85  60  63  60  96  69  56  72  13  17  55
   52  75  73  11  82  95  62   7  60  73  68  23
   15  25  49  25  26  19  74  58  67  36  63  56
   49  27  42  66  87  94  14  77  74  85  38  70
   65  87  23  77  79  49  34  52  15   6  11  53
   65  20  95  41  65  35  81  89  37  38  66   1
   49  42  18  49  97  70  58  17  85  64  57  62
   32  94  38  84  73  92  91  12  95  89  14  95
   71  65  45  21   5  21  26  28  94  49  67  43
   16  31  30  30  95  32  19  45  23  24  87  10
   53   7  58  97  38  54  51  25  60  60  31  63
   82  13  56  63  13  62  54  83  73  19   1  39
   94  50  10  62   9   1  43  72  66  18  26  60
   59  89  79  83  55   3  66  77  53   3  40  74
   38  75  19  42  63  34  67  23  31  25  84  99
   95  39  14  62  76  45  60  96  78  23  21  75
   33  25  30  72  46  31  12  79  60
   59  18  19  77  38  17  16  21  50  40  79  98
   95  31  46  20  76  88  26  96  34  27  68  82
   35  95  77  72  26  60   5  71  54  50  90  15
   41  61  82  60  31  32   1  38  87  69  78  65
   67  50  58  21  45  71  52  85   8  78  65  41
    9  41  82  39  80  98  15  18  21  72  11   2
   29  30  28  44  12  22  70  45  52  73  88  27
   36  44  33  71  44  46  85  24   9  27  38  53
   28  18  46  81  47  34  36  70  96  51  77  72
    3  36  21  47  47  38  97  33   3  53  74  90
   20  37  81 100  85  92  95  28  36  11  90  49
   40  81  45  41  37  61  18  31  42   8  79  10
   16  73  16  11  90  60  86  45  62  45  45   5
   47  59  29  26  94  31   4  16  72  99  76  41
    2  76  66  75  65  86  44  22  74  56  24  77
   96  73  32  83  49  10  21  17  51  98  62  60
   43  83  89  26  64  24  14  44  92  64  91  14
   53  69  63  20  85  16  52   5  66  54  21   8
    7  23 100  70   8  35  68  94  71
   20  57   3   3  27  99  19   6  33  37  98  46
   96  38  71  16   9  61  91  40  73  27  65  58
   91  94  98   8  71  60  57  22  37  58  40  48
   61  82  59  66   2  14  39  28  58  69  23   8
   32  52  98  63   8  25  28   9  45  84  97   8
   75  62  71  65  25  24  70  46  33  93  51  93
    3  77   4  73  45  16  59  17  50  32  14  87
   59   3  61  54  62  41  41  77  91  86  94  10
   46  14  37   8  14  48  44  55  12   1  47   5
   42   7  40  23  54  83   4  51  24   2  38  87
   44  61  10  66  26  86  11  60  17  36  30  95
   23  13  35  70  55   4  73  99  79  18  76  57
   81  41  85  42  45  11  80  52  43  90  33  73
   37  66  58  73  98  50  92  22  30   3  73   8
    9  59  37  81  41  77  30 100  22  89  26  95
   19  71  63  42  59  27  89  48  32  76  21  55
    7  65  16  50  56  82  56  85 100  88  44  25
   58  64  12  84  14  62  43 100  89  74   9 100
   44  17   9  91  69  22  36  62   5
   52  47  53  77  43  17  84  72  19  51  16  60
   18   1  33  12  47  69  87   4  36  54  17  94
   39  67  39  67   3  97  98  37   7  56  85  14
   50  67   5  34  12  32  24  50  75  51  63  87
    1  11  71  61  81  29  40  53  43  68   3  54
   15   7  77  71  66  74  86  89  96  54  30   7
   98  37  24  21  69  47   5  87   3  31  87  34
   26  98  96  40  14  42  53  80  52 100  26  27
   77   2  45  19  64  58  78  87  87  27  68  52
   42  32  38  70  24  53  48  61  73  69  29  75
   86  75  66  47  83  48  52  89  39  87  99  66
   79  10  19  22  40  14  56  68  84  97  94  45
   86  51  17  33  76  96  33  32  46   6  67   8
   23  67  11  90  96  29  37  47  22  88  71   5
   66  58  39  48  38  87  58  69  64  49   8  88
   39  84  52  29  28  18  32  63  37  26  11  15
   50  77  95  26  20  25   6  83  25  72  17  19
   92  94  59  52  79  21  82  18  17  89  81  38
   16  49  85  67  43  42   9  95  45
   27  94  94  93  51  88  32   3  25  61  42   4
   98  73  17  97  36  77  29  34  25  86  40  42
   93  60  31  68  37   2  34  31  68  65  83  82
   67  78  80  89  54  76  65  24  68  49   5  63
   59  96  89   8  95   5  53   4  85  28  89  92
   99  84  92  55  24  65   6  81   8  60  86  45
   38  83  75  97  17  28  90  68  54  20  19  79
   76  91  36  76  45  66  25  65  82  53  19  66
   21  57  43  80  56  99  86  65  16  53  66  26
   39  88  25  19  73  32  22  65  76  39  50  79
   38  74  57  12   7  14  87  95  38  50  27  18
   47  15  67  93  77  11  81  59  83  62   9  72
   21  71  55  27  55  88   8  83  79  99  53   9
   45  21  23  26   4   7  37  82  65  72  67  27
   65  29  14 100  45  28  90  37  48  22  26  78
   21  33  71   8  35  41  33  81  18  77   1  88
   94  35   5  13  44  88  73  10  68  30   8 100
   72  15  71  69  59  19  87  85  34  14  54  23
   21  46  64   8  97  39  46  68  39
   39  44  46  16  20  64  20  48  42  31  47  74
   79  21  53  58  91  95  99  43  65  14  53  54
    8  12  10  53  10  39  90  59  67  57  92  27
   65  11  11  98  32  46  12   6  43   4  80  41
   96  68  20  92  50  83  22  34  17  27  93  87
   28  50  50  40  53  78  69  27  89  74  10  77
    6  65  86  20  55  32  16  55  50  57  19  85
   94  44  87  12  81  87  16  90  56  15  87  52
   42  88  37  87  16  68  58  86  67  34  92  51
    3  82  62  64  21  71  80  19  46  36  17  16
   30  63  23  22   7  34  30  87  24  21   2  31
   19  54  46  80  73  46 100  86  22  81  71  86
   26  67  39  41   6  45  22  26  44  72  11  93
   41  56  56  87  43  56  23  30  22  46  11  63
   28  46  31  59  98   4  45  86  32  50  75  48
   21  11  69  70  53  86  26  64  70  84  90  43
   91  26  10   8  99   8  44  88  87  28  54  54
   70  74  35  82  59  77  26  88  91  22  73  27
   39  23  63  43  56  67  12  94  13
   83  45  94  95  63  63  34  26   7  24  86  90
   23   4  87   2  91  16  73  67  77  58  48  44
   51  73  60  11  18  26  94  46  71  86  72  21
   48  35  68   8  99  70  39  93  77  36  61  19
   29  56  85  12   5  87   3  50  85  78  19  30
    9  44  48  41  21  57  14  67  33  42  65  85
   93  91   3  88  73  88  21  17  60  45  60  96
   69  49  71   2  62  32  93  17  85  35  46  23
   12   7  29  86   4  90  40  68  81  49  99  40
   10  79  94  18  92  55  30   1  80  74  92  32
   96  22  30  62  69  43  40  37  73  34  74  82
   95  37  55  16   6  56  98  64  35  77  58  93
   77  14  77  51  99  44  55  25  57  85  22   7
   34  61  30  80  84  90  57   8  95  87  25  38
   57  74  20  27  46   2  37  66  22  93  36  27
   38  89  98  15  60  11  15  41   3  34  67  99
   74  76  36  65  38  98  14  92  78  16  34  43
   91  20  10   7  79  21  87  54  56  91  12  86
   72  35   6   5  50  53  55  92  25
    9  25  72  96  79  64   4  70  53  25  40  95
   93  63  23  50  33  69   8  26  74  13  45  11
   59  67  26  39  86  86  88 100   6  46  86  13
   67  47  28  61  37  87  60  90  69  83  37  71
   51  69  33  18  96  44  27  78  17  96  47  80
   41  76  78  41   9  44  34  41  19  67  85  61
   46  92  57  79  14  75  87  28  33  66  44  24
    6  72  11  49  88  68  28  97  17  79   4  91
   93  22  81  49  43   6  75  21  21   5  59  90
   94  82  32  32  77  87  32  38  33   5  18  96
   38  73  21  48   8  66  47  89  85  31  44  53
   94  96  44  37  49  38  46   5  32   3  82  46
   36  11  37   1  61 100  23  44  78  50  32  34
   59  57  44  21  61  74  89  24  81  25  89  60
   67  56  45  52  95  81  98  79  10  62  51   7
   21  68  46  67  72  89  14  13  65  23  80  23
   46   4  33  75  60  21  59  89  65  76  35  14
    5  15  88  94  49  20  15  97  95  65  61  89
   34  31  70  89  69  84  90  80  15
   66  31  66  54   9   8  73  56  16 100  40  61
   74  41   2  46  72  25  76  10  87  21  57  22
   83  76  16   1  29  57  27  95  16  76  92  82
   98  55  87  72  45  84  19  36  95   2  86  34
   42  83  74  67  10  50  34  30  61  73  96  89
    7  12  87  61  28  49  61  14  17  43  41  70
   24  96  77  36  21  30  14  28  77  76  69  24
   42  78  34  21  49  11  68   5  27   1  29  38
   21  73  94  53  37   3  13  61  83  76  52  77
   38  72  73  50  21  53   9  10  82  65  58  28
    2  54  90  88  99  94  66  73  64  28  64  54
   85  18  29   7   6  12  26  28  84  23   5  73
   68  16  89   3  81  16  61  38  26  17  74  34
   90  13  65  66  76  38  91  23  36  20  69  16
   21  42  33   4  46  26 100  22  61  17  57  34
   39  89  46  86  77  62  76  82   9  26  42  64
   24  79  48  12  13  91  61  50  11  56  58  72
   62  78  99  69  94  56   9  82   6  93  64  60
   63   6   8  26  19  53  61  66  28
   83  45  16   7  25  96  42  66  36  82  11  18
   70  40  63  13  65  17   3  11  89  28  69  27
   43  98  71  48  26  53  89   9  68  74  30  28
   18  26  54  11  99  29  62  15  31  13  37  73
   98  17  62  84   3  68  86  62  60   5  68  53
   72  77  66   8  55   6   5  22  27  93  94  39
   66  19  17  12  29  72  75  27  26  68   7  99
   64  11  46  17  53  34  74  57  70  86   5  65
   90  97  53  89  79  91  53  83  44  74  48  70
   54  74  34  69  19  53  73  81  27  74  66  46
   55  33  87  49  33  58  84   2  70  60  35  80
   52  61  75  25  91  67  81   5  46  23  17  43
   96   9  49   7  92  22  14  58  50 100  58  66
   26  21  35  86  40  55  63  96  73  92  53  96
   18  21  89  78  93  69  80  44  32  20  69   1
   13  72   7  10  71  82  85  98  63  53  37  39
   95  90  98  87  20  28  29  79  79   7  96   3
   37  20  29  16  45  20  23  39  91  90  14   7
    2  77  17  82  11  83  22  29  83
    917   902   882   902   934   896   932   950   879   911
