 15 200
  106  40  46  95  82  81  55  31  45 102  52  14
   24  21  75  59  48  21  94  14  69  51  75  31
   78  62  67  25  60  96  28  78  50 107 111  19
   99  60 101  45  93  99  14 101  92  25  57  53
   75  92  12  71  47 101  35  58  73  24  95  25
   57  66  27  40  22  58  44  77 103 105 101  46
  113  65  19  55  81  61  49  31  62  24  82  57
   55  41  59  53  56  78 101  57  80  86 106  58
   62  74  39  79  58  87  24  35  89  13  35  26
   59  68 112  51  66  66  97  15  64  78  20 110
   15  35  73  92 104  81 107  70  58  19  56  81
    8  76  31  97   6  82  29  24  21  93  52  12
   74  48  46  73  49  89  33  58  82  69  83  12
   36  94  48  35  35  35  62  86  92  49  21  12
   84  32  74  74  71  38  17  68  96  58  10  70
   80  28  41   7  61  96  47  77  86  94  38  63
   96  48  88  64  54  57  47  10
   61  92  72  34  74  88  63  22  97  91  73  38
  101  36  26 103  20  11  95  45  92  28  56  36
   95 106  85  56  98  16  56  15  42  17  97  97
   90  98  41  17  79  88  78  94 101  21  81  39
   85  41  54  59  89  83  98  22  51 112  50  34
   29  82  51  91  50  62  91  69  50  69  28 105
  107   5  29  99  63  32  32  29  84  44  16  64
  101  78  91  70  22  97  78 107 110 101  96  98
   94  76  97  61  10  64  61 110  48  96  59  99
   75  66  65  45 107  66  88  76  24  79  90 100
   36  89  89  90  99  51  94  90  44 101  54  26
   57  81  94  77  34  41  23   7  75  38  49  94
   97  23  75  26  73  96   9  59  40  61  32  56
   15  82  63  29  38  87  29  78  12  18  46  98
   24  31  67  57 107  25  15  98  38  58  94  23
   45  36  88  47 116  76 103   5  43  55  64  55
   38  32  24 105  68  29  93   8
   78  57  73  46   4  75  71  20  87  52  90 102
  111  56  92  41  82  48  61  96  51 101  67  67
   12  82  39 106  33 110  13  50  13  52  59  16
   17  15  33  99  85  90  45  67  52  40  87  51
   97  30  70  92 105  62  83  22  35  96 109  22
   23  60  33  40  38  31  25  20  76  76  51  18
   37  16  88 103  30  52 107  13  28  50  81  64
   31  94  34  36  42  75  43  61  90  45  31  31
   59  66  88  47  88 113  40  47 107  23  36  80
   41  84  13  68  93  61  32  61  77  21  20  93
  102  26 105  54  49  42  30  56  91  73  24  10
   56  26 110  92  75  46  22  40  58 115 102  80
   54  55   8  65  26  13  67  51  84  90  51  92
   96  48  84  89  31  57  66  58  15  99  80  89
   75  21  46  57  63 108  41  71  34  79 100  88
   81  70  96  52   6  68  27  50  34  96 101 106
   41  88 110  52  56  27  18  66
   41  99  33 111  86  64  49  36 104  26  63  92
  105  82  97 106  82  34  64  17  11  57  81 110
  110  24  89 104  21 111  51  41  42  24  88  79
   67  33  94  92  94  79  32  30  24  74  42  97
   48 100  72  65  83  54  22  93  38  32  41  93
  109  71  99  54 103  54  69  21  68  95  72  21
   54 102  28  53  51  83  82  90  50  76  61  93
   68  97  21  77  60  41  21  68  21  98  19  98
   94  97  17  10  51  26  69  51   9  39  24  84
   69  60 113  30  62  69  29  48  95  12  56  82
   57  44  12  40  31  32  43  43  79  44  91  43
   92  45  33  52  97  63  51  15  25  83  34  64
   21  61  54  41 103  52  53  29  76  23  75  99
   26  49  37  30  22  33  46  36  98  77  60  33
  108  70  59  21  24  18  70  56  83  30  12 102
   67  72  20  91  24  75  84  73 103  95  29  46
   94  96 117  63  87  88  77  61
   79 107 103  29  40  23  53  25  15  56  59 107
   93 104  61  46  45  59  63  76  88  88  34 101
   49  47  40  23  29 110  65  47  77  47  21  21
   83  31  73  61 114  69  79  95  24  95  64 103
   22 101  89  43  79  46 109  15  56  27  36  47
   79  86  75  77  69  84  62  21  23  42  51  77
   59  72 108  46  42  74  27  40  26  40  96  40
   81 105  17  82  20  84  70  71  34  32  86  13
  106  60   9  36  62  62  12  86  14 105  49  29
   51  48  88   6  49  38  58 111  93  37  30  35
   56  25  28  32  40  10  60  31  42  51  54  54
   54  24  66  93  39  81  74  52  42  94 108  25
  105  49  65  66  40  57  58  10  74  57  89  64
   35  35  94  99  83  41  44  95  18  13  94  64
   82  66  92  19  73   9 112  44  61  46  43  61
   76  99  27  63  93  32  33  63  82  98 101  86
   68  73 104  42  62  27  94 116
   78  60  42  20  84 109  22  58  94  49  60  35
   76  99  90 107  64  61  20  91  45  77  56  82
   69  49  71  57  17  14  90  28  89  47  21 104
   80  11 106  96  74 110  28  64  44  38  38  54
    4  13  51  49  72  84  88  28  60  94  38  65
   71  97  51  79  59  86  29  95  75  71  75  78
   26  94 108  78  35  77  77  67  59  56  40   7
   79  62  56  40  43   6  25  88  50  45  45  13
   22  17  40  20  83  44  29  61  74  95  92  32
   54  42  25  30  52  92  47 105  19  24  44  34
   54  51 101  89  82  26  64  74  78  73 105  79
   98  28  61 114  38  58  11 101  45  24  68  82
   60 113  79  24 102 100  95  63 104 101  64  30
  104  54  34  48  34  14 106  86  31  36  16  65
   31  80  34  30  51  61  29  94  17  81  61  55
   40  81  19 114  24  45  63  60  25  36  71 104
   80  73  54  76  83  28  49  68
   59 106  18  94  22  89  22  30  84 101  65  19
   37  96  12  59  29  39  87  73  95 104  24  12
   76  94  32  34  98  20 117  70  85  82  45  72
   92  38  54  36  63  41  48  66  89  92 104  37
  105  92  35  69  56  46 110 104  45 106  34  12
   93  52  30  52  60  66 101  58  35  79  50 106
   87  43  81  16  79  44  19  70  88  96 109  42
   53  47  32  39  65 107  15 100  35  94  58  59
   24  52  92  58  68  30  79 103  33  64  81  98
  105  16  74  63  42  30  39  85  37  84  60  22
   25  91  59  41  81  75  30  93  42  41  78  58
   40  72  29  96  94  51  23  10  57  65  45  33
   88  78 100  62  52  40  46 108  33  74  52  65
   92  26  63  88  22  62   5  28  93  21  99  71
   97  52 101 106  22  32  70 109 101 112  78  29
  103  65  24  31  43  25  20  71  78  51  24  87
   17  49 107  61  26  87  46  64
  108  92  55  83  38  39  97  69  67  76  25 106
   62  66  67  20  97  25  44  32  72  73  23  40
   49  83  30  65  34  43 111  88  70   8  63  61
   14  35  92  78  26  75  65  85  60 107 100  35
   93  28   9  62  12  20  54  59 104  10  66  62
   68  86  96  77 105  86  99  58  69  14  97  62
   62 107  80  50  57  42  48  37  14  97  77  80
   30  70  44  77  69  29  88  88  27  48  91  21
   96  69  78 103  65  74  38  29  78  86  85  33
   87  18  87  14  74  96  35  31  99  39  96  23
   30  42  21  61  34  69  23  43  91  43 105 102
  102  77  84 104  63  57  14  22  91  68  59  91
   99  35  24  62  72  45  77  69  81  70  72  23
  108  65  19  21  97  23  69  44  84  91  77  21
   21  36  72  52  33  91  36  56  29  29  21  81
   22  73  87  64  35 100  83  52  33  44  98  21
   85  60 102  94  77  26  94  36
   52  64 105  86  37  34  32  59  40 102  93  88
   92  78  32  75  75  35 107  99  78 110  80  50
   26  87  92 103  52  33  81  75  86 109  98  48
   40  18  22  23  72  85  61 100  51  10 115  32
   79  80  37  49  29  87  48  51  70  91  86  49
  102  85  36  47  99  43  46  42  89  18  68  34
   91  44  33  44  68  75  26  73  45  75 100  92
  110  82  23  15 114  25  64  62  52  30  38  54
   35 106  76 102  40 109 104  70  77  39  64  39
    9  55  69  78  96  30  68  52 117  61  90  76
   20  95  53  43  41 109  24  61  75 104  77  72
   43  48  33  61  67 115  81  76  97  97  94 117
  102  94  32  92  23  71  53  66  10  79  51  88
  100  90  85  88  20 105 104  85  52  54  32  78
   58  42 110  66  62  44  44  25  26  20  28  32
   78  21  89  12 101  62  36  13  87  76  34  57
   14  75  95  76  22  43  77  66
  105  27  74 109  82  58  77 115  15  48  66  25
   56  36  38  71  84  64  87  67  22  70  36  35
   54  79 101  89  63 106  31  63  47  48  17  18
   12  89  22  65  99  99  83  99  67 107  71  18
   99  16 109  77  64 113  33  44  90  33 101  94
   77  55  42  50  59  99  52  46  23  84  77  68
   40  46 105  87  26  33  87 115  20  89  81  35
  109  75  55  70  80  97  98  65 119  34  32  53
   85 100  93  63 114   6  71  60  62  45  52  63
   91  73 110  75  72  73  73  92  82  12  79  32
   60  62  94  24  80  73  42  70  66  76 113  62
  113  28 112  76  60  53 113  59  57  70  31  80
   91  56  93  99 107  21  29  78  86  25 105  60
   91  63  47  74  61  26  33  81  92  31  55  61
   73  85  68  19  93  22  16  68  25  45  55  80
   84  63  45 113  38 109  80 108  93  55  97  67
   47  96 101  80  11  72  31  79
   48  15  86  56  48  64  15  91 106  60  80  51
   96  17  68  48  59  42  80  73  92  77  24  41
   65  51 106  74  84  63  66  47  76  32  57  71
   77  88  31  92  20  44  29  25  35  35  28  58
   97 102  45  57  36  68  47  31  12  44   6  37
  108 114  48  23  45  47 100  56  72  53  69  63
   87  51  13  79  14  40  91  58  95  17  41  47
   29  84  21  43  87 106  83  94 106  43  72  33
   39  18  33  71   7  73  93  45  16  35  52  48
   80  35 114  18  66  13  94  41  84  28  73 114
   60 101  99  11  95  50 105  24  87  47  44  76
   93  18  89   2  47  74  63  62 103  52  76  71
   49  18  53  91 100  88  46  60  83  35  43  95
   36  75  35  33 102  26  51  23  56 101  60  40
   53  16  28  61  75  13  90  49  59 115  45  89
   60  47 100  95  12  85  47  59  75  74  63  33
   85  30 100  51  75  85   7  27
   33  32  45  77  33  89  46  20  17  19  92  30
   68  53  92  53  45  98  66  97  39  35  31 109
   13  44  74  58  14  14  18  19  68  32 114  90
   87  10  59  77   7  25  31  78  67 105  28 108
   23  55  57  41  82  49  70  47  64  60  10  64
   98  43  63  70  39  25 101 116  81  56  17  63
   19  28  31  74  94 113  72 103  31  39  17  76
   30 114  95  53  67  49  66  45  61  32  52  51
   38  28 104  18  49  98  77  72  32  21  11  92
   41  58  61  13  80  58  69  26  74  91  32  95
  108  40  60  88  57  11  91  44  79  75  99  20
   76  59 113 108  42  13  77  58  78  95 101  62
   50  47  58  63  77  58  54 105  39  97  58  54
   24  13  20  51 101  32  76  43  45  78  60   4
   89 104  79  81  42  78  39  46  58 102  45  70
   55  58  37 109  27  26  50  87  65  76  37  90
   64  40  44  74 104  26  21  65
  103  74  24  41  28  48  90   8  44  90  14  45
   84  74  57  67  64  82  94  44  35  23   9  65
   36  51  96  57  44  38  20 111  28 109  44  89
   33  24  31  32 100  51  29 110 105  72 108  46
   99  94  20  29  10  62 113  69  48  54  46 115
   77  92  38 109  57   5  40  80   9  78  95  27
   15  94  88 113  18 103  48  13  65  36  78  49
   37  49  27  54  15  32  27  20  99  54  29  39
   70 113  11  53  34  96  79  38  42 110  39  38
   24  27  42  76  85  44  78  68  59  80  87  46
   48  41  96  32   7   7  53  44 103  75  64  52
   18  35 102 112  76  53  32  38  20  67  87  13
   50  77  92  29  90  28  19  17  24  50  68  88
   67  18  57 107  73  53   7  31  40  39  15  53
   52  54  62  73 107  60 104  61 105  81  18  42
   55  38 107  70  15  58  52  21 100  78  15  50
   96  88  74  91  65  14  22  58
   95 115  34  24  96  67  17  58  31  84  53  31
  102  89  20 115  45  37  36  88  77  47  96  12
   50  16  58  42  73  55  40  54  22  68  72  77
   20  93  49  41  37  11  51  69  74  68  66  74
   21  99  36  97  28  86  73  30  47 101  32  51
   31  33  69  57 102  21  52  35  84  30  61  58
   73  12  10 103  48  18 107  56  53   6  95 105
   87  12  44  12  40  65  85  18  81  19 104  39
   63   4  93  53  65  56  62  26  86  67  49  23
   56 111  23  84  41  78  76 110  36 104  95 115
   57  66  54  89  88  79 105  74  56  69  40  40
   49  79  41  87  87  80  97  10  20  55  71 103
   70  41  81  72  31  83  52  36  76  27  95  28
   93  56  79 103 100  11  76  34  41  98  14  75
   98  47  82 103  59  24  56  91  13  34  96  75
   65 107  26  76  94  62 108  69 101  75  96  34
   24  37  88  33  42  23  31  80
   47  66  47  89  58  90  64  90  47 106  21  59
   93  29 101 100  23  62  86  19  28  54  55  70
   60  89  24  91  96  78  87  82  65  96  74  31
  100  80  19  49  83  28  55 107  64  50  89  93
   18  77 105  65  28  32  89  75  61  58  54  60
   49 104  97 113  13  82  17  86  70  61 109  31
   41  42  24  56  47  80  93  70 108  14  96  42
  111  28  46  63 112  31  17  72  28 112 109  79
   12  22  23  21 100  36  43 101  45  35  89  60
   41  13  61  61  50  59  21  73  60  16  87  47
  101  35  98 115  27  39  86  99  91  59  21  21
   95  11  83  93 101  82  22  61  76  99 105  92
   45  72  33 106  61  49  89  59  13  32  44  82
   91  49  95  61  26  85  16  77  92  68  73  52
   19  22  99  43  20   9 110 100  54  96  74  54
   26  21  96  60  22  40  58 104  49  74  36  91
   11  98  57  39  50  85  40  17
   10  67  73  25  23  34  56  81  61   3  68  95
   87  88  37  47  68  82  20  90  46  60  44  76
   33  55  46  83  53   7  88  32  67   6   5  95
    3  49  19  69  16  14  90  18  27  83  55  64
   34  17  90  39  60   4  78  50  33  93  11  95
   60  40  85  75  86  54  59  30   4   4   1  61
    1  48  93  58  27  55  60  83  45  80  31  55
   49  68  48  60  46  40  19  51  40  28   5  53
   44  45  72  37  58  19  87  84  15  95  69  89
   58  42   3  58  48  45  12 100  46  40  96   9
   90  73  45  23   7  26   7  45  58  88  47  31
   94  43  79  17  98  24  73  90  81  16  50  93
   30  59  66  41  69  30  80  53  27  51  27  91
   67  17  64  81  84  75  51  29  27  53  93  92
   33  79  28  40  47  69  86  47  20  53  95  44
   32  79  76 100  57   9  68  37  18  10  71  49
   24  71  17  50  64  54  62  96
   45  18  32  72  30  23  49  84  16  29  32  67
    5  81  94   7  88  99  16  59  19  82  52  83
   13  11  27  61  14  97  59  97  64  94   7   8
   15   8  67  94  31  22  33  22  19  84  31  79
   20  63  55  53  13  21   6  88  66   8  55  74
   82  38  58  16  64  42  12  41  57  47  92   2
    5  98  79  12  48  70  83  89  27  59  86  38
    7  33  29  42  84  23  34   7   2  14   9  17
   22  42  16  50  93  54  57  10  61  15  50  21
   38  39  53  57  10  38  19  27  87  30  18   4
   68  31  28  24  19  67  24  28  62  17  66  79
   60  35  20  36  79  63  96  97  40  81  69  16
   22  92  38  94  44  12  96  48  71  48  79  56
   87  37  48  90  66  29  89  40  96  84  70  16
   89  81  52  54   7  78  89  16  70  56   9  84
   66  70  16  67   4  29  10 100  61  47  53  62
   68  81  86   7  47  90  23  95
   31  53  32  66 100  38  33  99  31  64  17  10
    5  49  22  79  31  65  50   6  65   6  46  48
   92  31  69   9  78   1  92  68  90  59  51  91
   93  92  82  18  26  29  70  48  53  73  26  54
    7  83  40  12   8  54  30  88  85  19   2  86
   85  57  78  71  69  83  84  88  27  30  67  92
   76  93  22   2  84  60   7  91  75  62  33  44
   79  12  82  78  68  37  69  50  28  72  82  77
   44  49  21  61  20   5  80  68   4  83  81  32
   71  28  95  52  25  52  86  47  34  88  96  25
   16  85   3  51  64  67  79  60  12  31  84  93
   59  80   9  14  40  73  98  80  56   1  13  28
   55  54  97  42  90  96  50  63  23  18  69  19
   17  69  36  27  78  59  45  46  96  18  26  29
   39  92  62  63  43   7  67  37  84  23   3  30
   33  50  16  56  98  39  81  60  75   6   8   9
   71  16   9  58  50  85  98  41
   71   7  83   2  25  50  60  72  12  90  48  13
    8  22   7   5  28  75  44  93  98  49  30   5
    3  83  30  16  85   2  58  74  65  93  29  24
   39  80  14  28  17  28  71  75  91  38  66  16
   64   9  46  51  31  64  85  11  69  72  66  25
    4  32  13  59  12  50  42  90  34   8  47  97
   61   7  75  60  54  24  35  22  66  44  58  20
   44  13  85  31  48  70  88  47  90   8  86  21
   19  23  95  93  53  94  40  55  98  65  83  33
   42  45   6  83  56  37  78  59  16  90  62  34
   57  71  94  65  81  76  73  62  24  71  13  65
   12  71  77  64  11  55  69  96  82  35  77  48
   87  54  56  73   6  57  51  81  43  85  36   4
   90  55  73  80  93  73  71  75  10  30  47  80
    7  44  61  96  78  90  49  59  37  81  95   3
   49  41  91  23  78  39  18  29  13  24  87  59
   20  20   1  39  21  31  37  50
   29  12   8  82  77  87  52  86  90  49  50   7
   15   4  54  64  60  44  54  42  22  29  71  10
   65  66  69  84  79   6  37  66  27  61  90  94
   28  74  45  58   2  45  26  11  85  25  46  13
   81  19  28  74  27  69   7  92  55  91  78  73
   32  18  34  38  38  18  48  88  88  72  59  34
   53  43  10  64  64  33  85  69  86  68  17  78
   35  13  94  30 100  24  45  40  84  72  25  89
    5  51  93  83  55  58  99  17  97  10  56  87
   69  59  31 100  67  79  44   2  13  74  74  79
   50  90  80  83  76  93  51  87  61  60  54  53
   63  87  38  15  80  36  33  56  60  18   9  77
    1  62  44  42  65  48  48  97  44  51  14  52
   84  80  21   5  34  70  74  21  90  92   9  39
   36  44  27  94  36  97   8  73  59  57  68  52
   40   6  85  49  12  87  86  49  31  13   7  17
   36  37  14  67  53  84  16   2
   26  51  71  82  19   2  96  58  17  54  55  69
   34  16  18  12  49  45  91  13  58  25  55  26
   34  70  35  50  87  96  27  85  14  72  89  10
   25  94  11  14  46   3  83  49  75  70  77  48
   98  96  58  63  41  22  31  75  59  12  64  46
   43  12  67  25  52  30  76  21  39  47  36  30
   78  15  11  32  74  28  25  52  55  46  67  97
   23  50  52  65  75  97  77  27  58  74  70  99
   80  94  63  94  30  61  84  56  42  25  13  87
   50  62  80  75  58  12  65   4  96  78  70  74
   62  56  14  22  30  77  46  43  39  33  10  27
   18  76  47   4  66  56  92   3  73  86  41  34
   53   5  26  84  10  19  14  50   2   8  40  76
    6  55  79  56  76  97   2  30  76  74  92  53
   87  24  83  80  69  54  82  11  87  23  48  59
   64  24  92   2  80  61  53  51  86  80  37   2
   39  35  56  28  33  77  68  46
   60  14  95  13  89  21  92  89  32   4  39  83
   74  11  92  48  77  74  27  29  16  14  85  96
   33  10  78  77   4  82   3  45  24  34  58  40
   13  73  55  83  46  72  63  53  14  11   9  81
   13  16  75  43  60  69   8   7  64   8  71  97
   19  58  74  59  44  43   2  55  81  23  64   8
   29  69  24  99  30  64  83  49  27  14   8  75
   59  61  72  74  39  11  95  11  75  13  51  50
   82  53  28  50  44  86  23   9  70  47  32  10
    9  87  43  56  63  82  71  33  69  33  56  86
   79  20  59  66  22  41  81  14  63  79  33  46
   62  34  77  16  25  57  93  98  56  52  58  87
   31  40   7  47  59  80  72   8  72  40  61  42
   18  90  52  22  80  42  99  89  15  87  15  33
   14  60   3   8  89  80  36   5   5   7  42  82
   16  53  80  83  72  82  91  46  42  60  93  26
   90  63   3  58  94  23  61  42
    9  14  53  25  70  78  15  35  45  34  85  11
   44  39  49  94  14  81  67  71  45  34  91  64
   70  19  88  52  77  69   8  14  40  99  41  41
   99  78  14  34  91  27  44  32  53  13  16  74
   14  81  97  54  93  93  64  57  11  98  38  55
   41  29  17  39   6  23   6  55  44  91  13  49
   56  13  33  59  49  63  69  78  89  12  37  28
   90  33  75  41  40  91  28  23  87  66  13  86
    8  39  34   3  55  32  78  89  24  22  26  83
   30  97  26  88  32  11  70  72   5  75  18  94
   80  61  86  45  77  45  89  59  27  64  15   5
   15  30  27   7  56  52 100  90  21  35  53  28
   11  77  90  54  30  57  34  40  34  38  42  97
    2  45  91  99  22  82  41  75  31  29  29  89
   94  67  38  52  75  15  73  60  75  78  90  34
   90  33  23  38  80  17  27  53  76  60  18  92
   30  44   9  20  42  91  11  70
   55  52  10  21  77  84  82  60  64  10  10  26
   16  33  79  27  28  85   2  15  33   5  35  70
   84  30  12  15  50  70  38  27  21   6  10  66
   78  88  95  81  30  29  50  19  63  94   1  79
   27  30  65  63  81  23  60  54  33  18  29  58
    3  20  84  70  21  60  71  77  21  89  43  70
   17  74  72  68  34  36  80  41  75  36   6  22
    2  29  93  93   6  94  44  57  53  74  72  48
   70   5  39  16  64   2   5  38  40  65  51  72
   98  65  42  26  10  80  48  50   2  51  27  27
   86  20  64  60  67   6  84  50  28   7  25  44
   64  67  78  53  53   3  26  32  22  18  23   1
    9  19  88  14  80  46  63  47 100  31  62  22
    6  15  17  22  91  10   3  28  63  55  76  34
   53  61   1  52  56  60  76  86  89  86  84  79
   26  96  23 100  14  45  76  95  16  31  79  58
   97  37  16  37  94  65  26  53
   12  90  40   4  26  51  43   5  89  59  45  77
   54  70  73  34  23  47  28  41  96  41  75  68
   61  24   5  21  56  10  82  41  70  71  91  95
   98  16  94  47   9  10  28   7  42   6  42  85
   19  94   4  31  48   6  78  62  28  77   3  13
   31  60  74  56  61  19  56  64  79  35  34  47
   74  72  15  25  90  78  15   5  83  28  21  81
   11  45  65  49  27  23  11  54   1  86  75  58
   22   5  11  46   2  99  35  53  48  65  61  47
   19  40  10  33  31  38  43  13  20  98  26  84
   47  49  23  96  39  38  70  45  41  40   5  43
    1  92   2  30  45  50   2  55  54  34  75  25
   25  57  12  12  13  93  75  41  31  86  14  52
   21  51  69  29  59  79  71  25  17  87  64  56
   32  26  50  97  22  92  86  51  85  57  47  29
   31  48  59   6  71   5  35   2  26  55  12  39
   73  14  18  25  91  47  82  28
   56  88  25  55  55  43  96  17   6  44  22  60
   18  94  46  54  58  60  38  35  22  25  84  72
   52  51   1  31  33  41  37  65  32  71  59  41
   28  23  72  18  95  60  89  94  75  84  87  49
   12  17  67  63  82  44  61  78  99  68  96  74
    9   4  64  97  68  61   4  47  33  51  38  53
   22  67  95  30  94  63  29  53  24  92  77  57
   82  27  90  72  27  10  37  18   4  77  46  75
   63  93  84  35  99  35  16  60  99  72  62  58
   32  74   2  97  49  97  15  66  32  83  38   2
   56  14  16  91  10  56   9  94  32  55  68  42
   22  85  18 100  60  41  56  49  13  66  28  40
   62  94  66  20  11  24  63  45  29  69  68   7
   82  42  70  76   6  86  62  85  60  13  46  67
   51  88  80  52  27  89  21  68  51   3  59  21
   60  62  13   9  97  20  69  48  44  37  40  71
   29  81  15  60  42  35  95  80
   87  77  72  34  86  16  59  98  94  91  12  73
   50  57  14  56  65   4  37  11  68  67  79   3
   94  62  35  59  97  91  99  94  35  81   4  12
   26  93  52  28  99  77  76  29  46   6  79   6
   94  52  62  79  28  57  37  59  50  51  95  47
   18  60  50  37  69  80   6   4  38  50  86  56
   93  81  86  33   8   4  37  15  72  74  92  34
   73   5  13  65  51  60  38  69  47  82  52  58
   69  89  10  90  68   8  43  34  73  87  99  16
   66  52  56  93  40  46  37  76  39  13  88  20
   10  80  45  23  53  92  24  65  40  41   4  92
   42  52   4   5  63  92  29  44  25  18   7  47
   65  58  58  48  39  51  49   9  63  19  56  48
   81  89  90  55  14  82  26  73  61  38  55 100
   17  12  39  29  70  31  64  65  46  14  72  32
   65  57  82  10  79  94  62  24  54  38  77  18
   52  77  67  35   6  82  86  44
   14  45  96  78  90  63  15  99  68  27  97  67
   34  35  58  51  47  34  17  69  82  94  94  47
   73  61  20  53  58  76  90   2  85   9  60  21
   78  86  81  70  13  68  82   4  12  46   7  59
   12  24  89  80  98  50   7  45  69  63  67   2
   30  27  81   7  63  99  80  34  94  28  16  76
   88  10  23   5  85  12  61  90  44  81  34  71
   67  54  85  65  87  77  80 100   8  66  79  80
   42   6  91  49  74  19  32  69  74   9  67  76
   87  93  64  35  35  60  42  51  45  29  27  64
   54  77  16  81  95  95  58  64   9  45  42  52
   92  71   9   8  44  51  81  81  91  35  24  89
   66  39  21  79  27  74  93  99  86  60  48  31
   38  98  60   7  41  59  96  78  66  72  90  49
   59  51  47  31  12  57  14  50  10  26  91  71
   51  66  13  33  91  56  65  90  19  33  91  56
    6  23  37  21  54  88  89  58
   16   4  78  81  16  52  96  49  74  27  56  82
    6  16  93   5  60  80  68  14  25  66  23  99
   59  96  49  76  33  61  66  56  89  48  44  25
   91  19  66  75  68  94  69  49  37  41  48  39
   96   3  82  11  77  16  46  86  55  14  73  55
   88  69  46  50  11  87  59  68  28  86  44  49
   40  96  99  10  66  91  13  50  61  97  17   6
   24  93  76  91  78  47  34  97  24  91  13  68
   42  98  23  60  54  46  49  76  18  44  67  82
   48   7  85  23  70  35  35   7  70  12  23   4
   60  53  64  28  22  38   5  29  51  47  62  68
   54  28  76  29  30  38  19 100  90  65  45  10
   40  78  28  37  76  20  68  75  30  77  24  88
   19  56  41  14   7  91  32  75  62   5 100  43
   10  71  29  11  57  84  49  24  94  78  15  38
   53  10  78  27  24  58   3  34   2  36  15  72
   83  77  17  78  68  85  74  23
   56  45  56  30  49  16  47  16  69  12  97  61
    9  81  10   4  94  43  27  86  78  65  60  40
   44  28  86  29   7  24  22  24  41  19  34  75
   12  37  84  53  35  79  65   8  43  57  17  27
   94  37   4  55  90  76  29  39  46  59  50  54
   66   2   7   4  89  35  94  23  45  45   9  84
   70  69  93  47  66  26  18  33  10  90   7  78
    5  82  63  47   8  76  97  47  92   6   2  39
   97  80  95  84  15  70  63  13  72  81  25  60
   62  91  53  59  68  43  85  31  46  89  28  59
   10  80  13   1  77  66  19   4  23  44  82  96
    7  92  33  21   6  22  87  54  31  12   8  20
   61  36  82  14  57  55  29  47  99  75  73  37
   28  67  11  52  92  21  90  27  20  46  45  68
   98  94   6  64  88  95   5   7  49  15  28  58
   93  88  12  58  89  71  46   7  68  44  72  15
   96   7  47  69  67  20  66  94
    550   516   548   536   552   539   522   534   492   480   550   556
    585   543   515
