 25  90
   89  73  15  65  31  28  57  17 102  51  28  66
   40  52  62  91  38  93  36  75  58  62  61  84
   59  63  21  78  73 105  30  80  99  90  98 108
   21  55 105  18  12  57  50  67  76  90 104  75
   34  81  94  18  39  98  80  69  82  32  95  75
   66  63  43  47  98  79 101  54 104   6  36  61
   50  36 102  55  79  26  64 107  86  57  69  32
   51  11  34  82  68  99
   48  16  95  76  25  79  85  95  69  63   8  91
  108  37 105  73  84  67  40  84  44 105  32  40
  102  64  12  37  96  14  66  15  56  42  68 101
   27  19  54 108  72  80  54  73  88  12  78  37
   91  88  23  68  29  15  70  54  73  62  38  64
   24  63 103  48  18  51  16  76  52  61  97  16
   10  14  93  76  56  37  85  19  25  81  48  96
   57  50  99  70 104  53
   84  45   4  45   6  21  92  37  40  61   9  64
   54 113  54  67 109  45  48  47  14  15 108  16
   33  34  87  76  61  63  40  43  63  74 110  58
   70  92 100  89  92  30 117  12  71  33  61 102
   63  98  34  17  77  13  37  64  27  36  74 107
   31  29  42  46  15  27 109  59  66  17  16  47
  101  68  91  98  91  66  52  85  14  72  44  16
   68   9  11  78  46  15
   54  45  88  55  86  37  96  90  71  60  45 111
    9  97  97  56  99  89  52  74  35  98  59  33
   96  18  28  93  81  84  85  76 100  41  15  96
   58  90  85  40  48 100  78  32  75  92  41  41
   25  26  63  41  17  35  84  99  30 100  52 104
   84  82 109  97  18  19  14  86  74  59  40  89
   70  57  96  20 105  81  82  18  77  56  20  45
   33 110  77 105  74  51
   80 104  22  37  77  41  18  93  80  42  60  67
   69  36  31  92  58  48  67  38  27 108 107 109
   18  42  44  95  24  53   9  39  52 103  24  89
   84  42  40   9  47  50  65  48  90  88  50  45
   73  30 105 108  85  59  12  49  25  86  49  97
  103  68 105  93 114  44  45  14 100  21  69  91
   82 104  78   7 110  11  95  85  34  15  93  88
   30  25  96  25   7  89
   63  58  46  69  58 106  47  23  54  26  95  43
   21  90  92  40  71 104 101  93  85  99  69  57
   85  43  32  44  93  24  85  76  60  63  67  37
   92  68  56 101 104  92  84  76  58  25  88  97
   75  89  72  15 100  78  24  91  89 100  51  79
   89  46  14  59  66  37  74  14  84 116  20  84
   92  34  18  50  29  37 103  37  31  12  38  27
   86  93  87  73  59  33
   30  34  56  69  27  75 114  84  26  34  43  88
   21  60  90  37  20  82  69  45  34  49  53  42
  102  81  54  98  45  73  20  49  48  79  65  67
   17  77  89  63 111  44  62 112  25  68 116  43
   22  11  62  67  40  30  94  92  76  93  93  18
   47  65  98  89  19  87  25 105  96  20  54  83
   70  36  94  63  38  28  52  91  30 106 100  19
   25  66  28  10  57  12
   96 109  42  79  80  81  70  18  31  57  43  48
   27  59 106  59  72  76  22  78  87  79  36   8
   62  45  76  81  28  34  25  59  79  21  36  51
   74  28  21  78  76  58 106  68  82  26  73  77
   82  53  46  92  65  90  78  47  88  55  92  68
   95  13  81  49  58  92  94 100  72  27  25  85
   98  72  21  78  33  46  29  63  44  87  88  91
   94  40  24 102  48  49
   44  38  99  85  78 104  73  16  24  20  37 104
   79  56  31 106  70  59 112 114  42  82  75 112
  106  41  57  24  64  70  66 109  37  73  41  89
   40  19  69  66  72  27  42  77  40  50 104  81
  114  56  22  80  47 106 101  59  35  69  97  40
   52 107  78  98  41  64  94  45  78  21  98  95
   72  76  46  71  68  38  94 101 102  83  38  32
  102  25  55  30  94  20
   28  10  18  94 100  30 107  77  23  78  18  73
   14  48  77  35  19  95  89  60  43 103  48  16
   34  64 100 105  16  25  93  16  78  41  97  68
   33  50  46  66  32  42  32  78  77  85  21  65
   60 102  59  73  74  98  87  37  68  45 106  56
   93   6  41  95  65  20  15  55  13  88  64  92
   93 112  25  89  81  68  31  35  37  16  98  57
   89  89 112  49  99  48
   65  97  85  74 101  94  49   4 100  62  43 109
   57  54  62 109  22 101  51  10  87  35  44   9
   88  66  97  19  41  50  24 104 109  19  25  26
   27 105  61  74  44  33  51 109  22  38  22  85
   48  97  90  94  71  55  10  14  91  25  49 114
   77  30  26  50  43  90 108  87  44 113  49  41
   30  46  42  46  43  87  45  71  90  66 101  52
    9  88  76  52  88  13
   87  12  96 104  18  99  33  38  91  69  28  86
   32  31  79  44  87  13  34  83  84  16 109  89
   70  70  92  78 106  27 103  90  41  11  84  46
   80  67  91  82  72  36  30  93  62  56 113  19
   77  51  16  35  71  78  77  22  94  23  98   4
   71  19  55  90  84 103  36  56  36 102  46  75
   37 102  81 108  51  30  45 106  38  67  40  25
  112  18 106 105  73  24
   52  16  95  62  61  40 102  98  75 108  18  24
   80  68  51  88  94  12  80  55  46  73  61  73
   58  66  42  93  18  17  62  18  83  84  52  26
   34  23  69  22  72  98  62  11  83  30  88  88
   41  69 109  25  12  15  59  59  94  69  26  56
   61  65  74  61  69  95  38  39  33  35  87  54
   41  43  17  46  48 110  61  56  19 101  92  59
   12  46  74  42  95  35
   69  63  27  90  57  73  69  28  57  93  69  86
   76  38  58  26  81  84  40  71  58  57  59  13
  100  58  19  87 105  14  42 100  75  87  11  64
   30 110  43   9  57  59  50  75  38  53  31  46
   33  14  59  51  53  95  76  81  22  38  86  27
   78  98  79  53  81  80  39  93  68  86  56  45
   34  28  83 103  91  26  91  46  31  44  51  15
   91  10  93 107  71  45
   17 111  75  74  99  77  79 117  17  82  80  84
   79  33  41  65  30  93  98  21  96  36  29  48
   27  98  96  86  73  86  94  32  89  20  83  58
   45  17  85  49   7  31  51  66  84  57  37  42
   46  71  20  41 101  47  40  22  41  65  65  22
   26  10  59  81 104  11  50  84   7  49  71  37
   78  95  80  55  25  29  69  81  78 101  36  60
   29  14  87  96  71  85
   73  20  89  73  30  29  20  27  90  57  97  19
   56  90  46 103  67  44  26  83  12  34  88  49
   64  24  40  25  26  90  47  62  50  55  32  83
   25  41  76  57  40  18  19  17  43  15  69   7
   42 100  82  57  71  72  36  59  34  50  76  63
   79  88  73  47  48  34  93  65  54  68  72  50
  106  57  93  99  77  96  20  83  81  25  75  62
   22  95  76  37  38  56
   66  67  82  73  21  71  26  16  48  73  60  56
   56  18  68  57  35  28  41  62  97  67  24  72
   67  25  92  44  35  91  45  58  72  78  39  67
   94  68  92  30  29   9  18  67  98   9  28  15
   93  30  65  99  36  69  97  71  30  88  30  44
   88  66  69  92  18  43  80  44  91  58  98  26
   22  64 102  16  21  16  73  67  88  53  92 100
   66  81  32  35  64  36
   90  82 106  75  12  32  79  68 106  19  86  45
   19  78  44  45  29  46  68  68  88  75  98  95
   34  80  80  18  43 102  97  94  49  48 100  77
   12  19  15 104 112 108  45 111  85 108  72  15
   34  87  66  80  66  83  55  13 112  22  80  92
   71  86  50  37  44  85  14  52  67  83  94  23
   43  50  89  40  86 104  48  21  43  60  29  54
   12  99  82  21  27 103
   78  70  31  63  45  71  35  99  97  65  87   6
   17  19  21  86  31  28  27  94  46  72  50  66
   91  48  47  55  49  86  99  23  35  81  80  66
  104  84  90  95 109  27  53  70  52  54  37  36
   52  33  40  24  65  89 114  43  81  25  26  23
   65  50  30  21  64  92  40  47 101  50  54  26
   18  92  29  93  52  25  97  28  62  20  11  90
   34  38  49  41  52  61
   60  60  63  50  97 102  53  78  77  23  47 101
  109  22  84  22  80  45  68  17  20  62  48  18
   31  84 111  53  64  30  85  43  41  37  58  40
   54  92  16  31  20  99  59  18  42  96  77  34
   75 111  32  66  35  47  21  50  92  89  62  18
   62  54  85  85  63  51  61  78  36  30  78  24
   33  67  27  35  78 110  92 105 113  31  81  94
   80  51 110 101  29  67
   74  83 110  88  88  62  22  61  38 101  50  73
   33  25  28  11  49  66  92  51  76  85  73  23
   67  49  36  29  51  22  63  55 100  15  72  31
   70  15  65  24  50  43  42  29  44  32  31  97
   58  96  78  91  94  70  87  27  23  94  16  71
   47  97 104  15  52  86  76  56 111  62  84  67
   34  67  28  20  68  98  71  17  34  50  40  39
   37  32  78  59  92 102
  101  47  90  80  23  16  29  41  48  67  34  84
   65  38  58  98 101  41  47  63  58 104  27  88
   34  90  86  76  88 113  85  87  23  35  39  84
  109  60  91  34  66  33  46  41  64  78  66  76
   30  51  86  85  78  60  49  54  27  43 100  69
   49  83  52  22 105  19  71  43  47  68  57  91
   70  55  91  83  65  67  79  23  11  18  91  83
   43 102  93 106  50  89
  108  40 103  89  15  88  48  92  40  52 102  33
   67  34  34  56  72  37 111  48  96  85  33  39
   34  94  61  39 113  54  90  74  98 102  57  38
   12 113  92  65  75  89 115  21  60  72 106   9
  105 111  48  73  92  69 103  99  27  73  66  15
   71  86  50  93  17  24 107  62  65  19  23  97
   40  36  57  86  97  77  25  30  71 107  20  93
   16  54  87  22  82 105
   62 102  30   5  95 110  42  92  99  20  49  45
  109  17  41  32  90  20  16  34  21  77  38  23
   36  91  28  59  21  34  59  86  21  60  71  95
   56  83 109  61  28  25  55  46  95 108  39  88
   41  12  23  81  32  87 100  75  19  50  73 102
   63  36  41  39  78  70 101  60  79   5  67  73
   52  34  50  77  59  64  92  53  89  53  57  55
   88  41  69  85 101  74
   18  91 108  34  10  51  34 109  79  62  37  57
   51  76  36  92  48  86  50  94  21  22  91  56
   13  54  26  23  81  88  76  76  87  51  29  83
   32 105  58  21  28  67  85  34  38  29  69  65
   50  75  24  49  64  34 106 100 109  14  92  82
   23  57  82  27  82  38  77  98  71  32  97 117
   41  47  22  65  12   7  30  40 102  82  50  98
   70  96  60  26  65  28
   17  46  87  48  73  79  53  95  12  53  85  53
   69  67  55  11  82  12  73  41  49  50  58  27
   49  50  94  27  38   6  77  32  15  19  20  12
   81  56   1  88  97  58  64  51  38  21  12  36
   71  23  21  87  67  19  30  46  23  71   7  41
   51  44  63  56  13  23  19  63  10  98  72  50
   59  69   3  64  40  91  42   8  31  54  39  82
   60  91  75  23  46  12
   59  94  17  26  79  23  20  16  34  48  95  11
    5  71  15  35  31  39  69  19  58   5  85  78
    9  48  98  67  11  93  44  88  52  60  44   2
   85  85  53   7  47  40  51  40  21  92  33  74
   20  30  92  37  90  95  41  56  42  58  73  51
   86  57   5  61  94  57  99  38  66  46  22  93
   96  98  10  41  62  74  26  98  92  34  69   7
   52  56   8  35   8  55
   20  72  99  70  98  93  16  69  73  45  94  39
   57   6  48  47   2  60  69  71  98  96   9  96
   75  78  24  41  51  46  73  75  50  44   3  49
   41  17  10  22  14  75   1  90  40  77  51   5
   44  21  86  89  30  94  70  38  79  82  41   1
   80  78  73  57  98  89   3  60  37  95 100  62
   19  46  27  13  21  46  50  21 100  35  64  94
   43  95 100  31  69  90
   52  66  17  56  16  74  12  25  36  57  67   1
   98  16  14  55  12  19  51  34  71  10  53  73
   15  87  74  14  30  24  21  30   3  69  98  21
   53  27  27  73  64  13  27  77  38  21  61  65
   86  90  48  73  99  85  22  12  84   5  51   3
   33  26   8  13  96  91  88  16  39  46  69  17
   39  46  18  82  11  24  26  91  25  58  94  69
   82   6  38   6  43  61
   27  16  88  66  42  70  97  17  25  69  60  48
   34  68  82  26  54  62  49  73  89   3   4   5
   99  66  65  22  86  66  97  72  54   7  91  17
   25  70  66  97  56  53  53  70  25  19  65  74
   38  87  14   2  27  52  93  67  83  17  71   7
    8  50   9  21   4  63  72  96  14  93  37  20
   21   7  41  98   1  95  13  28  68  96  15  16
   87  91  23  77  97  22
   39  58  64  39  47   4  58  93  65  90  12  60
   90  13  27  73  32   7   4  15  20  19  34  63
   28  66  78  74  10  87  20  34  50  53  44  65
   16  38  52  18  16  17  34  32  62  92  19  14
   30  21  34  94   2  31  80  19  22  10  67  38
   22  60  93  56  43  83  46  94  31   1  86  26
   21  83  86  53  90  75   8  67  87  99  74  76
   26  23  27  30  56  79
   83  77  63  50  86  31   2  26  77  82  73  26
   94  50  21  82  99  38  36  67  85  71  50  65
    9  39  57  21  65  30  88  70  60  27  49  44
   93  27  23  46   4  70  49   3  94  38   1  74
   96 100  43  36  74  81  16  18  35  10  14  90
   55  45   7  29  84  16  87   2  20  86  66  24
   38  83  11  51  67  83  65  14  78  14  20  85
   87  54  86 100  50  94
    9   3  64  33  40  38  50  91  74  58  67  71
   88  58  13  59  37  28  83  32  33  25  78  97
   41  65  44  33  85  77  79  59  33  87  72  62
   28  86  91  37  43  55   5  42  32  83  38  38
   38  66  66  17  44  13  37  73  32  57  11  45
   23  90  34  58  61  22  25   9  45  77  79  26
   21  42  89  32  80  65  75  56  65  25  15  14
   15  74  89   9  69  62
   66  77   8  19  40   1  46  87  87  94  76   3
   27  56  82   5  45  50   2   1  74  29  30   3
    7  71  49  96  41  37  36   5  77  34  78  14
   68 100  38  45  37  87  76  42  73  53  10  29
    2  47  94  39  64  10   7  56  84  45  16  76
   61   6  34  11  76  47  20  66  33  87  22   8
   39  29  62  37  42  77  12   6  11  19  78  79
    9  89  60  85  19  95
   83  93  96  25  11  73  13  29  89  42  98  37
   89  65  28  80  99  24  13  59  62   5  62  89
   72  55   6   8  94  83  12  90  26  79  11  45
   74  53  65  43  79  65  74  39  34  32  81  50
   55  12  58  38  35  15  25  81  46  72   9  55
   14  99  66  23  40  82  92  65  89  28  44  26
   13   8  82  18  37  35  87  73  79 100  20  59
   23  14   7  64  11  68
   50  16  17  42  13  21  62  99  11  54  60  10
   56  57  52  11  95   6  68  96  25  83  67  93
   27  40  14  89  70  65  79  16   6  85  95  81
   89  15  49  37  70  86  57   3  84  71  95  17
   65  22  26  24  43  54  95 100  24  86  58   6
   25  72  82  56  62  30   1  28  62   4  66  75
   89  70  66  70  74  26  63  44  25  54  14  59
   96  22  33  63  31  94
   18  95  16   7  98   4  76  73  27  44  77  18
   71  86  41  68  32  93  78  29  21  87   8  19
   41  41  15  33   2  91  12  21  73  96  33  62
   24  35  28  29  34  68  77  10  47  55   3  92
   37  62  95  73  49  37  37  98   8  93  16  99
   45  85  47  30  31   8  76  57  75   2  74  36
   73  15  21   3  60  76  64  14  64  43  63  79
    5  91   7   6  35  92
   57  96  19  53  46  63   9   8  27  11  98  86
   22  46  61  28  14  90  23  51  63  44  45  47
   62  41  70  19  93  92  45  87  32  24  61  88
   77  79  46  81  48  21  47  94  23  87  24  18
   61  48  11  85  95  96  55  46  18  46  85  61
   52  50  37  44  50  24  73  67  81  81  22  51
   71  67  89  65  55   4  56  59  88  14  12  49
  100  65  44  70  22  80
   47  54  84  16  60  41  47  76  54  22  39  29
   37  76  50  87  32  36  63  42  61  50  43  96
    7  61  86  17   7  96  69  14  31  24  96  49
   80   1  77  94  58  61  68  38  70  53  73  58
   75  88  52  64  66  18  40  26  97  73  17  81
   32  17  23  65  29  23  71  21  48  26  64  57
   84  86  32   9  15  79  20  61  72  72  59  94
   18  93  16   8  42  66
   94   7  32  36   4  40  36   3  86  27  31  26
   31  74  67  54  76  15   5  98   8  68  85  68
   84   8   6  27  45  19  17  75  20  99  36  53
   65  86  21  53  99  83  66  54  19  53  76  66
   74  49  87  70  18  61  77  81  62  43  55  92
   83 100  45  35   7  96  67  18 100  69  48  69
   33  10  33  63  88  90  44  29  30   3  71  45
   85  90  21  17  39  29
   44  89  20  30  74  80  91  77  14  51  10  96
   59  17  65  11  46  60  80  25  92  74  17  56
   50  87  69  85  77  23  55  52  57  65  87  35
   90  66  42  49  68  85  92  94  64  91  46  95
   63   5  30  49  31  30  73  45  81  53  39  54
   26  31  41  63  56  73  11  50  59  43  32  60
   11  55  26   3  43  19  99  23  28  95  35  45
   88  21  39  72  67  60
   45  38  34  40  90  46  91  96  58  35  60  60
   46  90  48  60  70  87  61  50  12  52  85  41
   44  80  14  72  85  28  73  45  45  36  71  46
   17  38  12  81  90  96  99  36  18  97  80  90
   22  85  40  11  82  45   6  31  77  16  77  60
   25  45  34  26  90  72  25  76  27  44  22  77
   89  49  15  98  99  89  38  44  16  53  10  16
   54  21  72  70  53  71
   25  27   4  37  95  71  33  40  13  91  26  60
  100  40  67  66  87  58  37  52  18  28  17   8
   76  25  34  93  61   4  14  17  66  59  11  41
   97  94  93   8   6  12  59   7  32   4  33  87
   73  26  47  36  53  35  49  99   3  81  37  11
   44  33  59  73  74  30  89  59  52  30  10  95
   68  59  14  76  23  16  60  85  76  58  88  62
   97   9  34  91  84   5
   31  43  73  51  61  33  72   4  21  39  16  97
   95  85  98  34  84  75  86  11  67  40  61  54
   12  66  61  54  70  24  21  87  76  26  34  42
    5  26  21  19   3  87  52  32  50  48  82  75
   54  83  66  87  54  19   6  68  23  86  89  96
   38  67  90  90  38  22  69  58   4  58  61  88
   89  28  76  26  64  95  13  83  56  92  99  21
   82  81  63  67  53  45
   45  51  42  61  18  17  65  34  28  93  71   2
    9  83  18  89  29  68  37  96  84  53  60  92
   77  24   5  60  39  75  29  68  68  76  46  66
   57  19  90  80  91  16  48  88  69  22  27  79
   33   7  84  50  80  67  91  59  23  21  49  88
   58  53  26  26  55  65  53  29  78  90  32  78
   72  35  85  77  39   5  20  10   7  72  29  19
   39  54   2   8  83  39
   35  20   9  31  19  53  80  43  79   8  63  39
   72  92  75  98  62  43  23  68  26  22  36  87
   42  53  77  74  65  86  49  55  11  94  41  87
   37  87  42  87  58  67  62  82  73  80  89  16
   45   7  28  21  16  46  32  86  87  26  97  45
   60  11  13  87  54  22  39  46   9  45  18  48
   79  53  77  84  38  10  34  88  84  70  62  77
   78  73  25  43  12  13
   19  63  21  24  95  87  88  67  68  51  72  26
   54  72  61   8   1  77  65  56  45   3  78  30
   82  21  18  42  29   3  22  17  88  69  71  32
    9  46  18  86  36  81  72  79  47  30  53  32
   81  69  28  34  40  55  61  64  79  77  11  44
   62  22  59  80   4  95  41  74  65  37  56  27
   32  60  17  34  43  36  24  92  91  91  20  21
   66  12  23   5  68  25
    3  79   6  25  96  23  61  26  65  59   8  86
   37  86  82  61  39  69   8  69   8  27  84  80
   71   9  46  67   3  57  16  28  14   6  54  68
   91   4  14  49  44  21   5  82  54  32   2  96
   10   8  60  31  23  44   4   5  76  36  42 100
   43  32  66  21  92  81   8  56  41  98  89   7
   63  72  48  23   7  33  82  89  44   5  84  20
   89  61  17  89  36  15
   53   9  72 100  18   2  69  10  17  83  67  57
    7  92  67  72  24  95  87  83  81  34  68  89
   77  28  89  43  98  77  47  28  87  42  40  11
   52  29   2  53  78  83  52  72  24   9  69  28
   66  99  89  28  79  29  14  28  94  68  33  16
   46  74  67  66  37  36   5  42  38 100  49  34
   52  77  63  26  50  48  25  50  17  62  52  56
   17  64  49  26   9  28
   94  25   3  82  98  63  77  11  40  43  68  53
   68  30  78  11  65  31  63  17  95  86  28  53
   92  55  81  93  38  17  28  27  19  64  76  34
   82   5  57  89  86  44  26  74  73  73  39  46
   57  33  95  60  47  75  11   5   9  96  27  22
   79  58  21  86  37  73  27  21  45  80  22   1
   71  71  81  53  94  98  88  79   8  37  69  20
   34  14  46  82  46  83
    138   147   154   129   146   137   153   138   123   144   151   131
    158   152   147   155   152   136   162   149   148   141   129   148
    152
