 15 200
  100 100 101  37  50  97  93  83  45  54  76  40
   29 107  11  51  13  19  86  64  18  48  70  25
   85  97  26  56  65  29 105 101  63  35  98 111
   87  31  52  87  90  97  67  47  16  28  36 107
   57  60  26  36  35  95  10  90  87 108  88  57
   49  38  67  40  60 111  22 103  49  66 101  72
   90  18  79  57  38  11 110  35 115 107  74  73
   72  70  22 104  54  48  52  99  42  75  50  87
   84 107 103  72  87 104  57  19  80  23  36  94
   77  29  12  31  85  53 104  73 114  87  80  21
   80  27 112 103  52  13  80  69  22  17  40  78
   90  35  89  76  49  13  64  84  94  80 107  85
   52  25  76  47  54  82 107  91  48  91  73  67
   48  44  35  67  59  95  28  56  82  80  21  72
   54  80  97  43  90  93  26  53  33  58  67  85
   94  35  51  62  49  64  96  59  43  88   8 102
   43  61  32  82  54  94  72  15
   25  93  46  83  59  10  31  56  11  58  52  47
   86  39  52  41  14  56  39  44  83  37  81  99
   15  74  90  93  36  87  34  58 111  45  69  37
   62  57  94  71  44  32  77  29  78  86  25 102
   91  98  76 104  96  75  98  69  80  95  39  81
   81  36  99  86  72 103  28  40  58  81  49  75
   40  92 113  60  33  37   4  28  83  43  58   7
   41  30  21  10  73  57  24  68  32  13  33  78
   93  42  28  49  82  97 107  77  80  87  33  58
    7  70  46  51  87  62  91  61  98  97  19  83
   52 100  98   8  71  22  49  72  15  82  67  78
   83  19  16  14  43  74  27  85  36  80  48  23
   53  29  28  69  40  26  24  85  74  60  70  73
   96  69  70  25 114  39  18  30  33  76  30 115
  104  22 111  24  88 100  13  63  84  57  94  58
   61  13  69  25  93  94  71  79  67  44  54  90
  109  32  23  70  48  82  55  50
   76 104  82 109  82  16   9 109  19  72  78  77
   68  70  74  63  13  61  84  46  46  25  11  65
   75  10  37  36  33  75  49  92  14 117  75  80
  101 101  94 101  55  40  98  57  30  67  81  34
   92  36 105  80  43 110  70  42  56 102  94  57
   80 106  38  53  77  21  59 105  73  94  70  98
   93  28   8  63  45  23  15  54  17  49  76  59
   77  89  53  80  47  46  63  35  19  51  59  13
   59  16  65  98  57  32  91  66  88  62  59  68
   44 104  67  68  74  29  73  97  50 104  23  86
   81 110 112   7  46  84  36  68  14  24  40  90
   51 102  78  66  22  72 105  49  84  83  68  92
   34  24  65  54  43  28  92  61  36  17  11  33
   91 110  68  49  54  19  54  20  99 102  68  26
   34  76  81  53  80  35  33  13  37  35  88  70
   41  94  25  54  70  66  64  91  45  25  17  73
   72  50  71  60  71  69  20  50
   58  61  66  66  51  72  60  83  27  35  29  50
   23   3  38  59 104  77 102  20  25  78  54  27
   29  21  16 100 113  44  73  31  31  51  74  21
   86  30  98  42  82  11  31  17  29  65  60  78
   78  83  38  72  88  68  55  18  20 110  84  95
   51  92  76  58  69  29  85 108  35  35  70  67
   69  18  81 106  98 113  65  33  38  45  16 111
  103  37  67  21  74  43  30  57  53  54  17  61
   75  77  36  68  39  85  73  66  53  37  52  12
   73  71  29  46   6  71  80  42  94  69 102  62
   32  48  85  29  92  81 101  94  77  53  24  22
  117  49 101  60  82  80  56  27  32  47  75  71
  106  68  59  69  11  86  10  22  48 102  42  85
   50  56  28  92  58  89  39  64  40  11 106  16
   67  97  23 100  26  48  54  31  72  51  50  90
   38  61  27  28 104  67  25  28   6  20  80  14
   88  51  90  33   6  23  95  93
   81  80  52  27  93  98  45  94 108  83  59  49
   51  52  85  61  87  89  94  38  48  77  38 113
   25  85  64  89  79  44  70  42  77  94  80  34
   67  81  48  48  67  66  75  81  79  87  44  44
   42  87  30 109  31  46  26 103  98  64  13 101
  109 111  36  47  59  93  47  58  76  44  75 103
   56  16  43  28  14  19  16  29  96  23  17  44
   65 113  25  39  63 101  69  44  42  64  22  36
   81  60  95  77  15  36 107  61  22  71  45  29
   57  50  39  44 108 104  62  60  93 109  40  53
   50 110  76  57  30  89  17  71  93  67  79  40
   65  24  53  34  54  15  86  41  77  98 110  23
   26  43  67 102 102  14  99  55 103  24  52  80
   78  52  93  23  70  23   8  36  44  51  61  17
   23  88 101  43 112  32  38  70  44  53  72 104
   70  23  95  47  35  98 109  24  19  86  28  64
   97 102  26  71  50  61  28  56
   85  27  33  96  92  84  97  72  57  22  31  14
  114  37  64  18  88  69  23  37  40  65  33  43
   92  14  63  74  97  82  89  15  61  96  44  54
   65  20  83  64  39  68  92  14  63  87  64  54
   56  35  48 115  58  21  45  67  79  45  67  75
   92  44  44  81  44  40  94  26  49  29  70  47
   40  93  72  59  20  29  28  77  53 103  96  17
   21  64  88  17  30  82  55  79  54  48  23  75
  101  25  37  30  51  88  41 107  45  70  40  24
   32  51  19 116  98  97 102  62  47  18  61  79
   35  84  88  95 106 101  19  94  63  33  43  82
   82 101  32  70  29 115  14  61  88  53  11  84
   80  31  37  93  75  68  17  24  87  63  58  33
   35 118  30  47  92  56  90 108  65  24  67  12
  107  83  92  29  65  61  50  60 109  81  58  66
   35  75  76 107  70  15  51  69  97  41  91  60
   52  97  76  91  83  99  49  91
   73  60  72  20  22  52  69  76  80  24  88  16
  109  65  20  38  67  58  39  75  22  73  62  83
   44  53  35  91 109  78  88  94  64  67  88  97
   38  64  74  49  72  47  16  88 106  57  83  54
   59  63  85 100  87  93 109  31  61  17  89  12
   75  50  86  47 104  43  66  24  58  42 107  75
   66  89  89  73  54  14   7  81  50  40  21  14
   85  54  26  59   8  53  57  70  77  30  67  41
    3 106 106  35  22 108  66 105 104  60  31  77
   54  85  90  25 100  22  55  92  82  74 107  98
   14  68  81  47  93  30  27 103 109  81  95 107
   56  69 112  27 100  53  23  51   8 107 101  56
   35  24  84 114  52 104  49  89 111  45  41  65
   19  42  89  35  68 117  51 100  28  30  61  70
   93   9 101  27  99  87  46  47  82 111  36 100
   90  36 102  40  81  24  94  49  22  72  69  68
   95  95  81  95  53  22  76  28
   93  25  45  79  80  58  51  21  96  48  69  61
   95  30  55 109  65  67  35 111  74  12  44 100
   51  39  41  33 100  92  28  83  71 105 102  18
   54  25  50  75  87  97  22  85  66  88  81  93
   31  54  27  70  48  86  62  33  94 109  40  22
   42  68  89  48 108  32  49  62  23  71 100  17
   99  43  31  38  21  82  74   7  52  34  84  62
   86  42  64  25  38  76  61  94  85 102  24  81
   25  81  91 110 109 107  88  36  17  37  22 101
   19  80 113  56  50  23  85  97  89  77  63  95
   40  70  73  94  65  44 105  92  86  23 109 102
   35 104  72 100  68  56  52  47  47 107  79 101
   20  17  81  84  19  91  28  15  11  47  98  48
   58 109  95  91  72  87   5  72  82  64  49 103
   23  36  63  72  88  64  48  35 106  98   9  70
   99 112  64  39  10  90  78 100 100  98  25  88
   94  47  25  21  55  43  98  30
   37  44  50  42  16  39  32  80  47  33  76  45
   25  64  66  89  66  30 102  71  65  27  72  51
   58  48  51  73  99  27 100  39 106 105 102  60
  101  42  51  86  14  30  34  36  44  96  57  29
   96 102  50  23  94  50  99  23  19  54  99  47
  103 114  63 107  87 100  99  94  26  20  76  76
   74  47  68  97  50  83  73  58  88  98  63  80
   40  55  35  34  68  36 103 103   8  65  26  37
   61  44  18  23  38  16  94  69 102  73  73  56
   92  49  55  85  61  56  68  43   8  26  99  14
   53  63  32  93  24  64  83  95  27  61  52  35
   90  22  57  67  64  51   8  34  23  65  75  56
   47  90  19  70  77  26 108  28  16  74  27  79
   59  22  44  62  68  92  67  25  80  37  61 100
   53  77  51  11  92  36  97  28  62  83  47  68
   74  46  68  81  22  17  92  46   8  47  90 101
   20  88  69  52  16  95  42  64
   24  36  31  34  26  17  56  39  48  60  52  39
   75 100  85  29 103  65  25 110  41  50  53  45
   29  56  42  78  34  36  93  61 107  66  90  80
   24  20  26  80   7  59  39  48  35  63  18 100
   10  74 104  90  82  58  97  74  77  26  75  32
   34  33  83  53  32  68  96  48  58  81  89  75
   16  41  82   9  72 100 101  29 117  97  83 115
   29  69 109  38 105  91  69  95  19   9  59  33
   26  36  84  45 101  33  77  92  71  61 100  91
   16  31  28  22  62  45 101  25  23  22  59  92
   21  52  84 106  21  75  42  23  45  77  39  43
   93  42  61  79  92 105  24 101  27  50 104  76
   75  56  74 101  37  77  92  11  83  83 104  48
  103  90  55  82  39  66  79  36 101  75  46  89
   85  47 115  60 110  14  52  51  23  21 102  53
  110 111 105  96  15  22  88  25  74  31  64  84
   73  28  16  47  75  40  32  41
   22  91  99  40  41  72  35  19 108  23 114  24
   16  23  61  35  68  48 100  48  63  42  39  95
   79  36  96  51  62  91  45  95  41  56  68  75
   21  44  57  11  42  21  77  95  91  87  64  17
   44  56  89  40  70  99  92  37  90  36  35  33
   97  55  47  49 100  10   7  24  25  82  28  88
   51  80  46  68  90  17  94   7  74  97  11  14
   76  92  73  73  46  30  37  99  90  95  90  88
   37  55  21  42 112  34  13  46  86  76  94 105
   68  66  31  69  77  73  86  47  93  93  52  35
   37  60   6  57  82  32  82  49  98  32  68  53
   29  63 111  74  67  77  70  14  70  32  75  91
   98  62  42  35  19  88   6  59  54  85   9  79
   59  86  78  65  94  97  72  53  83  53  91  48
   50  55  68  79  84  43  30  81  40  95  63  98
   52  50  45  41  78 105 107  20  48 108  61  82
   23  61  29  13  89  65  54  68
   98  70  39  34  91  60  16  35  37  91  92  77
   35  63  43  60  95  34  80  50  54  10  99  66
   85  36 100  61  19  49  95  38  57  23  85  55
   63 100  35  52 101  63  93  23  11  84  88  69
   50  85  64  98  72  54  77  51  74  35  24  42
   37  10  45  24  77   4  33  50  41   5  29  80
   26  39  62  37   9  30  76  82  65  74  22  53
   48  37 105  88  96  36  41  86  53  58  48  39
   47  17  70  40  17  84  49  99  42  44   8  99
   83   4  25  68  38  77  82  68  39 103  51  68
   27  12  70 117  20 117  64  91  37 102  45  68
   32  18  99  11   9  19  78  34  84   9 114 109
   14  71  89  64  95  45  71  16  46  50   7  85
   22  58  37  68  79 114  20  50  86 105  71  32
   83  58  40  74  74  37  54  38  29  48  24  89
   40  92  46  26  70  71  62  29  19  49  18  52
   23  79  92  52  65 114  96  61
   70   8  39  71  77  37  79  53   3  73  13  99
   95  97  34 107 108  62  40  26 108  75  40  92
   34  14   5  83   7  21  19  71  31  23  49  48
   33  45  36  64  92 110  62  20  66  98  34 114
   85  21  25  96  48  38  61  68 104  20  67  63
   90  33  54  25  83  89  76  50   9 100  79  41
   43  68  36  97  41  47  84  70  45  39  73  99
   80  37  98 107 109  54  96  86  40  32  58  61
   63  44  53  71  88  19  39  29  49  63  20  20
   43  91  29  88 100  48  11  32  67  87  46  31
   74  79  64  33  79  98  16  60  80  14  83  82
   52  17 101  42  47  77  48  50  35 110  36 112
   21  46  21 102  56 100  52 102  40  59  13  72
   57  28  81   6 110  63  12  36  45  74 101  45
   50  15  16  86  91  74  20  35  22  85  65  80
   32  76  98  40  13  97  84  54  96  89  28  72
   42  58  48  35 101  17  60  59
   55  72  32  41  25  70  71  91  51  35  59  63
   80  58  91 101  92  92  37   5  28  82  92 109
   88  44  26  22 110  49  43  48  50  91  49  29
   52  87  65  18 101  62  73  77  82 110   7  31
   99  51  41  61 100  40  75 112  31  26 100  37
  107  59  24 103  43  34  68  90  44  76  55  74
   25  73  26  21  28 110  39  46  48  99  77  44
   37 108  85  55  58  46  75  40 104  90 107 110
   46  21  45  46 100  91  10  40  62  77  83 113
   35  55  44 112  73  19  53  50  37  44  16  25
   99  44  72  36  98  46  66  17  82  89  73  67
   45 102  52  94  78 108  11  34  27  70  28 102
   63 105  76  30  98  84  59  37  55  65  79   9
   76  95 102  57  58  34  36  44 107 103  53  86
   46  33  33  50  21  52  52  15 106  93  78  70
  113 102  51  94  48  44  47  94  62  22  14  49
   31  92  52  79  86  99  66  30
   96  87  39  39  19 102  63  56  60  59  81  83
   74  54  77  38  79  39  31  96  53  23  80 114
   76  57  58 114  71  92   7  96  56  23 103  41
   76  53  15  96  69  96  83  33  80  83  87  92
   74  21  35  24  52  80  83  85  28 101  33  58
  102  73  64  93  12  34  33  89  22  37  22  88
   35  43  77  74  16  41  15  22  50  40  97  64
   31 109  49  75  16  45 105  69  38  29  59  32
   92  55  34  95  61  26  95 105  29  32  90  75
   96 107  20  43  78  35  65  95  53  99  76  19
   65  73  95  78  68  67  35  27  68  93  45  50
   58 101  33  87  45  97  68  84  58  21  27 101
   51  30  19 102  99  71  62 106  40  55  98  33
   51  73  84  92  76  77  72 108  48  11  79  26
   85  84  14  95  84 111  94  58  90  59  40 111
  103  24  21  97  38   8  85 108  44  70  67  35
   18  60  75 104  63  66  53  89
   15  10  10  82  66  14  10  28  67  49  40  65
   82   3 100  60  89  83  30  43  88  68  41  86
   21  14  94  56  38  84   6  19  40  78   9   6
   19  89  50  17  22   5  47  61  89  77  83  10
   55  55  78  81  82  18  94  14  24   3  26  48
   65  73  40  80  54   5  91  12  67  40   4  43
   18  99  35  49  64  92   7  82   4  10  28  34
   33  50  89   6  48  60  59  21  63  44  52  32
   30   9  10  40  30  12  57  98  25  86  84   8
   34  88  97  74  28  56  13  44   4  23  22  82
   34  76   6   6  54  99  28  45  80  86  79  37
   16  76  16  34  54  93  41  22  20  31   3  33
   62  79  32  57  49  25   4  18  63  21  43  37
   55  73  70  44  60  16  83  48  26  37  95  47
   57  30  16  74  30  18  80  60  80  46  52  22
   15  69  60  41  57  39  18  52  69  23  96   8
   63  50  71  24  49  22  33  93
   77  14  59  37  47  92  79  55  99  45  56  63
   27  66  63  74  97  54  75  62  32  78  37  14
   87  31  26  18  66  29  81  61   2  64  48  82
   56  50  19  31  72  76  31  87  28  21  82   7
   16  17  42  14   8  42   5  42  37  16  73  26
   28  74  17  34  43   8  90  74  47  38  58  42
   71  11   7  47  83  78 100  84  28  68  56  98
   61  86  85  92  39  61  93  35  70  90  73  24
   18  73  92  54  35   7   4  42  38  23  70  62
   95  48  67  56  26  58  12  44   8   6  97  28
   62  14  13  98  48  82  65  36  95  29  39  31
   37  92  88 100  68  30  89  22  70  29  63  81
   58  74  81  42  65  85  90  26  31  57  36  37
   17  44  35  88   1  81  89  81  74  27  76   5
   12  86   8  80  18  11  93  39  25  46  17  48
   56  98  40  80  19  21  47  38  39  59  53  17
   10  82  85  44  70  30  57  56
   41  12  27   6  27  92 100   2  92  46  37  39
   45  38  41  40  92  49  29  67  65  81  96  53
   39  96  67  78  80  28  64  28  96   2  31  32
   10  10  24  15  50  73  16  52  78  44  25  79
   24  75   8  32  68   7  39  66  53   8  11  50
   28  12  71  66  34  92  43   4  41  10  37   9
   18  78  94  48  65  93  96  59  86  53  43  53
   30  22  61  28  73  73  39  70  89  51  49  95
   57  99  47  13  55  80  17  52  17  52  54  50
   71  11  44  39  45  74  39  11  66  16  85  19
   29  10   4  98  65  23  80  43  89  90  65  28
   54  14  33  38  84  39  15  60  25  26  47  10
   78  84  39  64  63  80  27  50  66  89  94  78
   16   9  40  60  66  87  60  97   6   3  44  91
   74  36  39  58  23  71  73  89  80  81  26  49
   70  12  88  57  45  36  45  28  70  91  92  31
   40  65  38  47  41  45 100  62
   50  45  44  50  55  43  43  31  80  76  83  55
   87  99  76  52   6  34  17  88  90  26  62  88
   75  90  86  18   3  65  36  87  74  53  45  85
   24  87  21  77  29  91  85  90  82  55  58  31
   33  31  77  30  16  40  53  90  85   6  24   9
   64  10  37  58  35  73  19   7  72  75  34  44
   47  94  30  10  10   2  46  78  73  74  86   8
    2  77  47  91  38  64  79  46  67  52  93  45
   41  29  78  48  79  33  43  38  64  76  57  96
   31  44  89  65  97  45  33  77  13  47   7  46
   76  63  20  83  10  31   7  13  28  58  91  89
    1  54  13  58  35  40  59  77  82  55  41  47
    7  40  61  38  95  27  96  97  69  15  64  18
   68  52  80  16  60  15  78  47  69  96  11  92
   44   6  83  18  80  72  57  74  30  69  68  27
   72  58  87  80  16  48  86  84  97  86  22  96
   32  67  13  81  97  86   7  22
   26  39  59  92  23  13  75  16   1  23  43  62
   64  68  26  48  24  23  17  68  68  34  74   1
   85  31  40  26  35  68  50  75  34  23  26  85
   47  34  69  65  46  47  44  33  30  32  66  67
   69  21  87   2  71  66  92   5  22  43  99   3
    3   6  75  55  51  17  65  62  41  65  41   1
   64  86  67  75  97  99  99  82  15  85  98  67
   48   7  90  75  51   1  44  75  62  47  96  67
   30  42  17  34  96  71  11  58  93  31  68  76
   57  67  73  66   8   1  48  55  11   8  71  49
   56   5  38  60  72  28  95  36  14  43  36  66
   47  94  63  76  62  96  19  79  37   8   3  95
   84  77  49   6  10 100   3  64  11  87  60  24
   33  59  19  88  35  97  94  77  63  52  50  94
   88  30   7  77   8  72  67  47  75  54  30  15
   41  92  18  65  79   8   8  87  86  34  80  55
   19   9  78  40  61  44  87  58
   25  84  75  24  16  22   9  34  60  86  81  98
    6  68  55  95  21  50  81  82  74  51  76  65
   19  94  53  38  19  25  20 100  52  19  62  48
   46  89  28  48  69  52  24  95  39  27  49  56
   58  68  72   4  56  90  71  44  38  60  53  40
   24  61  64  37  68  74  17  83  57  74  33  67
   69  17  34  50  86  91  86  28  58  14  17  86
   93  50  18  99  89  35  55  23  65  70  95  35
   18  83  68  87  61  21  73   3  68  48  63  87
   83  55  98   1  15  13   9  48  73  98  53  28
   81  31  24  18   9  16  85  17  50  70  75  32
   21  18  76  33  76   5  88  45  20  51  96  33
   28  82  71  18  36  43  93  89  28  52  51  71
   69   2  81  72  15  46  24   7  54  90  47 100
    9  33  16  79  40  57  66  45   1  33  53  41
   76  31  35  10  45  91  56  46  16  74  11  58
   66  15  29  14  31   8  70  15
   44  53  40  86  80  51  41  41  31  93  16  92
    7  46  99  75  42  61  80  35  89  46  51  28
   75  67  83  25   7  41  32  10  54  37  26  13
   77  49  37  64  48  59  92  23  12  61  28  54
   55  43  34   7  27  15   2  75  53  86  18  97
   30  61  19  65   6  64  44  92  54  64   6  42
   37  20  18  32  65  94 100  37  64  76  88  99
   29  49  81  60  98  52  51  39  32  74  44  61
   99   3   6  70  83   8  46  10   4  56  88  30
   60  33  14  90   3  81  52  21  27  36  13   9
   97  49  24  72  13  90  75   3   2  24  14  12
   55  42   2  81  18  54  90  55  99  13  10  61
   69  81  21   3  68  14  56  21   4  62  69  51
   86  75  23  75  43   3  60  17  76  80  54  49
   14  99   4  75   9  26  65  70  29   2  84   7
   18  75  17  79  35  81  11  55  82  46  37  42
   22  17  28  11  67  94  26  81
   23  86  70  25  40  61  51  87  16  70  40  53
   11  75  63   7  38  44  76   8  38  93  75   6
   65  80  67  69   9  26  78  30  42   9   3  96
   53  88  60  45  30   7  89  28  53  31  28  20
   80  66  93  41  68  32  54  69  14  10  75  84
   69  51  27  62  10  77  58  58  91  40  12  90
   14  76  88  71  90  30  30  98  57  86  29  48
   22  65  49  80  81  36  48   8  21   9  85  33
   88  36  29   2   8  10  15  79  87  74  91  12
   95  32   3  48  68  79  27  16  14  42  44  16
   79  40  40  13  47  65  14  16  22  92   9   7
   80   4  30  10  50  63  57  64  65   9  34  12
   97  86  33  22  89  27  77  91  96  66  12  60
   62   3  25  26  30  20  97  48  20  44  71  16
   80  72  45  39  31  49  61  74   3  14  97  32
   20   1  38  66  97  25  27   4   9  18  86  16
   11  59  94  87  61  69   6  76
   82  58  67  64  89  78  71  23  60  77  36  68
   86  52  44  19  39  77  18  46  55  85  43  67
   61  72  51  47   9  89  19  63   7   6  10  55
   14  68  52  22  90  81  70  84  64   7  47  76
   14  10  53  84  20  68   8  93  89  53  18  65
    8   6  57   2  18   6  21  26  82  86  33  28
   34  63  38   5  55  31  43  53  14  22  54  35
   79  56  76  74  45  80   4  14  99  40  85  81
   53  59  84  91  67  95  25  48   3  29  29  59
   17  56  56  32  48  55  39  63  99  76  16  91
   57  50  81  24  85  40  37  11  91  45  53  69
   30  85  50  40  46  65  96  77  94  44  28  46
   64  26  89  39  36  85   7  80  99  37  88  28
   58  80  61  51  51  19  42  80  23  77  49  17
   57  34  61  94  27  82  14  85  52  30  55  36
   38  65  47  30  82  92  27  62  99  64  21  18
   92  15  33  51  87  17  78  44
   78  69  88  69  76  91  59  81  63  46  53  76
   28  16  25  75   2  37  90   2  63  62  49  58
   80  57  71  37  77  79  10  42  13  52  12  38
   80  90  81  31  95  59  79  72  74  48  96   2
   94  41   7  28  29  44  17  42  30  80  27  87
   81  87  25  58  77  39  14  64  46  38  17  36
   86  72  35  94  31  11  18  73   2  14  22   4
   73  38   6  68   8  19  50  22  84  94  45  76
   78  71  30  74  11  83  37  23  41  51  14  25
  100  89  82  81  54  69  12  89  87  90  52  20
   96  59  22   4  90  33  77  96  71  32  75  61
   18  69  45  32  17   2  87   9  87  61  12  36
   35  60  29  10  65  37  24  95  31  26   3  61
    5  23  59  34  67  45  41  82  10  27  72  22
   25  70   5  59   1  92  55  58  80  81   5  57
    3   6  14  11  97  85  32  91  38  78  53  20
   29  75  98  62  36  79  74  64
   95  27   6  66  74  34  78  91  12  96   1  86
   95  88  41  72  34  55  17  71  44  72  78  15
   25  67  22  68  53  11  72   8  70  64  48  36
   99  74  59  91  63  91  34  25  28  33  49  92
   64  51  31  64  36  12  19  67  14  73  69  74
   20  58  59  69  10  93  96  79  86  33  87  21
   53  35  65  40  21  96  26  99  46  19  93  93
   29  24  37  36  60  74  81  12  26  25  25  29
   66  65  96  67   4  71  95  62  25  31  13  12
   47  52  88  48  38  39  21  71  24  24  59  72
   66  48  98  50  27  84  29  56   8  85  36  50
   87  56   4  30  38  35  38  96  46  80  43  21
   17  43  73  85  89  29 100  51  48  29 100  36
   43  20  25  47  15  13  44  57  37  54  24  65
   66  56  41  31  22  62  84  30  71  16  48   5
   58  57  67  78  38   1  10  91  63  12  53  26
   87  58  88  93  19  38  57  37
   18  41  79  84  18  48  91  82  74  23  14  39
   76  40  73  50   9  83  23  61  49  92   5  42
   19  81   4  50  83  68  20  78  53  86  19  52
   50   7  83  56  13  49  14  82 100  19  18  48
   60  27  38   5  33  48  34  66  44  74  91  78
   74  95  74  83  36  98  71  61  70  98  76  28
   77  77  40  79  94  82  38  29  44  32  97  61
   60  72   6  31  16  71  75  31  56  57  66  69
   68  97  39  63  85  34  56   7  65  67  95   4
   23  98  83  36  75  25  29  52  78   8  59  42
   93  91  35   2  84   3  46  26  78  16  73  51
   82  91  12  93  98  94  34  72  28  96   5   7
   97  49  13  40  14  66  34  95  65  67  98  26
   91  45  66  34  25   4  82  59  25  12  35  78
   31  50  64  41  33  72  57  65  83  62  81  29
   67  21  73  77  47  49  53  80  87  64  84  67
   92  28  27  59  54   5  20  45
   42  99  78  33  42  78  29  65  99  33  98  12
   23  13  83   3   3  54  67  82   7  30  77  17
   73  88 100  35  98  94  94  32  74  88  69  71
   86  63  72  42  14  10  42  93  40   7  78   3
   28  99  87   8  63  64  44  44  14  91  41  40
   16  87  59  87  32  21  33  59  94  18  36  78
   71  44  78  20  78  57  27  38  69  79  34  13
   31  69  12  12   5  52  11  32  75  77  48  50
   45  60  54  44  23  87  73  85  62  42  84  89
   66  15  84  29   3  69 100  73  37  28  68  79
   33  40  45  86  28   4  99  45  34  95  36  31
   68  94   5  74  65  38  54  56  73   8  75   3
   92  73  96  18  50   2  63  11  73  55  95  36
   62  84  21  97   8  46  95  73  68  38  13  59
   53  96  94  27  12  44  88  85  95  26  46  29
   76  29  17  73  92  23  27  60  10  16  83  39
   69  58  65  79   3  96  50  59
   48  40  71  63  93  40  36  17  69  85  56  39
   23  46  16  18  27  22  76  99  82  28  27   5
   26  64  77  84  10  69  70  71  69  13  62  78
   52  28  55  93   9  43  38  32  29   4  98  85
   20  55  79  41  10  68  44   2  81  83   3  82
    3  58  93  14  75  78  50  25  59  37  49  45
   93  37  89  88  83  10  68  64  56  12  26  75
   65   5  28  49  48  63  28  64  13  20  13   9
   61  95  58  57  12  28  97  65  56  38  28   2
   85  47  61   3  33  96  53  65  72  68  98  77
    9  68  35  80  14  57  52  89  22  15  39  43
   61   3  57  18  32   4  98  82  86  40  92  18
   47   5  26  87   9  33  51  79  52  52  33 100
   34  16  18  52  59  77  71  67  12   4  66  29
   59  87  77  56  90  54  56  88   2  22  38  34
    5  10  62  16  68  63  60   8  55  81  91  62
   75  13  62  31  19  13  36  89
   24  32  67  76  96  12  55  61  60  60  37  36
   43  62  27  75  38  65  80  24  53  81  26   5
   39  54  56   3  48  15  97  10  55  86   7  69
   43  63  92  22  42   8  23  78  36  21  17  23
   44  93  71  78  61  27  36  33  83   8  77  60
    5  32  43  25 100  74  78  21  84  75  92  31
   68  62  37  35  90  70  92  81  61  76  16  41
   85  11  62  44  95  69  15  42  77  82  51  78
   19  63  72  15  43  93  22   3  76  77  28  34
   18   9  91  76  31  81  48  12  55   7  40  93
   46  47  14  41  36  41  79  82  35  23  68  62
   53  18  86  30  71  14  36  33  46  86  92   7
   60  82  93  16  12  40  46  13  71  51   7  79
   64  32  28  28  39  27  36   5  66  99  33  87
   22  33  91  16  19   6  17  53  22  54  67   8
   17  90  99  13  73  95  22   4  64  37  37  82
   87  53  35  11  50  45  50  23
    490   542   534   572   543   538   494   507   546   532   549   568
    562   518   512
