 20 125
  100  22  15  26  19  52  91 100  91  19  64  64
   74  95  32  16  96 110  70 108  36  98  32  33
   55  37  98  61  66  11  31  90 111  53  21  40
   50  90  88  98  52  44 109 104 111  88  72  56
   82  28  61  38 101  31  83  19  31 110  31 106
   65  31  32  94  48  39  55  36  96  77  29  99
   85  81  18  59  87   9 101   4  58  46  99  57
   75  93  65  67  61  28  63  72 113  78  74  83
   34  57  77  33  64  57 106  41  18 114  67  58
  106  76  42  13  29  52  82 101  84  52  38  29
   17  73  38 110 101
   90  75  51  88  68  69 103  55 106 105  95  53
  104  35   8  15  21  59  36  75  41  52  68 100
   58  32  20  82  33  56  37  85 100  20  77  30
   15  90  99  50  58  21  14  82  41  34  81  65
   13  64  16  95  87  87  68  27  27  32  30  34
   23  48  50  66  84  10 102 109 106  35  88  61
   48  96  36  66  65  66  87  61  59  78  16  74
   72  60  11  78  79  92  25  96  40  86  86  82
   29 107  86  83  16  70  89 105  66 115  83  55
  108  78  86  17  92  83  75  43  52  72  38  69
   66  43  83 102 109
  106  40  64 109 100  45  28  89  33  37  46  57
   75  28  88  54  91  11 103  39  91  87  92  40
   30  48  70 101  32  52  22  99  12  90  52  39
   14  58 102 100  59  80  39  13  11  10  47  49
   48  54  65 112  53  37  76  43  94  83 116  92
   71  74  38  68  49  98  85  98 107 109  84 113
   23  31  66  52  89  70  78  75  76  99  85  38
   66  39  10 102  97  69  94  52  42  52  88 100
   78  37  89  29  44  90  81  52  63  57  77  40
  103  46  73 118  36  21 110  14  27  27  59  37
   72  60  67  97  38
   46  54  90  23  77  56  51  34  46  29  14  76
   63 104  79  87  72  94  42  47  93  27  77 100
   82  98  17 111  39  31  11  74  19  27  57  76
   71  51  83  88  27  94  58  25  30  65  50  30
  114  72  92  35  55  42  83  45  78  66  58  38
   56  61  88  91  96  95  94  98  42  44  25  83
   54  97  33  20  70  40  64  67  77  17 102  16
   58  73  20 105  36  39  37  56  92   9  30  76
  109  62  79  44  79  57  14  88  38  59  33  97
   93  69  62  48  86  92  46  28  72 108  23 114
   62 105  92  82  94
   88  39  99  91 110  23  62  11  71  90  33  71
   74  21  46  66  28  87  64  89  35  61  71  94
   83  56  46  72  83 102  32  28  16  45  67  52
   43  26  27  57  10  25  26  63  68  29  54  37
   87  68  53  99  43  59  62 104  64  29  93  21
   47  21  25  57 119 105  38  65  91  40  96  76
   91  54  74  72  20  86  99   4 109  74  22  87
   99  70  83  82  72  67  92  94  83  44  60  77
   48  41  83  20  24  45 105  77  84  38  53  52
   93  66  29  92  56  43 105  81  71 110  34  54
   88  32  59  22 112
    9 118  18  57  48  41  98  34  55  71  96  18
   27  28  82  59  15 109  97  82  98  78  61  43
   98  64  25  39  87  25  84  24  25  29  94  78
   48  60  56 103  85  37  92  69 105  73  79  96
   56  53  88  19  33  37  58  83  10  92 107  37
   92  59 114 100  58  25 102  67  76  50  71  64
   93  15  14  36  28  56  70  12  48  34  34  51
   77  68  70  94  30  87  22  95  25  51  14  69
   73  44  71  14  79  52  79  90  24  10  76  90
   43  17 107  12  34  28  30  86  98  30  15  62
   87  67  67 104  30
   51  99  77  62  63  91 103  46  37  37  15  10
   98  42  22  29  36 101  99  67  76  36  33  64
   94  91 102  27  98 107  59  49  58  42  14  42
   28  61  78  21  65 117 101 102  40  44  24  54
   54  94  11  55  75  90  12 115  76  28  38  62
   24 105 108  57  65  44 103  65  34  97  41  36
   47  21  83  40  53 103  13  98  49 111  26  23
   44 107 100  97 107 106 118  81  66  56  66  73
   45  99  30   8  36  11  96  88  55  29  79  21
   28 110  47  41  90  64  66  68  52  31  63 105
   40  17  64  63  75
   92  21 105 104  50  32  87  61  31  50  82  78
   62  12  50  57  57  69  15  79  97  29  57  55
  114  32  25  41  36  38  61  79 103 112  26 113
   36  18  22 115  36  93  51  20   9  73  39  77
  102  39  40  44  57  70  41  20  62  98  75  32
  101  21  33  42  73  87  65  99  97  20  58  50
   68  43  81  61 109  12  28  92  90  48  41  37
   23  37  53  64  38 109  44  56  33  67  93  82
  107  42  77  27  35  16  69 109  47  56  68  66
    9  40  53  13  41  56  91  49  97  65  66  61
   43 104  65  41  35
   62  54  20  47 100   4  51  18  64  44  46  25
   21  38  28  50  58  74  22  35 116  98  29  52
   74  30  62  29  87  49  54  62  96  93  11  14
   47  25  63 113  52  73  85  66  55  96  21  87
   53  36  53  52  36  77  27  59  13 115  74  78
   10  66  90  94  60 100  80  55  61  23  19  36
   36  50  38  46  20 100  21  31  78  73  57   9
   13 108  30  82 103  35  32  32  50 107  59  46
   94  70 116  35 104  64  43 106  76  86  29  33
   72 105  20  43  13  81  25 104 106  25  29  66
   70  43  25  91  68
   80  42  85  85  68  48  96  61  57  58  51  94
   30  66  36  15  49  82  72  83  50  80  44  70
   69  38 105  27  49  57  94  76  34  56  39  49
   16  39  41  32  23  63  33  81 109  89  33  23
   85  12 111  88  25 107  84  66  59  62  15  42
   34  23  66  51  76  66  42  81  51  86  51 113
  108 105  35  40  88  48 103  57  13  31  74  77
   56  79  17  40  72  80  57  81  87  29  77  21
   66 104  64  93  15  86  95  37  61  62  29  57
  102  57  76  50 105  19  51  95  84  93  48  71
   71  53  67  91  30
   64  26  75 113  93  32  88  78  80  94  20  39
   82  40  36  66   9  38  15  30  66  80  19  64
   16  78  74  12  79  44  87  77  57  36  82   5
   79 101  41  83  55  90   9  48  28  75  59  82
   72  15  68  98  37  30  52  29  67  58 108  90
   66  63  39  50  59  70  97  30  59  15  63  78
   79  35  52  27  48 113  54  36  79  36  99  59
   67  73  93  26  82  87  49  34  29  18  22 105
   17  89  18  42  81  91  52  52 100  92  93  63
   26  38 101  96  54  24  44  83 104  31  40  49
    8  50  92 111  94
   52  74  73  91 115  58  54  86  35  71  39  81
   57  11  27  73 104 113  68  60  24  98 104  92
  100  52  37  65  60  36  75  78  37  49  18  72
  116  75  64  21 104  56  74  26  90  38 104  24
   17  66  93  49  18  81  56  29  20 103  62  56
   63  38  59  27  94  49  34  60  17  35  41  26
   74  77  13 104  25  11  91  67  72  52  73   8
   50  45   7  50   7  19  71  83  89  43  65 100
  100 111  33 100 108  50  31  47  82 106  15  38
   39  45  14 106  64  43  98  38  95  59  85  75
   41  67  89  67  51
   13  57 101 115  91  49  88 105  29 112  53  26
   65  36 107  87  47  24  97 106  78  42  45  83
   49  77  69  90  30  58  98  43  46  41  78  15
   88  47  66  69  43  41  22  52  14 106  71  69
   78  32  75   7  76  61  71  55  56  64  43  76
   25  69  18  98  22  95  55  26  54  64  15  53
    5  58  84  78  29  66  70  33  48  75  86  41
   33  92  34  19  87  66  57 101  76  46  39  87
   93  31  35 110  42 108  98  80  84  36  20  60
  107  46  72 101  70   8  15  67  20  46  31  14
   75  91  98 102  37
   41  38  73 109  43 108  74  32  47  97 100  49
   11  62  99  72  94  11  14  99  51  57  48  24
  105  54  73  64  16  42  99  25 115  84  72 101
   81  65  43  57  48  62  55  90  35  29  92  38
  109  78  33  91  53  21  77  86  28  13  65  79
   41 107  89  59  89  78  84  55  92  13  96  91
   94  87  88  11  37  42  13  23  33  37  28  63
   84  35   3  28  84  59  97  12  80  17  37  81
   15   6  71 105  74  28  81  56 103  28  63  64
  111 111 105  66  95  57  79  37  42  28 111  68
   29  84  56  97  49
   50  25 101  16  87  84  43  40  84  35 103  67
  111  71  70  18  88  32  48  39  67 110  81  30
   95  82  23  13  72  60  42  63 100  50 106  62
  104  61  89  94 108  73  41  30  45  99  43  86
   42  33  60  18  63 113  35  88 103  56  79  62
   69  46 101  78  74 100  67  21  89  24  48  98
   64  30  50  63  47  45  19  19  88  33 112  22
   63  91  96  78  95  85  17  77  36  34  41  21
  110  12  94  39  97  70   7  96  76  60  85  77
   22  81  68  43  12  31  19  19  52  40  55 107
   93  47  22 105  76
   15  35  94  64  35 103  42  70  73  78  47  50
   17  43 115  33  51  52  41  38  54  65  97  91
   45  27  13  63 112  58  20  68  60  59  52  30
  105  33  71   6  22  35  81  24 102  81  69  31
   66 101  59  54  89   6  69  20  63  46  60  58
   82  46  43  68  60  49  48  14  57  73  95  55
   77  49  27  25  79  79 102  29  28  49  49  59
  111  21  39 100  83  20  87  88  70  77  30  24
   64  33  47  92 104  35  19  95  92  48  84  69
   98  66 101 101  53  86  73  65  54  21   9  11
   40  92  61 111  45
   32  83  63  56  28  45  78  49  68  18  98  80
   77  65  92  29  95  22  49  63  18  37  77  78
   43 112  21  70 104  81  98  83  26  44  70  68
   74  97  80  84  65  77  92  28  42  34  65 109
   93  28  42  75  93  14  25  58  37  82  60  48
   64  46  24 104  56  18  85 112  20  17  79 111
   56  84  42  13  87  61  21  60  23  47  33  79
  113  89  87  56   4  21 105  38  66 100  52  40
   49  27  87   5  20  66  36  64  33  26  88  86
  102 109 100 114  29  67  79  27  31  47  28  67
   70  73  36  56  83
   80  70  78  27  23  41  57  52  21  26  85  39
   48  65  32 101  78  73  28  35  21  32 115  93
   66  30  29  26   5  30  55  77  75  34  14  28
   40  57  70  35  15  38  46  25  28  38  67  97
   98  82 106  34 106   9  65  68  73  21  37  39
   78  94  68  52  68  25  21  76  19  68  17  31
   32  71  38  67  66  54  69 112  13  34  26  48
   79  63  66  15  96  42  28  95  35 102  50  82
   51  53  19  29   9  40  34  56  42  50  98  43
  114  95  59  39  92  92  87  12  11  23  23  46
  107  44  58 112  47
   48  42  50 109 112  74  62  71  41 106  84  95
   79  69 102  92  72  36  30  14  56  51  56 101
   89  91  72  76  86  88  42  20  88  24  16  94
   56  59  96  27  27 103  37  13  38  63  73  58
   32  73  18  57  96  37 101  81  82  63  45  44
   35 107  71 109  34  46  16 111  72  87  82  25
   96  47  72  36 105  79  80  32  47 110  21  84
   85  26  75  87  45  57 102 105  48  90  90 109
   60  64  96  64  73  43  11  50  88 106  73 102
   92   3 107  99  71  37  70  77  80  55  25  42
   58  63  51  62  39
   23  74  36  82  39 104  79  44 108  28  69  76
   37 100  17  99  57  35  19  31  64 109  27  59
   26  27  76  54 103  40 102  61  96  30  34  70
   73  15  60  54  30  42  68  15 103  31  96  41
   37  23  25  96  97  60  79  79  69  58  66  43
   22  32  58  22  25  92  26  93  83  41  22  56
   67  63  77  62  19  68  50  45  17 101  62  76
   83  41  85  39  91  96  23  98  82  62  14  53
   80  48  50  26  60  30  44  27  64  11  92  72
   91  77  92  24 106  74  70  21  68  54  41  73
   56  45 105  91  32
   12  87  94  76  91  55  14   3  22  97  49  41
   35   9  81  99  11   8  41   3  72  22  87  80
   65  81   4  55  54  97  78  29   2  59  96  71
   61  15  27   8  63  61   8   5   2  32  36  57
   22  83  54  81  10  85  37  96  77   3  80  12
   50  89  88  20  57  71  59  79  16  37  75   4
   20  22  90  48  27  98  14  99  47  63   4  61
   31  23  47  40  53  83  55  37   5  37  46  32
   77  49  31  73  53  46   9  63  89   3  44  47
   10  32  63  99  86  68  36  14  34  58  65  84
   92  46  75   3  16
   14  30  66  27  42  34   7  60  12  13  23  67
   10  82 100  92  99  50  69  40  66  51  50  10
   47  82  84  34  75  48  78  19  13  90  37  76
   91  27   3  67  48  93  89  35  61  77  27  45
   92  55  91  21  20  31  48  82  78  76  84  82
   95  61  53  48  28  99   2  11   4  81  19  53
   54  10  66  37  54  44  16  49  59  31  90  33
   45  44 100  29  39  26  79  11  65  18  23  24
   76   2  27  24  95  39  24   9  48   4  20  64
    6  25  34  96  19  19  34  68  57  32  74  42
   45  74  35  11   2
    5  63  56  11   6  70  81  25  86  69  74  46
   38  83  19  65  13  94   8  79  14  31  26  71
   81  56  42   7  81  57  90  14  91  28  65  76
   91  62   3  18  47  35  70  90 100  96  55  61
   54  56  50   3  64  67  43  75  23  23   4  20
   46  33  68  43  64  20  31   4   9   3  31   3
   95  85  38  68  20  44  39  45  36  12  29  79
   50  72  98  12   7  42  17  59  73  60  24   3
   33  74  15  78  66  30  29  64  43  58  37  65
    9  60  31   2  69  98   6  97  83  80  53  69
   45  51  43  10  76
   60  52  25  84  31  50  69  81  61  76  97  28
   48   7  32  17  47  10  71  57  13  90  34   5
   33  20  88   7  69  78  99  37  95  90  58  30
   32  63  23  23  82  23  54  90  76  53  57  86
    3  32  16  73  48  70  28  67  34  49  47  73
   55  56  20  22  17  22  21   7  71  63  89  21
   58  13  72  99  39  62  54  51  33  98   3  98
   62  41  99  15  79  75  81  63  14  98  76  31
    2  51  41  69  30  54 100  32  69  50  80   9
   14  40  52  67  18  16  64  87  34   4  81   3
   50   2  22  30  25
   23  76  11  14   5  84  53  99  37  16  72  46
   32  86  73  51  86  22  45  13  75  41  40  18
   29  46  66  31  29  10  76  82  94  64  51  50
   66  85  89  55  96  82  93  43  36  86  60  75
   24  35  64  14  68  61  49  11  43  82  13  93
   68  85  95  56   1  15  67  42  22  62  16  35
   22  50  34  45  90  24   5  98   6  36  95  21
   17  32  36  27  34  44  15  11  19  72  60  28
   65  77  32  87  93  63   6  37  35  67  65  51
   18  49  82  19  57  72  11  30  44   1  73  65
   26  78  44  80   4
   94   2  91  62  58  76   7  86  65  47  15  96
   86  80  23  47  97   2   6  22  10  38  50  74
   16  54  86  63  23  86  32  90  88  85  22  37
   62  50  52   5  21  66  16  49   6  46  37  20
   61  60  14  96  70  81  51  28  96  19   2  67
   16  54   1  13  57  84   6  40  40  54  33  47
   12  93  93  83  83  58  35  95  70  68  72  58
   27  38  34  14  83  24  90  13  89  53  99  46
   43  67  37  88  35  55  40  30  80  94  41  18
   63  85   7  91  68  92  73  23  20  76  88  49
   20  38  45  15  86
   60  19  33  45  45  29   2  61  71  70  96  98
   14  68  89  82  66  19  20  50  34  72  79  41
   18  27   3  80   6   9  49  68  54  64  97  69
   82  46  27  95  55   2  11   1  72  58  96  60
   55  14 100  63  35  21  92   1  39  77  80  48
   81  13   4  59  47  74  16  49  80  16  72  82
   73  86  24  62  50  16  94  18  61   3  77  88
   63   2  18  17  12  12   1  31  45  64  42  35
   75   8  72  96  74  98  24  31  59  85  23  93
   83   2  70  64  21  46  36  36  56  76  42   1
   71  91  50  39  32
   25  85   9  10  65  73  25  48  86  69  27  25
   58  90  58  48  57  46  89  38   5  73  51  60
    5  79  78  69  80  72  43  39  12   3  94   6
   75 100  92   3  77  13  51  97  95  39  71  34
   14  72  80  62  63  33  68  83  53  10  27  82
   16  93  87  66  40  20  54   5   8  99  48  63
   35  62  38  44   6  91  85  22  14  62  73  80
   96  78  50  53  71  11  66  57  78  35  10  35
   13  65  43  86  67  99  45  11  64  48  43  43
   95  78  54  90  62  46  22  70  10  41  51  48
   63  14  50  74  71
   40  50  95  68   4  99  63  87  41  76  58  95
   88  73  76  55  54  29  82  71   2   6  91  67
   44  87  56  82  24  62  58  50   7  10  92  92
   63  90  55   6  63  32  33  45  57  15  88  17
   66  66  49  61  69  39  92  43  92   5  38  38
   93  42  30  22  51  19  28  54  51  83  91  69
   76  54  72  63  90   2  95  79  31  39  54  99
   89  11  89  26   7  77  84  73  53   4  47  56
   23  50   2  75  16  53  72   2  28  19  74  71
   38   8  96  68  96  22  95  10  11  94  78  39
   34  76  91  12  51
   37  61  24  23  38  58  14  46  55  53  68  12
   73  51  67  97  53  38  34  35  66  23  74  45
   33  73   9  75  62  54  17  40  86  61  69  55
   99  64  67  76  94  41  81  37   5  15  87  86
   32  93   5  25  95   7  32  45  61  41  87  63
   82  81  45  66  36  46  69  38  63  24  59   6
    3  12  80  72  29  55   2  59  94  81  40  35
   61  40  88  63  40  39  60  32  30  82  25  95
   53  10  43  11  96  29   9  74  44  58  81  60
   16  63  28  57   9  92  57   8  30  15  60  44
   36  58  44  24  72
   48  89  42   4  24  79  17  30  31  24  98  76
   27  64  69  40  97  72  92  87  48  34  88  47
   91  39  32  92  33  69  33  34  60  83  27 100
   30   6  65  34  55  15  93  71  92  29  51  36
   31  96  49  21  77  80  60  80  44  47  12  17
   41  53  65  63  55  35   8  79  46  93  40  31
   28  84  62  82  58   2  63  83  28  71   6  55
   46  31  16  76  26  26  70  75  79  87  83  14
   94  29  93  77  33  29  53  58  10  19  14  47
   84  69  16  21  50  82  73  26  15  73  64  68
   97  62  18   5   9
   68  34  38  27   2  61  49  31  82  38  68  29
   63  95  93  41   1   4  48  45  91   6  14  14
   14  62  70  50  58  81  34  29  75  61  93  31
    2  27  47  83   7  64  43  94  25  64  12  91
   95  51   9  60  97  30  49  80  91  16  47  64
   54  76  50  93  15  68  79  57  94  72  66  90
   46  34  91   8  86 100  20  47  37  55  39  98
   60  60  96  52  99  89  38  28  14  67  46  15
   16   9  73  10  10  52  86  55  30   1  95  74
   77  60  99  11  55  71  18  66  10  53  34  36
   67  38  24  47  68
   92  61   2   3  23  65  23  13  81   8  50  93
   38  75   5  24  64  84   6   3  24  63  59  37
   61  43  46  28  88  45   7  62  72  66  29  94
   22  68  40  40  76  63  89  58  90   4  35  39
   28  70  39  98  40  55  43  55  61  54  68  27
   91  51  94  12  88   8  49  80  48  50  96  61
   99  54  26  28  88  37  36  85  63  42  26  61
   69  26  77  91  27  49  51   5  27  60  64  16
   14  83  84   9  74   9  15  25  26  78  84  52
    4  71  30  10  46  96  89  41  85  73  86  93
   33  28  17  12  66
   72  71  32   3  66   6  31  82  61  16  17  54
   96  46   9  48   9  94  93  19  66  55  58  83
   11  52  30  55  91  76  16  89   4  27  35  11
   27  43  60  60  62  48  56  25  70  79  13  79
    6  34  84  25  58  98  31  22  89  94  50  32
   69   7  18  52  14  30  24  56  23  98  14  27
   17  31  18  98  76  60  99  91  78  79  83  51
   31  69  99  83  18  47  15  95  27  92  75  30
   96  96  43   6  45  88  32  50  16  81  45  44
    8   6  13  52  19  47  33  65  77  83   4  35
   86  26  64  14  56
   65  78   2  98  21  34  59  68  33  75  12  47
    2  34  42  98  16  80  68  71  44  10  31  80
   21  30  79  97  33  51  62  41  11  67  10  56
   10  50  26  11   2  34  74  77  64   3  65  24
   62  77  44  97  42   7  76  17  14  49  39  55
   41  64   7  31  30   2  37  92  14  81  59   8
   41  90  65  52  64  64  89  94  26  76   6  84
   49  25   6  40  20  22  93  38  79  77  69  97
   10  91  18  68  20  39  95  22  36  56  19  33
   86  31  50  72  92  87  89  90  50  75  56  10
   25  59  80   7  34
   87  68  18  52  83  15  66  37  34  38  60  66
   93  63   2  78  69  54  62  68  56  46  20  23
   73  83  97  55   8  62  99  48  44  59  52  87
    5  78  36 100  90  79  30  92  15  25  41  88
   42   8  50  63  24  97  41  87  41  73  46  57
   34  60  77  38  46  70  68  98  59  39   9  49
   32  61  83  77  34  29   9  90  88  70  71  48
    5  87  66   2  21  90  31  32  35  40  85  85
   50  79  72  15   4  77  88  13  13  60  26  49
    7  54  10  16  63  21  34  53  52  93 100  96
   67  17  56   9  66
   75  27  45  62  84  66  38  63  51  87  17  38
   41  53  18  82  11  88  60  47  90  68  35  26
   75   3  90  42  15  23  20  36  94  76  50  52
   28   5  28  31  43  37  10  88  70  78  46  10
   27  90  69  36  10  88  85  49  78  20  56  61
   44  58  89   3  58  86  26   7  97  86  27   3
   55  29  61  94  24  53  94  59  86  65  74  25
    4  15  19  62  98  90   5  73  47   5  54  77
   64  80  21  98  90  37  81  51  84  84  19  32
    1   3  12   5  88  35  23  86  71  70  83  40
   36  38  84  53  23
   27  33  36  92  93  77  56  66  90  80  24  66
   63  44  75  16  26  43  85  81  97  72   4  14
   41  75  90  87  99  87  56  32  35  70  97  77
   64  53  37  83  96  64  56  84  74  74  39  21
    7  32   6  80   8  98  50  37  35  89  78  81
   28  11  45  66  43  95  93  40  92  40  90  84
   82  45  64  53  49  52  44   7  96  78  93  55
   35  57  54  89  17  73  74  24  77   3  58  29
   68  49  90  74  97  79  85  62  65  66  17  66
    4  19  56  68  12  25  17  96  96  89  81  65
    5  67  48   6  66
   65  65  62  10   6  39  54  40  69   9  26   8
   23  35  11  12  34  74  82  88  58  67  49   5
   26  27  37  43  30  25  77  87  16  82  97  15
   62  54   6  78  77  15  77  99  79  51  47  51
   87  45  91  48   9  66  19  33  25  53  57  63
   82   4  40   2  74  66  95   1  35  21  33  91
   22  70  31  70   5  27  25  87  55   1  92  33
   31  85  44  28  67  47   9   6  59  12  23   6
   54  52  15  56  36  76  96  65  14  13  47   6
   11 100   4   5  48  76  46  30  37  60  85  76
   62  46  54  56  72
   94  46  84  29  70   9  32  67   3  92  46  34
   83  16  90  11  54  80  92  78  39  10  84  59
   87  81  41  49   9  69  15  58   9  79  77  47
   31  87  50  66  90  77  51  91  12  75  24  61
   69  91  79  16  21  56  34  34  47  56  44  69
   92  72  45  91  94  19  90  18  29  79  87  56
   43  44  34  40  96  49  58  66  94  12  52  33
   29  69  17  76  13  16  89   9  23  43  90  55
   30  69  55  94  43  88  73  89  42  98  26  33
   18  42  23  79  11  44  41  83  43  51  62  40
   64  65   9  20  79
    237   236   239   245   243   261   249   266   276   245   258   260
    252   245   243   265   250   292   222   271
