 10 400
   99 102  89  76  36  39  13  25  22  47  45  97
  113  27 109  80  57  16 108  16  49  71 110   7
   40  74  35  96  22  76  64  87  10  73  98 102
   65  16  63  46 103  40  87  14  40  56  40  31
   53  21  34  58  56  96   6  70  52  95  95  93
   39  25  37  96  92  86  93  53  52  24  88  80
   98  93  19  22  51  25  52  99  68  28  64  70
   31  20  67  24  28 101  25  45  54  28  40  46
   26  39  82  97  25  39  66  85  94  21  44 111
   90  23  55  69  57   8  51 101  62  56  35  89
   36  48 103  65  96  99  27  40  53  62  25  51
   42  96  18 104  66  37  90  39  63  12  83  86
   28  59  58  48  34  44  57  74  49  14  24 111
   55  21  31  82  78  21  60  88  66  37  91  46
   89  65  31  79  27  92  33  41  65  87  65  74
   89  48  80  47  70 103 100  86  45  94  72 108
   70 115  36  37  81  46  38 104 105 110  40  44
   53  52  70  84  44  58  82  61  79  35  19  47
  103  30  75  95  27  17 100  57  31  21  41  41
  100  36  55 102  83  28 103  19  52  23  41  62
  104  26  63  42 113  80  94  95  81  81  13  72
   28  57  23  90  77 110  57  58 101  21  64  20
   56  51  51  18  27 101  80  97  67 109  47  92
   56  42  30  99  15 101   2  75  75  76  18  36
   96  27 102  84   8  46  74  27  41  25  72  42
   72  14  63  79 103  31  20  17  69  46  96  10
   84  96  79  24  28  62  44  25  19  54  43  63
   60  94  95  39  19  95  24  57  87 105  59  47
  107  18   8  56  84  39   8 103  97  30  63  87
   85  43  28  78 101 104  32  86  37  60  66  93
   57  73  93  33  53  88  30  76  77  65  45  64
  110  56  63  79  22  21  42  17  53  54 101  17
    8 113  85  64  91  78  48  37  51  76  44  82
   38  42  93  57
   90  24  23  26  75  30  32  70  76  16 101  83
   48  92  98  15  87  31  22  25   8  15 102  37
   68  70 108  17  28  31  34 102  73  67  99  79
   58  52  18  89  57  58  93  49  40  89  14  11
   91  78  42  26  88  70  10  11  47  26  88  92
   91  52 115  28  98  60  81 105  63  32  56  41
   18  30  66  78  42  53  74 105 103  61  44  21
   76  23  32  15  83  15   6  26  48  78  32 100
   39  13  62 102  88 103  40  60  17 112  42  29
   20  16  82  73  73  18  53  20 103  98  53  98
   27  69  78  98  93  91 110  45  23  92  47  93
   58  86  19 107  23 114  12  97 108  92  55  29
  112  94  24  77  69  30  38  17  64  70  45  86
   93  99  85  53  35  75 101  25  85  44  38  69
   91  68  64  53  62 101  80  16  65  97  77  37
   18  93  60  65  98  65  53  42  76  98  52  96
  107  47 113 110  46  48  58  38  79  49  77  78
   44  53  45  99 112  40  16 100  55  89  76  70
   62  60  31  90  37  64  95  56  59  68  64  29
   38 109 109  66  32 102  38  91  41  33  30  37
   47  63  69  98  74  27  28  78  91 111  73  99
   57  60  26  16  51  54  72 102  50  51  89  78
   76  74 108  11 100 100  73  80  82  11  68  48
   93  38  42  45  85  61  41  96  15  94  15 108
   90 117 106  79  49  36  73  97  28  97 106  39
   27  93  61  54  80 109  57   9  57  98  91  85
   33  53  80  78  26  78  19  66  51  24  34  70
   91  33  46  97  24  90  45  86  34  21  45  24
  102  53  37   7  52  29  73  86  84  37 101 108
  100  54  25 107 108  18  56  55  41  57  81  32
   68  73 109  48  75  70  59  65  79  63  34  50
   90  99  70  15  74  46  18  34  38  22  77  99
  105  49  91  57  59  46  30  43  49  55  28  80
   97  19  45 109
   25  43  37  28  83  52   4  18  92  96  64  39
    8  27  72  82  38  90  71  72  74  92  12 103
  105  52  56 100  65 104  86  82  14 105  65 107
   84  86  41  61  33  77  25  55  24 105  45  83
   18  62  69  70  46  50  49 112 105   3 100  25
   41 100  24  41  51  50  39  55  19  40  19 112
   28  32  50  73  46  51  31  79  95  38  47 104
   84  71  28  89  83 107  23  25  86  65  77  15
   41  54  31  40 110  94  58  62 104 111  70  71
   99  79  32  62  97  22  42   8  54 100  68  61
   24  81  21  64  68  57  92  23  50  82  35  55
   29  61 103  94  90  69  44  96 114  30  40  93
   16 116 107  34  85  92  39  37   2  56  31  30
   96 117  54  47  89  82  33  99   8  89 105  84
   76  49  71  79 106  69 101 100 102  56  28  48
   13  45  56  38  88  18  38  32  69  37  60  53
   38  90 108  20 100  24  22  35 107  31  80  93
   92 105  96 112  38  94  73  53  98  77  57  63
   91  31  91  90  48  84  49  18  20  79  95  99
   76  65  91  85  22  25  20  39  76  54  69  85
  109  34  15  82  29  74  44  99  13  31  24  87
   81  40  29  79  18  39  86 115  20  22  22  71
   71  46  51  39  52  37  62  38  26  57  89  91
   94  71  66  59  43  32  76  89  61   8  26  97
   90  91  22  66  84  12  66 101  90  57  92  46
   29  20  12  40  43  18  61  60  50  82  59  80
  102  36  72 109  22  32  96  42  72  94   8  15
   70  28  36  75  93  19  31  33  30  29  73  57
   39  33  39  95  55  28  78  42  50  91  21  85
   87  47  81   6  83 104  34  31  99  21  95 101
   69  41  38  62  98  45  30  66  82  59  54  10
   79  57  87  32  71  33  18  78  26  32  41  29
   58  26  77 105  21  34 108  66  66  42  72 115
   24  44 106  11
   28 105  61 109  74  46  38  90  99  44  77  48
   81  37  54  51  58  47  18 102  93  61  51  37
   34  75  49  56  47  92  27  68 108  59  99  79
   98  49 100  75  95  46  25  49  66  87  14  50
   98  78  43  36  56 101  58  71  58  36  21  44
   27  15  29  28  47  18 107  26  18   9  34  39
   96  39  31  56  81  89  44  45 110  74 100  56
   48  56  87  52  59  11  81  14  73  28  43  28
   27  27  30  11  20 100  99  21 117 110  96  11
   70  89  44  69   8 115  26  93  34  52  96  53
   24  83  24  86  77  71  78  87  28  78  49  97
  101 108  64  30 104 104  41  25  43  77  93  33
   83  83  18  84  59  47 101  37  67  62  83  84
   86  67 107  56  66  50  60  98  19  27  78  22
   21  76 114  57  54  88  58  20  65 106  62  91
   55  83  43  45 107  81  22  94  45  63 111  65
   54  18  59  86  36  23  55  53  79  37  72 104
   25  62  13  70  60  39  87  83  36 108  51  94
   93  62   4  93  67  90 114  71 112  12  69  81
   42  21  58  47  56  60 111  19  39  84  11  55
   20  37  30  92  68  89  19  74  49   9  79  18
   12  31  25  54  50  22  78 107  52  41 109  10
   55  57  55  86  27 104  74  48  65  25  87  34
   91  46  42  48  12  29  48  91  77  23  35  63
   52  62  75  95  84  93 101  35  81  16  51  44
  103  78  91  30  77  91  64  74  80  97  65  42
   79  21  67  84  55  73 106  68  80  75  42  23
   39  93  87  42  86  97  56  54  89  27  53  82
   64  92  73  16  71  74  35 102  58  59  25  90
   77  20  60  87  71 105  56  84  90  19  10  74
   10  41  85  43  30  35  74  17  40  21  47  55
   85  64 105  71  36  33  12  25  18  76  29 101
   51  43  67  11  30  53  92  37  89  57  43  20
   75  91  19  48
   76 106 109  53  31  72   7  41  25  88  11  88
  100  87 109  59  78  49  16  51  64  62  77  70
   78  31  21  50  74  92  37  38  14  88  32  59
  103  73  73  50  30  54  20  20  28  44 105  40
   31  83  25 105  93  27  24  62  51 104  60  29
   61  40  69  50 100  63  96  51  36  79  63  53
   67  64  99  20  51  88  70   8 107  85  38  72
   33  68  89  15  88  79 110  35  50  87  71  66
  100  82  74  81  22  71  59  65  15  32  22  67
   92  87  19  75  37  70  23  85  17  87 114  28
   31  33  33  47  86   4  98  45  23 101  32  10
   92  57  84  68  12  98  32  62  79   8  84 107
   91  57 109  51  22 117  53  23  80 101  86  70
   18  96  71  29  83  87  10  44  53  70  54   8
  104  25  34  31  84  84  34  31 109  91  99  36
   33  34  96  49  47  76  44  54  21  85  74  28
  103  83  23  93  85  49  40  53  49  20  41   6
   85  17  14  57  31  62  35 112  95  94  63  77
   65  46  61  49  94  91  77  99  68 103  60  12
   45  94  87  82  75  97 110  22  22 106  93 103
   69  45  22  98  29 108  98  91  92  66  35  57
   82  21  56 102  85  24  53  59  82  77  21  95
   88  96  85  82  24  87  55  13  92  60  37  17
   25  43  66  49  33  59  29  99  94  46 109  78
   34  27  92  23  82  30  70  56  36  98  88  11
   41 110  77  49  60  90  14  52  50  96  48  61
   59  49  74  88  67  22  44  38  90  22  44  51
   31  27  74  96  87  55  34 100  72  95  69 106
   94  86  98  42  72  85  75 100  41  89  65  14
   37  51   8  19  84  39  32  59  97  35  31  15
   60  38  57  48  38  86 103 102  24  44  60  21
   86  38  74 105  37  54  19  38  90  23  94  16
   62  56  83  29 116  60  30   8  54  66  24  34
   66  74  18  58
   78 106  90  39  50  94  15  92  59  13  89  73
  102  47  29  44  47  79  67  60  32  13  63  13
   68  36 104  48  84  17  48 110  29  10  76  97
   71  92  69  89  96 104  96  47  53  35  17  68
   98  82  70  40  77  59  23  65 106  61  51   9
   80  91  67  56   7  98  28  12 109 106  51  33
   14  35  92  35  86 114  31  48 107  50  95  19
   81  95  21  91  66  11  19  68  82 102  54  23
   63  24  64  44  35  24  89  73  55  67  84  24
   35  50  60 109 105  79  93  93  63  20  34  75
   18  55  44  39  18  23  69  49  20  93  29  85
   37  53  86  69  46  28 101 111  40   6  40  47
   23  76  61  62  90  76  59  87  21  40  88  79
   39  68  21  80  62  28  71  65  75  69  76  38
   60  29 102  34 104  28  46  56  60 106 102  74
   54 112  24  76  41  65 103  10  62  27  58  69
   80  65  48  27  36  52  58   9  30  31 103  20
  100 101  83  82  36  88  83  58  49  20  76  44
  107  64  20  38 107  62  97  29  70  94 113  67
   44  86 110  31  39  77  75 110  61  20  40  71
   60  38  53  50  14  33  73  75  51  52  36  15
   67  50  60  79  92 105  58  58  55 101 104  81
   53  51 102  33  65  33 109  53 104  40  51  29
   99  58  32  58  53 108  16  96  67  50  32  64
   12  16  64  32  27  52  70  43  64  90   6  92
   59  70  71  50  29  44  38  42  13  80  58 104
   77 119  46  68  50  24  26  38  35  87 111  29
   61  98  46  80  49  12  22  67  70  66  28  82
   73  23  20  41  50  91  23  55  32  94  99  74
   55 100  15  30  63  84  97  49 106  65  73  24
   48  56  18  15 112  47  89  37  28  37  90  19
   33  90  80  73  72  89  18  27   9  33  81  25
   32  81  47  80  59  61  41  33 106  71  64  76
   31  32  70  67
   74  91  76  56  31  54  24  38  82  34  46  86
   63  19  89  47  22  41  19  51 109  34 107  46
   54  92  45  32 102  80  90  96  85 117  86  56
   64  20  80 105  47  64  41  96  41 115  43  65
  104  16  55  19   7   5  28  58  83  73  91  35
  104  39  35  84  94 107  79  36  20  93 107  36
   24  93  84  13  43  58  51   4  32  12  85  31
   96  68  20  49  88  96  25  83  61  90  50  86
  114   5  40  75  61  77  54 106 105 117  20  47
   53  34  82  17  82  50  38  66  46  26  78  80
   92  57  59  32  80  32  64  15  69  33  60  95
   58  13  13  52  95  16  42  52  80 100  52  42
   93 103  50  53 107  45  75  65  95  35  10  15
   95  14  94  91  37  70  37  23   5  27 117  40
   37  67  48  48  42  94  60  65  36 107  99 116
   41 113  72  96 103  99  73  35  44 101  82  29
   89  49  35  93  42  55  57 111 102 106  42  59
   20 104  46  74  97  79  30  38  44  69  53  80
   33 100  18  58  92 101  16  13  23  37  97 102
   92  72  95  70  84  44  72  72  59  14  23 107
  118  45  14 112  25  91  30  18  40  74  57  37
   26 105  84  24  91  16  38  56  49 104  25  45
   86  97  33  44  91  20  63   2  98  36  61  49
   19  26  76  61  88  21 103  85  60  71  24  82
   63  21  55  77   5  20  62  67  52  93  99  13
   14  84  45  62  67  27 113  76  62  64  33  27
  104  47  56 108  54  97  77  17  86  50   8  23
   98  48  34 116  33  18  17  82  44  86 111  58
   90  34  78   9  94  19  24  55 102  64  65  70
   70  16  13  19  96  66  63  67  57  90  83  76
   63  47  14  59  91  40  55  27  89  48 100  87
   85  34  42  92  40  29  58  43  76 113  55  46
   11  74  95  18  69  90   6  75 103  78  63  80
   26  57  85  25
   35  16  98  98 107  16  82  27  51  95  37 107
  105 104  22  87  31  86  26  16  65  51 107  49
   72  86  61  11  63 102   7  92  55  76  38  57
  103  66  89  70  73  65  83  93  39  27  51 104
  103  41 103  35  73  94  40  49  16  42 102  27
   16  75  25  48  73   9 106  42  54 101  35  39
   47  75  32  42  26 106  39  53  27  64  51  75
   82  78 106  19  77  46   8  68  54  16  97  21
   16  48  77  52 106 102  48  64  81  11  96  40
   85  76  66  29  88 102  74  31  34  77  47  79
   57  18  39  89  57 109  54  39 100 100  97  89
   99  56  16  39   7  60  98  14  94  65  61  52
   53  96  12  15  16  73  44  55  37  18 108  52
   84  80  34  96  70  56 110  65  48  94  96  69
   20  78  38  80  23  94  54  52  77  44  40  87
   16  48 104  85  48  36 116  83  84  57  62  72
   47   5  32  48  55  72  31  55  64  67  66 117
   34 105  42  82  58  33  69  93  55 111  41  46
   28  81  40  91  31  97  31  33 105  84  18  37
   34  16  42  69 105  50  17  89  93  85  88  75
   38 112  84  45  72  59  95  21  91  74  46  38
  104  20  52  67  81  83  52  94  59  67  63  89
  100  76  28  26  49  47  19  97  27 100  82  37
   55 108  48  37  87  13  48  60  63 112  46  48
   52  26  60 107  23  21  28  94 118  21  62  78
   38  90  67 114  98  18  64  47  94  84   7  67
   64  50  58 107  58  23  75  78  67  68  56  72
   17  32  20  31  50  66  92  86 101  77  27  78
   68  31  13  23  10  38  86  51  94  15  43  50
   59 108  32  59  56  30  97  22 105  83  81  69
   58  53  67  35  61  77  80 103  43  11  61  54
   58  79  44  93  21  43  63  23  67  69 106  82
   55  70  83  23   7  41  65   7  74  16 108  53
  111  20  19  77
   25  19  68  26  44  44  64  55  25 114  68  67
   77  59  53  12  56 101 100  15  84  23 105  53
   75  89 110  96  24  50  89  46 104  55  78  77
   52  77  36  30  73  78  26  18  46  27  84  45
   92  33  66 109  58  64  80  48 115  44  63  36
   85 109 102   5  24  78  84  96  52  75  21 105
   78  51   7 116  51  63  64  49  73  74  54  76
   85  20  21  30 101  10  79  29  71  17  26  60
   65  99  32  72  14  18  72  38  87  72  23  36
   80 106  68 101  41  67  53 103 116  32  97  21
   47  65  35  45  13  94  65  93  91 107  30  55
   39  30  44 111  23  48  16  45  47  64  88  66
  101  81 112  85 100  67  88  84  69  20  16  41
   41 108  27  34  51  68  31  41  51  21  74  33
   19  90  32  63  42  26  52  29  48  25 112  62
   22  38 116  52  14  86  50  77  36  95  27  30
   19 117  58 112  84  26 113  55  47  51  42  91
   13  48  18  86  58  35  53  97  93  40  72  77
   65  61  72  57  62  91  44  78  13  54  95  78
   29  62  48  15  72 110  82  21  80  89  28  18
   89  34  22  78  52  17  44  59  38  87  76  73
   66  82  43  80  41  82  51   7  68  36  33  33
   53  36  54  61  60  18  27  82  15  26  33 102
   41  36  92  44  12 113  30  99  64  52  70  62
   89  68  59  74  43  37  70  97  69  57  42  94
   24  45  86  52  82  84 100 106  86  87  20 101
   88 111  60  57  52  39  42  75  15  49  42  45
   67  38  64  62  46  47  17  79  17  24 104  61
   28  47  47  56  63 108  73  45  16  99  21  72
   75  75  18  14  34  22  21  65  35  40  65  80
   95  29  95  27  82  16 103  45  15  90  82  20
  106 102 105  96  86  20  88  34 101  50  97  79
   91 108  49  66  45  27  29  20  93  25  98  66
   15  87  45  88
   23  25  23  80  66  60  46  85  54  14  27  43
   42  67  15  85  20  11  35  31  29  64  32  97
   93  80  93 111  90 106  94 103  49  96  77  16
   61  93  16  90  41  99  13  88  37  54  86  46
    8 100  64 100  51  93  89  58  22  78  58  25
   89  74  37  79 113  22   7  99  59  43  70  45
   88  36  67 104  38  71  79  76  60 115  46  30
   54  29  92  45  32  34  95  29  82  99  84  88
   39  97  56  48  27  47  52  56  57 110  44  85
  111  48 104  43  89  98 103  43  53 102 109  61
   55  66  91  63  53  70  34  76  82  37  62  81
  103  32 106  45  62  57  83 101  70  49  51 100
   70  42  40  93  46  75 102  56  77 102  97  78
   25  39  32  43  33 103  56  38  84  86  62  49
   30  15  25  17  70  21  17  83 101  74  63  56
   78  26  89  82  99  31  66  82  65   7  25 100
   67  24  23  29  25 104 113  57  28  84  76  51
   56  14  42  79  73  79  70  70  18  82  83  21
   21  29 101  56  13  73  48 102  23  50 109  29
   26  89 104  61  15  17  56  17 113 104  53  91
   49  42  21  24  57  59  71  93 110  96  67  79
  102  90  41  94  57  38  89  53  92   3  17  75
   41  82  76  50  56  91  61  56  72  47  18   7
   15  13 115  13  17  60  37  80  26  92 104  96
   25  71  56 107  37  17  42  64  81  22 105  47
   20  86  24 107  55  75  51  74  35  27 115  67
   42  30  63  71  66  17  52 100  53  76  95  22
  115  25  76  92  54  94  71  96  68  77  82  52
   90  79  37  70  67  26 101  22  19  41  28  50
   64  28  14  42  46   5  91  86 109  49  96  33
  104  94  24  43  68  20 101  38   6 109  50  78
   24  25  64  97  86  16  18  56  35  14  70  22
   81  33  77  80  25  32  50  41  42  69  43   8
   52  97  36  75
    9  10  20  33  70  69  98  78  98  59  70  19
    1  79   6  39  46  93   2  86  66  43   6  99
   71  43  76  12  84  38  46  17  98  33  14   5
   50  86  52  73   6  80  31  97  79  47  67  76
   59  82  85  44  55   8 100  49  66  16  21   9
   66  78  66  24  12  26  10  65  58  89  32  35
    8  23  99  85  69  80  58  16  34  75  50  35
   78  97  44  90  80   5  86  68  51  83  72  66
   94  76  35  23  77  76  51  30  22  95  70   8
   20  97  58  42  54 100  60   4  56  50  84  26
   66  57   6  54  24  10  80  66  67  51  88  58
   62  22  93   1  38  81  15  65  56  90  22  16
   79  59  53  70  81  75  45  35  54  92  86   4
   48  86  81  22  29  87  49  29  44  74  22  63
   22  41  76  35  77  27  78  70  45  29  44  28
   23  62  25  72  44   8  11  30  62  20  45   5
   50   3  67  66  30  59  71   8  14   5  77  65
   60  51  33  19  58  62  21  47  24  70  96  66
   17  73  37  22  76  89  11  63  77  85  70  78
    2  75  52   1  30  83  13  83  53  80  65  43
    5  85  48  72   4  37   9  20  23  36  97  42
   79  51  97  20  33   1  58  46  13  96  51  84
   59  60  51  90  82   8  29   6  44   2  66  23
   55  74  83  13  92  16 100  29  34  35  96  71
   14  87   8  27  96  71  28  75  68  92  39  61
   46  99  55  40  10  87  86  91  48  68  21  98
   27   9  28  95  76  47  75  91  91  61  71  53
   59  25  19  63  97  15  96  46  21   1  47  57
   11  96  99  50  25  80  94   6   5  86  39  30
   20  66  76  27  13  12  75  30  80  55  36  16
   63  35  18  71  55  28  85  42  32  54  69  42
    5  48  51  39  80  95  64  96  51  49  15 100
   98   3  20  41  18  37  63  73  55  37  74  37
   74  74  24  54
   21  81  88  93  38  75  82  41  32  98  15  32
   54  17  13  96  18  73  94  84  96  89   7  74
   46  48   5  91  91  81  75   7  42  40   7  35
   56  67  97  28  54  58  17  57  65  21  95  93
   26  24  76  79  22  41  95  94  65  89  16  19
   27  62   1  81   6  54  30  11  45  80  61  77
   87  88  39  25  77  66  40   3  13  45  66  84
   27  89  82  88  27  87  97  85  68  32  86   2
   78  97  58  16  17  10  68  55  89   5  75  73
   97  91  36  34  30  97  52  83  12  17  53  12
   79  46  31  20  11  16  10  67  97  18  67  23
   57  25  92   6  95   1  94  19   3  10  51  77
    5  17  96  35  49  81  67  94  41  45  72  24
   19  16  25  53  77  38   7  78  28  71  79  48
   13  42  41  50  50  10  24  93  38  13  38  73
   87  14  58  44   9  39  53  75  38   7  60   9
    9  56   4   2  65  67  53  73  24  70  34  34
   69  55  72  19   8  71  89   7  51  23  37  39
   52  56  80  27  83  41  20  57  54  45  56  91
   80  10   9  52  86   3  66  11  64  84  86  66
   65  53  37  20  38  90  88  36  18   2  36   6
   48  43  80 100  55  53  41  18  58  66  20  26
   35  31   9  93  17  11  32  23  37  92  46  71
   23  73  71  66  26  54  75  15 100  16  95  11
   24   3   7  28  62  83  33  14  77  21   4  73
   79  24  50  50  26   2  52  95  54   5  21  35
   72  67  31  33  82  35  95  39  51  91  81  42
   27  80  71   9  95  15  71  17  84  86  57  85
    8  64  68  99  55  91  46  24  27  71   9  11
   11  51  82   9   1  93  62  58  64  52  30  79
   48  30   5  61  35  37  43  40  35  42  84  69
   25  16  32  87  37  70  90  77  79  89  35  21
   12  56  27  46  59  68  83  68  69  57  74  25
   13  89  75   3
   84  73  76  85  28  57  99  99  21  16  52  72
   98  77  45  21  68  15  41  46  36  28  92   6
    5  58  46   8  38  12  20  20  95   5  45   2
   35  27  76  47  85  25  78  58  85   4  70  28
   93  46  48  41  67  53  69   6   6  99  10  86
   71  11  90  72  69  59  66  50 100  76  93   8
   86  87  59  47  56  61  78  26   8  80  67   3
   36  31  75  19  27  10  96  86  27  49  40 100
   74  65  75  66   2  21  46  49   9   4  48  43
    6  35  82  52  15  85  69 100  57  14  42  50
   92  25  95  47  38  48  19  79  53  29  82  58
   90  47   3  16  16  46  74  23   5  82  69  21
   95   3   3  83  20  27  75  82 100  55  75  83
   13   2  55  59  25  29  73  12  94  22   9  27
   44  62  42  39   1  35   4  18   6  49  90  71
   90  71  58  70  26  88  75  87  35  80  47  64
   81  20   7  84  16  81  83  74   4  75  30  21
   14   2  22   7  75  17  29  63   8  25  48  45
   17  83  14  24  63  31  71  95  89  32  18  12
   32  41  21  29  83  85  91  71  40  65  39  24
    9  73  91  29  85  38  75  14  98  76  80  33
   30  71  78  27  94  68  19   3  94  90  90  32
   42  65  55  68  50  82  43  82  88  60  25  16
   15  38  48  57  70  78  42  31  45  97  94   9
   13  11  91  42  32  91  37   4  19  61  25  64
   90  85  96  68  68  95  53  46  60  26  48  31
    6  75  40   7  91  80  19  66  37  12  98  87
   45  85  79  38  25  99  80  87  82  84  37  46
   79  70  72  16  61  78  32  67  53  29  91  28
   28  65  29  98  36   2  74  74  12  84  13   3
   46  77  74  42  21  60  79  52  26  52  56  97
   32  47  32  71  38  73  86  34  86  71  75  80
   51  85  28  13  84  78   6  41  44  67  37   5
   78  70  11  98
   83  11  41   4  39  68  81  29   3  76  37  61
   29  70  51  67  44  69  94   3  26  48  60  78
   71  44  53  64  57  17  79  47   2  43  20  23
   11  63   8  38  23  65  91  71  52  17  94  61
   13  37  70  79  50  19  51  42  58  82  86  70
   90  88  78  91  71  84  12  85  92  95  76  72
   12  63  82  51  36  25  71  70   5  39  18  53
   69  49  30  59  57 100  36  98  38  92  77  76
   79  77  76  92  97   5  20  81   3   7  15  97
   34  28  59  37  95   2  85  12  81  64  16  66
   89  21  96  31  43  46  42  30  90  37  53  21
   10   3  47  89   1   4  70  81  75  32  11  78
   37  30  98  22  59  66   6  73  50  41  36  27
   23  44  13  58  43  53  52  22  89  76  42  93
   90  40   5  47  64  17  54  88  54   2  56  22
   50  29  71  68   9  33  96  18  67  56   4  41
   51  93  61  24  73  90  65  67  28  75  47  16
   81  41  90  33  49  70  33  27  78   3  59  10
    9  44  98  14  44  26   6  33   2  98  43  28
   70  81  48  61  46  43   5  83  78  35  99  55
   97  65  78  24  40  14  89  37  71  96  33  95
   94  71  84  64  60  83  33  11  66  62   2  98
   52  54  58  20  86   7  33  72  50  88  17  80
   11  61  61  59  91  87  68  23  36  87  78  40
   64  40  45  25  22  21   8  77  28  92  63  71
   10  36  18  77  34  20  48  34  36  22  43  62
   38  88  50  29  59  44   5  41  27  33  64  95
   73  20  27  71  32  19  50  58  26  80  57  37
   48  11  46  98  40  44  82  10  56  48  93  21
   32  84  52  21  38   5  54  27  30  96  92  30
   95  66  25  76  90  70  29  94  71  91  61  64
   21  54   2  36  66  86  94  82  95  27  86  10
   60  70  51  93  77  65  14  76  26  46  68  96
   32  14  85  66
   27   8  10  62  72  31  95  65  77  23  93  28
    2  32   2  48  35  66  91  60  45  40  43  36
   36  82  87  60  36  19  78  68  97  24  73  54
   17  38  44  53  72  53  94  84  81  72   4  67
   79  31  90   6  16  93  87  42  61  13  44  77
   47  64  39  62  14  43  20  57  83  32  55  58
   44  45  11  95  60  24  36  98   1  20  80  30
   81  35  21  87  30  36   9  76  66  32  39  52
    8  26  35  26  88  37  50  45  94  79  97  37
   25  27  86  28  69  33  86  27  97  26   2  74
   80  70  76  71  17  99   8  59  86  14  81  92
   23  48  26  52  99  13  87  55  36  98  24  12
   29  47   8  63  93   1  64  81  28  12  16  46
   97  23  47  79  33  17  96  60  56  39  53  96
   12  78  86  77  30  29  85  85   2  13  20  82
   73  70  18  59  61  29  69  63  81  29  36  83
    6  26  92  10  28  57  79  65  56  82  75 100
   17  86  88  56  82  54  72   2  18  19  48  37
   43  65  56  61  17  22  27  17  36   2  58  97
   57  26  27  26  36   7  10  98  82  11  24   8
   40  74  90  15  79   6  12  15  14  42  71  49
   28  81  47   1  33  84  54  53  35  41  91  16
   26   9  21  23  87  19  56  98  21  48  74  89
   89  68  46  70  86  52  81  14  12  60   2  32
   77  86  19  82  29  76  46  51  78  20  16  95
   68   1  27  62  45  25  98  68  53  14  57  57
   50  66  32  19  42  88  66  80  30  95  65  65
   80  80  37  21  20  48  75  16  36  25  50   7
    8  32  13  69  48  30  32   2  69  28  39  99
   68  68  95  92  21  75  78  57   8  73  85  89
   51  73  56  59  75  31  17  17  78  69  42  84
   29  75  29   6  83  57  99  67  13  79  18  89
   58  64  24  88   2  54  88  98  50  54  87  73
   49  36  93  50
   36   7  18  73  60  14  96  19  43  98  26  46
   11  72  79  64  65  25  50  49  78  99  42  97
   39  66  14  63  35  92  59   4  90  98  37   7
   31  11  39  17   8  13   7  56  59  85  88  38
   10  38  43  68  29  43  83  55  13  55  69  93
   31  26  37  61  98  18  80  96   8   5  68  75
   88  71  12  77  23   3  71  56   4  70   9  87
   28  12  84  26  43 100  94  47  32  13  57  87
   44  91  39  71  70  93  22  42  59  43  26  78
   76  67  60   9  15  37  27  18  43  91  70  45
   91  61  63  81  98  85  42  60  82  24  80  30
   72  54  17  40  70  75  12   5  65  98  63  64
   88  29  53  49  14  44  45  22  96  71  25  29
   65  49  85  34  46  90  48  50  42  34  40  68
   47  90   5  75  12  90  64  64  42  10  16  45
   56   7  83  44  71  40   3  96  41  84  58  38
   40  46  58  81  81  58  56  98  90  84  17  85
   14   9  21  24  71  21  22  44  62  91  38  70
    3  51  94  66  12  48   7  76  46  17   5  51
   70  26   7  79  75  27  33   5  43  98  66  36
   44  76  50  59  97  86  36  36  54  63  76  96
   36  69  51  29  22   6  53  60  61  12   4  34
   53  67  16  78  46  78   9  67   6  68  56  80
    3  52  79  53  62  10  94  19  50  55  87  49
   97  90  48  84  84  66  37  60  47  24 100  26
   47  40  32  59  73  59  69  70  93  26  45   6
   42   1  73  41  61  85  85  66  81  24   6  74
   41  13  71  30  58  94  98  42  41  53  92  28
   43  91  94  67  61  20  83  55  79  20  13  44
   56  16  91  85  53  33  19  56  11  51  46  91
   62  51  96  96   2  59  24  66  82  79  13  85
   71  21  23  36  38  26  84  86  93  78  27  84
   71  22  55  32  46  56  75  69  10  40  56  36
   74  79  35  40
   39  29  35  55  71  61  90  66  24  77  58  17
   47  94  30  64  81  67  85  59   5  72   8  58
   52  13  57  70   2  40  23   6  31   1  32  60
   43  90  38   7  58  39  73   7  78   5  68  50
   16  95  47  98  96  99  80  59  22  45  17  75
   16  68  80  32  22  11  33  79  82  26  13  84
   81  11  31  90  59  52  51 100  86  97  22  77
   22  37  92  66  28   8  87  34  55  21  52  24
    4  99  73  32  42  42  57   7   6   1  85  56
   58  79  38  87  21  52  79  53  71  94  24  23
   17  47  57  72  27  77  38  93  41  82  60  14
   46  89  89  51  15  94  63  67  22   6  66  60
   23  11  66  58   7  62  30  44  11  85  92  91
   12  96  12  26  77  49  78  95  97  92   3  72
   69  51  66  63  68  25  47  42  72   2   5   2
   66   1  41  24   9  19  33  68  67   8  23  81
   29  66  84  21  69  51  63   2   4   5  72  58
   91   4  68  32  23  30  88  65  64  48  63  28
   82  19  93  53  26  17  94  97  84  73  14  12
   15  40  16  42  28  63  34  41  61  88  90   2
    2  71  89   6  87  17  76  98  79  33  62  74
   94   6  26  83  14  87  73  61  57  10  77  73
   28  14  77  75  23  96  50 100  15  79  54  58
  100  93  35  54  23  83   6  32  54  31  92  26
   55  97  48  42  98  84  42  50  63  13   6  99
   95  21  60  51  39  82   4  28  40  41  71  85
    9  65  63   3  62  23  42  85  27  69  95  97
   15  64  75   3  69  96  95  29  72  32   6  53
   30  84  33  99  20  97  88  60  12  52  49  38
   50  87  98  97  19  44  50  49  56  25  22  35
   55  72  99  52  24  71  49  79  16  61  14  29
   29  74  68  21  77  89  53  64  27   7  63  74
   98  37  19  90  48  15  99  27   8  27  45  33
   94  59  27  77
   69  88  21  14   4  86  34  78  63  21  79   5
   12  12  80  32  81  18  88  87  38  68  12  56
   33  24  48  98  52   3  95  17  56  30  75  54
   13  45  29  47  30  46  26  18  78  79  54  10
    1  72  10  69  32  12  77  70  93  62   9  77
   97  36  89  63  35  95   2  61  60   9  83  64
   71  45  76  67  82  14  72  54  87  46  51  31
   25  29  11  93  25  66  94  50  63 100  10  84
   99  70  42  53  12   9  59  45  24  94  16  64
   34  36  44  75  23  11  44  77  69  37  64  29
   51  98  77  20  46   7  52  76  19  11  13  25
    6  49  95  80  99  45   5  98  16  47  50  58
   61  11  90  90  92  29  62  56  73  99   7  59
   18  40  86  14  35  50   6  44  59  10   7  36
   86  25  78  32  88  19  49  61  34  67  71  27
   98  72   7  27  65  82   3  20  25  63  58  42
   66  97  87  56  62  46  79  54  45  35  48   2
   84   2  72  20  47  76  39  19  63   9  74  70
   75  39  66  28  87  12  85  83   7  36  99  78
   78  87  78  50  14  52  97  22  13  18  27  44
   81   8  25  72  41  56  16  90  29  31  68  81
    3  96  63  36  24  23  59   8  48  40  43  14
    3  29  88  78  58  67  96  18  92   9  31  68
   58   8  56  65  26  99  57  58  42   4  63  71
   61  91  57  11  88  82  85  13   2  92  57  36
   78  24  37   1  12  97  38  64  18  31  97  48
   41  57  57   7  52  95  29  36  38  50  61  32
   87  70  94  86  69  43  12  32   8  35  82  28
   44  71  99  90  97  66  16  67  23  95  64  52
   54   7  79  53  46  81  13  90  11  33  35  51
   46  59  40  78  56  25  39  10  70  99  45  55
   50  33  62  26  96  77  53  96  44  50  12  20
   54  44  29  81  98  77  44  98  41  92   1  64
    6  92  88  29
   82  90  38  76  66  60  40  48  89   1  49  52
   37  52  51  99  60  19   2  96  19  88   6  60
   39  14  10  20  94  66  19  74   7  58  27  25
   59  33  67  74  33  25  87  96  62  84  31  74
   10  78  52   2  54  53  38  63   4  69  53  75
   26   6   8  99  95  28  35  22  59  35  96   5
   25  60  99   4  64  56  38  56  35  37  50  36
   26  97  90  80  15  92  33  82  48  94  78  51
   42  14  86  47  95  87  35  78  30  39  79  69
   39   8  50   2  68  46  55  16   2  80  10  88
   71  51  79  75  94  12  43  24  14   2  79  54
   69  85  64   8  82  64  92  66  59  53  17  43
   16  28   4  32  20  36  15  36  49  89  95  64
   74   9  92  86  56  52  87  71  61  99  44  81
   97  18  81  43  71  83  64  87  58  81   7  51
   96  72   2  51  97  23  62  34  73  13  90  83
   87   3  58   3  22  77   5  62  60  55  64  22
   95  61  96  18  51  81  51  14  23  72  39  33
   41  46  33  46  49  26  75  35 100  65  15  27
   80  40  56  88  35   6  31  99  31  28  87  88
   27  77  95  38  64  94  74  57  80  26  38  33
   36  25  61  35  65  26  56  97  39  81  79  73
   58  75  51  50  48  98  90  34  90  93  77  13
   61  73  26  75  90   6  82   8  44  62  37  52
   24  46  55  44  77  74  34   6  42  45  65  19
   94  61  31  60  24  28   7   7  29  17  90  13
   20   4  46  53  58  66  67  32  95  62  61  70
   47  64  50  48  74  69  90  31  90  81  10  48
   83  55  69  59  57   8  37  70  95  12  81  30
   36  39  89  93  74  87  96  54  76  71  38  39
   18  78  19  81  34  99   5  57  99  24  27  88
   14   6  11  23  16  98  20  73  14  56  20  32
   29   8  60  50  69  93  79  91   9  78  19  45
   96  30  67  17
   94  95  80  38  36  50  59  20  66  99  88  70
   71  38  92  27  91  95  83  80  81  48  72   8
   11  22  17   5  12   1  12   2  67  13  27  89
   46  24  87  21  77  16 100  17  74  66  16  66
   96  13  46  16  60  21  16  53  90  38  61  88
   13  44  77  23   2  97 100  21  53  70  38  64
   20  84  45  10  81  34  40  34  52   4  70  75
   49  86  11  71  87  85  19  83  29  18  23  23
   69   7  62  63  76  71  65  54  62   8  75  24
    6  65  15  74  21  15   3  76  57  12   4  52
   59  53  29  53  60  32  83  35  21  73  45  21
   13  79   2  66  45  61  20   8  39  58  65  10
   37  63  65  13  65  36  11  60  34   5   9  33
   85  71  73  67  80   4  61  76  32  25  54  55
   88  95  82  85  44  84  91  37  13  46  55  51
   33  78  29  36  18  78  49  35  55  96  80   6
   45  81  93  85  81  12   5  47  82  36  42  59
   60  93  69  26  34  33  45  37  92  29  25  94
   89  87  16  47  96  44  66   9  88  62   3  77
   79  19   8  45  95  85  51 100   2   7  49  25
   63  67  81  87  52  56  44  27   5  21  50  31
   12  24  70   9  61  80  22  59  22 100  97  28
   70  20  39  60  59  24  55  54  35  70  86  95
   96  99   5  96  93  43  66  23  77  21   5  16
   85  42  62  12  81  85  78  46  24  88   8  63
   95  17  88  11  62  36  58  31  81  77   2  45
   60  90  57  36  45  96  56  14  61  30   8  89
    2  79  33  28  50  19  37   8  51  33  25  65
   29  35  67  35  42  81   4  87  86  79  88  56
   41  84  88  62  61 100  19  24   4  60  18  77
   14  12  79  70  40  96  14  64  98  11  63  27
   85  77  54  13  25  95  99  47  69  97  40  92
   34  86  29  22  83  81  64  70  60  43  64  97
   51   5  80  29
   1646  1574  1641  1655  1615  1654  1634  1624  1670  1633
