 10 225
  103  26   9  95  22  70  67  28  84  69 100  21
   92  64  44 102  66  60  67  49  85  32  87  60
   32  85  59  72  33  81  38  15  81  92 105  97
   26  23 100 102  67  60  92  96  92  34 102  31
   34  13  34  46  27  37  72  37   8  57  90  44
   84 106  19  70 113  46  87  46  69  30  57  15
   62  61  87  29 112  84  28  36  50  56 100 112
  103  51  84  15  55  17  98  12  18  42  72  40
   16  63  49  96  52   4  71  99  75  39  82  60
   43  35  97  18  80  43  50  83  88  33  73  21
   91  25  17  71  91  56  94  75  27  70  67  38
  101  20  49  37  17  85 105  87  34  73  50  85
   69  36  62  23 106  63  79  93  82  31  69  77
   17  12  35  85  68  26  96  91  35  92 105  60
   28  66  55  98  36  95  61  58  81  85  60  42
   47 102  32  77  26  93 110  30  36  43 107  79
   78  35  37  82  99  61  46  71  99  92  41 105
   20  71  68  85  59  13  59 105  97  91  93 111
    8 100  43  99  58 112  64  26  75
   55  44  50 100  82  44  11  54  18  30 108  23
   24  23  19 115 103  46  91  56  73  25  85  82
   35 100  81  65  40  53  43  60 102 100  95  11
   84  82 109  94  91 100  64  51  57 100  81  90
   60  95  47  65  13  95  43  92 101  33 110  21
   89  52  90  98  90  26  37  46  23  21  86  45
   25  50  64  85  19 111  11 104 102  90  85  87
   96  88  38  78  74  69  95  19  15  36 118  87
   92  73  21  81  36  21  32  88  49  52 100  19
   58  16  34  56  26  79  49  51  76  38  49  73
   43  97  16  45  22  96  53  22  97  22  53  58
  103  92  45  16  72 101  73  50  25  80  69  77
   31  57  17  73  54  72  38  62 106  53  67  38
   51 101  61 102 100  88  62  48  50  40  97  68
   45 112  10  86  44  48  44  45  49  57 112  22
   81  49  64  65  55  19  32  18 109  22 110  86
  109  34  69 112  52  92   9  75  75 104  47  72
  103  64  94  25 102 110  75 110  75 113   7  64
  108  15  87 100  34  62  31  95  80
   27  26  32  39  91 101  89   4  88  98  36  74
   81  97  67  35  71  78  19 105  36  68  36  43
  100  70  80  17  43  13  37  41  39  19  95  88
   84  69  45  83 102  28  81  77   9  47  15 106
   75  47  39  85  46  97  72 102  33  48  35  30
   82  33  35  23  45  70 118  61  46  71  20  75
  102  65  20  94  48  12   8  64  90  52 107  37
   68  89  72  46  62 112 102  88  68  43  99 101
   87 101  87  63  29  53  26  94 114  54  56  77
   39  30  50 101  51  50  22  85   8  85  23   5
  104  50  65 102 115  73  63  78  53  85  86  76
   33  33 108  60  13  41  70  56  68  22  90  95
   20  85  43  45  59  98  82  14  15  32  53  77
   48  21  32  74  17  64  38  30  91  13  82  27
   82  72  69  84  39  63  13  24  48  59  48  60
   94  48  40 100  29  27  68  24 101  16  82  25
   69 110  31  19 105  12  48  20  78 106  88  92
   75  35   5  96  98  18  19  63  45  82  31  46
   18  86  27  82  17  36  41  97  66
   79  38  67  50  91  78   8  27  90 100  82  89
   84  44 117  36  26  59  46  65  68  17  76  46
   49  40  12  37  33  59 116  32  71  22  59  25
   29  49  88  98  70  73  20  44  41  25  47  36
   15  95  30  82  63  17  17  64 103  14  67  98
   83  47  90  62  74  32   8  15 101  96 109  74
   73  87  93  12  20  93 112  54  36 101  85  30
   40  83  73   6  54 108  25  75  89  35   5  24
   66  93  28  88  59  39  21  25  18  85  35  50
  105  77  59  56  25  78  34  16  22 117  48  31
  110 105  57  47  92  26  37  81  79  46  51   9
   97  76  36  71  90  81  32 110  33  88  61 101
   23  24  13  15  81  52  50  98  15  95  43  70
  102  27  80  67  73  97  74  48  47  96  44  62
   69  99 100  29  69  30 104  79  46  17  97  54
   59  26 107  34  77  79  74  31  80  60  32  26
  112 105  26  67  24  92 102  99  57  38  25  60
   70  76  24  28  19 110  91  53 111  70  90  33
  102  43  92 102  53  27  83  90  41
    2  80  71 104  90  86  97  56  27  42  85  38
   14  78  39  65  61  47  51 111  76  40  45  46
   56  22  46  30 102  22  89 106  63  17 108  67
   78  41  80  99  48  94  74  30  14  15  75  67
   83  88  55  57  85  36  91 101 100  48 107  31
   82  39  81  33  64  51  71  46  25  61  22  81
   95  88  13  27  49 103  85  89  87  19  11  73
   29  59 103  57  60  16  71 103  75  66  99  14
   56  69  38  35  47  42  44  48  16  12  32  48
   84 108  44  24  19  14  91  47  95  61  80  30
   52  88  80  41  62  23  92  57  83  40  82  18
   32  45  81  37 115  23  10  63  93  82  91  19
   40  17  46  55 111  99  49  37  40  98 106  71
   71  53  76  79  80  45 100  43  37  47  58  74
   39 107  33  75  43 105  18 103  18 104   9  84
   47   9  71  95  65 109  55  89  63  16  97  53
   88  73  67  57  68  14 108  37  94  87  79  35
   85  29  86  25  32 104  84  76  47  42  76  57
  108  17  98  38  49  98  14  36  44
   33  80  97  54 115  48  78  62  84  82 110  80
   97  29 102  79  38 106  86  96 114  14  36  27
   48  75  39  47  21  73  30  62  65  98  26  65
   95  83  21  34  74  90  99  95  94  10  58 109
   32  33  23  23  80  83   5  66  34  23 114  45
   61  54  42  40  82 106  54  37  93  39  27  12
   55  91  58  60  46  82  68  41  55  23  44  19
   39  43  42  98  27  43  25  86  89  62  11  40
   31  67  89  24  36  88 107  51  43  29  28 103
   54  58 113  36  47  34  35  94  86  39 111  84
   50  98  45  40  99  86 112  78  24  55  73  11
   92  54  16 110  91  73  87  46 106  78  72  21
   15  95  87  66  91  68  47  92  62  73  71   3
   37  41  82  61  41  57 109  68  25  91  81  12
   64  86  44  83  88  53 106  40  60  69 103  43
   31  63  46  18  44  65  41  98  78 109  57  24
   63   7  21  24  48  24  41  45  49 103  10  55
   85  44  13  20 107  84  78  86  74 100  26 111
   81  41 105  86  66 113  25  49  68
   27  93  84 109 108  77  40  55  82 108  73  63
   37  50 106  35  27  23  88  91  34 104  11  31
    9  47  62 105  95  18  28  32  64  63  76   9
   89  69  27  91  37  86  62  95  60  73  61  41
   44  79 109 101 105  55  16  70  68  35  80  38
   48  45  44  19  95 114  40  98  59  22  18  17
   86  85  64  58  53  16  45  56  60  23   8  65
  113  95  35 106 103  87  94   7 105  20  94  54
   83   5  89 109  98  34  82  19  79  62  47  69
   79  81  35  62  98  98  87 103 108  71  31  71
   40  41  95  40 111  18  12  91  62  31  71  99
   50  10  16  23  57  68  94 113  52  80  78  51
  100  45  52  52  92  44  19  98  11  99  92  63
   53 109  53  96  31  29  78  57  71  84  86 101
   87  62  74 106  55  98  66 100 106 106  90  53
   51  88  98  37  61  54  62  64  86  53  51  44
   22  76  12  21  25  45  73  14  91  90  35  36
   81  27  29  22  24 103  58  61  50 100  64 101
   66  53  29  45  81  34  43 116  37
   40  45  26  83  82 109  11  54  46  47  52  88
   34  60  79  76  45  82 114  96 100 107  73  26
   98  41  22  73 110  16  50  22  47  38  73  46
   39  72  95  34  90  10  83  83  89  87  34  89
   53  80  28  64  26  86  10  55  22  23  23  37
  102  79  29  74  56  45 106  24  79  92  25 103
   57  26  80  41   9  82  55  54  49  82  81  77
   96  94 107  74  44  91 110  13  28  83  22  19
   56  30  68  19  81  34  14 101  95  22  43  35
   48  30  72   7  99  72 108  34  66  53  33  18
   48   6  59  89  58   6  68  44  51  67  67  53
   41  30  75  37 103  83  96  74  52  78  21  70
   42  38  77  12  21  88  61  47  27   9 107  49
   34  89  80  49  89  41  85  14  51  23 104  65
   90  78  60  73   4  68  68  40  78  18  58  28
   96  99  93  96  65  61  12  24  50 111  61 105
   54  45  12  22 104  47  95  93  73  36  99  99
  104  50  50  60  89  83  99 105 113  14  86  48
   55  30  13  15  27  79  39  32  17
   68  42   5  72  86 113 101  49  87  92  65  73
   46  90  42  75 108  51  64  38  18  63  97  99
   95  60 110  55  90 100  88  21  68  98  74  46
   14  36  18  52  71  44  48  42 118 105  84  29
   58  20  24  12  80  77  51  26  72  89  68  99
   94  91  80 102 102   8  15  73  70  75  26  45
   85  55  31  83  24  60  46  51 100  13  78 101
   30  50 115  23 115  64  56  73  32  75  57  27
   57 102  24  13  38  82  52  78  58  31  64  79
   32  32  22  97  34 101  44  23 104   7  69 116
   77 106  99  59  31 105  80  27  43  90  93 106
   34 114  48  52  50  99  45  88  48  46  70  75
   88 104  25  57  80  97  61  83  28  20 107  63
   53  62  89  65  44  83  21  76 108  24  36  18
   34   8  58  73  26  79  83  87  79  73  76  54
  114  51  71  50  18  82  84   8  45  98  30  56
   72   9  17  68  92  85  53  97  27  24 101  30
   52  38  20  58  37  28  82  98  83  79  46  29
  117  64  23  60  85  95  57  82  12
   32  16  72  94  19  60  44  40  92  53  96  68
   68  24  78  65  21  17  29  19  78  32  91  33
   16  56  61 102  69  37  69  78  18  11  46  31
  104  88  63  97  59 104  33  50  35  40  58  94
   59  74  91 100  28 104 105  20  72  36  80  48
   40   7  59  80  49  74 113  16  67  52  44  72
   60  28  88  95 105 102 108  53  86  18  80  67
   15  73   3  90   6  69   6  97 110  31  59  48
   11  38  33  33   7 105  63  18  50  26  76   7
   57  65  64  13  77  50 102  35  13  63  88  40
   45  36  46  34  97  58  95 110  89  37  48 100
   52  34  22 102  83  53  79  79  15  51  24  35
   41  81  58  58  89  99  63  62  73  66  41 102
   81  84  42  83  70  55  73 104 101  54  95  97
   52 114  30 112  35  33  41  56  89  73  99  97
   55  50  35  52  67  39 113 103  31  41  29  35
   39  92  15  59  27  89  85  89  30  46  91  64
   27  51  15  55  31  96  64  80  19  16  43   5
   46  83  85  62 111  62  28  63  80
   17  77 100  17  93  37  51  80  31  39   8  86
   19  56  64   4  44  50  40  68  28  81  28  51
   80  29  57  31  77  28  69  91  30  13   6  16
   86  79   5   8  36  51  14  17  24  71  16  80
   86  89  68  74  92  80  46  79  98  57  12  60
   20  13  83  50   7  57  25  62  43  87  46  98
   50  51  15  79   2  31  77  83  59  47   3   1
   16  57  26  98  48  88  13  98  85  60  35  66
   93  41  56  14  66  98  33  18  31  79  24  44
   66  85  18  88  35  76  68  30  27  74  45  96
   13  87  95  44  16  46  18  41  88  43  50  78
   10  98  69  79  88  29   3  31  84  33  55  21
   35  82  40  93   3  40  38  13  28  73  49  40
  100  91  76  26  36  92   7  13  74  22  13  47
   82  42  65  10  71  20  58  58  31  21  43  75
   71  17  83  35  77  11  10  82  80  70   4  23
   35  69  74  25  16  54  67  34  21  10  72   2
   91  46  45  27  44  94  52   7  10  15  13   3
   95  19  66  16  46   6  43  82  31
   55  60  56  11  37  63  94  58  93  79   3  92
   83  87  94   2  10  67  22  62  38  95  20  24
   85  13  30  55  68  49  76  51  12  12   9 100
   22  36   6  21  24   3  45  54  58   9  28  21
   42   9  73  42  91  19  71  21   9  72   4  89
   26  57  16  15  23  93  65  68  92  91  25  58
   82  64  47  26  87   2  91   2  17  12  25  27
   10  20  66  34  28  33  11  92  97  66   2  16
   26  30  81  32  68  85  85  16  68  51  20  85
   53  87  81  55  94  27  54  60  35  82  63  36
   67   8  91  66  89  21  56  86   8  98  56  56
   17  25  71  92  31   4  31  61  83  35  43  40
   88  55  88  31  60  39  70  49   3  58  35  65
   55  15  50  13   4  24  44  58  54  67  15  35
   69   7  93  34  61  62  73  66  59  46   5  80
   28  69  46  45  56  99  82  92   1  93   3  30
    2  81  46   5  51  19  99  40  32   2  72  31
   15  40  18  95  18   2  31   2  32   6  98  47
    3  93  22   3  82  51  86  22  37
   89  80  87  80  11  10  28  99  31  13  78  37
   22  13  50  74  41  25  88  15  76  45  71  76
    8  48  29  99  76  99  67  65  70  83  12  23
   22  34  58  36  12  90  36  42  97  55  92  11
   41  73  76  34  60  13  42  17  83  70  69  81
   26  79  83  85  69  39   2  56  59  45  84  32
   17  45  98  14  57  99  98  44  25  52  12  75
   40  23  45  73  57   4   2  16  38  72   3  18
   32  15  32  54  77  67  90  12   6  59  55  39
   69  81  61  16  66  55  94  35  96  26  87  97
   16  55  40  14   4  40  46  27  58  31  31  38
   80  75   9  56  91  63  43  50  50  88  28  16
   89  27  77  60  60  21  27  93  92  81  49  34
   66  95  83  28  95  55  73  78  23  95  21  92
   32  37  51  32  67  57  92  84  65  59  61  47
    9  58  70  14  75  86  43  85  17 100  36  87
   42   7  86  98  10 100  60  97  40  14  20  18
   37  77  99  13  20  96  97  43  72  38  77  61
   98  29  84  28  98  68  72  20  47
   38  66  43  61  20  30  95  76  22   5  26  26
   31  60   2  84  80  57  74  41  38  86  44  71
   53  75  97  78  78  56   1  83  39  89  55  93
   74  63  21  20  39  40  93  64  66  79  55  70
   92  16  77  28  50  96  96  52  15  93  37  16
   21  62  17  47  35  75  96  93   1  15   5  41
   34  25  18 100  86  27   4  57  77   3  34  81
   78  35  47  99  62  10  88  31  23  85  99  84
   46  20  75  23  49  64  89  82  86  18  71  57
    6  41  52  52  80  40  75  89  97   2  63  82
    3   8  50  72  25  89  77  26  40  67  52  93
   20  38  66  36  29  28  77  10  86  14  55  10
   95  96  89  87  32  50  61  19  93  20  68  41
   13  89  30  51  37  15  37  65  64  12  75  46
   43  13   7  80  42  82  15  35  67  95  11  62
   60  82   6  75  40  30  41  83  26  49  85  90
    7   8  90  52  81  15  10   5  62  81  84  45
   35  38  85  83  89   7  23  50   5  50  14  70
    1  71  16   1  53  85  23  24  68
  100  34  42  11  16  26  13  49  76  73  26  76
   94  29  72  50  53  58  67   7  33  72  75  56
   52  86  56  89   9  83  22   5  49  89   3  37
   42  68  31   8  61  18  31  81  89  91  27  37
   28  25  61  55  25  72  26  11   7  62   3  83
   33  63  23  80  54  61  35  68  91  46  82  22
   19  21 100  79  63  12  22  19  22  98  91  38
   80  53   2  53  53  94  33   8  34  51  13  91
   53  42  78  78  58  61  63  70  98  90  87  57
   24   3  65  88  96  97  22  55  19  42  24  90
   66  16  27  73  41  85  25  54  31  77  24  89
   84  66  21  83   1  83  94  51  25  28  17  87
   63  93  68  54   8  14  65  74  71   9  11  40
   38  56  44  37  27  63  13  76  65  62  51  40
   75   9  74  45  73   2  87   8  85   6  96  34
   66  94  47  11  41   6  63  20  53  99   5  56
   28  44  35  60  44  98   2  70  22  24  31  75
   27  88  34  91  74   4  22  41  62  63  40  54
    2  89  12  73  69   7  89  77  71
   71  26  15  51   2  58  37  45  26  22   8  34
   22  73   4  41  73   3  30  20   4  92  81  93
   66  39  66  58  97  33  86  43  38   6  92  38
    7  35  89  84  43  18  12  23  16  99  59   9
   86  72  92  89  39  28  97  39  71  80   6  66
   50  51  78  69  28   9  60  70  22  79  84  98
   55  16  46  45  64  29  43  72  61  86  67  95
   64  66  68  17  92  76  77  30  17  41  91  79
   78  42  24  92  68  27   8  64  67  81  79   8
   51  59   5  69  61  75  82   8  25  68   5  27
   56  17  75  80   7  23   2  36  80  56  37  99
   17  62  97   6  29  33  28  67  10  37  42  88
  100  17  21  45  17  45  68  19  41  44  41 100
   78  70  30  52  74  56   7  36  88  20  39  99
   43  34  60  30  23  60   6  67  45  40  11  77
   85  55  72  95  73  49  69  22  41   7  52  90
   48  96  87  94  54  85  69  70  61   3  94  54
   24  76  93  94   9  23  33  24  28  10  76   5
   30  73   1  26  52   3  92  65  43
   78  13  19   5   8  39  75  48  31   2  38  54
   81  58   8  83  91  95  25  27  71   5  95  73
   95  55  46   4   8  93  75  87  38  45  29  94
   26  37  84  20  66  25  46  22  55  37  52  70
   63  32   3  11   7  65  86  36  41  71  31  75
   60  57  60  95  19   5  68   8  53  94  99  97
   22  34  51  61  63  98  73  51  58  91  99  43
    5  11  76   9  13  29   8 100   7  86  20  56
   36  99  28   6   8  77  20 100  24  51  57  46
   37  22  81  56  13  12  32  11   9  33  88  34
   64  74   8  78   4  85  90  26  51  89  49   3
   60  99  92  96  49  48  20   3  59  34  36  67
   18  73  67  51  15  72  95   6  95   4  10  57
   59   6  58  12  80  82  26  58  31  27  16   5
   24  47  43   6  62  14  50  16  12  14  21  52
   68  18  22  67  57  64  43  40  31  51  58  67
   86  40  99  87  90  75  38  93  24  20  81  79
   30  88  82  82  83  15  62  50  64  11  40  13
   52  53  86  73  27  74  76   2  83
   77  63  89  35  38  11 100  58  59  71  67  21
   73  45  27  35  66  38   5  19  18   8  45  76
   13  72  95  42  10  86  65  80  73  77  30  59
   69  38  15  70  21  92  29  31  31  17  69  31
   63  26  84  52  85  21  95  47  80  97  93  82
   13  23  83  40  63  70   1  87  24  14  88   5
   53  93  32  76  96  35  65  49  71  36  31  42
   10  17   9  31  66  27   2  89  87  21  89  93
   46  90  40  84  32  69  89   6  15  85  76  84
   60  90  45  96  14  42  10  76  45  52  78  97
   56  97  46  17  51  96  39  75  66  38  36  67
   70  84  39  69  16  32  14  32  64  29  91  33
   62  68  32  96  94  30  49  70  84  96   2  65
   68  20  40  68  24  61  26  97  69  90   5  42
   18  42  44  45  98  41  37  66  40  88  62  91
   12   8  16  18  37  59  94  88  56   7  49   6
   65  59  99  92   7  66   8  20  29  78  19   3
    7  70  61  55  19  26  13   2   2  89  22  61
   48  72  99  87  80  26  73  72  87
   51  62  99  31  23   3  19  57  24  13  48  29
   64  22  72  34  12  62  47  77  93  48  10   7
   21  53   6  53  12  11  22  84  42  20  41  69
   98  70 100  57  43  74  67  66   2  13  27  85
   49  94  81  94  24  31  60  85  36  13  48   7
   10  15  22  17  16  99  94  44  35  40  85  70
   22  56  89  19  90  55  65  57   3  98  36  12
   75  66   1  94   1  47  59  47  77  28  47  91
   49  11  89  93  66  29  60  42  51  80  56  41
   79  78  85   7  73   9  67  91   8  98  45   4
   29   5   6  50  85   6  25  92  70  16   9   8
   77   3  63  68  70  21  62  32  63  62  38  42
   15  11  82  50  31  19  54  33  87  83   7  42
   57  52  28  52  58  25  82  26   2  78  81  93
   70 100  51  43  90  35  23  21  30  42  35  49
    4  68  40  52  89  33  32  98  63  22  82  52
   39  98  92  35  25  25  52  13  91  93  16  76
   56  77  90  50  71  86  34   4  34  40  66  82
    3  50  97  47  26  19  62  25  92
   70  97  41  20  83  54  60  68  28  64  16  38
   39  87  33  49  90  94  77  83  34  86  18  83
   96  64  59   4  42  71  35  33  89  95  58  78
    7  31  40   9  52   5  69  61  85  64  53  16
   43  30  24  19  75  11   3  87  40  75  29  62
   63  95  57  26  68  44   5  88  53  61  70  34
   46  79  17  20  11  11  10  57  20  99  22  36
   95  38 100  23  99  37  97  17   2  71  61  71
   97  74  87  75  96   8  40  98  67  83  30  98
   53  53  54  91  39  61   4  84  92  56  27  67
   57  69  61  77  19  49  23  10  22  68  65   9
   59  83  89   6  20  60  30  31  97  67  90  83
   66  21  54  59  15   5  47  51  43  40  64   4
   26  31  71  34  33  58  47  12  17  51   8  10
   59   6  86   4  82  78  69  49  22  36   7   9
   63  69  74  51  38  69   5   6  84  65  81  83
   74  26  90  58  92  24  35  14  90  62  21  51
   92  62  93  55  72  14  44  32  85  90  73  97
   70  27  27  44   7  54  82  50  38
    869   840   958   913   900   897   876   938   880   936
