 20 400
   93  49  19   6  36   3  69  26  33  66  66  15
   28 103  81  41  24 101  67  40  76  96  74 101
   71  40  68  85  41  77  37 101  41  70  44  84
   43  81  28  50  99  47   7  92 104  13  12  74
   51  91  29  38  26  20  67  18  43  50  23  61
   49  15  25  71  26  31   5 104  57  54  59   8
   61  14  43  58  91  47 102  52  40  39 116  13
   33  38  92  11  50  53  55  74  68 103  98  76
   78  88  59 102  99  66  38  66  53  63  57  30
  108  66  24  23 105  41  48  50  63  77  96  33
   43  87  24  65  81  75  64  34  34  19  46  61
   94  62  68  79  51  32  45  11  83  61  82  56
   60  72  99  66  15  46  46  34  35  87  65  95
   53  52  31  29  86  35  23  20  25  67  41  96
   23  52  44  20 116 112  85  85  38  27  92  65
   34 105  32  64  22  89  20  24  45  63  68  14
   67  15  90  43  74  28  61  87  46  65  75  57
   52 110   5  80  51  65  63  64  85  45  60  96
   35  88  44  14  41  71  83  58  91  15  43  68
   87  32  21  86  71  81  77  27  73  98  64  12
   33  80  89  50  69  48  21  60   8  82  94 103
  103  81  64  96  90  48 102  96  64  63  24  82
   95  61  45  28  43 104  34  28  77  48  90  38
   31   4  21  46  53  27  93  76  96  41 101  96
   78  53  25  29  50  28  24 104  48  16  60  80
   45  91 102  82  18  63  25  51  32  74  29 103
   85  34  78  50   4  76  21 109  68  65  29  87
   10  69  64  26  62 104  16  86  24  47  80  26
   86  85  29  69  59  87  55  84  19  81  26  46
   88  94  72 106  75  19  75  52  43  98  17  96
   34 101  37  46  79  36  70  30  78  27  44  33
   90  66 105  41  83  27  54  48  32  76  80  19
   49  31  19  62  95  58  67  67  95 104  59  81
   58  83  45  24
   63  85  44  15  80 106  13  28  45  62  45  92
   30  38  63  45  95  26  78  27  60  95  98  19
   31 102  44  73  25  89  57  74  61  36  34  46
  109  77 114  52  72  71  35  86  41  49  79 110
   21  86  67  64 107  97 113  72  21  84  47  38
  105  67  74  56  74  42  81  80  93  57  33  19
   50 101  93  23  53  47  33 116  94  40  22  36
   31  51  93 107 102  54  94  73  58 109  50  66
   92  60  39  81  89  34  87  26  85  53  33  91
   25  84  27  61  65  86  91  86  84  30  26   3
   86  97  81  60  57  65  10  21  59  71 100  72
   54  60   4  30  84  45  87  72  11  31 104  17
   62  66  92  62  45 101 106  88  99  68  56  85
   61 106  73  76  26  15  18 101  27 105  22  63
   57  19  88  76  73  38  69  17  90  60  73  86
   33  17  83   4  27  51  54  33  89 100 103  64
   37 111  23  13  83  22  67  83  89  73  67  65
   65  92  82  22  57   8  32   6  25  49  57  81
   61  67  69  29  38  19  84  63  81  45  49  50
   45  95  60 103  89  28  58  84  10  47  28  23
   51  28  35  83  58  64 108  98  45  53  71  18
   25  32  78  64  49  70  90  42 105  99  62  19
   84 104  75  41  99  70 106  36  82  25  79  46
   12  33  84  46  30  11  72  27  28  88  87  46
   65  70  17  48  84  82  40  87  44 102  48  18
   74  35  81  16  74  14  97  19  21 107 104 105
   62  59  89  18  85  80  94 105  37  84  42  97
   59  96  74  40  95  43  11  40  73 107 116  79
   97  37  40  68  45  59  32  87  29  21  71  19
   53  57  43  51  54  33  81  35  67  49  67  54
   24  65 114  36  90  42  94  20  79  75  22  35
   40  73  30  68  37  93  32  74  91  71  35  45
   22  95  81  86  84  72  81 105  41  68  55  66
   28  25  17  14
   21  86  68  79  68  95  58  13  53 102   8  66
   89  39  28  36  30  23  37  94  31  67  79  53
   32  63  39  34  91  33  61  31  29  41  82  98
   26  43  68  99   5  65  14  70  39  44  72  83
   77  90  43  82  30  20  93  53  53 100  85  89
   27  51 110  26  99  41  80   3  96  80  68  44
  109  18  65  53  35  83  33  63  31  53  83 102
   92  56  93  86  47  62  80  44  88  49  20  77
   87  86  64  92  83  16  11  95  22  16  65  16
   21  46  79  27  69  68  60  43  84   4  28  21
   43  89  62  41   6  35  60  38  66  71  72  14
   32  58   3  87  76  17  52  59  60  78 101 104
   25  92  49  66  67  71  89  51  18  76  50  20
   76  32  21  22  49  72   5 104  64  15  13  71
   68  16  47  30 100  49  86  31  55  21  14  88
   69  66  63  31  68  62  63  44 109  50  49  79
   33  11  39  11  66  28  14  61 108  51 105  65
  102  22  67  56 110  74  31  95  35  92 102 110
   25  23  25  95  69  16  38  61  11  97  58  51
   63  69  92  25  57  80  12  28  93  67  69  14
   49  29  20  49  45  99  14  23  66  16  69  77
   17  17  73 100  97  56  99  88 100  84  99  77
   65  80  21 102  38  11  27  54  85  78  82  71
   28  54  48  80  85  16  19  70  81  79   8  11
   68  79  83  25  59  62  25  89   8 108  36  89
   98  98  45  91  29  42  57  25  27 103  76  72
   96  64  93  56  44 109  48  62  56   5  49  44
   67  45  36  56  99  38 113  70 101  98  76  76
   80  99  64   9  25  35 104  93  93  54  32  57
   32  37  28  68  39  29  16  46  87  25  25  45
   16  12  38  28  29  39  10  60  31  24  41  28
   48  75  67  95  90  24  52  16  88  47  71  79
   27  72   3  13  46   8  61  72  88  23  81  63
  108  26  32  56
   72  74  31 107   8  65  45 113  54  30  43  31
   50  55  74  35   5  26  72  78  50  40  77  75
   91  21  85 105  55 105  64 100   7  16  82  45
   96  27  41  21  52 109  24  35  32  90 108  49
   94  66 102  48  86  96  85  56  46  33  29  69
   15  54  85  18   8  31  53  48  71  65  39  88
   65  54 116  99  82 103  54  28  32 102  65  16
   19  73  35  72  86  97 110  91  20 111 103  46
   38  82  51  81  47  88  97  48  94  39  93 105
   53 100  28  24  60  94   9  82  59  98  46  38
   38  71  37  74  83  67  22  18  41  24  44  82
   38  22  54  50  67  40  59  73 101  45 107 106
   63  32  62  31  38  78  55  41  82  69  80  21
  117  66 113  83 100  53  21  96  57  72  11  47
   84  35  85 105  97  27  93  92  67  94  93  80
   34  57 104  94  84  10  45  93  99 113  81  93
   43  25  69  61  18  85  45  70  53  78  77  81
   98  72  44  67  73  40  75  12  97  43  49  69
   88   9 103  32  80  37  65 100  68  37  63  61
   34  69  56 109  92  49 107 105  54  26  79  26
   26  42  13  29  85  79  88  17  76  21  43  18
   56  82 101  18 104  44   7  96 101  49  22  59
  110  23  45  59  43  75  56  57  69  98  74  33
   51  59  66  69  76  25  52  51  39  36  49  52
   13   5  71  49  51  33  22   8  90  75  95  80
  114  66  73  95  68  45  71 103  85  23  36  57
   67  94 102  16  24  45   9  99  77  32  43  39
   60  83  36  88  95  64  50  34  27  25  92  90
  105  59  53  44  25  97  37  73  35  89  98  13
   26  35  38  29  42  47  14  50  61  72  82  51
   69  83  76  19  31  57  33  92  25  38  26  74
   25  74  70  46  85 103 112  63  76  94  74  73
   72  64  71  99  67  61  97  30  96  92  84  38
   22 111  49  54
  109  83  57  34  15  63  90  76  26  79 101  38
   80  30  22  72  63  86  33   8  95  60  79  55
   26  71  48  96 104  70  41  53  44  67  78  60
   34 101 105  74  35  60  53  33  18  55 101  28
   76  48 116 106  33  70  75  84  19  95  48  79
  103  48  86  72 107  56  60  24  61  92  17  43
  106  20  82  75  17  20  55   8  94  41  20  50
   74  18  68  34  18  29  53  66  15  66  60  97
   90 117  74  77  31  89 108  47  51  81  40  79
   38  46  87  74  82  71  30  72  38  25  24  15
   72  58  30  90  35 102  42  73  36  44  34  15
   81  33  81  31 111  52  15  58  55 108  97  94
   27  27  79 104  59  64  98  43  87  75  31  47
   77  78  71  84  71  78  27  68 106  79  55  95
   97  86  39  46  63  29 106  31  92  98  38  59
  110  59  75  84  27  66   8  69  80  28  51 111
   40  52  24  53 102  50  52  86  70   7  65  55
   39  45 114  46 105  91  57  53  35  65  56  84
   98  39  48  68  38 112  79  97  87 111  39  82
   27 100  69  85  56  23  81  97  59  33 105  22
   92  96  88  96  62  22  59  23  48 102  66  59
   47  70  60  30 103  28  59  69  90  71  91  57
   63  85  99 108  17 111  17  43  96  20  21  23
   49  66  86  66  99   6  33  93  83  55 110  88
   51  86  37  65  55  20  39  63  57  21  11 101
   89  22  49  53  28  32  67  47  93  76  56  96
   79  94  17  47  22  92  35  35  75  97  42  46
   13  64  31  88  61  17  65  88  72  38   6  35
   48  39  17  82  68  52  55  57  35  39  70  71
   58  55  33  17  64  49  88  63  40  81  68 113
   83  63  14 103  21  63 104  52  65  49 101  59
   52  53  98  51  90   9  61  79  49  63 106  35
   82  46  84  30  14  93  53  66  69  67   8  58
   33  89  29  86
   45  24  54  86  84  13  25 108  24  53  60  10
   89  47  71  37  92  70  31  11  68  59  63  78
   44  84  70  38  30  47  73  77  26  61  14  82
   66  74  93  44  49  64  38  76  38 109  56  10
  100  26  79  83  41  63  51   9  28  33  35 104
   37  30  49  41  51  70  59 106  14  69  41  53
  104  92  24  40  33  47  53  72  47  70  83  62
   63  27  32  51  83  50  28  11  60  26  83  45
   73  69  69  29  33  13  93  14  41  21  94 105
   75  73 108  84  85  88  56  71  93  47  29  63
   65  98  79  82  21 105  57  85  79 102  33  77
   21  55  77  64  46  50  63  81  24  41  46  63
  100  24  75  81 113  73 107  85  23  62  50  28
   98  81  78  82  40  74  33  58  37 111  56  43
   72  26 106  92  59  80  16  86  28  77  34  36
   42  37  56  73  44  41  50  35  51  68  91  11
    7  44  60  60  65  95  54  25  88  30  19  91
    3  87  58  12  37  32  26  27 101  54  77  84
  100  99  78  10  63  19  61 109  67  97  29 110
   40  75  18  50  64  64  95  41  93  33 100  94
   34  50  32  58 109  57  75  78  44  99 107  62
   72  44  11  37  54 116 116  77  67  27  92  94
   52  90  13 111  30 110  26  76  33  34  61  20
   89  76  97  90  42  26  34  98  79  78  89  32
   56  62  99 106  62  42 103  98  38  75  84  91
   17  54  23  32  42  48  92  21  38  27 108  99
   47  97  53 106 103  71  39  88  26  58  89  68
   50  94  16  96  77  37 102  27  89  32  73  79
   12  73  19  84  78  78 112  42  66  40  40 114
   85 118  87   7  50  29  82  89  46  36  53  68
   37  21  29 103  69  21 104  98 112  91  19  83
   49   7  74  95  14  55  28  90 104  53  98  84
   80  94  35  57  55 116  81  69 107  27  94 112
   59  71  41  44
   41  22  95  42  45  21  31  28  55  57  75 117
   41  85  54  70  43 105  74   7 101   5  36  36
   55 104  94  60  27  13  50  38  49  58  47  22
   75  90  93  26  15 111  89 108  20  39  71  33
   43 113  45  73  73  82  20  16  79  92 107  75
   50  68  78  36  30  25  39  73  57   8  98  70
   37  66  44  55  80  71  57  88  81  93  62  98
   65  77  59  74  59  74  18  82  94   4  95  23
   11  28  20 110  48  31  91  43 107 105  90  65
   82 104  12 116  61  38  77 115  56  29  73  75
  102  37  92 111  80  77  82  29  98  19  24   9
    6  60  11  53  53 103  59  58  82  75  36  25
  112  34  58  82  20  38  47  46  16  33  48  41
   21  90  20  34 100  87  82 102 106  17  19  64
   84  29  64 106  39 104  32 114  23  30 101  51
   76  61  41  47  26  68  35 103  54  61 110  66
   44 100  49  64 106  58 117  57 105  69  76  26
   27  13  43  94  36  19  58  96  21  21  58  44
   40  76  84  73  40  30  37  69  16  51  53  11
   65  84  71  40  44  76  27 109 103  37  91  46
   43  67  80  13 111  15  98  63  84  63  32  66
   52  36  82   7  62   6  28  35  38  17  80  78
   87  57  50  55  45  97  77  95  67  66  97  34
  105 102  46  68  47 101  25  75  49  78  46  43
   73  54   9  52  22  91  47  32  83  82  75  73
   91 114  44   7  18  83  45 115  59  84  80 104
   55  58  96  16  88  97  12 103  70  29  61  38
   36  50  52  49  37 103  57  79  19 109  14  42
  102  90  53  73  69 100  88  34  16  23  81  63
   46  12  61  52  66  56  82 105  73  73  60  73
   54 108   8  31  99  21  68  29  65  57  93  39
   55  68  67 103  56  49  29  32  78  61  94  35
   65  68  42  69  92  38  92  50  28  85  96  59
   77  65  88  13
   79  42  87  22  37  84  80  23  46  19  23  33
   93 113  99  85  70  14  31 107  23  61  55  57
   27  71 101  85  50  81   6  16  20  49  40 108
   72  51  99  42  25  84  99  71  73  36  22  26
   89  28  49  66  32  41  79  24  35  30  84  80
   78 107  21  56  50  53  41  63 116  38  79  74
   19  61  54  33  19 102  85  11 112  90   4  91
   87  16  16  29  40  18  25  91  60   5  41  18
   96 113 104  48  26  32  21  71  91 105  41  63
  104 102  56 111  65  78  82  10  65  74  44  87
   49  93  71  22  53  98  86  33  67  29  17  44
   99  86 107  28  14  38 109  25  92 108  33 103
   54  91  19  23  26 105  88  12 108  77  56  96
   52  21  40  94 106  40  95  98  91 107  41  58
   48  78  92  64  72   6  19  98 106  69  44  75
   44  79  27 115  26  87  68  81  15  98 101  38
   22 103   8  56  77  67  19  57  23 102  60  43
   86 102  32  14  66  68  30  31 112   5  64  96
   26  81  23  55  17  83  55  38  40  39 104  97
   53  69  45  38  24  12  63  45  47  50  39  62
   25 109  88  35  72  66  80  65  36 100  68  46
   36  99  39  27  87  85 101  88  60 105  21  33
   97  63  15  94  91  55  57  36  41  32  28  68
   18  20  98  55  81  62  58  55  27  82  17  18
   88  82  84  72  88  26  28  37  52  78 105  77
   18  90  87  70  89  53  44  77  24  88  95  43
   69  24  25  11  87  75 107 107  51  67  70  14
   98  37  87  65  32  94  46  54  80  60  95  77
   50  33  86   9  50  25  96  61  47  87  55  92
   92  11  75 108 104  41  26  76  84  11  79 108
   43  50 110  71  58  17  19  35  92  89  26  58
   71  18  81  22  18 109  64  26  79 114  60  34
   89 100  85  23  85  71  88  86  33  83  29  91
   44  87  21  73
   96  90  91  82  94  13  96 116  59  65  78  89
   81 104  34  74  95   4  36  42  22  13  64 104
   97  29  59  63  62  75  89  30   7  57  29  21
   10  41  72  16  17  85  37  49  17  79  35  34
   31  80  65  66  85  67  39  78  25  25  88  39
   52 105  47  76 102 101  67  35  21  26  25  51
   56 103  76  86 102  93  53  94  53 101  96  60
   88  35  58  28  85  21  28  54  89  85  61  12
    4  23  87  67  12  20  30  17  98  42  77  30
   14  84  67  34  19  51  73 104  17 106  96  65
   38  17  80  39  81  82  45  33  86  62  55  64
   74  71  40 107  20  81 101  21  73  18  25  27
   84  69  78   8  61  12 106  28  19  34  69  54
   80  50  31  95  53  98  34  15  97  53  49  63
   21  42  16  87  52  46  42  69  72  37  75  16
  108  41  61  29  69  72  98  89 110  38  15  76
   76  56  84  83  68  14 108  97  96  45  99  74
   56  41  33  54  19  73  66  53  67 106  36  29
   63  54  30 106  44  16  46 107  99  33  91 111
  112  25 113  66  48  70 100  89  57  50 108  23
   82 101  76  27  27  97  82  39 101  60 108  35
  104  36  41  10  58  50  20 110  83 118  79  84
   52  58  18  77  81  27 104 105  21 100  87  22
   74  66  13  99  61  28  37  78  64  67  91  15
  109  90  32 104  24  46  34  10  29  72  98  64
   17  41  33  43  71  71  84  25  37  45  41  42
   82  23  59  23  29  42  49  81  76  73  10  57
   86 115  15  35  36  51  22  93  34  25 105  47
   55  56   9  81  65  20  82 105  83 102  76  54
   89  50 111  83  32  99  35  58  77  21  14  39
    9  96  54  93  58  66  59  94  49  53  65  36
   67  46  67 102  40  48  16  20  50 103  90  36
   97  89  36  89 104  69  64  15   9 108  58  70
   59  99 104  43
   33  57  99  21  73  23  16  89 111   8  51 102
   43  54  63  91  18  49  55  62  94  92   8  84
   86  90  93  30  63  70   4  29  89  82 118  63
   23  44  85  14   7  73  64  94  58  82  56 100
   59  50 105 101  12  63  19 113  40 100  46  72
   92  74 102  53  51   9 109 100  74  45  59  64
   16  18  89  97  74  83  87  82  65  55  16  13
   51  22  48  70  11  22  31  69  54 106  84 102
   72  37  32   7  49  40  48  61  47  26  88  20
   91  33  68  56 105  87  27  83  77  47  84 110
   14  18   6  94  48  63  78  14  85  58  60  65
   11  88  55  42  18 102  93 112  54  63  23  63
   75  12  15  83  89  47  55 116  98  35  29  16
   60 101  89  87  84  51  15 111  42 103 108   8
   59  14  67  28  85  32  39  83  27  72  15  48
   54  22  47  10  43  80  38  22  49  53   9  64
   39  26  70  34   5  79  80  80  23 101  65  33
   45  51  26  38  70  77 104  80  51  27  69  27
   35  36 109  45 100  76  60  43  46  46  87  82
  102  91  94  78 102  95  27 101  97  81  89  83
   60 108 105  18  46  75  27  69  69 107  63  54
   96  83  33  27  53  37 100  28  96  54  39 100
   69  39  27  20  27  51  38  84  90  74  74  44
   57  63  30  78  79  43  94  40  20  52  35  54
   78  44  70  58  72  45  22  91  19  56 105  20
   34  22  60  97  31  57 105  33  31  66  84  33
   96 103  24  52  51  77  74  45  69  30  53 107
  109  38  51  46  82  33  19  73  81 104  62   6
   76  44  99  33  48  97  80  56  52  17  26  62
   55  53  56  99  22 103  89  63  73  66  53  88
   10  74  44  68  51  95  53  67  59  19  54 115
   92  14  41  84  80  46  39  20  33  94  71  38
  105  27  52  77  64  70  78  38  17  45 100  55
   10  51  39  43
   87  17  83 103  66  35  65  92 112  72  36  58
   80  13  43  84  89  81  45  44  45  57  79  24
  105  51  64  38  92  95  44  30  69  34 100  59
   37  38 111  46  93  90  30  62  99  68  92  71
   71  32  85  77  60  51  71  97  61  94  32  97
   42  47  83  83  64  43  89 108  33  94  98  79
   24  89 102  77  62  28  17  17 103  75  80  49
   24  25 110  39  35  69  74  64  12  95  52  16
   89  46  34  60 104  72  59  48  42  71  82  94
  100  41  44  97  68  96 112  85  27  28 112 103
   49  39  53  63  69  55  66 102  68 109  42  19
   57  88  90  28  49  99 110  59  24  61  55  53
  102  75  88  74  20  93  73  68  21 105  32   4
   67  77  38  21  54  31  92  13  46  91  66  77
  105  56  55  58  99  99  80  59  48  15  73  79
  110  72  85  71  90  71  40 110  33  95  59   9
   34  93  36  48  58  35 101  71   9  61  57  17
   97  27  95  73 104  78  11  71  50  79  62 106
   95  96  38  55  96  60  12  62  60 100 112  52
   61  11  91  49  97  77  82  45 107  39  96  72
   28  85  84  56   7  82  99  14  38  86  71  98
   48 101  25 100  56  34  70 112  48 108  47 106
   93  89  75  68  80   6 115  13  21  99  19  97
   90  96  93  71  39  40  86  32  56  54  74  19
   22  55  70  55  65  26  65  81  35 115  62  75
  105  58   9  52  24  23  61  68  50  70  56  14
   53  20  64  61  30  70  93  73  36  86  78  90
   24  29  41  31  24 101  43 108  71  49  29  67
   34  55  54  73  75  41  83  58  84  30  13 113
   99  61  41  42  57   9 100  40  74  34  88  50
   97  84   9  60  29  72  33 113  31  43  80  58
   37  37  70   4  69  69 113  95  75  98  46  43
   65   5  40  16  85 108  83  78  93  12  59  54
   66  17  35  33
   95  69  34  30  42  87   7  68  68 105  78  93
   85  85  46  51  85  85  38  26  59  52  62  78
   99 108  75 103  19  41  62  55  77  79  77  48
   92  78 101  97  97  81  95  99  65  97  63  74
  104  44 110  84 101  67  93  41  90 111 107  43
   21  65  27 111 109  78  41  66  98 105  64  88
   12  13  90  97  46  28  55  63  20  88  60  72
   70  27  13  82  58  21   6  55  42  65  96  85
   27  45  22 107  98  84  96  95 116  19  96  14
  101  28  85  77  64  22  83  18  83  80  64 100
   93  57  19  51  57  29  18  90  54 101  32  17
  112 102  42  98  63  83  88  92  52  50  98  92
   63 108  93  26  98  81  12  50  66 101  26  53
   69  71  55 102  62  11 103 103  79  54  47  89
   42 108  79  42  37  25  58  84  87  85  21  23
   55  60  18 108  81  56  39 105  53  41  87  62
   40  92  32  93  54  48  94 109  57  93 102  88
   76  23  47  48   6  17  44  36  51  69  30  51
   30  21  91 101  92  92  64  62  76  68 111 110
   43  78  46  51  82  21  53  40   9  58  91  22
   47  24  94  89  49  59  27  37  61  80  59  83
   62  94  28  79  39  81  76  66  99  17  47  91
  104 111  44  39  91  19  73  82  39  85  66  93
   83  81  39  58  86  54  93  57  81  58  60  71
   38  70  20 101  63  12  63  87 110  49  71  13
   44  19  57  26  13   8  75  73  77  87  64  92
   89 104  69  70  91  57  26  34  42  18  56  26
   53  14  54  35  73  33  84  70 104  28  68   6
   36 107  52  74  84  27  49  79  62  70  22  28
   30  40  52  21  21  26  99  64  29  59  69  73
   99  62  61  18  95  79   9   3  97  49  74 101
    9  16  38  13  53  17  42  58  34  40  37  94
  102  76  63  44  91  97  88 114  57  43 115  19
   71  23  23  90
   11  39  84  91  29  42  36  82 107  71  33  79
   38  54  54 100  49 103 116 106  22  62  74  38
   11  69  51  89  45  10  39  32  25  75  70  84
   81  99  50  59  64  53  84   8  66  60  62  38
   31  94  57  32 101  76  32  82  26 108  85  20
   56  71  62  72  83 104  11  27  82  35  40 100
   73  78  97  50  14  71  99  51  62  17  74   7
   81  48  78  16  50  15  82  97 106  72  78  78
   53  43  97  37  68  12  32  92  85  76  50  89
   82  51  91  44  31 104  29 107  96  61  39  84
   71 100  74  79  77  91  95  78  68 101  29  94
    4  28  53  64  69  80  17  23  89 101  48 105
  106  87  94  36  31  80  60  55  23  81 100  22
   88  94  37  24  15  94  76  98  26  13  29  84
   60 102  73  86  40  66 111  43 104  81  66  68
  102  66  50  21  74 106  74  48  61  63  70  59
   28  75  99  24  40  67 104  59  44  40  97 102
   32  11  10  29  13  99  22  24  97 104  51  85
   76  72  70  13  58  42  18  35  78  35 113  12
   43  54  23  60  56  44 101  27  87  34 105  69
   99  55  53  77  50  37  91  38  99  91  48  57
   38  32  90  60 113 108  74  19  37  37  75  14
   45  26  27  97 106  64  88  69  80  82  20  52
   46  86  16  87  94  96  22  34  81  60  49  41
   88  91  77  46  44  80  43 107  98  82  82  73
   90 100 102 101  45  92  37 104  22  57  32 103
  112 102  65  68  90  47 102  65  70  32  17  88
   63  66  16 111  35  64  49  74  41 108  92  73
   42 100  58  53  44  72 101 111 105  21  56  15
   85  17  95  24  11  28  50  63 114  57  55  34
   57  67  99  95  96  50  85  90  23  38  82  74
   47  76  33  64  43  85  70  30  66  72  35 104
   79  11  73  15  62  37  71  80  80  22  30  18
   37  90   7  24
   18 102  30  97  65  45 112  29  60  52  95  19
   50  91 107  63  84  71  49  36  15  13  54  62
   99  14  14  69  43  95  75  24  15  38   7  17
   78  19  50  92  44 104  73  84 107  22 103  92
   10  22  70  79  93  87  88  93  84  21  77  55
   77  60  48  94  92  33  51  87  21  54  35   9
   40  57  91  21  23  86  51  42  90  58  29  32
   64 111  65  80  70  41  64  17  62  77  97  96
   80  76  47  26  35  90  75  80  45  19  33  38
   18  41  99  58  22   6  89 107  70 104  53 104
   54 101  91  69  61 104  92  34  38  93  29  44
   49 102  83  72  35  13  33  70  42  45  20  38
   59  72 105  39  56  27  22  48  29  72  82  60
  100 100  85  50  60  56  21  91  24  29  49  65
    5  31  94  48  57  16  82  50  18  66  81  40
   68  68  25  75  71  60  52  86  43 101  47  46
   58 107  42  85  70  27  60  43  49  97  58  70
   70  51  38  74  91  55  37  80  33  34  31  68
   97  90  24  19  17 104  44  89  91  20  90  57
   68  38  50  86  63  83   5  22  26  88  75  92
   57  84  72  55 111  18   8 110  79  72  98  50
   66  10  49  76  92  97  90  38  27  55  89  62
   42  15  90  81  90  84  45  89  29  27  46  96
   33  57  47  83  96  74  94  15  34  13  31  72
   19  67  60  43 106  77  62  48  43  80 100  98
  104  78  18  27  64  24  21  36  22  92  79  70
   78  43  52  63  50  51  41  42  85  20  20  41
   39 102  26  49  99 104  54 105  80  29  63  88
   93  29  54  27  43 116  76  51  85  47  54  28
   75  66  51 104  46  62  69   8  64  69  47  27
   85  78  88  37  77  10  33  73  76  85  48  62
   40  34  25  73  30  93  37 103  36  30  28 103
   36  80  46  15  29  15  76  46  98  89 105 104
   43  61  15  29
   11  30  19 102  45  19  44  30  71 109  58  68
   13  87   8  12  28  36  96  59  91  24  39  61
   63  73  22  53  11  18  26  85  83  38  41  53
  107  26  85  15  25  64  18  84  84 102  97  99
   49  75 112  38  97  70  74  75  51  84  48  60
   44  10  33  16  85 101  80  86  52  88  22  83
   82  50  81  35  78  72  71  21  75  44  67  80
  105  37  68  34  67  32  88  70  66 107  17  90
   29  53 110  64  80  32  79 102  77  60  45  54
   91  62  97  44  20  40  33   8  79  65  28  71
   10 111  76  18  23  21  84  63  86  86  55  64
   92  22  47  44  23  29  46  83 109 115  40  77
   14  37  87  57  19  23  78  93  64  20 109  28
   33  49  45  21  68  79  26 106  36 101  68  16
   88  13  44  23 114  79  68  72  29  87  68  48
    8  50  28  50  29  67   8  18  80  98  43  15
   11  62  61  91  47  16  52  67 106  63  31  32
   86  16  28  16  97  49  34 100  47  76  84  34
   70  70  84  26  47  52  46  52  81  15  20  58
   70  31  87  88  91  38  47  90  48  69   9  79
   34  53  78  56 100  83  72  30 104 104  60  73
   35  38 102 103  13  47  77  26  27  87  19  47
   14  50  50  75  43  86  53  13 105  58  42  31
   69  98  82  91  82  82  10  79 105  37  98  21
   20  56 108  34  82  34  33  17 103  14  35  70
  109  31  50  44  29  14  98  47  53 101  59 106
   54  99  10  62  80  56  61  10  53  53  35 101
   53  32  58  83  76  24  21  13  93  46  28   5
   35  98   8  43  18 101  90  62  35  53  19  82
   24  98  17  41  62  18  51  32 103  28 102  99
   82  56 102  42  95  76  75 100  91 104  45  37
   62  99 102  93  74  71  93  40  36  68  54  65
   63  79  34  98  19  66  89  70  74  43  38  77
   98  87  33  85
   74  37  32  19  41  64  74 103  50  36  69  13
   41  13  35 111  85   5  65  56  28  71  16  99
   29  99  16  10  22  91  44 111  45  56  60  29
   89  48 110  47  10  44  62  87  95  86  32  62
   90  32   6  77  88  57  38  90  21  79  31  43
   76  56  65  62  78  71  51  85  70  48  70 103
   76  58  66 109 101  62  96  58  52 101  33   9
   64  16  16  64  48  66  98  36  53  32 117  77
   44  62  97  80  84  40  80 111  81  26  40  67
   97  75  75  17 104  62  67  21  92  24  58  58
   39   7  71  58  68  71  10  57  95  92  58 116
   33  76  68  74  96  46  58  88  66  20  73  62
   97  76  23  20  55  31  71  75  48  63  30  21
   89  28   3  60  61  89   9  47  17  50  58  64
   73  44  80   3 107  28  18  48  99   8  39  40
   36  16  20  89  42  79  47  90  33  55 106 104
   15  53  26  80  38  57  76 102  24  85  18  39
   24  94  37 114  47  19   8  24  53 108 109 102
   55  22  81  56 102  48  47  49  68 111  66  86
   77  30  51  12  18  53  13  66  78  33  35  62
   89  74 106  25 108 105  30  74  38  70  29 106
   78 101  11 113  92  46  26  71  56  62  87  45
   27  89  57  73   8  58  41  68  59  18  95  31
   66  38  64  22  22  52  45  31  65  47  63  36
   38 101  62 103  56  71  13  45  45  42  89  30
  117  62  98  34  24  34  47  31  67  83  81 103
   80  49   8  99  60 100  31  37  37  41  49  75
   61  66  71  11  60  91  25  24  68  81  95  16
   38  67  41  12  70  72  26  40  42  26  92 101
   66  54 102  73  59  48  66  73  88  63  52 117
   25 102  21  63  62 107  96  32  14  61  49  63
   97  22  25  69  78  28  74  42  66  23 102  66
   19  47  85  67  42  75  82  68  52  18  33  19
   19  56  89  44
  105  79 103  84  23  67  46  21  37  49  59  13
  106 104  81  82  44  33  35  99  92 105  72  84
   83  85  48  79  20  22  84  67  86   6  71  47
   27  69  16  88  24  17  98 107  51  49 100  52
   12  91  24  65  51  92 113  49  22  21  26  77
   27  49  87  16  49  30  73  96  74  18  83  91
   66  24  11  30  38  44  29  63  30 110  45  45
   93  95  69  99  14 109  19  97  21  65  52 105
  112  43  83   4  63  54  82  32  23  16  81  52
  117  85  89  15  61 100  85   7  68 109 114  20
   23  96  15  90 115  84  35  53 102   7 107  20
   61  88  90  10  81  38 101  41  67  48  56  25
   52 104  33  23  73  74  52  48 112 107 104  29
   87  45  75  62 101  49  52  93  46  80  10  46
   20  97  78  49  57  29  48  97 101  31  79 104
   41  24  56  85  47  87  95  61 104  61  30  34
   76 112  88  98  49  44  33  24  85  20  61  10
   80  83  24  52  57  61  28  42  83  13  67  31
  108  62  56  40  63 108  37  86   5 106  24  65
   84  37  64  62  40  69  95  10  53  89  22  72
   20  84  70  84  16  37  22  70  62  59  94  36
   77  43  37 105  70  56  46  82  84  33  78  80
   88  71  72 101 105  58  83  74  14  45 112 104
   68  53  79  58  69  21  17  78  78  81  68  27
   21  27  62  63  45  48  94  80  90  35  40  37
   53  69  43  80  41  71  26  33  75  57  58  62
   94  76  15  58  99  98  85  34  18  41  44  17
   15  40  71  63  92 103  44  65 108  76  79  72
   66 105  17  40  33  43  17  16  41  50  73 107
   37  69  49  27  43 110  17  74 110  82  47  30
   78 105  55  40  85  95  11  70  52  73  74  75
   51  71  93 104  49  87  85  97 101  71  59  47
   79  77  49  87  26  71  77  82  27  82  62  47
   35  84  95  77
   91  99  80  34 114  14 105  26  98  62  36 101
   22  92  63  52  56  22 104  85  23  29  73  69
  116  50  63  53  78  66  59  40  55  73  83  86
   54  54  64  25  92  78  83  55  16  39  84  24
   76  51  62  43  16  84  27  53 111 115  12  91
   91  13  94  14  34  53  38 101  97  72  65  59
   99 113  17  36 106 100  12  89  68  32 105  19
   59 103  97  36  27  73  48  44  49  76  62 113
  103 112  29  92  36  84  59  36  15  17  39  41
   17  81  96  96  51  16  14 107  58  86  18  42
  100 111  72  28 105  38  95  48 105  19  17  15
   93  31  41  21  55  96  14  44  58  96  56  68
  105  72  72  86  21  37  82 100  70  66  32  97
  103  76 107  99 112  25  85  85  77  92  79  37
  102  65  41  59  36  53  20  71  83  91  62  51
   55  90  61  91  33  23  43  67  15  52  51  76
   48  19  17  95  59  28  72  50  90  31  84  82
   39  84 101 111  27 105  46  74  68  50  69  42
   26  52  55  34  82 106  19  21  84  49  95  25
   83  20  48  84  79  27  29  70  75  95  53  53
  110 103 109  93  49  15  37  78  69 105  46  72
   58  58  82  97  81 107 101  66  18  89  43  87
   24  59  54  37  52  23 106  39  55  34  31  61
   86  45  79  63  57  71 101  94 106  27  55  35
   96  27  81 114  91  70  86 102  65  61  23  58
   57  49  76  16  56  87  96  94  24  40  46  25
   49  81  21  61  79  95  49  75  49  94  54  48
   91  51  32  75  79 103  40  47  36  14  74 110
   32  15  67  49  51  82  53  87  64  27  50 101
   99  22  99  46  34  61  82  96  26  85  53  32
   22  73  48  99  41  36  72  48  41  87  45  58
   58  30  32  33  58  74  90  76  97   6  55  11
   89  17  51 100  20  55  42  16  16   4  67  73
   15 117  66  12
  108  40  48  49  65  92  82  66  44  43  44  18
   57  75  58  60  38 110  73  52  72  38  91  66
   53 113  51  72  12 111  57  33  75  35  80  32
   44  48  70  81  72  56  37  10  94  89  66  99
   91 101  32  50  18  43  30 102  69  87  27  88
   66  91  23  35  98  51  94 107  19 114  53  66
   20  67  71  19  51  53  89  16  15  26  48  97
   15  79  82  13  86  59 105  30  47 108  91  67
   22 114  45 108 101  32  52  45  95  18  33  79
   24  43 103  94  71  72  93  65  76  24  71  14
  113  77  57  46  29  21  82  90  73 113  98  87
   86  78   6  75  78  99  91  41 105  15  90  33
   68 105  56  65  97  31  16  70  92  28  32  73
   46 104  17  26  35  74  83  55  87  25  34  64
   98  35  39  38 108  28  90  96   8  76 105  51
   73  43  53  65   8  60  39  58  75  16  51  37
   33 105  13 102  81  15  55 109  16  37  43  99
   31  40  41 105  15  48 113  35  98  53  85 117
  104  17  28  36  11 113  67  24  31  32 110  24
   81  21  91  74  96   9  74  62  66  25  62  23
   53 109  47  87  87  19  68  72  26  27  87  39
   82  55  43  72  74  62  13  69 102  21  99  63
   67  77 100  75  27  61  73  50  51  71  98  40
   15  80 107  50 100  60  88  99  70  18  60  61
   26 102  24  71  18  54  62  55  70  69  14  88
   30  66  97  50  87  72  34  26  33  29  37  32
    9  80 100  67  67  55  57  92  30  60  16  84
   63  95  34  53  90  54  81 117  28  57  68  44
   90  86  45  58  79   6  79  21  96  56  32  76
  105  48  54  50  15  62  57  19  94  22  40  21
   71  77  94  94  58  70  28  15  25  57  98  25
    7 106  72  60  27  33  13  77  63  50 107  14
   79  33  19  44  62  71  76  77  39  46 101  88
   13  62  57  42
   18  86  28  37 102  68  39  67  32  12  36  80
   60  65  98  83 112  11  70  76  25 105  46   6
   72  93  10  71  80 100  14  17  92  50  27  33
   52  60  48 103 100  68  91  52  39  58 110  92
   90  47  54  42  42  44  26  51  65  35  16  55
   51  59  51  49  11  15  38  48  85 114  55  17
   80  58  97  18  43  75  53  68  35  28  88 102
   72  34  30  76  24  42  62  42  14 100  30  35
    2  86 102  18  46 108  12  27  64  43  15  14
   56  32  33  28  43  98  77  92  44  51  46  97
   28  37  49 101  67  99  41  38  81  93  59  91
   97  19  45  54  51  32  61 107  86  67  20  91
   47  46  58  81  58  71  64  18 109  31  53  48
   20  33  35  77  45  42  27  39  24  99 104  44
   70  49  73  31  35  94  22   6  40  19  88  82
   59  53  72  38  79  84  76  69  70  78  39  36
   87  74  45  74  31  69  79  52  37 102  75  38
   65  52  90   9  35  21  87  84  91  90  41  41
   36  89  75  97  67  91 102  32  58  21  50  86
   39  44  78  25  45  38  22  59 102 115  32 100
   31  98  94 100  39  59  59  29  91  69  88  67
   72  50  35  51  33  86 103  70  56  39  70 100
   10  44  52  64  32  62  35  47  75  60  49  82
   45  99  14  99  59  51  36  46  48  30  23  74
   28  99 102  33  83  11  45  44  43  83  68 103
  113  69  71  64  26  12  88 101  93   4  94  56
   53  61  39  68  43   7  38  38  74  65  87  70
   65  36  71  72  59  45  46  94  93  11  28  57
   37  16  14  87 108  51  89  81  86  25  71  82
   35  57  68 109  67  48  17  69  64  73  55  87
   54  74  84  22  38  62  93 107  82  65   3  94
   56  17  69  96  55  52  37  42  54  56  83  88
   22  18  90  45  30  17  87  74  40  97  44  99
   25  84  57  33
    9  60  93  97  71  99  42  87  80  45  49  88
   81   7  28  72  79  18  48  79  32  21  30  10
   44  72  37  18  64  27  72   9  70  35  67  29
   74  38  82  61   7  59  95  19  15  98  96  37
   56  28  82  70  90  82  51  84  77  55  93  50
   63  92  89  35  82  85  99   2  47  63  60  97
   41  90  75  50  13  56  15  61  73  72   2  98
   85  64  11  93  58  64  61  31  43  10  10  44
   26  29  45   9  20  43  78  39  63  56  45  77
    7  48  88  88  12  69  61  57  44  35  15  78
   67  18  96  52  33  44  39  76  79  83  58  43
   24  46  45  29  54  76  59  91  26  42  24  63
   51  36  18  40  99  62  69  83  85  33  54   9
   63  65  81  77  25  67  95  97  88  40  64  10
   94  67  74  87   1   7  26  26  73  91  25  39
   81  14  79  51  92  29  89  91  66  40  44  89
   43  97  13  64  45  92  42  25  65  46  45  57
   62  10  99  22  57  52  40  48  20  59  51  24
   70  23  59  95  70  37  31  55  13  93  65  38
   23  71  82  17  45  33  27  93  42  19  51  92
   83  37  18  59  45  64  88  45  98  32  18  12
    7  25  49  17  16  72   8  10  53  45  93  29
   16  45  75  89  68   2  86  82  34  64  14  65
   88  98  97  58  58  75  21  35   6  70   3  19
   33  53  95  74  67  81  78   4  58  99  46  38
   73  27  10  33  87  52  83  60  80  29  85   6
   28  71  24  57  98  42  96   4  44  51  85  24
   94  49  44  84  52  16  95  32  86  62  27  87
   25  17  82  37  50  24  55  31  90  37  81  72
   15   8  38  14  29  87  32  50  65  14  94  14
   78  11  77  65  39  75  44  88  28  77  66  87
   30  52  13  76  25  90  51  71  85  36  32  92
   69  78  90  48  11  46  37  35  17   3  48  29
   60  35  66  80
   46  23  68  90  39  11  96  90  73  44  62  27
   86  81  55  66  21  81  28  87  48  20  21  94
   80   9  76  36  94  15  61  28  50  80  80  67
    7  40   3  56  43  40  73  16  76  56  35   7
   81  16  48  50   8  11   7  41  98  23  61  74
   14  37  30  56  40  61  27  30  19  51  74  86
   60  19  24  92  60  59  73   2  25  66  88  76
   84  51  20   7  13  62  20  29  49   3  67  44
   12  51  79  35  22  77  33  89  20  63  85  15
   83  23  90  58  49  16  20  26  25  72  78  99
   19   9  26  58  47  47  94  97  61  32   8  43
   62  53  98  74  20  59  29  42  93  80   9  86
   48  49  14  56  75  10   6  28  11  48  50  22
   54   3  33  27  84  88  84  12  84  11  92  48
   54  87  25  32  34  67  47  94  19  49  41  27
   81  96  23 100  87  62  62  78  16   4   4  40
   77   4  80  99  36  84  36  22  21  33  46  43
   53  16  29  89  58  99  72  96  89  65  49  26
   43  35  34  84  78  83  27  45  37  60  65  65
   62   8  51   2  15  79  62  35  95  60  74  82
   62  84  80  24  46  51   8  13  74  51  37 100
   87  75  24  52  58  43  13  67   9  14  58  97
   33  10  44  64   9  34   4  80  26  86  34  66
   95  87  18  70  77  92  42  84  90  14  17  69
   38  36  91  65  24  38  77  18  70   9  64  92
   38  69  39  93  45  90   6  84  86   7   2   6
   48  44  20  95  32  31  25   4  72  22  73  17
   51  12  31  71  23  59  93  75  29   3   2  28
   18  78  66  34  62  43  80  29  82  88  42  91
   59  62  71  66  56  83  30  80  38  69  40  66
   88  44   2  73  29  64  12  93  38  36  86  76
   71  31  75  48  77  11  79  31  18  39  76  63
   87   7  33  16  31  45  25  12  61  48  60  45
   82  90  91  99
   84  33  46  39  34  16  46  91  52   5  94  37
   13  73  83  76  84  84  70  26  76  46  28  64
   82  42  81  72  24  85  57  80  91  61  25  10
   94  63  41  17  98  46  92  39  72  63  42  35
   31  16  68  29  81  90  14  59  62   9  27  16
   89  66   4  85   4  79  35  99   7  28  49  73
   11  98  54  52  82  30  82  52  82  56  35  10
   13  46  25  17  57  57  22  75  32  66  93  31
   19  25  51  22  19  96  94  23  89 100  52  87
   92  60  28  90  37  41  44  77  18  99  85  98
   68  22  41  64  97  72  51  78  36  35  47  88
   79  55 100  27  33  88  61  57  53  40   3  12
   93  10  70  44  48  37  19  66  94  42  58  92
   38  72  99  88  56  46  97  10  40  91  92  48
   40  98  55  72  11  56  32  77  51  97  88  23
   51  44  49  80  34  52  48  73   2  52  65  24
   77  93  76  98  48  92  93  46  12  69   9  46
   17  95  39  49  10  41  71  25  76  10   2   4
   86  90  83  17  37  98  70  47  98  17  57  66
   53  44  28  84  45  35  95  88  20  45  49  88
   68  76  94  62  73  19  99  97  51  93  41  36
   94  97  40  18  19  50  16  25   5  33  21  25
   41  33  90  12  68  91  84  57  26  42  31  45
   91  59  68  24  27  96  92  42  23  37  98  99
   39  32  25  86  52  46  95  28  97   1  68  28
   13  21  71  17  82  74  56  86  79  17  31  44
   14  38  14  47  70   4  70  53  56  97  59  61
   44  70  77  55  14  75   2  49   2  21  34  29
   36   9  43  98  87  78  13  20  11  54  78  62
   87  83  78  40  71  85  92  62  30  91  89  70
   90  92  65  86  84  77  94  56  86  82  67  91
   63  32  36  14  17  81  60  99  23  63  48  23
   82  30 100 100  58  97  56  33  26  88  35  52
   10  77  79  60
   38  46  80   8  95  55  66   3  51  88  59  82
   57  56  34  81  99  82  32  30  66  74  31  29
   20  90  17  12  59   8  48  17  97  94  30  59
   21  76  77  91  66   4  87  81  84  24   8  71
   11  48   3  57  33  19  26  49  60  82  86  42
   94  52  19  88  94  83  51  63  49  38  71  31
   43  53   4  20  25  14  66  87  79  17  51  88
   95  42  85  45  31  21   2  15  86   7   8  62
   70  38  57  22  70  16  13  72  19  63  21   3
   67   2  76  81  47  15  94  26  46  20  74  69
   73  35  76  33  26  48  80  89  64  87  64  38
   73  88  66  68  36  62  56  30   2  66   3   6
   52  71  45  71  74  31  59  74  25  50  25  96
    3  54   2  23  16  58  87  14  48  33  97  70
   33  76  23   6  18  84  10  12  35  13  20  28
   69  52   2  13  27  95  64  10   7   3  36  16
   64  77  42  52  85  26  69  33  50  34  37  32
    7  33  62  53  35  66  32  98  21  61  69  37
   20  96   7  73  28  71  47  19  51  72  41  55
   74  45  48   7  28  62  13  11  57  89  25  81
   92  60  96  84  20  36  27  98  42  82  68  91
   55  36   3  85  15  70 100  24   5  68  98  44
    5  87  64  44  59  32  62  50  48  20  30  87
   54  52  37  50  33  79  64  66  79  75  64  68
   96  99  35  62  67  72  86  98  21  38   8  34
    3  37  41  10  40  75  45  12  17  88  66  45
   35  16   9  98  89  66  99  19  34  87  60  72
   51  35  74  21  17  41  57  84  77  82  24  14
    9  52  57  58  94  22  79  34  85  18  17  92
   76  85  71  89  69  60  89  56  45  33  28  64
   33  24  28  96  73  46  76  15  94  77  82  30
   78  29  41  70  26  13   4  48  29  11  46  34
   41  45  39  17  41  44  14  81   7  14  34  73
   80   4  63  64
    8  20  58  80  89  55  25  42  93  25  12  69
   37  82  89  47  41  18  76  94  20  55  32  62
   77  40  54  18   3  41  70  51  59  37  30  55
   82  15   2  32  72  60  65  77  86  53   4  78
   34  64   2   9  69  41  33  19  87  10  61  32
   17  64  27  35  11  62  45  78  44  17  99  64
    6  91  35  41  95  93  50  98  10  70  91  62
   45  98  51  84  86  79  55  41  98  36  60  23
   29   2  46  31  89  18  12  70  61  25  64  41
   80  59  20  37  37  43  89  34  65  81  79  87
   40  54  80  27  67  10  65  44  81  59  76  92
   38  72  30  79   6  67  96  58  61   6   7  24
   83  88  38   5  47  47  11  60  17  39  80  70
   39  41  33  29  38  42  79  44   8  37  47  23
    8  22  73  72  54  87   5  89  17  10  80  56
   10  50  37  32  85  41  95  50  33  87  57   9
   65  55  96  65  17  66  56  31  35  96  39  64
   78  60   5  65   5  15  59  67  69  45  53  34
   14  64  72  49  67   2  32  14  32   3  72  37
   81  17  51  34  56  94  36  15  51  80   1  81
   16   8  18  20  44  88  50  96  69  14  51  46
   59  41  49  73   5  91  49  40  22  43  25  62
   39  23   8   4  91   4  86  68  19  93  98  93
   54  36  23  49  21  96  75  22  26  61   2  19
   53  27  70  54  55 100  69  47  50  86  96  12
   16  83  54  56  79  79  45  69  15  43  63  23
   36  17  88  58  87  16  82  81  44  14  78  61
   98  45  78  18  59  90  45  20  43  77  96  75
   67  69  99  27  46  64  63  49  81  81  33  33
   60  61  84  90  46  58  16  40  71  32  44   6
   34  40  96   8  91  39   7  56  50  69   6  48
   64  55  18  56  27  93  53  29  63  54   1  76
   27  66  26  72  90  16  60  41  42  42  94  56
   78  26  78  30
   62  84  64  18  20  98  95  10  91  58  43  99
   24  65  40  72  17  41  83  93  45  52  54  32
   74  23  36  73  85  57  33  43  87  55  89  23
   38  34   9  71  65  48  69  40  80   3  48  93
    3  76  35  30  74  40  55  96  80  74  83  12
   69  86  68  79  67  35  46  14  99  42  62  52
   14  16  90  76  87  67  49  33  59  33  22  49
   39  85  75  54  29  63  80  95  46  79  25  58
   34  46  40  85  87  92  16  97  70  81  16   6
   30  31   2  36  20  30  52  48  21  59  75  50
   53  12  35  20  98   6  63  24  23  10  83  35
   85  57  27  54  69  67  52  24  89  62  65  50
   20  88  34  22   5  32  13  30  85  40  56  80
   12  36  40  22  66  45  81  58  77   7  54  68
   44  93  10  27  52  35  96  21  90  32  76  68
   74  75  46  40  61  69  53  74  69  43  16 100
   97  75  45  51  45  12  57  86  28  81  97  11
   99  19  56  92  66  79  88  81  13  61  34  27
   13  21  33  98  53  96  48   4  51  21  82   9
   74  44  94  54  55  52  23  72  16  84   2  15
   81  52  77  58   4  58  35  36  73  17   6  47
   48  67  96  79  61   2   2  29  47  75  24  17
   59  28  94   8  85   5  91  30  69  72  53  95
   30  40   8  14  78  76  79  17  37  28  18  72
   60  41  11   7  49  75   5  21  73  28  22  12
   90  48  84  86  63  60  24  88  76  76  10   7
   60  22  62   5   5  49  72  29  81  58  20  39
   61  16  94  14  31  74  14  81  16  88  39  31
   96  37  98  33  26  39   2  60  52  74  63   5
   34   1  17  96  60  74  36  21  69  67  53  40
   66  87  77  13  45  94  14   7   3  24  84  26
   62  98  42  21  88  54  91  16   9  55  12  19
   29  12  69  48  55   3  38  47  12  89  22   2
   60  40  68  62
   79  81  19  65  64  98  75  84  60  55  32   3
   78  32  48  41  60   6  30  95  15  97  75  73
   63  16  18  43  87  98  69  75  67  59  67  87
   30  29  12  85  89   3  17  12  91  78  49  83
   61   6  73  41  40  27  96  90  35  20  11  45
   59  45  37  71  77  87  69  33  50  99  20  32
   74  45  58  56  31  45  60  21  27  20  51  12
   39  32  44  29  55  31  91  33  25  99  22  88
   95  92  88   2  61  82  11  74   2   7  19  38
   33   6  96   4  45  71  26   5  46  86  32  37
   12  74  22   7  22  35  36  74  10  96  85  93
   99  53  96  60  59  12  60  53  35  35  67  80
    1  84  60  20 100  66  69  63  91  72  64  65
   87  26  91  79   5  25  22   7   3  85  89  40
   32  84  44   4  72   7  85   1  81  84  15  56
   37  45  70  58  79  51  80   7  57  47   1  52
   68   3  59  41   8  53   1  62   8  49  32  86
   83  94  63  14  75  94  51  13  93  95  45  71
   64  33  32  32  68  72  74  42  87  52  59  95
   50  32  42  77  73  30  86   3   4  74  11  68
   66  40  31  90   7  94   6  50  32  44  79  38
   57  75  24  98  49  98  85  70  68  93  26  33
   15  52  68  50  70  20  40  14  44  44  17  86
   13  14  64  45  69   7  85  27  61  31  62  70
   38  66  96  63  96  15  62  79  19  38  40  29
   20   5  64  99  93  31  70   1  49  30  33   5
   62  47  13  95  16  13  99   8  44  79  57  73
   73  68  64  65  72  13  62  38  89   3  94  75
    1  26  53  33  51  15  22  79  98  88  21  44
   59  95  49  59  51  61  27   2  35  29  44  40
   63   1  97  76  17  88  41  89  54  52  26  81
   56  44  44  17  64  54  73  71  28  53  22  73
   47  38  69  46  19  70  12  53  76  26   8  43
   36  37  18  91
   37  73  26  83  67  34  27  83  57  91  80  87
    9   1  17  18  47  93  71   4  84  42  51  55
   90  33   7  28  63  34  99  93  93  62  69   7
   39  53   5  75  87  30  12  31  29  73  83  94
   25  86  64  45  73  68  25  91  82  78  28  39
   36   9  93  57  61  51  76  51   3  64  26  29
   85  48  59  69  85   5  31  93   2  13  98  29
   19  94  93  84  80  85  89  15  58  99  70  87
   17   5   1  58  86  84  92  34  28  10  74  42
    7  10  62   3  55  36  26  94  47  36  59  24
   62  18  45  94  58  22  32  74  38  88  94  67
   16  26   7  80  92  80   9  89  18   3  79  14
   62  22  98  82  85   7  23  99   5  42  47  19
   63  90  80   8   1  67  10  19  20   6  70  57
   57  24  16  50  48  99  84  17   1  35  69  32
   61  23  87   2  84  22  47  27 100  20  18  76
   84   6  98  51  26  36  86  55  97   6  47  66
   24  15  80  99  48  40  90  82   3  97  56  19
   80  23  97  59  96  25  47  71  64  68  14   6
   60  35  58  64  92  91  55  75  72  63  68  53
   80   2  14  74  37  48  31  42  68   9  52  56
   79  21  70  82  19  21   8  21  50  15  86  74
   19  45  93  19  22  60  52  68  77  84  91  48
   90  86  13  61  27  45  61  56  77  22  89  98
   26  27  33  37  24  90  74  74  54  31  12  35
   98  20  33  33  14  55  76  43  91  30   7  65
   33  96  77  99  16  43   8  10  62  52  41  94
    9  79  23  55  74  15  65  65  31  56  14  39
   68  76  21  97  66  91  13  44  63  29  55  26
   23  99  27   7   5  61  85  33  32  93  37   7
   59  61   4  49  46  85  96  74  19  15  77  54
   44  86  34  89  96   6  44  76  27   6  49  78
   31  19  17  91  20  49  17  17  84  35  81  26
   70  23  84  30
   14  15  19  21  25  90  21   1  52  51  37  20
   33   7  80  30  21 100  74  60  86  94  54   9
    6  73  60  40  52  28  26  75  96  59  80  88
   96  62  34  97  89  27  76  62  91  30  69  74
   85  27  42  51  17  47  80  33  87  87  28  71
   52   7  70  30   7  17  37  70  85  81  93  53
   56   4  31  26   9  25  63  19  55  15  21  42
   18  69  44  74  27  98  76  58  13  27  58  94
   99  82  21  37  99  90  80  85   7  72  31  76
   88  32  40  82  84  56  41   2  95   3  24  51
   77  98  36  66  39  33  70  86  31  47  60  56
   43  34  73  13  96  27   9  84  37  96  83  83
   31  43  33  96  55  90   2  82  95  81  39  65
   36  66  88  25  55   6  86  94  21  53  55  52
   81  60  92  17  59  61  71  38  48  70  27  95
    4  77  57  85  36  39  13  22  10  72  91  26
   30  49  31  20  40  92   5  23  17  65  15  41
   61  67  84  66  92  30  54  65  45   5  71  78
   55  64  90   6  65  91  61  10   9  72  24   3
    5  93   4  42  59  35   6  26  48  60   5  84
   20  14  44  76  84  16  24  78   9  51   2  83
    9  67  76  92  47  67  94   8  21   1  31  27
   62  62  94  38  25  81  12  12  84  17  28  93
   29  54  96   4  51  92  75  24  46  44  20  93
    2  27  73   6  94  56  68  97  82  40  12  47
   97  73  85  65  43  32  36  87  82  61  69  73
   38  80  44  93  81  63  70  29  27  44  92  62
   30   2  95  70  74  61  89  21  71  80   8  63
   50  50  98  25  51  82  21   4  25   8  38  62
   20  68   8  19  79  12  81  47  34  82  93  63
   95  19  57  26  52  45  57  24  61  66  46  74
   41  58  35  15  68  68  86  96  68   4  15  80
   14  24  71  27  11  40  42  95  99   7  45  32
   45  11  16  65
   70  50  18  97  34  83  87  13   6  98  64  15
   70  61  43  13  87  60  56  51  16  21  94  20
   32  30  22  79  46  49  99  74  21  37   1  56
   94  67  29 100  95  47  42  26  60  36  62  11
   56  62   6  17  97  48  91   3  66  20  65  45
   28  35  18  59  51  93   4  13  28  63  56  49
   92  93  13   5  39  36  29  28  39  63  98  96
   62  90  71  38  95  86  75  47  59   2  31   5
   30  79  71  99  54  79  63  42  70  94  23  86
   29  70  37  49   8  22  79  25  30  56  31  10
   89  87  98  17  63  56  34  95  30  51  51  51
   93  24  48  63  99  10  20   4  51  48  83  56
   32  96  94  34  23  56  64   2  21  81  80  89
   58   9  24  15  22  68  89   2  68   5   6  96
   50  97  48  89  25  77  65  33  83  46  91  58
   60  96  69  96  59  28  67  97  67  67  95  46
   76  89  32  83  99  32  32  25  93  17  55  79
   73  67  77  64  34  29  16  32  65  86  42  79
   76  83   5  75  11  40  47  73  64  73  24  31
    9  13  24  33   3  25  85   5  17  26  17  33
   53   4  13  86  57  36  78  33  43  10  40  57
   10  37  73  79  58  78  13  77  15  57  77   4
   46  81  86  99  76  62  78  23  14  29  29  58
   58  52  73  41  31  62  19  74  84  65  70  48
   28  62  44  57  41  72  88  20  95  46   5  98
   73  84  59  17  85  62  11  78  89  44  24  87
   11   2  86  63  58  34  34  63  45  85  63   3
    8  68  53  66  23  75  84  35  29   2  55  99
   40  64   5  82  72  21  26  54  54  85  89  55
   50  51  61   9  80   6  17  48  36  53  67  26
   99  28  72  41  63  22  62  53  49  92  55   3
   27  90  76  27  31  73  75  84  82  26  47  68
    6  81  51  26  47  34  27  82  95  64  16  52
   97  54  77  63
   23  97  19  12  53  80  55  10   3  44  79  46
   31  98  61  27  29  33  74  59  60  59  35  96
    9  57  53  80  19  15  70  83  42  75   8  55
   78  82   7  65  22  18  74  46   4  49  25  39
   34  76  28  34  49  69  47  19  54  15  87  17
   64  61  37  36  51  61  14   9  87  15   4  38
   87  13  11  41  53  83  94  90  17  33  22  63
   84  90   3  76  83  51  37  41  98  23  60  95
   26  66  84  58   5  40  44  65  73  43  36  17
    5  63  70  19  50  14   7  32  90  84   2   8
   69  78  51  40  48  61  38   2  38   2  69  92
   55  19  26  84  55  20   2  60  81  49  51  60
   11  32  30  28  90  14  42  49  88   7  80 100
   35  37  70  88  64  80  19  97  61  14  50  32
    5  54  55  58   9   5  35  52  70  97  42  38
    9  39  24  37  13  49  71   9  83  12  57  93
   76  13  80  59  48  85  15  44  97  57  47  98
   11  90  23  30   5  24  91  48  70  23  47   8
   18  18  75  51  19  48  95  53  51  11   5  65
   41  96  20  58   9  43  26  66  12  68  13  31
   87  22  27  46  99  27  10  99  78  23  41  16
   65   8  86   6  61  85  40   2  62  10  64  11
   11  21  40  49  35  99   5  92  93   4  99  19
   20  13  11  47  66  76  17  88  47  52  29  85
   81  51  36  56  38  84  48  38  79   4  40  33
    6  47  97  51  95  79  56  51  56  43  51  88
   58  91  53  56  87  42  22  31  84  17  42  14
   90  83  69  77  87   3  75   6  47  71  90  43
   69  63  48  31  32  77  28  60  27  78  98   6
   12  41  64  78  47  95   7  63  45  69  27  65
   10  31  93  53  83  35  82   5  88  65  24  45
   71  78  41  98  47  49   3  23  43  10  56  64
   42  98  79  89  26   3  21  38  22  97  45  63
   41  98  73  73
   21  38  84  73  65  27  98  34  47   6  33  13
   24  20  62  54  32  27  78  93  60  60  57  33
   14   7  29   7  87  66  42  50  29  26  38  69
   16  27  19   9  14  35  12  21  55   7  42  34
    1  60   1  24  14  44  13  76  23   3   7  64
   97  49  81   9  11  33  77  53  13   7  45  28
   94  97  12  23  61  74  51  53  99  17  54  31
   46  83  94  29  54  82  99  56  66  39  19  21
   80  62  91   3  21  19  17  20   4  95  21  97
    8  74  28  39  44  95  28  91  22  31  42  17
   21  49  98  58  57  87  95  13  53  17  71  95
    6  15  75  11  57  32  31  23  59  59  14  19
   48   1  11  84   7  39  95  68  39   5  92  49
   36  47  50  12  43  98   7   8  32  48  59  29
   69   8  32  74  81  81  48  20  27  34  94  86
   65  60  94  10  24  52  72   7  67  70  24  46
   65  10  86  18  65  70   8   1  55  27  12  31
   38  93  70  69  96  98  68  74  63  47  79  69
   89  93  26   7  15  10  54  42  35  52   2   4
   68  34  63  54  29  90  62  68  93  48  20  94
   69  95  22  27  63  51  89  73  51  31  45  27
   45  17  83  28  66  30  41  41   7  91  63  17
    7   2  72  65  15  96  38  23  63  29  45  20
   32  26  64  51  23  66  18  45  23  45  50  31
   74  43  95   9  47  95  48  16   2  62  31  99
   64  92  63  81  90  98  28  31  34  22  45  28
   21   3  36  38  12  46  93  77  74  95  54  82
   52  98  59  78  31  74  30  47   9  87  36  98
   66   9  60  37  34  93  70  32  58  42  87  84
   77  72  55  96  81  89   7  41  87  52  34  31
    7  42  58  85  12  33  95 100   7  62  31  17
   96  91  80  90  52  86  64  60  84  76  74  14
    9  27  43  61  18   9  14   3  46  65   5  92
   39  83  82  15
   99  74  23  17  88  66  81  28  12  34  86  37
   64  56  65  10  55   6   3   5  95  49  37  67
   97  38  51  28  65  99  68  87  86  36  44  19
   34  15  60  58  48  61  20  95  43  55  42  75
   88  26  50  80  14  40  73  37  92   2  33  99
   46  40  43  48  28  11  98  83  22  81  71  18
   37  32   5  69  99  44   6  58  47  98  41  97
   21  65  26  88  61  99  25  14   3  35  39  31
   64  76   5  67  46  96  83  13  21  27  57  13
   29  52  26  65  73   4  91  11  11  55  63  27
   46  13  43  25  28  14  24  39  41  16  79  24
   99  92  63  47  42  28  96  81  24  10  68   2
   11  22  21  75  76  39  54  59  89  22   8  89
   15   8  66  79 100   8  43  10  76  98  80  27
   44  15  41  31  76  48   2  72   3  33  47  47
   11  48  64  88  36   7  36  62  56  47  33  56
   85  33  12  81  67  44   2  58  70  68   8  16
   79  96  94  82  90  19  87  81   7  14  64  23
   27  48  45  98  45  62  93  76  38  73   4  92
   66  61  96  46  62  67  15  92  27  86  15  38
   20  58  60  34  58  65  20  66   7  26  54  54
   73  84  15  44   3   8  37  99  67  80  31  95
   64  94  79  17  11  47  29  45  31  32  84  59
   56  34 100  24  17  22  80  85  36  43  65  66
   21  17  30  57  61  31  74  13  20  29  22  43
   25  11   7   9  67  22  75  14  95  50  73   2
    2  15  42  46  25  68  13  47  37  82  99  22
   43  44  94   3  69  52  57  28  61   7  16  33
   73   8  54  52  67  43   7   6   4  87  57  93
   33  92  25  92  93  83  65  49   5  50  58  71
   58  43   6  25  14  66  24  25  91  69  36  31
   67  44  69  40  65  18  43  81  53  44  70   8
   34 100  44  93  40  79  35  24  29  83  84  92
   75  19  98  90
   90   9  78  21  54  73   4  75  58  52  17  97
   70  17  10  56  36  36  60  72  96  90  53  41
   10  94  96  47  63  10  41  88 100  69  99  87
   33  94  65  18  64  15  30  19   7  82   3  12
   96  95  32  26  19  16  19  11  24  87  39  57
   43  53  61  17  13  77  67  21  87  60  67  94
   63  62  22  84  94  16  58  69  14  51  91  80
   46   9  41  25  35  63  52  98  55  38  10   8
   36  29  64  89  76  16  44  27  63  89  76  68
   95  64   9  49  95  98  22   8  36  15  55   5
   50  17  20  42  58  11  21  82  79  21  75  67
   57   9  29  35  72  94  78  40  65  72  88  73
   52  34   8  78  48  79  94  71  80  46  26  59
   10  17  28  61  51  49  82  24  89  83  55  40
   99  71  11  71  63  88  30  62  91  53  33  63
   41  51  91  45  32  45  55  22  69   3  63  66
   60  10  69  30  32  87  57  63  53  18  56  32
   48  56  68  37  22  53  79  33  72  73  80  48
   14  12  88  99  94  15  62  17  15  97  22  57
   43  65  67  26  42  28  99  94  79  23  36  20
   52  30  32  60   2  93  95   1  36  41  12  64
   45  98  57  35  23  11  21  76  80  64  20  49
   74  99  24  30  14  34  67  30  90  78  73  15
   87  58  69  25   6  30   8  87  79  99  82  43
   93  45  51  59   5  31  49  54  59  29  13   8
   12  37  95  89  45  96  88  69  88  13  37  40
   33  73  60  39  55  65  72  60  35  95  95  76
   71  10  87  61   5  11  49   2  31  76  54  20
   27  78  59  92  62   4  30  69  25  67  52  91
   32  40  58   8  57  58  39  99  42  48  68  92
   20  42  18  80  30  99  76  41  42  22  71  57
   68  76  83  33  90  10  68  15  68  72  75   9
   67  31  65  98  74  91  27  68  13  19   2  16
   67  51  96  75
   91  85  94  16  61  98  70  76  44   6  48  37
   97  15  95  92  85  71  14  47  28  95  78  52
   45  32  84  53  94  88  92  32  22  82  69  51
    3  82  32  98  82  56  93  30  27   9   6  13
   60  31   2  72  10  41  41  29  53  27  54  51
   59  94  82  91  31   6  28  33  52  27  92  36
   28  70  21  76  31  39  48  93  44  67  42  31
    6  71  46  84  50  85  23  40  54  11  99  23
   81  55  10  38  22  81  39  15  41  48  66  51
   20  53  11  58  99  79  73  99  28  37  80  42
   95   7  29  94  90  86  30  51  33  30  49  39
   24  95  57  58  84  88  67  28   7   3  80  31
   89  66  31  51  87  86  31  27  53  90   9  87
   80  70  60  99  50  28  84  10  69  18  36  90
   21  89  59  81   2  35  43  36  73  27  52  60
   96  69  83  63  82  35  98  94  35  13  76  92
   91  51  51  26  69  98  59  36  10  52  80  85
   19  99  85  97  14  61  74   2  66  35  25  74
   47  41  36  89  66  63  67  55  21  95  87  60
   38  85  16  19  15  75  67  15  67  47  94  41
   72  67  33  48  10  32  43  85   8   6  56  46
   85  69  18  10  99  63  28  87  84  30  91  64
   96  57  56  43  60  25  58  89  11  45  65  75
   37  10  24  20  26  29  97  39   6  81  15  82
   89  51  12  82  21  78  74  94  17  97  83  44
   10  82  61  67  91  94   9  56  61  18  53   3
   64  12  95  43  37  48  46  96  51  60  73  19
   60  82  49  36  38  95  86  93  26  70  91  98
   75  13  98  66  93   5  20  58  83  50  87  31
   91  19  96  76  48  88  51  70  14  90   3  11
   22  51   2  64  22  37  35   9  25   1  72  79
   46  21   9  10  46  46  10  77  81  44  55  47
   40  36  80  13  92  51  23  45  29  62  66  31
    9  32  79  20
   38  74  82  89  68  46  29   9  53  70  36  92
   70  97  83   3  17  97  51  61  74  32  91  12
   81  21  94  93  97  15  58   8  75  58  55  85
   27  61   6  61  96  70  44  33  25  34  84  41
   20  72  96  28  26  46  67  15  91  24  73  62
   39  55  49  48  32  34  55  27  46  71  49   6
   35  61  49   9   3  51  10  50  68  11  84  96
   38  99  97  42  72  37  13  74  54  70   2  43
   60  43  12  27  27  66  35   9  21  81  79  36
    7  37  34  96  15  51  41  82  14  82  59  61
   76  99  41  45  47  49  92  56  13  25  50   2
   73  35  42  34   7  71  62  28  38  82  37  44
   12  34  93  99  56  84  31  35  56  52  84  87
   19  83 100  54  42  19  99  65  87  67  47  47
   44  71  24 100   1  76  93  58  12  98  70  62
   67  95  88  29  65  35  72  18  72  60   2   2
  100  65  85  32  71  54  28  14  86  22  93  68
   95  10  83   4  66  85  98  87  49   6  11   9
   54  86  30  51  10  72  73  62  40   3  37  18
   27  85  60  96  85  60  96  45  26  71  82  46
   28  34   6  88   5   5  74  37  75  48  85   2
   34   8  93   1  13  72  81  37  57  50  24  63
   93  29  61  47  94  52  68  48  49  85  18  80
   36  82  56  81  83  58  66  84  46  56  40  83
   71  14  44   6  64  38  93  75  63  66  16  88
    2  42  18  76  83  77  64  77  44  28  34   5
   28  58  99  14  50   8  88  74  67  67  55  36
   50  39  49 100  46  13  85  84  52  29  10  95
   81  51  70  95  33  33  85  72  62  86  13   5
   47  53  17  38  55  71  39  45  18  44  66   2
   95   8  98  50  46   5  20  70  95  46  65  49
    5  84  88  49  40  83  34  73  39  81   4  40
   85  67  26  47  69  42  23  45  63  92  83  99
   87  58  27  65
    1  29  13  27  96  49  57  96  66  61  59  90
    3  12  35  28  71  86  76  12  13   7  46  27
   34  19  68  30  99  88  23  46  30  97  40  62
   90  37  97  20  88  97   6   9  66  66  10  61
   94  20  79  46  64  18   4  62  85  96  83  33
   75  62  28  96  55  87  44   6  45 100  35  16
   52  84  91  82  73  64  84  52  79   8  60  59
   16  13  37  18  93   8  91  14  83  37  60   2
    8  64  29  99  39  57  27  77  88  87  23  55
    3  22  14  94  57  17  26  95  48  11   2  84
   89  20  97  15   5  32  76  55  18  97   1  87
   54  25  29  98  27  76   5  70  36  58  54  82
   57  16  80  96  42  29  53  56   4   3   7  79
   19  64  31  49  17  54  65  13  70  23  94  70
   98  19  42  70  52  90  61   7  11  72  30   6
   76  84  48  26  66  22  25  50   8  51  78  77
   33   4  27  17  68  67  81  86  34  82  42  98
   34  37  89  61  48  55  80  66  33  96  40  87
    8  47  57  71  51  12  76  32  98  13  91  44
   29  76  44  40  64  36   9  97  59  16  95  38
   99  32  37  21  91  83  86  32  58  45  10  83
   30  64  78   6  44  49  65  37  32  70  37  24
   18  47  48  11  11  45  33  32  95  71   5  13
   34  62  41  54  48  85  87  33  24  25  41  92
   98  81  53  39  57  64  18  32  27  82  65  80
   67  42  59  35  67  39  88  84  39  52  61  45
    9  34  95  59  14  13  20  84  93  78  61  92
   87  77  40  56  22  12  66  50  10  26  29  40
   44   6  95  79  87  69 100  99  69  60  40   8
   79  46  69  76  60   6  93  40   1  28  60  89
   32   2  56  62  20  14  98  41  57  38  31  41
   61  32  15  11  62  32  26  20   3  43  46  58
   28  34  57  25  78  34  34  25  89  22  40  61
   76  23  22  29
   11  12  35  86   4  94  12  84  21  50  70  18
   80  19  53  59  56  84  15  33  87  91  38  36
    3  68  52  52  39  37  53  76  57  42  24  31
   64  63  49  81  28  34  36  60  99  63  34  82
   32  54  53  67  96  19  79  53   1   2 100  17
   13  95  17  97  74  61  66   8  22  45  39  59
    4   2  97  75   3   7  98  15  51  79   5  89
   51   3  10  80  91  37  56  59  69  43  49   6
    8   2  82  27  72  26  52  76  94  86  77  71
   86  30  17  15  60  93  91   9  47  26  99  78
   20   7  39  87   4  64  21  61   3  97  94  96
   13  87  61  92  47  24  94  59  46  20  60  40
    3  30  34  32  81  72  20   3  32  44  70  11
   12  42   4  21   6  82  23  26  40  15  36  66
    6  46  70  45  77  57  99  49  28  22  53  68
   49  25  42  15  74  83  72  37  90  60  68  44
   62  89  89  23  48  90  47  55  19  86  28  38
   77  27   7   1  79   4  71  28  47  69  36  70
   93  58  64  74  36   3  85  89  21  54  14  95
   34  98  67  19  30  78  85  47  42  12  52  54
    5   8   8  17  71  87  74  31  35   2  69  32
   44  52  27  16  25   8  19  54  94  22  66  15
   87  57  66  80  67  96   8  68  49  69  85  46
   17  63  27  53  45  48   7  19  11  93  63  81
   21  84  24   6  26  46  16   3  37  55  91  47
   49  64  43 100  59  21  24  22  81  80  66  95
   69  31  98  43  32   9  66  45  56  19  51  59
   22  52  86  40  23   6  80  56  84  98  31  10
   81  96  45  55  60  23  62  18  54  83  65  14
    5  82   7  65  76  44  22  24  81  26  50  86
   93  43  55  16  67  83  41  55  61  29  70  53
   49  73  86  78  46  39  29  38  23  98  55  99
   27  93  56   8  99  50  77 100  93 100  38  33
   96   2  45  94
    3  66  57  59  43  15  27  37  76  62  59  91
   47  30  51  58  64   6  35  59  47  80  27  45
   67   1  66  41  91   5  58  86  28  71  24  83
   69  59  38  36  34  56  75  98  13  18  53  15
   12  13  76  65  96  69  81  11  33  16  78  32
   36  23  94  79  10  54  22  13  91   3  55  45
   96  38  40  88  62  50  17  96  89  92  61   8
   91  26  29  90  30  61   2  86  64   5  29  53
   96   3  73   9   9  81  50  74  14  94  78  23
   94  65  16  15  48  31  12  47  32  85  42  98
    6  25  60  67  75  87  37  20  38   3   4  33
   22  32  99  38  36  12  14  64   9  99  25  81
   35  15  53  47  17  86  95  45  11  92  78  34
   69   7  90  89  83  42  37  47  29  91  77  46
   12  77  70  73   6  88  18   9 100  31  10  67
   46  64  65  42  94  51  79  51  43 100  65  76
   81   6  97  14  30  96  56  10  90  76  72  13
   82  70  68   8  93  65   5  70  19  56  23   2
    5  88  88  78  97   5  36  91  81  82  10  93
   24  84  12  43  21  97  44  43  40  81  51  90
   63   6  64  18  33  98  45  35  92  90  30  77
   32  56  75  45  33  57  96  49   9  90  18  55
   52  27  11  27  76  57  41  68  59  37  11  71
   88  28   4  54   6  44  28  11  45  91  58  50
   85  18  84  42  85  53  48  59  34  51  95  26
   90  37  11  54  30  48  69  92  85  82  74  71
   93  35   6  41  37  48  59  19  87  51  95  33
   52   8  78  67  16  56  23   2  83  54  36  58
   26  25  64  44  23  97  31  97   6  51  87  28
    6  61  52  61  88  43  54  84   9  91  80  89
   46  30  17  16  52  48  90  92  94  54  20  87
   98  10  48  45  91  78  99  34  50  70  12  90
   38  81  86  59  54  42  31  39  74  58   2  30
   97  55  49  69
   88  23  83  70   5  39  74  38  81  98  81  36
   59  39  14  20   8 100  42  38  92   5  70  98
   45  15  98  40  31  11 100  98  19  53  82  77
   50  55  61  17   5  50  24  59  72  60   6  24
   23  64  51  69  70  70  87  65  46  78  90  62
   64  53  56  59  92  95  68  69  22   3  63  95
   31  45   7  93  60  32  55  41  77  79  29  11
   46  80  78  33  96  73  54  71  91  11  77  84
  100  27   4  98  60   8  96  78  52  61  93  89
   63  81  76  74  60  22  39  16  58  63  57   6
   84  79  55  19  53   9  77  76  31  25  55  17
    6  98  74  66  55  75  49   2  19  36  84  27
   61  70  47  36  46  45  39  84   1  71  58  57
   88  76  72  38  75  66  86  77  96   4  14  61
   32  65  40  80  68  22  93  99  70 100  19  24
   50  53  39  72  36  29  27  40  38  39  75  72
   22  30  64  32  74  47  29  66  72   9  29  78
   52  68  20  94  77  90  18  32  11  15  71  70
   78  27  28  18  40  26   4  80  61  91  52  33
   77  59  33  84  65  82  82  49   9   2  77  16
   72  19  10  14  67  59  52  82  19  45  25  44
   36  62  69  65  84  30  14  32  47  66  43  17
   99  63  64  44  78  49  81  64  45  60  59  20
   59  11  94  11  46  59  83  70  65  77  89  28
   79  21  17  82  22  95  72  65  68  30  40  16
    2  38  46  44  85  94  31   3  27  99  15  57
   51  47  67  49  67  97  78  73  37  42  24  36
   42  75  36  34  58  59  73  16  18  96  87  55
   82  98  89  16  10  51  27  24  24  86  42  34
   82  50  50   2  46  72 100  46  48  31  50  25
   60  28  31  97  66  51  19   1  27  48 100  10
   48  93  46  13  53  54  73  76  50  63  20  16
   97  87  12  64  78  91  28  39  65  14  76  14
   88  29  56  84
    854   795   885   789   804   793   812   802   812   823   774   766
    783   832   841   834   785   791   818   849
