 10 250
   92  63  59  10  27   5  30  39  48  89  48  54
  106  14  31  61 102 102  43  76  87  74  74   9
   81  38  64  77  20  46  62  81  46 111  24  45
  105  51 105  75  24  64  99  36  24  65  79  98
   20  18  53  42  70  67  79  21  63  65  59  10
   83  79  46  36  37  27  74  42  68  71  25  36
   24  40  19  48  48  77  13 109  48  89 116  34
   82  73 112  27  84  48  44  57  75  57  14  53
   65  57  80  97 110  13  48  85  81 111  41  53
   25  33  76  24  31  43  22  65  95  61  95  42
   89  17  49  61  53  20  49  98  49  42  55  79
   45  21  67 112  21  50  52  44  92  21  51  59
   78  92  77  36  13  70 109  90  80  56  38  72
   90  92  27  81 111  34  31 104  68  91  26  97
   53  29  44  68  95  22  87  41  67  65  26 100
   92   8  72  29  21  78  36  47  49  71  68  71
   70  70  60  59  29  26  51  50  99  58  83  38
   92  87  79 107  11  72  38  20  35  12  89  42
    9 103  24  36  20  61  30 114 108 119  91  99
   68  19 102  33  97  95  23 115 107   2  57  49
   68  60  78  83  97  54  76  67 112  27
   97 106  49  59  58  60  49  71  94  63  96  15
    5  72  41  93  10  12  61  12  87  37  52  70
   21  92  83  52  31  59  57  61  97  40  79  30
   36  22  63  79  78  10  24  48  87  82  77  77
   31  52  84  39  11  50 103  57  19  72  87  29
   79  10  68  39  26  48  50  86  93  79  98  58
   69  38  68  73  66  23  90  13  19  45  25  34
   41  83  31  80  15  47  38  62  18  89  97  52
   58  40  37  93  39  36  37  76  66  74  42  75
   85  89  99  43  85  68  18  66  97  32  72  65
   77  77  23  95  25  92  19  98  20  67  65  96
   68  65  56  33  13  71  30  37  16  38  19  45
   52  52  98   6  30  46  95  80  28  48  18 118
   86  28  24  50  69  96  49  59   6  71 117  36
   39  87 106  57 102  46  48  42  50  56 102  58
   77  86  41  36  54  39  55  56  41  72  67  88
   31 101  76   5  65   7  80 105  93  97  71  20
   76 107 100  33  62  89  30  58  55  99  59  19
   94  16  30  36  36  11  76  84  65  31  25  20
   72  95  26  84  66  44   4  90  21  61  80  22
   58  15  30  29 118  65  70  17  38  95
   74  50  77  37  30  50  28  86  88 106  22  43
   92  12  15 103  19  57  76  65  32 103  21  82
   53  69  92  54 107  71 102  38  75  97  28  71
   60  57  56 106  30  86  12  75  78  64  48  89
   31  16  42  54  23  93  54  48 112 105  55  48
   47  68  52  27 102 105  20 109  95   5  83  29
   57 101  87  79  54  91  15  17  85  67  30  25
   28 107 105 114  17  98  47  86  85  85  80  99
   56 105  58 109  58  69  96 106  92  66  44 105
   88  69  72  91  57  96  62  29  46  82  80  77
   48  41  37  28  93   8  78   8 108  77  84  84
   28  27  59  60  42  67 104  49  29  14  89  41
   76  16  31  34  87  68  20  70 100  74  29  90
   66 106  14  20  41 103  87  92  85  80  25  30
  109  21  47  77  42  33  86  90 114   7  20  93
   32  61  67  83  39  10  89  52  90  69  79  13
  104  48  23  64  68  58  73  33  17  12  18  70
   92  72  51  49  81  64  41 112  68  47  98  36
   75  26  22  87   7  49  38  13  99  56  97  41
   80  84  57  48  70  77  91  94  94 113   5  58
   73  73  78 106  19  23  85  20  74  94
  101  65  33  53 102  12  97  35  55  72 106  51
   55  59  84  66  94  41  15  66  36  57  82  46
   60 109  54  16  21  76  74  71  41  36  34  80
  107  29  34  68  82  14 118  90  22  28  63  83
  101  42  81  73  92  63  92  75  70  21  24  15
   93  38  22  92  70  98  36  10  17  56  96  55
   93  71  21  86  25  75  65 100  25 106  80  89
  113  46   7  88  76  88  54  48  82  15  64  31
   47  54  58 108  91  61  55  34  88  82  55  46
   60  91  32  56  48  93  72  19  38  31  63  19
   54   9   6  58  61  69  96 104  46  17 100  42
   78  67  61  73  95  80  76  72  95  35  74  59
   55  27  66  40  85  12  32  75  21  44  47  77
   88  17   8  74  27  68  67  42  22  84  23  56
   74  24 106  52  29  91  32  83  80  48  24  96
   74  15  32  68  18  51  73  52  99  38  93  72
   84  61  74  27  30  53  90  53  92  60  19 105
   28  83  63  81  91  63  56   9 110  98  54 106
   64  13  97  75  75  11  22  63  74  55  27  50
  100 106  71 102  13  13  36  41  88  15  42  28
    5  48   5  39  26   7  96  85  17 107
  115  64 101  87  62 107  27  93  14  10  49 101
   60  59  51  57  50  23  27  86  81  28  20  58
   15 102  73 100  71  61  97  47  14  21  83  23
   40  61  51  81  59 105  43  75  26  88  42  29
   95  52  21  72  93  12  98  57  20 108  12  61
   79  88  70  86  37  64  86  97  21  73 112  62
   22  41  25  37  82 104  61  86  96  60  82  53
   74  90  48  33  49  93  79 104  23  49 115  20
   74  13  51  25  27 105  52  52  36  80  60  67
   42  24  49  35  98  25  90  97  23 104  84  41
    9  38  78  68 104  86  95  48  43  74  71  96
   30  90  50  25  33  60  11  77  47  84  63  32
   93 109  47  87  68  59  43  47  25 111  61  42
   44  78  76  84  37  51  86  22  36  74  61  97
   27 108  23  95 106  19  41 102  68 108  53  73
   27  94  76  45  87  77  55  66   6  88  56  11
   32  49  88  91 117 107  74  42 105  82  59  90
   80  63  58  68  56  87  73  75  12  15  41  80
   21  70 109   7  43  91 100  80  79  70  40 101
   78  52  41  76  64 105  84  70  62  72  36  74
   64  39  44  28  36  63  32  48  34  28
   83  30  72  56 113  89  41  76  42  71  51  16
   25  25  84  96  75  96  95  27  20  14  27  26
   59  20  45  87  25  48  75  32  65 106  65  69
   29  15  92  66 106  78  88  61  88  22  25  90
    6  80  83  93  76  86  17  59 110 114  46  98
    7  87  24  37  80  90  48  72  56  69  56  27
   86 100  46  99  98 101  27 109  55  74  33  14
  104  73  92  30  50  44  23  22  65 110  93  72
   98  23  62  65  70  94  54 109  46  37  20  43
  113 108  34  45  66  94  36  15  38  45  57  29
   79  82  89 102  33  73   9  49  59  96  32  13
   61  21  30  66  63  95  49  57  98  24  78  22
   36 108  95  22  75  69  77  37  51  35  85  42
   67  20  75 102  67  54  94  69  85 107  43  85
   43  75 115 113  46 110 105  48  64  30   7  24
   32  80 100  45  62  16  78  48  19  99  93  79
   63  66  23  84  69  45  34  34  81  86  42  19
   21  36  13 109  47 110  88 101 107  47  14  69
   69  87  52  39 106  39  53  97  36  94 108  93
   50  77  12  67 102  27  45  63  99  96  59  19
   45  66  17  28  17  23  99  83  87  46
   54  22  30  65  30  29  69  98  73  69 112  76
   65  43  69  96  62   3  91 104  88  23 105 102
   28  31  41  25 102  94  50  67  49  92  68  69
   92  23  23  74  62  22  94  62  21  89  39  93
   85  61  45 108  28  59  46  76  56  20  97  73
   68  34  64 102  17  94 112  84 101 113  73  99
   15  57  63  90  64  54  83  30  15  72  65  95
   45  53  55  83  22  42  60  29  59  32  86  75
   46  12  52  55  88  95  35  52  47  83  13  92
   96 103  39  87  12  89  14  60  91  99  24  19
   18  84  65  74  69  66 112  45  40  58  45  17
   61  56   9  98  68  46 105  73  48  29  96 105
   54  24  43 114 105  39  62  82  49  82  68 109
   88  65  24  24  46  53  15  74  35  13  81 100
   17  89  21  40  22  17 111  51  67  89  17  39
   56  63  61  50   6  39  40  81  30  28  15  70
   68  53  99  41  89  30  98  23  98  57 100  18
   68  20  36  75  47  39  68  41  64  32  34  27
   91  91  61  44  63  67  70  60  77  79  30  61
  101  46  69  46  71  60  42  99  32  81  46  27
   17  85  95  21  38 100  87  84 100   5
   75  38  71  79  51  58 100  35  21  56 100  51
   37  62  48  62  54  45  51  76  15   5  77  37
   28  32 104  54  83  37 113  63  40  32  42  67
   66  22  41  13 117  33 103  46 107  53  23  64
   49  57  37 109  93  82  92  88  27  44  29  70
   59  78 104  73  90  35  66  39  27  68  73  79
   75  87  77  21  92  49  74  46 101  71  11  80
  105  60 104  58  74  58  62   9  56  66  78  80
   88  70  19  57  47  29 108  27  65  83  15  93
  106  19  50  79  46  27  24  46   7  84  46  51
   21  87  89  61  67  12  39  28  99  73  57  38
   76  67  90  77  37  71  95  38  93  82  32  80
   44  92  71  95  75  75  67  41 104  23  45  55
   91 107  59 109 104  86  18  44  32  18  90  61
   23  31  48  13  70  92  45  39  31  89 103  48
   84  58  38  20  20  57  34  50  75  99  42  73
   50 106  62  87  79  60 106  25  11  36  33  12
   78  67  72  59  31   5  37 112  74  54  73  44
   45  98  92  88  41  63  43  30  53  96  61  51
   36 109  92  55  36  49  79  14  15  76  78 105
   52  97  99   8  39  88  59  58  70 104
   37 104  44 110  32  31  84  98  28  86  66  16
   22  81  20  30  77   3  96  95  25  22  62  17
   53  59  33  88  88  91  58  61  35  60  26  95
   23  50  41  90  90  99  95  94  67  34  57  75
   81  44  23  15  73 106  22  84  28  87  48   7
   57  91  28  72 105  80  48  92  19 106  45  95
   90  17  70 106 107  72 109  25  49  19  21  20
   41  87  31  15  61  92  67  72 108 101  72  79
   31  24  96 112  38  47  77  64  21  27  97  48
    8  49 106  54  73  73  51 108 100  44  28  35
  102  14  41  92   6  66  54  19  88  59  90  50
   26 102  63  53  42 104  65  19  42  83 100  71
   86  36  63  34  77  62  18  38  85  61  48  67
   94  96  65 105  78  23  31  29  63  92  83  15
   44  78  67  33  76  64  25  49  86  39  58  17
   43  21  72 106  59  76  53  43  96  23   9  57
   74  26  19  66  17  93  48  86  69  40  84  72
   65  73  91  98  63  27  69 105  38  23  57  20
   76  53  39  55  45  37  95  55  64  66  56  67
  102  44  56  40  30  99  31  33  76  38  89  75
   53  32  51  21  38 111  28  57  85  50
   20 109  13  45  30  76  36  26  24  72  11 108
   63  20  82  82  21  92  36  66  24  61  60  39
   89  91  72  18  66  42  38  33  22  48  31  33
   40  17  58 113  62  66  14  22  67  35  37  55
   20  19  41  26  41  69  43  78  59  69  82  54
   62  47  84  98 111  30  51  14  30  26  71  83
   31  32  82  99  97  44  90  60  64  43  33  55
   39  12  40  93  65  90 108  13  54  48  24  90
   42  82  42  97  39  12  93  62 100  16  20  35
   46  49 100  88  81  50  38 100  13  70  82  52
  110  80  16  20  89  47  40  59  15 106  25  50
   37  13  17  56  64  72 103 105 104  68 110  38
   65  34  33  43  26  60  34  54  87  47  36  68
   70  52  99  94  15  11  70  83  44  76  95  56
   73  31  23 104  64  24  81 101  60  77  97  67
   92  62  27  82  98  34  69  66  32  43  91  83
   49 112  94  99  68 100  21  22   6  45  54  90
   15  33  54  94  24  36  10  33  39  30  88  35
   56  31  29  48  52 109  95  78  62 102  70  73
  107  51  31  28  65 100  83  58  53  98 105  27
   40  51  33  89  95 102  68  78  42  82
   12  48  45  93  84 100  87  78  72  24  56  50
   14  91  80  47  18  10  70  28  31  32  39  98
   26  76  47  36  95  72  54  35  65   1  84  63
    7  64   3  31  81  55   7  68  81  47  29  22
   88  94  50  61  47  41  32  93  50  46  51  97
   31  25  57  66  74  93  34  61  41  34  79  84
   95  67  96  54  59  41  94   4  65  29   4  82
   28  44   4  78  35  62  64  45  35  58 100  49
   52  58  31  21   4  98  63  29  39   4  77  56
   79  70  36  94  83  68  92  51  15  54  22  68
   29  93  63  50  64  96  67  11  58  75  65  27
   63  95  48   6  82  58  50  70  19  86  61  47
   29  21  32  77 100  34   9  29  29  57  72  35
   22  16  89  31   4  75  75  12  34  11  79   5
   51  75  66  43   9  88  26  65  39  40  84  19
   25  94  34  76  84  24  70  70  63  39  50  35
   48  40  50  61  85  82  52  66  18  46  27  71
   27  27  40   2  96  33  66  85  82  99  17  74
   93  11  82  78  92  42  81   4   4   1  29  10
   34  97  13  80   6  16  84   3   5 100  60  59
   40  56  39  36  13  59  29  40   4  87
   14   7  53  47  60  60  71  35   8  51  22  87
   97  30  67  10 100  97  41  97  23  74  50  35
   88  26  27  51  75  61  52  49  19  79  34  87
   69  91  57  32  26  99  87  60  22  35  43  41
   73  66  24  65  97  64  14  48  84  32  28  84
   41  96  42  77  86  63  68  20  20  31   5  44
   43  74  39  33  54  82  20  90  94  67  90  81
   64  24  83  24  95  68  75  55  97  20  10  53
   50  65  78  19  74  66  67  28  52  46  60  42
   21  27  14  76  21  35  87  43  10  70  39  41
   39  31  79  24  93  10  97  17  90  44  37   7
   46  38  48  87  97  36  86  72  97  68  91  66
   59  53  14 100  73  65   9  32  85  66 100   2
   31  91  94  62  40  10  66  58  98  36   2  78
   74  16   4  63   9  60  69  78  65  54  15  53
   43  26  71  74  53  70  48  50  61  43  44  32
   80  19  39  98  44 100  31   6  26   6  47  98
   32   4  14  79  47  23  88  49  56  16  56 100
   13  88  81  81  82  92  37  19  43  79  77 100
   47  20  89  26  48  76  99  16  90  52  40  88
   61  91  83  87   1  49  41  89  82  17
   30  52  28  66  89  60  82  23  28  10  89  62
   12  99  91   9 100  57  30  43  87   9  99  34
   67  49  18  61   7  40   6  71  35   9  81  33
   42  61  64   6  90  16  96  28  38  38  71  15
   80  95  76  59  94  23  53  63   6   2  58  65
   59  47  53  88   8  11  89   1  12  99  21  85
   52   2  18  26  53  25  97  98  20  50  73  88
   90   1   4   5  94  13  64  18  29  33  27   4
   47  15  57   7  55  39  12   5  27  37  67   2
   26  36  43  15  46   6  48  91  57  30  37  25
   69  77  75  92  10 100  25  97   3  29  35  35
   77  92  46  56  74  42  12  55  74  97  30  69
   31  93  79  79  24  49  86  41  19  41  82  12
   44   2  92  99  74  12  26  23  35  24  81  79
   10  87  67  35  68  87  28  14   2  97  94  14
   73  47  36  21  79  98  26  51  26  36  27  89
   12  69  84  55  34  49  29  69  92  93  96  39
   25  30  60  55  32  48  72   4  36  63  21  80
   39  94  96  31  99  56  75  95  16  60  13  68
   30  29  47  65  37  29  18  15  13   4  98  47
   46  31  40  11  92  86  24  86  35  25
   18  45  75  65  10  99  23  71  65  45  14  60
   60  43  20  42  21  62  87  42  69  54  28  60
   46   5  62  95  88  34  34  42  71  72  80  31
   10  91  70  50  30  95   1  21  96  83  56  30
    2  68  34  39  25  55  28  44  45  90  79 100
   22  70  84  14  37   5  66  92  99  56  17  56
   11  31  88  17  94  37  55  18  91   6  39  29
    7  72  95  18  36  21  56  69  35  93  46  80
   68  58  52   6  13  44  60  75  21  31  55  69
   51  14  76  56  65  17  46  92  72  78  52  92
   56  97  96  47  47  38   6  16  66  99   5  78
   33  50  50  47  25  24  33  46  13  72  33  45
   50  91  48  63  30  96  74  33  97  75  56  28
   30  88  99  46  84  43  41  66  92  24  84  60
   37  87   1  67  73  24  86  36  25  71  87  21
   39  99  83  52  97  58  41  56   6  81  15  47
   23  56  30  77  76  61  14  51  24  52  90   2
   80  28  47  29  16  47  56  98   6   9  56  13
   48  99   5  27  43  99  87  44  35  56  89  67
   18  10  35   9  97  95  80  68  29  95  78  74
  100  61  97  78  90  96  15  27  87   2
    2  41   7  20  52   4  76  14  94 100  62  10
   55  60  67  52  60  91  91  24  30  83  87  51
   96  10  33  14  35  44  14  70  98  93  21  94
   74  45  60  28  49  14  73  36  83  17  71  88
    7  54  82  44  17  99   9  49  94   8  99  52
   34  31  34  27  82  55  21  10  90  36   3  48
   80  61  79  66  22  14  46  34  23  56  31  60
   33  23  63  87  57  26  38   8  85  71   5  84
   31  96  62  90  84   5  64  57  78  27  49  38
   66  89  63  82  10  92  16  23  86   6  36  73
   99  73  41  43   9  31  24  60  69  40  48  11
   87  28  57  83  80  46  96  39  60  36  46  78
   19  11  67  32  35  52  64  62  84   9  51  70
   73  24  39  24  74  57  34  96  82  35  42  11
   76   2  90   7   1  91  68  14  52   8  64  38
   85  13  32  60  26  43  58  50  99  16  49  93
   73  69  25  22   3   2  28  68   5  28  48  29
   32  48  53  34  60  29  37  39  95  93  76  23
   88  33   7  97  59  22   3  37  41  49  74  11
   30  58  77  37  55  11  36  41  49  46  74  31
   44  71  63  85  74  45  82  56  85  89
   29  74  42  55   5  19  69  35  60  32  64  94
   80  94  31   6  43  13  19  83  89  94  77  93
   60  85  66  17  84  64  32  77  44   4  48  35
   85  97  17  42  10  41  29  56  14  82  93  25
   98  31  27  21  36  33  99  50   8   3  56  20
   95  27  85  65  37  20  64  42  51  48  53  80
   18  17  67   4  20  17  93   5  56  36  87  91
    8  32  22  85  69  67  95  95  48   9  18  43
   19  85  40  52  44  14  62  10  56  82  91  75
    2   3  74  67  52  14  78  98  69  61  49  85
   40  29  22  11  72  39  96  56  49  11  76  93
   54  86  73  37  47  14  67  61  13  96  31  81
   70   2  24  93  38  38  41  81  68  85  24  78
   46  96  41   2  39  57  25  44  23   9  71  22
   63  33   5   2  57   2   7  69  46  86  99  79
   79  31   2  57  53  86  39  63  98  14  22  25
   47  38  84  29  42  75  85  73  27  16  69  85
   88  75  96   2  63   4  31   9  11  56  89  47
   39  31  55  80   9  70  57  22  83  14   7  27
   52  27  97  48  11  85  72  52  10  22  45  98
   59  40  94  81  96  81  11  34  26  68
   63  94  74  38  80  85  46  13  36  48   3  26
   54  75  43   9  43 100  25   3  25  94   2  15
   79  72  75  80   3  17  56  45  68  12  37  48
   16  88  81  34  41  83  23  57  98  15  77  21
   28  57  67   9  75  47  59  41  46  89  14  41
   52  75  46  10  86  19   2  19   1   6  43  12
  100  48  50  19  49  59  33  86  88  34  52  18
   68  50  63  22  88  72  58  81  56  79  33  32
   58  90  62  49  32  19  81  53  69  28  92  23
   16   2  72  27  92  30  98  57  24   6  86  88
   84  32  38  41  50  45   4  57  72  48  61  91
   56  56  95  17  50  57   6  35  58  83   9  11
   54  92  75   3  15  69  55  26  62  29  35   9
   17  41  96  79  72  66  93  46  69  97  37   9
   94  23  94  69  83  96   5  58  39  22  99  80
   62  45  43  64  99  72  80  24  90  83  98  45
   46  67   3  66  19  72   4  88   7  61  17  87
   52  84  71  40  61  63  41  67  39  88  76  86
   25  25  55  74  56  38  46  48  34  25  81  52
    2  59  46  63  40  56  76   5  73  37  71  76
   88  18  18  89  64   3  29  27  16  97
   44  82  38  40  62  54  11  69  98  64   8  57
   74  45  63  58  51  70  63  34  90  98  34  70
   82  70   2  60  23  75   4  51  66  75  71  48
   38  93  70  89   3  69   7  71   3  66  90  52
   55  53  67   1  15  38  11  24  93  75  74  42
   46  24  10  42  23  76  47  75  75  46  34  36
   31  21  43  89  28  71  36  66  16  35  93  22
   14  48  11  56  32  49  44  95  61  45  35  37
   20  32  85  56  62  88   3  78  52  25  98   9
    1  98  63  30  63  86  87  58  97  28  60  60
   90  24  19  43  42 100  68  89  12  35  58  75
   34  45  28  30  83  40   8  76  20  36  87  23
   76  27  45  19  28  30  38  77  12  81  58  56
   11   4  50   5   5  30  86  67  77  91  14  58
   93  72  54  91  33  21  74  73  86  25  12  64
   18  53  69  96  89  53  70  58  43  18  69  34
   52  11  40  18  29  53  11  79  99  78  70  98
   40  42  37  58  73 100  83   4  28  48  33  61
   65  21  12  21  63  56  66  83  61  23  41  62
   75   7  22  60  69  65  41  97  90  38  40   9
   67  22   6  98  70  17  55  62  33  16
   77  13  58   2  85  85  21  20  81  34  36  87
   90  22  89  76  38 100   6  19  80  87  42  95
   50  52  81  20  22  15  59  53  76  59  82  14
   88  56  73  17  24   3  22  10  45  70  52  34
   36  68  96  89  33  14  89  19  74  28  69  97
   58  25  92  42  14  33  62  27  84  12  68  16
   25  96  39   6  11  43  10  82  61  87  96  86
   69  29  87  99  52  10  49  33   6  17  35  34
   82  95  18   6  68  71  32  40  86  91  20  55
   98  68   2  56  33  46  51   2  14  75  87  84
   12  97  76  28  98  46  48  85  23  59  20  66
   90   4  42  60  64  11  47  84  69  29  16  39
   17  82  55  74  39  48  89  71  34  42  61  37
   24  21  47   9  29  88  87  74  49  27  24  98
   63  30  52  73  33  55  90  66  30  81  54  94
   68  88  45   5  47  43  59  61  17  94  96  61
   42  92  91  44  92  10  54  27  37  74  20  48
   50  29  17  21  40  82  42   5  74  92  56  82
   32  49  78  56  62  74   9  52  53  36  51  41
   18  70  59  66  89  18  80  87  33  79  31  38
   63  71  66  93  80   2  74  51  18  61
   89   8  93  75  87  43  82  82  81  38  99   3
   52  93  33  37  85  25  77  46  95  50  47  68
   17  28  40  90  52  60  73  79  87  62  78  86
   69  91  55   4  42  38  98  88  47  77  72  49
   91  92  62  90  70  48  77  29  57  35  23  62
   54  73  33   6   5  78  62  91  73  93  49  25
   81  79  30  15   8  65  24  52  54  73  78  62
   71  91  75  14  46  18   3  90  56  63  83  30
   78  22  75  20  69  95  25  57   2  89  87  74
   66  65  11  22  36  57  82  18  91  50  29  59
   10  26  96  91  17  63  74  50  96   6  95  53
   75  91  90  62  52  47  10  10   4  36   6  80
   50  82  75  61  76  46  72  51  23  63  70  35
   41  56   3  16  98  95  50  21  62  29   7  51
   35  77  89  14  54  85  29   3  60  40  13  48
   20  49  89  27  12  81  41  36  86  76  15  26
   70   6  21   4  48   3  83  85  98  59  66  30
   97  72  55  13  79  69  97  84  65  80  16  73
   52  83  73  64  60   8  10  30  52   2  34  31
    4  60  80  77  46  19  34  49  66   6   6  84
   70  60  83  24  10  12  37  26  69  20
   1025  1082   961  1039  1002   998  1019  1013  1039  1059
