 10 250
  106  95  75 104  48  57  47   7  52  50   9  13
   97  83  64 103  69  87  23  63  85  52 100  84
   25  43  63  11 101  65  52  72  58   9  86  52
   40  42  87  35  53  65  32  15  40   8  88  19
  112  76  90  19  25  82  73  28 107  43  29  11
   17  99  81  61  70  89  43  20  43  38  88  23
  107  25  72   6  75  89  98  61  14  24  30  94
   52  57  81  87  83 110  18  94  63  62  93 107
   41 107  99  57  17  43  25  54  18 103 108  79
   68  81  97  19  79 111  86  96  39  76  53  84
   85  38  46 110  63 101  87  38  73  20  99 101
   89  72 102  23  55  28  33  85 118  19  21  34
   72  14  77  21  51  84  72 104 104  65  97 104
  109  28  54  26  83  13  93  87  20  25  60  71
   25  74  85  19  52  54  90  77  82  52  48 107
   24  57  87  68  37  21 106 105 105  85 109  99
   18  25 103  30  19  31  60  14  79  47  15  48
    5   5  41  30  49  81  59  53  78  45  82  64
   14  26  60  96  58  50  44 112  30  44  23  82
   83  75  21  13  41  58  40  30  25  78  73  42
   65  20  78  63  31  59  85  11  31  14
   84  37  41  76  54  56  74  33  66  74  70  39
   71  60  93 101  65 117  73  12  60  74  75  64
   73  79  94  91  66  92  16  14  83  79  76  78
  100 110  89  32  29  42 105  65  97  49  61  69
   25  78  94  15  56  23  38  73  23  46   8  46
   66  67  42  28  98  44  92  58  11  81  43  75
  105  51  23  67  24 112  71  59   9  22  16  14
  101  92  26  26  73  49  56  63  73  87  94  10
   64  28  64  91  34 115  24  93  12  84  50  59
   83  13  44  37   6  21  99  64  23 106  17  41
   53  97  23  18 111  94  90  56  43  24  26 107
   93  74  25  66  82 105  40  86  11 103  79  55
   52  60  42  67  40  99  45  73  17  15  77  84
   57  99  99  40  46   7  85  86  63  40  35  76
   33  30  58  87  59  35  36 100  20  94  40  77
   76 109  90  46   9  89  97 100  73  39  59  57
  100 107  80  37 101  54  10 102  61  85  59 106
   46  56  91  69  25  67 107  80  70  74 105  48
   86  45  56  62  53  45  38  80  37  85  79  54
   42  65  74  90  19  90  88  80  41  99   7 101
   73  74  89  46  47  16  51  85  74  54
   74 109  61  90  42  33  19  94  59  98  40  92
   67  46  84  61  77  73  50 114  12  90  71  23
    8  11  35  23 108  82  50  72  32  63  99  80
   13  73  84  68  76  53  56  41  73  81  10  22
   35  68  27  22  45  88  76  78  62  95  26  71
  105 103 111  16  72 100  38  87  47  47  68  72
   89  48  90  66  37  69  96  46  34  57  85  17
   90  78  55  60  44  47  27  13  85 101  10  80
   64  70  65  22   7  79  35  41  32  91  59  67
  109  82  40  53  81  59  69  67  83 103 110  14
   67  80  94  98  90  23 107  98  44  43  26   7
   26  69  57  40  31  89  32  89  94  68  40  36
   10  62  36  87  94  95  90  80  14  64  91  34
  113  89 106  98  64  42  87  68  45  46  79  42
   44  68  64  94  56  59  10  35  60  47  91  61
   96  97  16 108  50 108  48  91  44  13  13  98
   44  83  31  49  81  42  78 111  56  34  28  29
   97  44  31  22 111  40  12  87  43  63  54  19
   22  69  92  72  75  50  82  45  67  70   8  22
  111  49  97 103  46  91  40  70  30  74  16  99
   25  22  22  50 108  13 106  58  80  72
   82  79  54  15  29  72  84  30 104  32   8 105
   60  30  65  69  22  63  68  14  47  16 103  93
  111  84  33  47  14  69 112  33 107 113  81  87
   83  38  61  90  23  71 114  98  99  36   6  73
   88  32  66 101 105  13 105 101  21   5 111  41
   90  45  62  72  42  85  23  28 108  34  57  75
   43  76  43  62  68  51  58  44 104 113  93  31
   45  78  18 108 103 100  13  99  13  52  81  92
   88  60  63 103  19  41 109  53  49  47  71  40
   56  38  94  47  95   7  27  48  32  35  66  60
   41  89  71   4  65  45  36  92  43  32  20  53
   38  53  20  98 112  97  52  52 104  85  55  36
   67  17  59  62  87  66  50  24  96  98  17  23
    7  91  24  43  72  60 112  83  61  70  23  20
   38  45  90  58  83  74  14  56  81  44  49  40
   76  15  62  43 112  83  46  37  61  26  48  61
   31  24  41  75  28  70  61  35 115 103  77 100
   99  56  29 102  29  79 105  90  24 104  95  69
   55  51   6  79  69 111  87 100  82  65  87  73
   59  50  67  88  12  73  15  20  79  66  92  99
   68  39  90  42  73  34 100  65 100  77
   99  39  29  82  16 103  28  64  24  44  53  46
   29  50 102  26 108  58  63  80  71  17  59  54
   83  34  85  71  74  36  75 105  45  65  66  31
  111  23  90 110  72  34  42  59  79  66  19  36
   53  12  45  45  34  27  96  17 101  75  45  37
   42  28   6  59  13  18 114  94  33  65  16   7
   26  66  48  17 115 102  45  25 108  70  26 103
   27  59  85  92 102  34  94  21  44  72 116  72
   52  85  77  19  57  58  87  23  48  61  62  52
  106  72  34  21  69  84  60  75  86  19   3  30
   83  84  78 108 105  19  79   4  32  71  62  14
  115  38  59 111  51  65  63  26  65  40  27  94
   92  47  58  48  33  51  42  92 112  54  88  77
   34   9  28  63  67  89  94  26  64  31  58  11
   56 102  80  72  40  99  40  56  71   9  53  39
   99  41  40  57  48  53  71  14  34  25  92  94
   62  19  44  31  71  31  21  45  96  38  52 106
   85  92  13  18  99  65  92  82  92  37  92  42
   74 109 100 112  32 107  14 103  50  72  52  70
   58  25  13  34  95  73  30  27  10  34 100  84
   34  82  74  52  64  23  55  21  51  97
   84  70  90  42  68  29  42 109  64  45  48  12
   12  80  36  11  20  80  55  32 107  61  35  99
   31  22  49  89 114  80  44  65  49  95  21  17
   41  66  80 100  91  80 108  25  27  40  94  76
   20  56  48  72   6  90 108  59  36 107 107  88
   48   9  69  40  79  42  80  27  92  91  35 105
   52  98  56  25 108  46  17  11  73  81  34  24
   40  30  43  73  82  72  34  53  91  54  38  90
   71 103  32 116  60  48  67  38  17 109  69  87
   79  59  20  99  40  22  29  58 107  95  12  24
  101  99  63  37  92  51  45  91  80  19  69  74
   95  46 110  75  42  92  63  82  97  26  18  39
   62  95  85 104  33  53  66  47  37  63 104  62
   16  42  96  81 104  81  99  41  52  62  70 108
   97  93  37  47  83  62  48  77 113  66  41  14
   47  75  62  64  22  27  15  81  28 115  49  18
   94  30  34  46  82 105  96  34  74  53   4  67
   66 115   6  29   5  50  46  54  74  10  51  91
   18  84  78 100  76  58  29  72  87  56  98  29
  107 101  35  44  71  39  43 105  16  47  27  43
   46  94  99  39  29   8 106  53  55  19
   77  67  26  29  34  55  12  61  54  45 108  24
   56  99 102  26  47 107  34  60  32 111 107  81
   49  17  77  34  27  78 104  74 103  24  57  56
   96 103  67 104  69  17  22  77  64  15  40  32
   21  35  86  65 108  14  23  52  32 112  63  23
   22  87  55  99 100  89  31  14  38  70  60  40
   81 100  72  56  26  23  60  79   8  90 109  92
   80  98  89  36  50  48  26  92  85  79  81  14
   78  73  87  74  83  51 107  21  92  75  72  60
   17 108  55  88  35  84 101  10  15  17  19  82
   97  55  17  97  44 112  81  34 102  60   7  14
   70 111  80  48  33  93 101  32  80 106  96  33
   99  50  13  67  59  29  40  69 100 104  90  94
   40 117  90  43  48  20  10  27  68  31  14  78
   23  35  56  36  90 101  91  73  74  81  62  14
   57  90  45  88 114  26  36 103  83  51  87  40
   94  59  74  70  70  93  79  94  75  88  98  72
   95  48  80  79  13  90 102  22  59  59  97  35
   47 106  91  81  32  25  86  89  38  29  23  53
   65  96  75  49 106  96  58  84  85  28 103 112
   86  90 110  56  12  69  90  39  73  24
   43  65  66  16  79  38  36  47  15  70  56  86
   37  31  23  33  19  30  74  44  34  49  51  11
   68  86 114 108  75  52 113  53  44  18  43  43
   42  90  65  11 104  40  25  18  58  38  67  88
   31  44  79  73  37  20  55  93 109  62  40  16
   92  11  59  15   4  52  51  12  34  45  59  48
   78  49 113  39  46  65  40  12  79  71  33  39
  101  43  23  60  44  29  11  90  76  24  16  94
   75  65  98  35  24  41  52  35  70  98  89  64
   20  35 110  38  96  84  93  75  52  14  64  97
   61  43  84  59 104  39  96  95  67  10  39 117
   42  27  30  34  66  76  84  53  17  87  64  64
   43 109  52  20  95  76  19   9  39 101  71  22
   88  22  77  76  98  84  22  37  19  24  90  41
   99  37  44  40  56  26  93 105  71 103  13  84
   39 103  79  95  88 101  31 101   5 100  26  81
  110 103  22  37 108  99  16  96  74  33  60  85
   75  92  82  60 105  91  84   8 105  43  24  44
   50  87  92   2 101  40 101  30  87  85  26  91
   56  53  43 116  87  19  40 103  94  28  23  80
  115  29  71  39  23  85 104  58  51  88
   41  28  58  53  31  80  62 102  83  42  67  89
   30  30  55  66  32  99  85  24  64  60  36  59
   41  94  65  67  43  71  11  50   7  71 107  93
  108 105  48 101  88  54 100  28  82  68 110  92
   43  58  66  84  61   8  54  82  22  69  76  95
   45  20  79  43  91  29  65  84  82  31   6  39
   23  29  99  62 103  19  98  33  73  30  90  73
   93  40  74  20 113  60  94 112  61  40  94  21
   40  64  91  56  99  55  38  18  41  44  71  34
   91  52  52  76  37  74  75  41  64  92  73  91
   67 117  40  35   3  59   5  89  42  77  56  85
   37  47  41  49  65  40  75  81  30  25  37  23
   26  44  68  94  28  91  62  23  77  60  49  60
   26  27   6  43  47  31 102  40  27  89  20  15
  103  31  59  47  34  23  42  23  19 101  21 100
  103  50  98  50 110  77  24  40  86 104  45  23
    7  43  21  40  61  33 106  26  61  44  82  73
   69  85  71 112  25  95  44  50  31  75  55  63
   65  68  19  55  63  88  20  27  44  59  32  72
   72  93  51  68  29  88  93  15  74  99  16  26
  103  28  90  88  46  40  49  18  86  20
   95  24 108  69  43  96  34  18  77  58  43  64
   25  64  93  48  87  52  49  93  19  59  10  77
   99  21  45  72  48  54  91  68  22  62  76  53
   78  36  46  73  62  71  80  76  22  21  46  93
   15  28  81  30  92  44  96  97  48  73  28  16
   74  91 104 107  87  89  74  70 109  35  53 102
   63  52 106  22  65 102  84  79  97   8  43  45
   83 110  25  13  47  43  14  89 101  66  51  39
   67  95  33  12  76 114 102  48 108  74  71 113
   64  84  95  45  89  41  56  49  84  78  37  38
   67  33  31  58  98  26  30  98  68  46  38 100
  104  47  17  16  88  97 111  89 102  80  99  41
   33  86  43  57  33 107 107 100  27  59  69  57
  103  79  54   6  29  32  36  88  68  74  42  32
   31  31  79  96  55  65 101  24  80 110  45  17
   44  98  82  56  96  88  96  89 104  59  49  15
   52  58  90  98  94  67  80 102  66  14  13  60
   85  69  40  42  92  72  19  25  34  19  19  68
   56  55 102  72 101  68  83  11  80  77  53 102
   38  86 100  52  66  59  79 103 105  33 103  72
  101  37  73  10  56  61  76  37  93  25
    4   7  37  15  63  55  61  96  67  66  96  90
    5  35  42  10  40  27  84  52  19  60  15  28
   84  77  45  97  14  54  53  30  51  96  28  60
   76  74  33  76  63  43  79 100  64  99  17  97
    5  38  29  89  86  20  47  79   9  60  75  99
   96  21  27  53  45  26  76  91  77  73  16  80
    7  80  35  99  27  21   8  41  97  86  88  24
   53  63  27  23  20  10  92  10  51  53  10   6
   63   4  12  45  98  71  95  54  89   4   6  40
   41  26  14  97  23   9  20  20  76  32  67  26
   34  73  65   6  48   3  26  69  33  91  15  12
   26  34  12  91  51  84  85  24   1  96  83  76
   32  90  28  90  66  18  30  10  16  51  13  14
    9  75  51  76  32  99  18  29  93  78  50  40
   82  46  19 100  55  60  19  33  28  66  71   2
   81  63  28  45  81  90   4  10   5  26   9  10
   89  89   2  87  84  72  48  92  23  62  96  72
   99  98  68  75  64  23  53  66  32  59  23  51
   95  90  55  21  58  58  75   2  81  72  96  24
   34  32  92  94  64  57  65  90  80  39  33  63
   45  96  32  48  76  49  27  98  73  97
   18  81  77  38  65  56  40  82  37  46  47  70
   47  44  27   5  43   2  38  93  45  39  40  45
   41  24  21  28  47  11  90  88  35  41  32  34
   13   4  22  75  74  66   6  40  11  63  44  36
   81  42  13  88  54  84  73  32  96  73  98  68
   43  42  69  88  12  65  22  53  95  31  72  38
    8  62  89  41  91   5  40  52  93  83  94  88
    4  11  87  83  46  63  56  51  42  27  22  99
   39  87  54  20  86   3  80  24  91  27  68  57
   25  95  69  68  97  81  17  39  92   6  99  78
   66  14  88  85   8  17  27  63  60  87  87   5
   11  31  86  36  32   5  65  26  99  10  32  52
   60  43  62  39  69   8  72  47  89  93  42  33
   50  12  11  70  68  99  30  31  40  79  80  29
   83  90  50  30  50  74  81  19  99  25  66  35
   34   6  22  65  96  22  14   3  31  64  51  62
    7   4  40  71   1  61 100   6  52  29  44   5
   64  64  19  34  83  35  11  25  34  37  11  64
   16  69  48  54  62  73  74  31  66  33  27  48
   66  38  38  22  92  14  18  36  77   5  97  16
   30  28  29  57  70  88  56  22  29  53
   35   7  59  16  61  87  87  21  47  20  75  19
   37  68  24  48  31  38  69   2  98  30  49  84
   97 100  81  79   9  36  52  30  81  40  21  30
   94  33  35  35  27  64  55  76  38  38  98  95
   72  46  92  82  61  25  35  36  45  10  76  32
   14  15   8  99  43  19  65  21  62  61  44  33
   22  62  27  45  76  38  23  74  85  45  22  85
   18  26  59  45  74  73  92  95  24   3  93  31
   47  42  50  92  98  29  79  74  75  25  61  40
    2  36  71  58  26  56  39  39  30  12  10  96
   51  26  25  13  12  91  12  21  74  61  82  97
   89  42  55  68  79  15  78  27  10  51  71  66
   96  57  76  21   9  16  27  24  92  56  20  73
    3  26  13  16  53  74  21  39  72  56  35  74
   75  45  49  21  51  53  99  71  54  70  18  59
   16  18  97  11  66   3  71  17  68  98  98  13
   63  32  72  69  30  78  33   2  56  77  92  87
   23  58  80  95   1  72  94  32  60  48  62  92
   89  50  24  35  33  54  20  57  36  34  95  91
    1  63  12  10  63  25  78  42  73  36  92  11
   92  87  89  67   3  89   9  53  28  37
   34  35  60  93  89  36  29  82  13  84  94  15
   50  80  55  46  89  49  44  92  62  98  12  13
    6  33  71  58  89  35   4  85   8   7  30  24
   23  73  44  16  86  49   6  13  13  68  96  38
   17  79  47   5  15  90   9   7  91  98   9  65
   22  57  51  37  63  27  88  90   3  73  54  39
   75  39  59  41  38  68  47  58   8   3  15  80
   62  33  93  10   7  17  98  10  95  58  31  17
   27  49  51  11  87  71   7  52  68  70  36  79
   46  75  16  69  14  97  88  62  85  82  39  45
   62  27  44  98  55  58  78  13  75  73  83  54
   82  50  99   5   4   7  63  58   6  35  63  83
   35  90  59  45  17  49  66  87  24  19  98  87
   95  27  78  60  32  54   3  37  45  43  79  93
   68  64  21  58  37  44  98  62  22  59  68  69
   39  89  48  61   2  32  65  80  59  86  64  47
   74  92  74  27  83  33  44  70   2   6  36   9
    8  47  82  16  76  30   7  30  81  12   8  40
   61  56  99  34  42   9  23   8  28  40  16  42
   52  54  42  32  90  46  88  90  38  42  24   6
   47  80  17  67  29  76  17  47  15  30
   14  63  78  34  89  14  81  45  96  63  59  62
   84  60   2  90  12  54  43  32  40  99  49  51
   25  68  26  41  33  78  40  13  67  37  45  85
    2  86  29   2  33  79  66  44  39  45  92  73
   58  90  75  70  74  93  19  98  15  27  61  74
   65  79  96  52  92  97   5  17  83  42  97  98
   91  47  68  90   3   4  68  82   6  46  81  10
   84  55  18  11  12  76  26  99  68  44   3  48
   59  24  30  83  59  62  15  97  54  56  49  67
   11  31  71  90  47  23  56  30  19  91  99  74
   23  31  30   9   5  94  25  99  86  40  42  90
    3  79  60   9  51  46  41  93  52  71  91  22
   26  72  47  60  78  61  65  24   2  53  32  43
   85  98  78  54  41  23  12  90  40  77  61  92
   63   5  31  34  63  20  69  49  36  96  51  81
   13  70  70  45  55  58  42  95  73  78  28  10
   42  99  62  88  46  87  94  61  23  71  51   8
   32  23  95  94  21  45  16  21  21  78  15  74
   41   9  19   7  81   4  89  15  59  47  64  40
   45  93  89  73  11  35  85  80  94  74   9  34
   74  22  36  59  53  90  54  97  63  19
   36  48  15  72  40  77  74   9  48  70  59  92
   95  40  78  99  99  24  49  78   4  56  73  12
   81  97  69  21   3  32  72  48  62  25  90  91
   74  41  37  10  22  29   5  83  79  62  23  39
   88  53  61  44  99  15  10  52  78   2   7  20
   71  97  44  80  32  76  23  85  21  24  76   4
   51  16  59  86  11  65  93  93  38  30  77  78
   67  81  62  44  30  39  84  56  24  63  65  17
   41  13  70   3  58  66  35  70  95   4  47  17
   27  52  96   5  67  90  84  55   7  23 100  94
   19   9  51  70  27  59  64  28  34  93  46  46
   13  59   7  43  61  16  42  36  20  76  86  69
   48  19  20   2  70  53  41  59  77  55   6  49
   93  62  22  31   8  28  11  65  62  44  33   3
    9  23  68  58  28  42  69  30   2  50  68  93
   61  40  52  47  90  79  96  30  89   4  68  97
    8  77  77  60  33  13   8  81  46  49  99  46
   40   3  99  82  97  69  66  55  31  99  51  13
   90  26  25   2  29  60  83  46  30  51   6  82
    2   5  73  61  31  66  61  12  97  61  82  69
   57  12   3  63  82  97   6  63  62  92
   34  37  82  91  77  63  95  50  54  70   2  85
   60  19  10  84  71   7  77  46  82   4   5  27
   56  92  42  82  93  26  15  35   8  96  55  48
   18  14  48   9  47  99  91  31  43  96  68  70
   99  81  31  41   5  99  91  59  86   7  42  92
   80  26  65  17   8  16  74  97  67  48  59  72
   35   7  42  51  80  90  52  32  94  30  11  19
   32  22  22  66  58  69  89  24  22  41  30  98
   28  35  15  34  28  63  10  90  25  45  38  51
   86  10  52  31  76  18  16  99  88  92 100  22
    5  59  94   7  59   5  27  68  14  45  97 100
   50   7  28  64  74  17  17  88  26  14  12  80
   15  61  95  50  52  82  80  51   9   2  18  24
   79   1  21  63  59  87  97  90  36  74  95  42
   90  75  63  67  13  11  22  42  30  24  47  90
   48  14  66  28   3  77  71   5  22  64  32  70
   12  51  37  48  37  13  40  25  32  24  13  46
    9  61  24  29  92  24  18  89  54  58  14  78
   68  12  14  31  76  79  25  27  64  76  90  67
   54  19  42  62   6  15  52  28  30  74  12   2
   22  24   9  64  95  38  27  77  39  85
   59  47  45  87  29  66  79  73  90  45  62  27
   73  80  89  74  87  87  31  69  78  67  69  93
   49  24   2   4  39  54   7  54  75  94  64  71
   72  29  50  98   9  65  84  98  56  71  44  22
   73  69  41  36  65  99  60  16   6  41  63  97
   13 100  45  99  99  56  69  96  80  70  50  63
   39  65   5  80  63  53  70  99  37  37  77  73
    3  73  86  48  75  91  94  13  27  79  95  25
   36  37   5  82  86  79  53  69  46  13  31  55
   91  73   9  70  10  21  10  28  50 100  47  16
   49  66  29  57   7  67  19  21  39  93  65   3
   77  90  84  69  46  26  20  58  89  33  47  50
   68   2  58  93  19  42  93  97  68  10  48  89
   23  85  31  26  11  31  93  76  87  90  21  64
    7  73  76  71  55  80  23   3  43   9  91  18
   66  11  27  21  24  14  83  18  98  11  92  30
    8   4  86  74   2  17  87   9  44  70  60  29
   35  14  24  43  12  23  29  95   6  66  95  61
   57  22  17 100   7  65  18  72  31  17  86  19
   55  56  60   3  23  87  76  15  26  82  88  36
    4  75  40  73  94  22   3  47  60  26
   70  78  52  54  85  30  58   7  29  76  53  21
   81  79  56  48  72   4  32  85  52  54  66  61
   70  21  53  46  70  36  93  61  96  49   9  10
    9   8  64  15  17  56   6  75  23  43  10  28
   76  45  49  25  44  96  61  29  89  41  39   9
   66  85  29  61  25  77  47  33  30  82  96  67
   91  86  12  49  11 100   4  77  31  83  23  38
   11  79  36  96   2  58  10   1  42  77  13  94
   64  56  27  46  14  54  73  88  76  72  46  73
   24  60  66  35  71  37  39  67  42  27  33  16
   52   2  65  79  99  47  99  25  75  26  63  17
   77  70  64  56  42  69  35  33  89  85  79  91
   80  73  35  11  78  11  46  88  38  52  55  52
   93  79  97  66  66  80  17  67  84  29  86  96
   10  80  52  58  86  85  75  84  92   7  98  11
   11  56  20  65   7  38  80  76  26  12  61  83
   96  61  99  66  51  78  10  85  53  61  23  33
   43  21  34   4  93   7  67  63  78  35  47  48
   54  39  89  60  49  29  97  88  75  59  75  34
   43  18  52  49  91  16  21  90  35   4  86  86
   16  89  27  15  73  71  71  87  27  85
   11  94   2  50  74  13  77  85  30  49  75  46
   79  42  26  67  20  63  61  23  94  49  94  36
    3  83  61  47  72  50  22  44  95  49  32  63
   30  71  69  41  53  35  26  35  89  91  62  10
   96  83  24  77  12  76  23   8  60  44  75  97
   34  21  12   4  22  13  36  35  10  78  63  13
   43  65   5  90  45   9  26  35   8  99  60  72
   36   7  93  94  60  68 100  30   7  43  51  76
   37  22  78  92  44   5   6  60  12  40  39   4
   39  27  25  66  27  74  61  62  24  33  79  81
   38  81  88  59   8  76  75   9  41  65  72  15
   12  68  90  95  20  11   7  16  14  26  19  74
   78  21  65  50  80   2   2   4  80  59  42  52
    5  25  66  99  82  81  84  32  45  39  66  76
   80  76  34  18  63  39  16  84  36   3  63  90
   60   6  30  46  24  27  13  25  16  47  58  95
   62  58  28  22  23  37  27  14  54  89  98  51
   28  47  73  66  24  33  93  86  69  88  84  44
   55  59   3  42   9  49  34  94  27  33  67  13
   75  30  20  67  52  49  27   8   3  82   2  44
   16  74  47  92  61  47  38  81  11  83
   1032   971  1010   984  1060  1006   954  1040  1057   958
