 25 100
  111  53  81  88  31  20  67  76  60  56  50  89
   33  25 101  53 105  95  17  56  87  43  14  96
   35  37  17  33  43  62  88  59  67  29 105  33
   25  70  54  81  27  32 109  80  54  32  78  77
   35  77  16 109  30  53  38  63   7  46  80 107
   47  59  52  77  62  20  99  10  62  37  50  25
   58  43  58  71  24  75  74  32  72  51  91  10
   35  72  44  64  30  45 110  76  66  71  42  23
   26  85  16  27
   25  60  95  23  57  49  86  30  82  74  71  88
   83  44   9  51  78  31  75  99  63  91 111  56
  110  43  13  74  72  36  88  36  60  48 113   4
   87 104  33  89  34  21  62  76  19  34  54  99
   28  82 108  84  97  70  60  40  78  90  70  97
   56  81  37 108  93  51   7  30  83  17  63  40
   75  55 107  90  77  84  90  41  35  23 108  21
   46  75  19  38  80  22  31  20   9  68  15  15
   92  51  93  80
   78  60  17  21  50  50  41 100  47  56  98  17
   72  57  60 101  26 100 118 110  81 116  74  87
   71  52  45  34  77  24  21  20  72  24  39  41
  118 107  96  36  22  90  52  59  24  20  12  88
  107  17  60   6  28  53  25  83  59 100 104  57
   37  33  98  61  26  95  31  97  87  87  75  89
   48 107 110 104  86 106  95  22  71  42  50  88
   11 101  72  36  57  81  84  42  40  88  38  30
   55 110  70  41
   13  23  90 109  25  19  51  60 115  55  61  70
   83  44  86 116  92  80  73  77  11  69  24  27
   65  57  67  23  15  52  75  76  54  51  82  59
   98  69  54  32  90  60  82  94  17  75  45  30
   76  71  83  61  91  19 108  32  23  35  21  27
   16  39  17  97  58  20  69 104  25  36  35  95
   80  68  62 112  41  98  68  26   8 114  87  97
   11 101 112  88  20  22 108  97  37  94  37  60
   59  76  90  14
   51  78  68  48  31  55  78  98  53  13  17  83
   50  30  13  53  72  47  41  55  49  68  76  83
   26   6  83  34  51  79  41  50  50  93 110 102
   77  91  52  56  89  42  40  77   7  83  17  39
   24  90 104  66  81  30  34  43  49  89 106  60
   68 100   9 106  42  82 108  41  81  78  36 100
   92  99  91  19  53  44  84   6  66  13  87 104
   62  46  78  22  15  94  65  85  48  16  54 106
   45  39 108  40
   28  61  41 106  39  71  83  45  46  55  83  39
   13  83  42  18  81  92  94  61  63  21 101  16
   32  48  65 100  67  70  45  22  33  89 110  91
   63  76  21  77  69  64 107 106  28  19  68 100
  117   7  72  47  52 113  69  41  88  35 102  93
   47  47  69  19 105   7  60  95  34  71  79 101
   93  70  95  70  46  95 100 116  33  60  72  33
   19  18  73  87  41  35  54  47  57  67  76  50
   81  54  70  56
  110  22  46  43  79  57  27  42  64  60  59  45
   19  45 110  97  23  42  98  17  76  93  91  44
   14  33  57  61  24  42  93  76  75  53  66 101
   42  27  94  60  50 111  82  67 108  32  52  28
   92  59  86  39  25  98  35  64  45 111  61  99
   16  40  25  23  41  56  38  50  39  24  86  40
   81  64  27 105  78  48  26  31  88  55  66  25
  106  94  63  21  37  91 107  74  67  87  61  24
    9  41  83  19
   80  52  76  73 110  98  98  57  63  79  23  19
   51 114  53  72  24  33  92  24  42  30 101  33
   90  20  59 112  23  51  47 103  87  49  37  31
    6  65  73  86  53  33 109  75  83  40  56  78
   44 105  68  80 109  13  79  38  49  57  40  31
   67  82  30  60  57  57  25 106  23  50  86  62
   39  19  33  66  77 101  21  96  58  61  34  63
   73 102  15  35  20  84  40 116  31  32  90  74
   72  27  99  26
   60  41 108 106  37  42  80  92  81  66  21  58
   82  27  92  42  39  88  53  74  11  31  78  69
   11  66 102  37  83 107  28  62  59  54  20  76
   15  73  20  79  26  85  18  86  66  85  41  45
   84  40  87 100  62  44  94  98  38 102   6  52
   87  16  91  91  42  14  43  94  98  72  26 103
   95  67  67  21  90  57  99  23  89  29  43  41
   22  19  26  63  18 112  77  35  31  76  35  99
   94 118  27  62
   28   6  51  71  50  19 100  81  73  95  92  13
   35  30   9  61  43  71  42  98 115  33  92  38
   24  49  71  56  89  66  70  35  96  39  16  17
   90  79  67  94  91  96  84  45 114   4  89  94
   80  69 103  42  92  71  33  58  73  21  49  16
   44  92  93  42  14 101  92  40  44  70  68  39
   22  89  43  18 104  56 106  60  38  82  60  54
   86 105  25  76  71 100 107  43  32  15  28  35
   59  41  96  57
   93  74  33  54  41  43  28  46  67 110  32  75
   97  65  76  68  70  66  82  31  98  81  45  79
   87  40  79  94  63  53  62  28  26  75 110  20
  110  59  79 113  47  60  40  98  90  97  20  56
   81  57   8 102  42 102  97  33  46  59  66  25
   25  40  59  54  74  96  74  70  50  45  53  45
    3  84  62  92  32  84  62  98   5  86  10  98
    7  34  29  75  89  39   4  51  18  77 103  76
   62  90  65  89
   24  31 101   9  92  22  68  26  59  93  26  48
   91  53  92  60  48  72  82  88  30  34  68  55
   12  33  19  28  71  54 100  68  36  25 102  12
   46  12  88  64  78 112   8  42  61  27  76  92
  106  24  88  60  80  29  50  88  82 107  29  45
   54  47  29  58  46  99  68  46  54  45  95  10
   74  76  30 115  34  26  27  29  23  99  90  19
  111  13  17  76 106  38  93 106  51  82  96  49
   35  68  94  40
   23  92  64 107   7  69  49  26  49 103  55  96
   71  56 113  16  90  86  48  41  52  90  70  89
   41  79  10  57 103  46  98  38   8  23  75  51
   31  95  27  68  46  13  25  81  94  42  24  85
   75  96  94  20 108  57  63  71  29  60  26  76
    7  61  39  40  83  76  61  42  72  25  85  62
   63  68  59  28  99  93  92  88  64  96  70 101
   84  58  59  80  76  70  51  54 106 104  55  44
   43  69  24  27
   58  26  25  17 106  14  32  76  59   7 114  73
   96  67  45  52   9  99  56  36  85  11  59 105
   98 113  46  92  18  73  73  26  65 105  83  69
   15  20  70  72  74  26  41  85  97  87  60  94
   70  31  36  95  89  56   9  82  16 106  79  25
   70  11  33  83  72  71  80  29   8  27  27  76
   28  36 111 102 103  46  53  80 102  45  84   8
   67  55  24  88  67  64  55  85  56  13  67 106
   58  44  15  77
   48  52  70  42  49  85  18  61  23  61  61  38
   18  29  25  92  86  30  49  46   4  98  15  96
   16  23 102  46  55  24  52  60  42  70  38 111
   52  99  78  39  27  21  91  66  90  29  49  71
   82 105  85  45  55  26  34  83  91  17  34  96
   89  46  89  85  97  43 105  94  84  81 100  51
   70  33  21  54  51 100  47  91  33  23  13 102
   72  95  32  60  83  83  17  86  59  11  78 110
   77  63  49  96
    7  58  56 113  93  18  52 103  76  84  45  29
   19 103  85 109  48 107  15  20  58  90  67  74
   47  95  80  93  16  77  27  62  75  27 101  92
   91  37  17  19  28  71  47  84  46 105  27  21
   33  81  73 106  83  36  55  47  73 114  68  88
   79  18  50  43  12 107  45   8  86  74  95  69
   51  18  93  19  95  16  15  63  40  17  22  53
   16  99  88  83  40  44  95  26  72  74  65  18
   99  34  63  92
   54  10  54  71  48  97  54  18  86  38  78  21
   38  64  40  29  99  39  85  57  59 103  70  94
   36  54  27  46  58  89  76 107  24  54  96 108
    8  77  86  21   3  33  38  86  29  49  45  23
   17  36  22  52  15  72  77  30  72  23  79  55
   99  26  33  11  54   4  44 114  87  63  71  91
   99 102  76  72  60  90  78  28  32  92  53  95
   27  96  91  76  70  82  80  86  89  80 108  92
   56  23  52  40
   26  91  48  30  78  56  40  72  82  34  95  58
  106  32 104  91  28  47  28  84 115  55  76  97
   17  85  95  31  73  99  25  22 100  38  71  22
   26  18  75  70  90 103  37  46  80  61  25  37
   46  61  41  96  17  13 103  46  56  98 110  38
   53  63 109  96  95  54  71  97  67  31  41  56
   72  81  25  92  45  71  67  25  44  32 109  58
   26  19  60  22  21  29  38 107 104  20  93  97
   77  56  69  51
   76  83  75 116  69  43  88  79  66  75  31  28
   23  37  53  80  18  34  22  98  74  77  89  43
   94  97 103  90  30  78 102  37  13 103  74  26
   78  67  84  27  94  64  95  24  18  90  20  79
   41 112  96  17  76  42  32   2  90  72  96  47
   17  58  58  61  97 112  29  46  49  97  38  81
   47  85  94  51  16  89  85  15  35  38  20  69
   26  43  86  23  35  64  93 109  33  11  49  58
   92  66 109  36
   41 104 102  29  86  44  57  14  65  53  69  29
   46  89 104  50  21 107  37  77  14  68  99  75
   31  95  25 100 101  54  14  83  22   9  37  25
   17  82  59  72 108  27  34  76 105  94  42  65
   77 112  92  71  57  98  38  46 100  56  25  41
   19  32  80  19  90  46 106  41  22  75  81  62
   12  80  62  31  32  29  95  83  48  79  54  33
   84  86  56  57  39 101  64  60  20  25  58  48
   90 103  69  95
   11  28  28  11  51  24  63  64  23  42  77  55
   94  22  15  99  89  23  65  78  69  96  60  37
   83   9  12  22  62  69  39  65  42  14  31  73
  106  71  66  87  33  67  74  40  38  82  23  50
   11  68   7  19  63 104  97  51  44  94  76  46
   73 100  96 107  39  80  62  82  76  85  84  89
   83  25  67  35  29  27 100  54 113  55  59  59
   73  65  16  79  64  52  49  34  61  91  52  61
   49  71  16  65
   57 108  89  94  57  28  66  51  87 110  67 105
  102  34  90  12  74  43  77  38  88  27  95  23
  106  73  24  75 102  24  69  65  48  94  63  36
  108  42  79  88  76  49  74  57  99  26  54  55
   58  32  28  87 102  35  18  40 102  98  52  43
   86  80  49  14 104  64  31 103  61  85  97  83
   33  19  53  94  65  22  49  59  79  21  29  40
  112  51  74  94  32  20  76 104  17  22  23  95
   98  79 105  81
   23  64  68  48  47  31  98  46  26  86  39  49
   97  51  99  38  58  92  59  46 114  47  19  32
   80  20   9  87  31  95  25  73  98  36  85  59
   42 101  29 113  40  82 116  96  35  21  88  19
  103  40 103  81  84  99  94  39  99  51  60  10
   93  71  86  12  29 102  67  73  56  31  58  72
  107  65  72  76  60  28 102  70  58 103  93  43
   34  33  85 109  41  52  96  25  73  68  28  22
   78  35  33  35
   27  27  42  41  67  75  71  87  46  51  28  16
   68  82  47  69  49  19  88 106  44  33  10  90
   87  31  22  78 105  32  60  16  56  90  92  79
   72  51 100 100  10  33  55  27  49  36 101  72
   90  45 115  41  85  35  65  88  22  49  82  26
   35  26  39  32 102  95  85  44  96  55 106 100
   57 103  46  46  95 101 113  61  97  85  47  76
  102  50  81  21  68  45  56 107  41  54  38  64
   18  95  60  21
   63  73  93  82  83 104  96  86  80  36  66  72
   52  23  39  58  68  19  21  98  32  27  60  89
   25  92  55  70  28  33  78  27  78  86  71  68
   64  54 106  34  24  82  95  30 103  62 102  17
   37  99  14  72  68  91  19 112  38  60  79  24
   56  50  60  99  93  83  38  10  74  79  29  76
   61  79 105  38  83 112  75 102  74  59  97  75
   78  32  43  58 109 114  78  32  43  88  52  79
   29 117  77 111
    7  51  35  19  83  99  44  44  50  59  57  30
   78  84  10  49  11  15  87  51  17  65  95  13
   68  73  90  78  73  56  27  51  42  84   1  78
   92  43  51  23  77  74   7  35  54  73  38  33
   73  40  91   9  90  51  67  49  97  56  39  13
   72  59  54  33  42  97   7  98  54  78  55  79
   57  71  49  49  84  32  31  71  39  57  16  96
   76  31  68  49  81  70   8  39  41  41  65  84
   94  30  93  78
   81  49  10  90  53  62  34  86  23  44  40  23
   37  61  96  51  28  80  36  14  50  18   6  52
    8  68  97  34  36  67  28  79  52  69   6  99
   25   2  71  23  79  87  42  39  92  83  49  18
   90  27   2  33  14  44  57  66  40  13  36   6
   48  27  69  12  17  65  99  84  22 100  40  79
   42  52   7  24  33  34  22  79  74  84  10  88
   62  34  91  72  31  95  81  97 100  44  99  95
   19  61  14  38
   30  59  90  86  67  55  64   3  61  55   8  88
   35  54  43  11  89   5   2   6  23   4  43  24
   42  57  66  78  29  80  83  99  39  79  75  62
    2  10  15  82  98  20  58  52  78  93  92  25
    6 100  53  98  81  54  94  20  43  11  13  54
   83  84  21  47  85  22  75  20  30  19  41  26
   54   7   3  10  28   9  10  91  34  76  69  29
   95  19  48  72  58  29  30  62  71  26  78  88
   49  10  35  70
   95  85  20  10  95  91  55  49   4  60  43  49
   28  66  27   3  12  33  34  34  93  51  87  89
   38  60  53  88  98  58  44  37  55  69  28  51
   19  36  66  86  22  55  24  18  91  44  70  73
   35  37  35  57  20 100  11  75  88  83  84  87
   86  76  89  14  44  94  42   9  87  67  77  25
   23  47  42   5  71  16  43  89  95   6  30   7
   92   9   3  25  99  94  12  17  82  21  71  44
   58  30  15  92
   67  39  46  59  88  49  40  20  64  97  93  26
   64  81  96  64  46  57  76  62  57  41  43  22
   78  98  24  85  54  32  70  61  58  18   1  18
   42  11  63  51  15  71  67  38  96  28  93  79
   90  26   5  50  37  85  80  66  68  18   2  60
   41   9 100   8  69  36   3  71  21  27  77  20
   14   7  25  83  66  67  18  98  42  93  26  15
   45  67  25  97  96  15  47  29  67  88  57   8
   71  65   9  75
   77  52  71   2  77  34  31  74  72  61  25  64
   92  31  65  88  23  22  24  48  41  89   6  99
   79  61  44   9  36  35  67  93  76  22   9  28
   44  31  96  30  41  45  11  14  85  83  43  16
    2  99  37  71  59   7  47  64  15  85  10  25
   71  60  37  92   6  98  46  13  84  34  39   1
   18  48  21  35  71  13   2   3  78  50  46  74
   85  87  30  24  70  74  63  70  47  40  35  59
   27  56  48  59
    7  88  68  71  32  54  92  65  39  45  54  65
   90  71   8  10  93  62   7  95  28  19  13  64
   95  81  53  59  91  71  24  35  36  50  39  15
   69  75  23  59  59   4  37  53   8  86  51  81
   15  56  30  79  91  13  70  45  68   9  45   5
   93  78  84  91  76  61  64  59  70  96  23  74
   25  42  81   9  39  57  84  85  24  53  36  87
    4  19  52  93  77  23   2  43  52  25  59  95
   99  71  37  92
   35  54  33  36   3   4  13  61  44  37  90  96
   68   2  52  30  82  73  26  96  60  88  14  72
   26  84  52   1  91  62  59   5  26  59  72  79
   97  39  44  17  59  78   5  43  37  68  46  41
   76   7  34  31   2  99  24  73  70  45  64  74
   40  21  76  60  58  48  91   6  89  53  23  52
   70  97  82  46  30   6  85   9  55  46  74  49
   40   6  98  79  96  18  80   2  71  73  14  39
   42  76   7  94
   43  76   9   9  78  62  29  17  28  49  81  51
   29  84  15  75  64  29  54  46 100  75  24  50
   98  46  18  80  30  13  84  44  54  57  97  31
   95  32  87  30  76  32 100  26  41  26  62  64
   33  71  18  15  54  60  12  19  76  17  96  56
   19  95  16  20  78  91  68  18  21  31  88   8
   15  39  44  81  20  52   5  95  18  84  68  70
   84  97  91  55  96   3  38  84  86  31  68   9
   10   1  84  46
   88  97  58  40  62  87  13  33  29  24  24  92
   83  72  95  56  62  32  63  13   3  76  15  82
   96  58  42  55  31  45  32  78  11  68  91  94
   15  35  36  20  17  11  33  68   3  98  22   9
   25  38  15  65  20  40  83  44  29  86  58  89
   58  19  17  69 100  19  19  79  76  33  39  71
   95  31  62  93  13  51  12  46  73  21  43  54
   16  12  92  29  35  16  12  59  76  89  79  79
   59  72  16  54
   18  37  85  60  69  63  74  58  47   5  71  30
   17  52  26  37  40  47  37  73  18  21  72  34
   17  70  38   9  48  56  43  92  76  36   1  87
    7  47  27   7  70  48  64  18  13  21  99  64
   33  54  94   3  69   3  14  78  73  52  52  90
   85  76  54  57  32  15  29  45  70  67  49  66
   99  25  42  12  72  35  52  13  97  24  95  14
  100  74  78  42  19  72  98  51  93  34  10  42
   40  22  54  14
   87  75  16  94  19  92  47  76  51  24  91  72
   14  64  22  45  61  39  29  25  74  78  41  54
   90  78  99  87  49  55   8  49  70  78  12  91
   71  90  16  55  40   8  99  73  59  91  44  21
    9  95  23  52  36  82  68  26  26   9  82  65
   56  69  78  48  70   5  45  70  52  66  10  92
   45  35  83   1  84  87  89  88  90  20  27 100
    8  99  94  43   5  81  22   1  53  36  21  58
   81  41  15  77
   90  24  45   7  95  44  68  91  55   1  53  18
   40  62   2  95  21  27  58  64  57  26  48  23
   61  28  95  51   4  58  17  75  94  88  30  60
   86  21  91  42  58  98  84  22  14  78  83  19
   43  15  20  91  11  60  51  48  85  45  91  40
   97  51  80  64  31  29  57  61  33  78  26  54
   54  42  55  87   9  27  22  32  42  11  36  16
   23  51  45  24  40  36  67  56   5  14  49  66
   63  34  93  79
   52  86  92  87   4  89  73  37  60 100   5  38
   12  53  74  56  96  12  54  68  18  96  50   8
   14   7  57  25  87  31  37  80  49   3  19  45
   89  92  47  30  39  81  63  19  17  15  56  19
   45  88  70  16  18  55  96  30  95   1  36  78
   40  92  72  34  32  42  36  73  94  78  83  27
   77  78   5   5  15  58  56  24   8  62  31  95
   49  53  93  19  46  48  56  25  50 100  38  10
   58  65  95  31
   63  60  43  69  68  22  99  50  91  53  50  75
   89  79  91  21  33  79  71  74  99   4  91  10
   91  88  15  60  55  92  60  51  63  40  79   5
   56  19  31  80  80  93  28  42  29  87  66  33
   27  15  32  58  64  87  79  34  13  92  74   8
   30  69  16  23   8  68  10  24  34  31   7  69
   46  74  98  56  55  12  69  20  85  94  93  17
   41  10  85  46  32  25  92  33  61  98  31   7
   27  57  55  20
   99  58  63   7  10  84  58   6  36  32  65  75
   83  13  18   3  71   3  98  88  62  15  51  46
   69  20  35  11  91  38  90  49  39  83  10  26
   11  67  92  98  84  40  70  35  65   1  88  82
   76  30  30  13  26  81  50  69  29   4  40  22
   30  96  61  68  93   3  74  96  23  31  12  33
   59  96  19  87  25  95  95  41  73  86  83  64
   99   5  23  27  70  71  20  83  41  30  52  86
   12  74  55  26
   54  97  50  42  54  14  50  84  27  69  29  94
   65  44  73  77   6  71  28  54  45  17  44  14
   73  62  87  67  48  30  44   9  89  65  12   2
  100  39  33  83 100  75  73  19  85  66  74  92
   94  81  87  62  89  30  43  73  39  95  35  54
   11  80  84  91  63  99  63   5  32  52  40  16
   15   5  35  38  51  28  33  88  76  16  53  25
   82  17  20  26  39  21  37  31  13  36   1  19
   46  79  66  80
   85  23  54  73  37  58  65  47  29  74  18  51
    5  79   4  26  90  72  87  18   4  57  31  10
   86  18  21  71  32  12  86  86  15  78  42  80
   82  97  39  32  17  13  67  74  24  50  77  77
   65  43  65   8  86  98  14  60  56   7   5  78
   66  42   3  19  18  55  37  12  36  87  70  59
   32  28  79  11  72  43  53  86  61  79  11  61
   94  89  55  91  99  75  81   4  16  97  16   6
   27  46  42  68
   31  21  43   2  36  71  15  40  52  27  72  76
   95  70  67  32  92  75  96  18  33  40  30  70
    9  16  10  12  83  28   3  70  94  11  30  93
   36  46  32  82  10  40  10  95 100  22  99  38
   73   3   8  91  27  66  79 100  21  46  22  62
   96  53  49  43  21   1  84  73  68  11  69  28
   59  26  25  62  93  27  22  99  77  73  87  40
   88  65  17  94  82  55  18   5  73  93  53  60
   12  37   8  67
   72   3  12  85  26  73  49  91  45  50  50  74
   73  14  16  60  90   7  68  37  97  39  17  45
   87  24  94  12   1  52  99  37  92  95  75  80
   94  29  46  33   7  85  82  38  15  20  78  43
   42   4  26  35  53  17  79  61  11  62  77  72
   97  79  27  94  21  73  12  68  88  27  36  58
   91  31  55  77  82  89  17  27  71  38  53  83
   35  25  49  58  73   6  41  44  87  93  56  71
   28  12  40   7
   95  83  80  95  58  80  44  44  97  74  33  62
    9  85  93  18  17  83  55  38  33  22  47  66
   36  95  94  85  40  39  72  55  65  99  85  34
    4  35  50  32  75  51  41  63  72  24  91  58
   94  46  98  89  51  16  22  64  67  17  36  72
   37  16  19   2  77  24  40  33  27  30  24  22
   32  77  52  80  78  82   4  60   4  58  59  55
   42  53  90  32  46  60  62  84  45  18  65  47
   59  39  96  46
   50  10  18  25  59  84  54  59  22   9  35   7
    6  74  30  91  33  64  28  64  23  93  11  94
    6  44  90  34   5  84  48  41  62  19  57  69
   10  72  25  22  43  55  40  58   6  91  54  57
   54  82  89  25   3  78  96  65  11  18  58  74
   20  31  71  97   7  50  79   9  50  24   5  35
   85  90  59   9  43  91  67  49  34  87  82  70
    2  68  42  18  81  97  29  11  90  98  93  18
   11  24   1  30
   80  43  48  63  70  80  14  62  76  33  72  62
   13  67   9  65  56  27  56  73   6  55  97  87
   39  83  97  28  78  15  77  35  15  81  17  61
   69  18  85   5  62  30   4  12  68  95  20  85
   17  80  16  29  24  10  21  72  12  60  45  92
   10  41  22  92  77  11  49  42  58  88  52  44
    2  43  32  28  51  75  17  47  54   5   9  63
   76  73  22   6  78  61  11  93  47  43  77  88
   34  83  69  85
   89  77  69  64  45  35  47  29  64  55  84  88
   41  32  60  37  70  90  19   1  63  82  92  19
   24  80  98  39   9  85  51  92  60  24  10  38
   48  59  19  10  99  77  50  91  54  81  10  40
   30  64   5  67  34  75  53  25  97  59  23  88
   78  80  76  86   9  23  18  76  22  64  11   5
   50  11  72  59  16  12   1  52  15  30  56  35
   13  70  33  93  48  74  62  10  69  59  74  52
   97  13  51  82
   56  31  22  26  22  16  14  25  22  76  46  34
   50  88  71  56  46  90  96   9  78  81  59  25
   82  19  51  32  92  85  35  91  26  32  40  52
   45  57   1  73  78  35  19  73   2  43   4  86
   76   8  94  48  46  22  93   5  78  46  25  88
   59  52  52  20  24  19  67  94  45  37  77  26
   42  39   4  82  35   3  34   6  31  47  17  38
   38  82  64  44   2   5  35  73  72  23  66  33
   78   2  39   6
    172   163   156   165   161   149   169   156   162   157   151   173
    161   161   169   162   163   159   155   163   174   154   155   163
    143
