 20 150
  102  77 107  56  39  37  40  57  55  48  66  12
   98  81  67  75  85  73  58  15  65 107  64  28
  108  23 112  80  16  51  49  17 115  37  39 100
   37  90  76  53  52  18  58  40  28  71  93 108
   18  91  63  41 108  23  42  81  44  67  46  94
  108  20  24  94  41  25  48  55  72  16  65  50
   31  81  13 100  99  37  51   5  29  42  89  73
   65 107  46  47  88 111  84  80  57  17 102 100
   92 109  81  74  19  43  67  69  83  29  95  12
   25  84  66  37  94  71  58 109  50  62  16  41
   53 104  52  95  57  30 108  95  63  77  98  58
  108  78 109  62  83  25  28  90  79  61 100  87
   24  87  33  68  55  42
   22  99  31  50  58  69  76  81  90 108  74  82
   51  57  86  61  47  39  56  34  46  22  55  76
   59  70  42  94  82  22  48  81  99  23  55  66
  107  30  50  25  46  84  67  79 103  48  90  86
   14  74  84  64 100  94  61  97  61 105  40  96
   68  78  73  81  30  39  46  64  16  77  42  72
   20  33  80  90  58  82  23  58  19  75  37   7
   12  78  76  38  48  83 116  58  89  80  98 104
   99  91  21  41  16  56  34  18  81  59  33  27
   46  46  65  34  26  64 112  72  67  76  97  38
    8 110  53  73  61  35  80  29  19 102  60  51
   74  53  40  37  60 105 101  44  35 100  51 104
   49  83  93  98 114  34
  107  44   8  81  63  39  27  36  15  21  53 104
   94  96  56  25  47  38  89   9  15  84  16  24
   33  57  48  83  64  61  86  78  12  87 113  68
   85  87 107  42  84 107  21  75  60  24  77  40
   34  29  76  22  10 105  53  67 100  48  47  57
   71  58  53  64 105  15  60  38  70  31  55  44
    5  43  83  13  59  26  93  70  58 102  62  77
  100  77  65  53 104 107  99  77  12  64 105  73
  101  46  63  28  47  96  49  99  65  70  56  95
   25  91  68  33  50  66  43  30  81 103  95  20
   74  25  85 117  70 105   7  81  50  71  84  91
   66  87  89 102  75  57  84  74 104  25 117  21
   60  44  84  54 117  26
   77  38  54  30  81  75  53  79   7  95  28  84
   47  74  23  34  44  70  43  98  31  26  58  63
   87  46  84  77  36  64  15  93  24  45  48  27
   70 100  64  25  86  25  36   8  13  61 100  98
   51  21  16  53 100  51  85 109  25  86  82  21
   88  89  30  70 103  31  98  20 107  75 103  90
   81 100  72  98  25  21  93  93  49  18  78  44
   28  21  47  47  96  39  62  34  96  81  62  68
   67  28  91  68  31  89  78  35  87  54  61  63
  102  43 107  79  10 106 116  31  69  46  46  37
   16 115 108  80  97  52  98  48  55  65 112  36
   94  73  94  42  19  95  53 102  81  61  29  39
   52  66  19  58  42  21
   79  10  83  87  63  89 109 105  48  40  84  31
   38  98  98  60 103  44  76  51  56  97  46  28
   66   3  33  57  47  50  24  95  69  25  54  33
   98  39  21  27 104  41  40  56  89  77 111  77
   70 112  57  44  40  74  15  15 109  36 100  78
   15  55  12  46  12  79  99  65  24  15  76  90
  104  92 100  98  97  88  73  59  24  72 105  88
   96  80   5  22  52 110  61 101  24  13  29  60
  112  19  23  95  24  80  32   9  53  39  67 105
   48  53 103  20  51  25  58  60 114  95  55  98
   58  33  38  98  40  48  88  46  99  84  39  99
   49  58  86  72  82  41  78  34  91  19  56  32
   19  57  14  69  39  48
   28  33  93  56  21  59  43   4  76  65  20   9
   45 106  98   4 107  69  94  67  79  91  84  49
   17  33  30  32  75 106  78  94  15  32 109  47
   57  49  32  29  61  63  73  54  63  31  48  49
    9  62  84  61  62  36  40  51  42  89  25  73
   55  19  53  14  58 105  69  19  72  46  29  75
   68  14  40  50  21  61  72  39  67  39 111  40
   76  28  68  10  92 108  14  63  27  15  30  29
   28  71  45  58  70  13  43  11  24  55  98  61
   23  52  44  79  93  96  35  33  63  48  43  89
   96  88  90  37  13 112  22  91 101  45  14  96
  113  66  51 102  34  48  40  38  30  67  58 100
  108  74  46 109  31  15
   51  94  63  65  34  87 105  32  17   7  79  83
   61  91  31  46  25  93  74  14 101  81  87  64
   78  21 112  65 104  15  29  75  46  90  63  85
   59  41  82  83  85  46  26  17  53  16  38  74
   82  51  85   8  74  10  79  72  80  67  61  58
   51  37  61  81 100  34  42  94  70  43  21  45
   22  74  98  40  94  45 111 105  51  47   4  74
   36  48  74 104 102  31  66 101  52 101  37 103
   19  85  90  42  90  76  39  84  97  91  56  97
   16  59  89  87  37  41  20  26 108  56  66  30
   35  55  96  47  52  74  13  93  88  29  29  21
  109  20  12  94  71  77  67  23  19  37  44  32
   45  35  72  92  83  33
   16  12  33  69  90  29  94 111  43  91  92  82
   62  85  77  54 100  13  97  26  82  44  53   7
   60  69  90  97  51  31 109  90  36  98  98  60
  109  78  67 111  98  88  80  26  37  68  27 107
   68  72  55 109  66  24  23  79  73  31  55  20
   88  25  49  71  50  90  34  67  13 106  95  61
   36  25  96  69  44  39  68  88  44  57  71  51
  100  17  90  26  85  35  60  84  25  41  21   6
   85  91  99 109  31  99  60  12  69  70 105  72
   32  68  81  52  37  18  90 103  76  28  14 103
   87  31  27  85  70  50  85  51  35  71  76 102
   77  46 104 100 108  29  86  49  76  40  28  33
   41  58  92  87  44  26
   28  81  94 119  77  34  45  44  73  69 114  67
   40  61  25  44  78  18  65  91   4  75  17  35
   24  20  34  90  60 104  25  21  92  97  58  87
   58  40  46  46  19  92  57  71  59 115  32  21
   92  74  17  51  96  57 110  76  91  77  44  47
  101  84  24  34  96  57 114  38  79  89 105  17
   39  94  83  48 108  26  46  31  65  17  57 107
   81  11 109  48  74  75  35  92  64  47  96  67
   83  60  55  38  63 100  19 104  78  16  68  48
   50  46  62  28  24  80  96  49  37  35  10  24
   78  47  62  33  89  10  97  48  94  63  74  37
   88  91  96  77  77  69 103  76  45  74  90  74
   48  84  12  40  69  47
   51  78  58  47  26  47  98  46  49  34 119  45
   15  91  75  62  31  44  43  27  15  26  30 104
   96 104 107  77  86  95  29  72  31  41  74  75
   34  90  84  23  31  92  60 111 100  80  48  21
  108  12  72  27  13  38  53  79  68  20  36  76
   40  74  78  55  17  74  34  40 108  51  19  64
   89  38  42 101  92  78 115  82  15  33  63  86
   48  62  91  54  90  49  17  17  28  39  88  34
   91  69  71  84  29  39  51  74  56  26  89  55
   13  77  30  75  68  45  64  28  58 111  91  67
   64  67  98  45  50  82  48  95  53  20  53  33
   95  28 111  78  97  47  73  99  75  14  39  41
   85  21  24  92 104  20
   89  71 104  24  36  63  31  45  96  86  64  23
   61  64  25  66  67  13  73  57  46  17  55  53
   39  77  63  69  34 100  95  56  30  22  44  33
   75  90  33  35  17  74  65  70  99  31  39  74
   20  48  56  35  86  69  41  92  32  53 103  46
   87  52  26  72  26 103  38  36  86  25  41  34
   62  84  63  23  85  71  75  60  69  91  27  79
   70  59  94  44   5  28  56  61  63  87  43  69
   39   9  34  39  66  24  68 109  46  73  67  87
  102  25  49   8  57  37  97  95  13  39  52  73
   61  59  30  58  59  62  62  29  50  91  27  83
   77  77  78 105  15  75  29  83  31  44  86  43
   21  19  97  86  96 102
   54  73  91  24  98  85  83  87  74 100  61  63
   28  44 103 100  30  18  67  48  99  31  62  96
   93  31  24  73  43  88 115  59  55  27  27  32
   17  21  71  48  82  64  85  49  27  26  12  97
   77  41  32  49 105  22  58  24  84  33  27  94
   53 100  51  53  16 110  77 104  33  53  22  16
   91  44  53  55  20  85  89  14  37  17  41  74
   73  82  77  86  47  72  84  32  59  44  33  31
   22 106  17  17  31  27  38  64 106  22  23  90
   32  48  54  94  77  25  48  72  26  75  56  14
   33  47  68 114  68  78  60  24  62  56  45  98
   81  24  91  44  98  57  29  69  31  91  44  19
   84  45  52  53  33  61
  102  24  78  66  26  84   6  36  24  38  89 104
   83  53  49  89  26  74  49  61  59  19  77  70
   28 113  49  90  56 102  84  82  70  38  21  90
   73  77 104  88 100  34  67 104  46  32  84  41
   65  52 108  98  57  71  65  54 100  30  54  47
   13  52  19  66  87  85  38 102  82  85  78  58
   25  45  54  29  24  99 104  42  64  91  44  26
   57  35  40  46 112   7  35  48  43  86  72  68
   52  59  16  44  71 102  93   8  78  98  39  17
   36  48  58  13  39  25  25  24  14 102  10  88
   62  74  77  18  84  97  92  13  22  55  41  41
   76  39  36  79  95  54  50  96  38  70  13  37
  107  25  20  98  46  68
   82  14  63  97 116  47  41 111 108  19  71  30
   20  74  64  68  23  20  70  14  13  15  81  45
   21  56  78  36  61  98  26  74  33  64  65  85
   60  54  45  64  22  43  55  58 100  49 117  89
   41  71  62  84  21  75  35  64  96  13  92  42
   70  49  19  27  87  56  66  67  35  66  22  36
   60  24  69 101 110  22 109  90  77  66  29   8
  103  75  63  93  95  13  73  85  54  12  71  51
   36  77  31  60  34  71 112  27  17  33  19  24
   22  61  85  72  88  36 108  99  19  66 110  33
  108  23  79  83  69  76  47  45  55  56  45  45
   10  81  25  19  68  17  48  79  13  17  83  52
   64  48  11  25  79  33
   81  45  58  66  51  22  25   9  41  31  17  75
   59  36  50  43  97  40  10  77  59  69  76  95
   67  50 100  32  26  56  73  36  76  73  23  23
   23  91  19  21 105  62  56  49  79  47  36  94
   98  51  92  92  57  97 103  12  91  72  90  91
  105  72  47  37 109  76  63  28  44  64  78  44
   26  17 107  55  82  83  81  98  85 101  35  95
   79  79  33  48  80  82  78 105  64  64  31  21
   54  47  68  41  29  86  12  61  57  25  42  58
   25  31  73  94  14  85  44  49  45  28  87  50
   89  91  50  74  56  47  33  46  87  53  44  45
   73 108   4  69  36  97  80  53  98  82  54  25
   36  87  45  32  46  55
   24  21  29  69  29  82  50  41  31  76  36  80
  103  89  77  86  10  19 108  80  40  81  36 100
  102  79  51  29  40   8  39  91  57  50  83  86
   14  47  20  58  75  94  84  67  55  27  99  84
  114  59  69  47  82  35 103  81  49  20  30  69
   51  13  55  26  70 100  92  67   9  25  68  26
   29  87 106  78 102  24  55  50  70  17  71  47
   58  30  51  96  93  15  67  87  96 107  21  32
   24  45  91  36  73  90 109  49  33  30 113  20
  106  20  98 105  75  29 107  51   7  21  87  70
   81  35  38  69  39  10  68  32  98 103 106  61
   54  62  57  15  89  58  19  78  30  50  18  22
   55  13 107  82  47  27
   16 106  94  30  71  82  67  83  67  45  33  29
   37  36  58  16  41  56  15  49  23  48  60  76
   54  98  44  17  24 103  25  51 103  61  99  51
   51 107  62  23  36  72  21  47  31  98  72  46
   53  89  53  93  25  31  50  94  53 109  40  16
   84  46  30  51  88  40  59   7  18  88  91  77
   62  84  43  82  31  13  76  27  58  98  38  64
   99  50  78  50  86  39  23  39  96  43  25  61
   79  47  36  16  86  71  98  30 100  48  24  49
   11  65  56  97  85  71  91  97 102  57  88  95
   29  54  55  84  54  62  38 101  73  51  72  77
   49  62 108  33  63  50  26  47 102  25  13  55
   91  55  76 109  47  56
   65  58  28  53  68 111  97  20  94  99 114 109
   78  63  23 100  86  38  87  80  60 108  89  98
   93  31  17  37  40  35  54  27  34 114  82  96
   85  42  20  48  99  70  26  48  22 100   6  40
   52  81  26  55  61  34 112 110 112 109  72  55
   31  19  47  64  83  24  62  51 110  78  57  67
   28  48  30  23  72  15 107  48  15  18 102  21
   34  98  73  41  50  79  90  87 114  70 102  17
   26  30  87  93  75  25  90  32 110  41  88  29
   61  71  13  21  23  53  30  90  12  44  28  66
   76  83  93  26  18  96  36  62  48  36  55  98
   28 107  56  36  96  69  19  99  72  71  35  12
   27 110  92  98  81  97
  107  12  60  84 102  40  45  75  17  20  16  39
   46  40  78  87  33 112  31  49  48  82  51  14
   35  56  60  73  69  48  67  68  42  99  62  27
   85  58  89  61  88  44  28   7  72  13 106  43
   56  78  36  64  71  50  83  63 117 103  78  96
   94  74  77  72  90  28 106  55  58  38  37  55
   29  70  75  59  20  83  42  62 108  57  74 110
   49  85  93  98  84  26  59  32  24  82  35  35
   46  23  55   8 115  87 103  12  87   6  75  31
   37  41 101  98 102  35  89 110  77  90  27  75
   83  10  64 116  71  97  37 111  76  90 108  76
  105 110  52  86  94  72  71 101  55   7   9  46
   67  58  98  34   5  73
   49  84  57  61  70 105  83  39  27  18  59  41
   36  55  19  11  40  63 100  51  36  63  51  22
   33  14  84  35  77 114  73  37  16  83  40  55
   14  49  69  20  81  77  83  17  62 100  88  66
   78  84  55  32  92  84  87  32 115  83  48  76
   60  92  67  89  50  76  79  40  63  71  42  70
   47  56  50  30  69 104 105  95  96  97  71  91
   14  14 101  53  37  67  58  28  81  96  62  39
   54  74  80 111  55  67  45  71  80  62  64  24
   53  99  93  25 110  30  69  94  39  99  41  27
   54  14 100  50  77  36  43  27  83  89  49  98
  107  48  27  49  36  27  74  61  72  76   4  52
   57  94  81  20 100  17
   14  32   2  54  67  74  66  55  59  68  38  99
    9  24  50  33  25  32  52  99  52   2  42  79
    3  92   6  26  98  58  58 100   4  82  74  15
   66  12  33  65  53  99  50  71  87  42  17  11
   89  11  39  62  11  96  73  37  72  44  64  21
    1  88  82  11  70  95  64  49  37  96  42  65
   74  28  92  11  14  65  63  97  84  66  19  37
   44   4  73  73  22   6  29  25  53  88  15  20
   19   2  24  36  83  59  48  33  28  80  19  97
   92  24  45  74  13  31  47   5  55  55  97  68
   56   7  56  16  59  88  10   8  53  31   9  54
   10  30   5  50  19  88  85  12  28  48  17  19
   79  32  78  45  49  77
   87  18  87  65  56  35  41  38  26  12  36  35
   66  60  21  57  55  68  47  79  64  94  56  37
   50  50  65  17  38  89  57  37  13  96  63  44
    4  73  58  92  74  27  40  38   7  55  24  19
   92  37  24  50  18  19  46   8  54   1  71  15
   39  28  45  30  73  72  66  39  99  25  70  35
   94  81  22  12  56  30  97  49  88  38  77  98
   93  41  31  77  54  29   4  45  25  34   4   3
   18  18  95  72  91  62  77  87  37  50  78  80
   64  59  40  69  93  46   7  48  39  36  10  68
   99   7  60  32  42  79  31  78  94   8  48  67
   28  58  77  73  48   6  10  67  78  16  51   6
   54  35   9  21   4  76
    9  67  95  30  46  69  84  68  88  95  51  10
   16  17  63  93  70  75  23  99  95  22  96  85
   70  55  60  21  47  55  31  33  92  24   7  36
   21  24   3  70  35  13  91  45  59  80  37  69
   83  89  37  92  94  13  54  42  17  66  57  61
   49  53  59  44   2  94  54  75  36  73  53  68
   98  66  23  99  60  85  24  50  56  14  47  39
   17  43  52  65  14  11   4  41  90  39   9  31
    4  70  56  90  58   8  54   3  46  48  63  15
   85  25  40  78  54  39  70  82  30   5  10  96
   29  79  17   3  40   5  95  36  65  44  30  23
   54  21  22  16  45  52  29  34   2  90   3  96
   45  59  24  65   1  91
   35  65  57  84  38  41  49  33  95  18  76  36
   63  46  91  68  64  45  62  12  78  82  53  46
   31  71  20  35  75  51  89  17  88  75  54  86
   49   6  56  86  33  88  75  95  96  54  17  14
   65  94  96  50  20  57  34  10  86  30  33  85
   22  29  75  40   2  86   4  94  10  36  12  21
   22   7  31  22  94  99  18  24  56  86  40  63
   90  91  67  72  22  78  58  70  12  39  43  45
   37  82  18  47  80  21  27  71  21  56  53  49
   18  70   5  34  99   9   3  87  51  72  66  69
  100   2   6  25   9  66   4  68  54  51   7  77
   22  44  12  73  93  25  53  14  28  50  90  79
   56  45  95  58  63  84
   26  98  32  19  47  28  10  13  63  72  34  81
   82  17   5  43   7  70  32  60  62   7  72  75
   47 100  69  53  59  64  88  16  42  87  56  77
   14  72  97  87  13  71  70  64  30  27   8  31
   48   7  53  59  79  43  95 100   2  66  11  27
   97  48  99  66  91  36  19  44  87  88  26  15
    4  18  14   5  16  23  47  47  88  30   1  19
   17  28  99  80  61   7  50  11  88  94  85  47
    5  96  97  22  96  31  75  97  66  65  44   9
   70  58   1  94  57  93  55  42   5  17  63  18
   57  76  66  11  63  58  28  63  12  26  73  17
   71  54  25  42  29  70  40  80  22  88  50  79
   83  52  96  34  74  63
   91  81  26  56  81  56  59 100  44  46  99  94
   74   2  17 100  12  40  17  35  25  28  28  63
   99  74  89  82  27  12  41  10  90  88   8  70
   53  54  86  86  44  49  37  61  51  88  68  69
   99  52  25  44  49  72  73  62  73  21  94  36
   53  94  64  97  61   6  47  85  48  69  80  35
   35  88  64  64  94  42  43  63  46  74   3  76
   34  83  48  97  24   2  99  52  83  93  72  84
   75  33  69  49  41 100  67  94  87  61   4  54
   79  61  65  30  23   7  74  82  53  59  76  19
   23  17  29  77  91   7  88  19   9  69  95  10
    5  45  67  14  77  67  79  77  79  44  57  18
    5  46  62  10  79  97
   56  11  55  55  85  29   4  80  90  99  30  27
   41  18  78  71  90  24  44 100  12  36  15  51
   39  93   4  47   1  90  90  36  61  13  56  28
   54  78  22  33  23  72  88  96  57  87  70  40
   31  56  32  95  37  95  32  46  31  37  54  59
   60  71  48  30  11  80  65  13  35  76  98  62
   98  40  17  69  10  59   5   2  62  63  98  37
   72  61  28   1  12  84  44  10  52  15  70   2
   97  31  26  76  22  40  74  35   9  20  55  14
   89  52  24  24  77  61  88  89   8  52  44  83
   74  51  18  64  68  36  98  17  14  80  79  86
    5  87  92  18  46  29  48  95  89  82  71  74
   67  67  41  23  36  85
   98  95  76  50  30  83  26   3  74  25  20  32
   54  34  33  50  17  98  11  93  28  69  59 100
   56  47  30   6  59  73  11  25  75  10  11  43
    6  34  48   2   9  23  39  83  80  42  84   8
   47  31  55   8  48  92  85  26  30  78  52  98
   28  80  70  42  55  15  74  44  91   8  12  45
   69  90  23  33  62  77  35  25  73  61  48  59
   20  95  19  77  23  84  55  19  94  71  96 100
   25  22   4  11  71  18  51  94  41  38   6  39
   85  50  21  63  83  98  24   8  29  88  97  16
   21  76  76  26  45  54  26  60  71  43  35   7
   31  72   3  11  10  76  24  63  35  72  78  84
   62  55  19  15  62  83
   88  34  16   1  39  70  64  73  42  45   4  47
   67  47  94  67  24  88  55  23  99  44  97  82
   92  83  68  28  53  13  81  98  20  13  58  24
   57  71  65  62  93  26  53  39  58   1  88  83
   18  40  99  68  18  50   5  41  14  34  58  71
   14  32  81  77  15  55   6  73  39  27   5  99
   72  17  34  65   2  79  72  82  53  94  52   5
   27 100   2  65  39  33  82  13  54  65  24  52
   28  42  64  78  39  18  85  16  33  94  52  55
   53  63  49  91  83  33  18  62  82  75  93  82
   24  61  45  83  30  93  12  54  14  52  38  70
   14  23  14  41  30  42  12  39  66  31  24  43
   63  34 100  71  39  55
   64  26  54  63  92  60  17  63  56  80   1  66
   96  11  37  49  81  75  77  77  94  81  81   1
   20  13   5  33  30  13  86  43  75  74  35  45
   72  27  18  79  85  21  47   7  20  22  67  89
   10  90  47  86  99  74  58  34  40  97  70  34
   66  41  37  48  94  37  81  75   3  53  83  47
   21  81  69  13  20  24   1  26  94  81  56  31
   56  41  24  54  17  64  87  89  78  72  15  83
   20  37  41  27  83  64  62  40  63  85  19  60
   93  41  84  30  34  71  53  83  60   3  28  37
   48  36   6  71  64  31  66  24  49  98  63  74
   12  83   3  31   9  56  42  21  40  96  67  75
   28  84  87  19  12  84
   13  32  16  85  80  41  80  73   9  20  55  92
   55  52  85  43  37  90  41  61  62  87  54  53
   71  38  55  33  70  11  13  62  73  93  70  87
   37  25  80  73  97  33  49  47  10  74  66  29
   86  70  48  74  30  45  69  10  75  61  10  71
   27  61  80  41  90   2  70  83  20  91  79  85
   46  28  56  93  22  40  38  48  50  18  84  27
   33  56  18  74  99  88  60  49  47  27  72  50
   81  98  84  65  47  82  43   2  73  47  44  24
    7  90  66  95  47  74  18  12  89  63  65  40
   59  60  76  56  50  49  54  83  62  26  79  27
   36  41  41  14  95  33  78  32  82  69  20  62
   91  83  16  22  16   9
   55  45  26  96  13  31  23  32  39  20  50  44
   92  73   1   4  73  87  51  57   5  80  43  15
   23  81  78  45  63  15   2  52  51  90  87  72
   86  90  31  55  29  56  35  55  92  76  92  18
   28  73  80  65   8  91  45  86  22  87  88  25
   57  12  56  61  90   2  25  10  71  63  92  95
   15  67  60  50  83  27  26  94  79  92  66  29
   29  35  30  18  72  36  20  81  47  74  83  78
   83  13  99  96  81  85  67  40   7  87  88  16
   75  60  63  22  40  80  70  34  79  45  59  95
   83  63  35   2  44  39  46  86  40  61  73  17
   25  92  16  72  16  54  79  37  79  14  64  84
   21  73  52  67  69  58
   13  89  35  42  85  20  98  66  86  64  28  14
   33  66  54  31  77  36  62  54  47  93  28  45
   78   2  57  29  55   7  22  30  46  73  99  15
   45  26   8  23   4  80  42   8  74  87  18  75
   41  65   3  18  63  42  54  55  11  88  63  70
   99  58  83  46  33  25  73   7  37  19  35  49
   95  64  48  84  92  21   9  77  47  15  67  77
   50  79  66  61   6  96  76  71  61  25  36  48
   53  48  87  72  40   3  13  99  39  22  76  99
   67  72  56  92  75  87  86  87  89  11  92  20
   43  29  27  87  20  12  11  90  86  47  70  66
   35  81  69  29  16  56  56   6  78  45  90  74
    8  89  90   4  59  40
   20  99  54  13   1  71  78   6   3  86  43  81
   91  36  46  51  96  92  41  96  94  99  26  68
   97  58  26  67  44  16  85  32  79  51  53  30
   52  66  70  42  93  68  57  51  11  62   3  29
   70  34  49  25  88  41  83  51  18  99  21  72
   33  69  92  93  22  46  39  44  70  42  87  70
   48  81  50  18   2  81   4  23  38  43  79  99
   11  38  54  24  13  95  30  24  57  90  31  69
   70  31  82  54  77  46   5  87  89  72  95  79
   89  41  22  31  23  67   6  20  85  37  10  85
    6  93  29  21  38  26  73  59  48  57  58  58
   98  28  93  92  40  90  66  35  95  89  32  52
   49  56 100  82  34  87
   30  64  53  43  59  88  93  99  78  74  97  29
   50  74  53  60  20  78  93  29  45  51  35  14
   35  69  16  73  91  59  34  84  42  32  81  79
   80  26  87  85   2  40  49  58  41  72  75  23
   13  59  17  10  45   9  14  91  19  44  24  24
    5  36  64  78   1  43  49  83  71  46  25  60
   81  91  13  60  38  21  38   4  24  17  75  17
   38  34  82  67  31  38  39   6  45  47  82  99
   49  64  46  72  75  17  98  41  61  94  78  51
   82  86  34  20  93  19  60  67  64  92  33  57
   14  19  54  36  55  59  80  65  27  64  66  64
   34   5  99  45  82  18  40  49  18  37  56  88
   66  33  63  79  66  52
   78  81  85  40  86  35  62  65  85  26  84  26
   11  14  27  18  98 100   7  24  67  23  67   3
    9  35  68  77  72  97  73  18  56  64  37  34
   93  71  91  60  38  24  36  44  55  83  20  32
    4  55  38  60  32  75  10  38  55 100  72  40
   52  91  64  87  47   6  19  41  98  80  43  88
   88  21  13  28   7  91  56  58  40  98  41  66
   62  80  66  13  18  93  44  24   9   4  91  73
   87  66  16  73  39  22   2  62  71  77   2  90
    2  97  20   8  43  91   3  52  95  98  23  38
   30  77  71  41  76  93  40  87  13   7  14  41
   50  57  53  91  23  53  88  40  76  63  99  89
   49  94   9  29  68  91
   92   4  18  76  41  32  44  25  50  72  84  87
   80  76  60  93  73  63  95  60  92  57  50  28
   58  22  62  94  82   2  83  58  14  57  14  52
   68   4  44  82  69  46  90  64  84  20  33  62
   65  28  53  25  80  75  68  25  59  11  74  94
   23  59  80  64  26  65  46  99  93  27  18  40
   55  32  71  32  87  98  44  75  49  13  73  50
   19  61  38  61  30  76  88  75  15  67  93  55
   34  59  69  97  20  33  22  76  12  60  82  71
   93  43  48  13  31  47  13  16  11  45  14  18
   74  50  60  18  62  54  76  10  41  67  38  27
   53  51   9  72  45  61  77  61   8  81  98  55
   16  61  26   3  62  55
   41  46  74  53  41   7  14  91  24   5   4   2
   27  51  80   5  31  74  18  31  50   7  18  13
   19  73  94  67  80  81  66  83  72   2  38  15
   18  63  94  61   7  34  81  58  88  16  98  67
   60  26  85  58  49  84   5   2   5   8  38  53
   83  89  66  43  37  92  58  62   2  32  62  49
   83  67  90  80  45  87   5  54  96  98   8  81
   80  13  29  70  60  32  12  17   5  41   2  89
   82  90  33  18  42  86  17  79   4  75  28  91
   44  37  95  89  88  66  84  24  92  63  87  43
   33  20  14  81  94   9  72  45  58  71  60   5
   87   1  55  76  16  35  94  15  36  41  70  96
   84   3  13  11  33  10
    3  98  54  30   6  63  66  36  96  85  99  75
   74  76  35  20  86   4  71  69  68  33  63  88
   77  64  59  47  36  67  36  50  64  21  42  83
   18  51  29  48  31  67  91  95  45  99   7  70
   54  37  68  40  38  66  26  43   1   6  24  15
    9  46  35  35  28  88   2  58  61  76  71  54
   84  41  34  47  87  33  62  50   8  61  45   4
   71  32  27  13  27  85  48  85  87  32  76  71
   63  92  50  95   2  31  10  97  25  99  44  73
   68  68  19   4  15  68  19   1  35  24  84  40
   24  96  49   2  39  17  78   2  35  25   4  38
    7   8  63  21  20  36  40  14  56  99  93  71
   44  50   7  74  97  33
   68  19  47  54  44   8  21  77  78  94  45  70
   82  51  99  93  77  48  16  54  78  50  62  93
   78  98  34  76  43   1  37  75  92  19  76  61
   92  53  49  88  38  36  24  85  45  11  32  38
   34  29  57  79  21  29  20  79   3  31  64  27
   45  18  49  24  70  27  33  64  45  38  62  33
   66  56  57  81  51   6   2  24  23  11  31  20
   98  89  16  65  75  36  54  76  22  11  54  80
   62  30  28   1  63  45  70  45  24  43  56  93
   64  20  21  86   7  80  49  11  71  17  64  87
   58  99  16  61  35  68  64  83  28  13  71   5
    7  63  85  61  71  81  33  58  43  41  98  62
   46  23  21  87   2  96
    284   293   298   305   307   337   304   284   312   307   322   326
    311   330   315   322   314   294   291   299
