 20 400
   92  53  44  94  83  33 107  61  87  40  38  61
   69  66  51  35  52  55  54 107  99  26  35  88
   73  66   8  67  27 116  93  97  44  31  31  11
   16  15  86  80 106  36  51  83  50  66  76  92
   66  37  51  41  27 109  77  84  31  21  87  93
   59  32  39 101  55 107  14  31  14  50  49  71
   62  64  19  27  38  95   6  17  38  47  84  53
   25  62  88  53  72  86  51 100  53  21 105  38
  101  41  93 103  87 109  66  48  29 100  79  73
   57  80  30  23  43  42  74   7  19  11  38  22
   74  40  60  32  69  31  81  22  60  50 109  28
   97  80  87  43 104  83  94  66  53 110  61  25
   56  24  42 102  72  43  59  27  30  19  54  52
   97  88  19  49  43  12  25  48  73  90  66  70
   63  53 106  28  33  75  88  55  54  87  68  87
   75  30   3  61  99  43  53  62 101  66  86  88
  109  65  76  48  19   6  70  45  99  47  94  82
   63  42  61  26  36  51  75  24 109  77  58  57
   93  70  39 106   7  88  18  18  36  30  50  91
   80  38  53  94  91   4  99  94  65  57  33  70
   89  74  79  93  63  95  76  47  71  39  14  50
   59 106  82  68  15  63  82  59 103  92  46  39
   14 100  83  83  51  73  73  84  76  75  84  61
   82  51 107  27  27 107  15  93  47  45  31  53
   25  23  56  98  15  21  56  68  61  55 103  57
   62  14  32 116  73  14  72 109  92  54  86   9
   37 113  28  80  52  96  15 104  59  46  72 107
   38  49  97  55  92  26  27  36  45  50  43  47
   92  43  82  83  57 110  98  45  97  95  49  76
   65  46 105  39  77  73  70  34 101  66  39  75
  102  35  88  63  26  89 113  42 109  87 114  65
   65  89  97  49  63 113  21  81  48 101  69  85
   89  42  32  59  49  78  52  78  83  56  90  23
   31  21  56  79
   82  95 104   9  31  61 114  74  13  39  46 104
   62  23  40  83  80  40  52  12  67 101 102  35
   17  64  27  65  70 107  31  35  11  58  34  88
   25  27 109  52  26  37  34  68  76  38  68  62
   57  54  27  95  13  17  13  42 104 112  54  67
   18  26  24  33  80  14  54  39  80  29  47  63
   60  67  28  97  40  23  85  82  36  46  27  49
  105  75  80 102 104  90  90  46  33  72  71  25
   31  32  74  39  68  48  60  33  14  46  51  16
  106  59  85  30  55  31  35  91 113  26  82 107
   52  50  81  59  84 110  31  81  65  91  55   9
   57  67  85  49  26  21  53 114  47  27  61  34
  116  41  42  20  73  85  33  44  69  24  70  66
   44 104  34  47  99  60  26  40  80  51  56 101
   18 107  76  17 108  11 110  45  22 107  46  51
   88  81  88  59  56 106   3  23  62  55  19  91
   57  51  48  37  45  98  50  18  88  20  65  97
   83  73 108  26  26  63  38  44  11  52  81 100
   32  49  26  68  27  26  18  24  37  98  47 110
   84  94  58 101  60  26  48  97  23 116  50  28
   95  42  98  75 111  24  72  36  19  85  63  59
   90  19  27  68  78  15  53  63  85  82  61  45
   52  24  85  90  93  85  48  97 105  73  36  84
   41 116  70  14  35  45  78  72  22  77 104  14
   83  34  44  90  20  63  70  35  64  61  86  95
   68  80  79  21  19  73 113  27  69  74  53  62
  100  26  98  29  73   5  62  67  70   5  11  14
   38  38  60  17  36  36  35  90 116  84  21 106
   76  74  60  61  84  99  36  86  19  94  50  22
   32  81  94  19  61  43  54  24 110  34  29  60
   68  17  54  34  88  79  66  45  95 108  34  43
   20  56  75  94 105  69  97  54  69  72  79  94
   73  80  64  25  86  71  71  91 100 114  73  80
   54  31  30  59
  105  40 105  32  64   5  27 103  69  80  96  51
   68  50  96  94  70  53  85  38  62  57  58  29
   77  46 101   8  47  61  44  73  98  53  59  90
    7  63  24 108  77  69  47  26  54 101  27  92
   73 111 114  34 109  23  44  48 107  65  26  79
   26  54 110  75  79  89  26  85  53  46  40  49
  102  73  32  64  82  71  63  31  30  86  48  41
   98  85  83 101  15  41  47  36  70  48  50  29
   23  31 106  82  75  61  26  37  63  94  94  25
   58 108  72  83  58  94  87  22  16  79 106  98
   73  12  67  22  83  97  12  80  86  54  83  28
   18  43  14  68  75  71  57  58   8  86  71  66
   38  75  32  23  25 109  32  37  24  98  66  20
   76  72  46 110  29  41  59  46  85  16  36  38
   57  22  61 106  60  91 109  73  40  67  49 105
   95  48  26  29  61  20  10  55  54  58  86 112
   24  49  96  37  71  14  45  58  86  68  69  16
  100  76 101  38  28  71  36  98  55  64  24  52
   24  16  17 110  26  45  65  99  31  79  94 110
   16  23  53  26  38  68  80  67  58  46  16 114
   54  28  77  64  30  28  53  20  69 104  71  94
   35  83  33  67  26  90  58  30  12  52  30  36
   68 101  62  88  38  73  86  21  77  55  55  67
    7  28  51  44  91 107  53  69  71  46   6  28
   47  83  48  58  82  15  71  80  37  28  32  24
   66  25  46  67  74  92  87  31  32  34  47 102
   30  62  48  19  61  38  50  59  51  76  68  39
   54  57  67  76 100  49  54  35  35  74  25  50
  104  59  24  22  94  16  95  10  61  71  54  50
  110  12  80  93  34  28  98  20  99  90  28  36
   54  20  30  89  84  89  74  64  40  56  79 102
  100  62  44  77  24  90  36  44  30  54  50  86
   53  39  41  44  78  43  88  16  18  43  43 109
  106  77  11  24
   28  15  58  44  44  18  62 104 104  85  59  26
   91 110 110  25  28 103  55  58  88  91  70  29
   22 102  53  44  72  52  66  24  65 112  17  14
   49  48 114 109  85  62  17  22 102  68  69  91
   49  31  62 113  21  38  46  42  80  56  67  39
   13  62  62  16  13  61 103  52  27  98  55  60
   73  13  46  21  34  42  70  45  96  79  91  86
   13  64  45  28  33  71  96  13  27  19  84  36
   45  67 104  58  84   6  37  75  99  26  11 112
   95  10  66  68  86 103  43  92  24 108  99  96
   15  51  22  80  26  77  70  48  36  20  35  61
   68 108 107  64 104  90  51  95 111  89 106 105
   34   9  17  24  47 106  80  65  23  68  63  72
   72  60  47  96  44  88  81  58  66  28 101  87
   64  78  48  82 109 103   8  23  78  84  14  14
   24 100 100  42  13  92  21  65  34  85 106  66
   48  81  44  60  60 101  90  48  35  93 101 106
   97  91  55  62  14  19  20  77  83 108  30  30
   81  48  58  73  75  31  43 100  40  50  22  64
  101  67 102  71  30  89  97  61  37   7  66  26
   98  81  33   8  31  89 101  70  84  87  16  49
   86  97  45  61  59  82  99  21  74  48  93  24
   89  90  53  61  98  71  27  40  27  62  73  20
   95  61  83 110  98  99  56  47  30  41  63  15
  102 103  96 104  64  17  92  64  88  49  33 100
   47  25  51  68  57  49 106  27  98  63  28  14
  100  74  98   2  95  83 111   6  25  48 113  33
   19  76  88  78  24  73  75 112  89  86  90  75
   64  12  51  42  70  35  51  63  47  17  27  45
   25  62  60  34  21  41  15  16  25  65  96  91
   50  32  44  92  51 112  97  24 105  77 106  60
   17 114  19 102  34  78  59  53  30  97  42 106
   32  53  37  69  47  22  67  68  27  15  78  53
   59  24  21  78
   23  16  45  16  85  92  73  50  42 111  19  88
   36  55  21  89 100  53  97  96 108  20  63  39
   60 109 104 105  22 105 101  68  96  29  87 108
   56  61  29  79 114  32  64  63  50  88  27  59
   50  98  81  51  46  53  35  75  87  61  41  62
   79  87  72  27  82  86  72  89  98  24  57  50
  100  41  74 109  17 107  71  76  78 102  75  11
   82  21  72  56  83  85  59  19  91  63  22 105
   32  39  51  91  52  43  23  86 108  89  99  67
  117 109  53  50  93  17  30  70  41 107  36  25
   36  35  89  53  75  33  33 111  89  18 102  72
   73  59 106  34  26  29  17  48  50  17  38  41
   83  31  23  86  95  31  11  28  70  60  45  22
   71  96  67  71 105  31  93 107  83  53  72  19
   60  48  77  30  92  11  87  60  54  56  84  56
   68  12  59  89  57 113  42  38  55  59 108  50
   88  91 102  93  57  48 103  85 100  62  94  89
   81  31  67  49  75  85  49  72  97  33  25  37
  102  62  93  79  65  58 102  52  27  69  80 104
   98  61  45  40  37  56  62  99  58  78  39  36
   76  47  29  93  58  15  11  96  98  62  31  19
   40  72  49  26  46  18  21  20  97  74  78  32
   73  84  52  60  77  51  87  48  24  32  38  33
   69  74  81 113  12  78  68  36  99   8 112  95
   99 103  57  31  61 108  87 100 102  97  39  44
   60  36  73  27  28  72  10  49  90  78  81  93
   87  45  39  26  21 100  37  86  12  98 102  15
   62  66  16  55 110  46  57  27  82  88  82 100
   55  36  56  17  41  83 107 102  80  33  36  62
   41  15 105  46  70  16  90  49  20  45  64  44
   87  80  18 105  65  73  75  95  35  76  92  50
   96  71  12  65 110 110 111  22 100  89 100  98
   47  44  33  27 112  88  60 108  57  91  54  37
   65 107 117  57
   35  64  75  24  39  30  90  45  58  62 115  73
  111  38  77  58  27  48  68  17  79  70  83 108
   24  63  75  19  94  42  35  96  25  55  50  44
   47  73  79 109  60  86  88  95  79  43  28  90
   36  76  71  78  30  63  99  81  30  88  63  32
   11  36  73  24  15  61  66  41  84  68  36  98
   59  93  98  23  30 100  74  65 104  47  34  78
   60  83  44  44  23  75  90  42  45  86 100  48
  107  55  94  39  82  80  83  61  18  62  71  55
  109  39  41  53  16  91  97  36  18  88  78  83
   48  38  67  68 107  57  92 101  82  71  78  71
   38  33 117  85  99  84  78  14  39 102  97  25
   51  69  34  70  98  10  38  51   8  54  98  49
   34  57 105  54 105  68  88  23  21  91  36 105
  105  58  44  38  45  36 106  29  76  74  70 103
   71 107  99  98  80  18  56  86  34  31  79  94
   78  37  33  14  24  63  56   9  99  77  58  27
   44  64 104  58  73  18  92  35  32  91  22  35
   16 105 102  98  81  60  90  94  63  77  36 100
  100  30  77  64  64  17  26 101  85  52  49  42
   23  61 109  85  33  24  25  88  31  31  88 105
   51  34  78  83  24  99  68  48  81  98  94  45
   63  91  58  63 102   8  98  69   8  34  29  93
   84  49 101  33  71  68  42  12  13  17  79  51
   80  63  76  93  63  34  28  80  17  75  60  50
   91  12 110  11  13  95  57  41  22  95  74  38
   38  33  70  51  97  71  71  49  77  80  29  57
   15  62  54  80  68  85  39  64  20  74  23  36
   99  57  85  86  76   8  18  70  96  83  77  28
  103 103  12  66  98  27  51  60  31  27  29  74
   20  77  84  24  84  56  11  96  68  96  37  92
   81  47  71  23  44  32  37  42  60  61  37  53
   44 100  33 102  64  75  74  54  18  46  22  51
   35 103  14  62
   63  47  17  52  54 102  91  48  31  80  14 106
   67  91  31  30  22  41  42  46  35  66  79  69
   61  53 114 104  57  38  47  53  61  50  31  30
   83  44  37  87  32 107  44  49  57  56  42  31
   27  34  82  29  57  49  34  85  47  65 104  52
   31  86 113  63  71  82  45  97  77  99 112  23
   62  77  88  26  37   7 100  36  30 105  72  13
   53  54  55  52  97  35   8  13  70  60  69  79
  102  59  77  17  36  66   8  63  56  39  41  93
   43  79 107  69  36  25  25  93  26  44   5  76
   46  15  54  61  97 100  95  47 103  51 101  39
   21  27  23  16  19  28  35  28  96  22  71  19
  100 106  57 108  13  39  46  67  98  35  19  55
   13  50 101  34  47  89  51  26 109  65  83 105
  102  54  47  69  98  15  73  30 107  81  23  16
   53  20  87  49  25  30 100  36  93 110  68  86
   37  87 119  52  63 101  55  42  96 109  70  31
   26  98  41 109  30  22  75  92  48  53  30  48
   94  51 110 114 103  83  40 110  10  17  85  76
   81  79  62  29  88  87  40  12  58  97  38  48
   37  57  71  93  37  56  82  36  82  29  44  91
   15  32  65  97  68  90  60  55  21 100  88  95
   29  40  11  28  39  50  26  87  17  84  24  97
   39  93  26  74  70  95  95  82  35  75  85  90
   87  76  59  63  64  85  58  49   9  16  37 116
  102  22  33  20  41  90  66  60  92  68 103  53
   52 105  80  44  98  79  65  97  33  71  76  61
   88  77  37  96 114  32  72  37  70 111  22  50
   77 111  56  40  99  60  44  79  57  88  91 115
  108  26  48  26  96  46 106 103  75  80  69  62
   80  57  32  64  44  85  37  24  16  57   8  94
   16  52  28  61  93  77  42  71  19  31 100  82
   26  12  44  68  84  92  99  38  32 102  31  73
   80  63  43  49
   35  37  27  71  72  42  24  29  17  89 102  30
   93  25  16  36  91  61 103  93  58  94  38   8
   50   7  62 101  65  22 105  82  36  55  39 102
   96  89  79  31  17  20  28  14  31  50  49  72
   30  58  20  47  58  93 106  21  75  45 101  29
   51  33  52  39  61  79  77  52  15  21  91  41
  102  21  45 102  33  34 101  79  23  28  84  79
  104  68  79  46  45  67   8  89  87  62  34  56
   50  61   5  58  14  38  55  50  92  56  99  34
   72  95  83  99 106  21  79  84  47  38  69  91
   61  43  42  42  64 110  60  43  40  34 103  18
   82  40  21  99  29  64  76  86  35  36 111  62
   82  71  50  40  15  85  90  83  20 105  68  61
   31  60  12  25  52  48 100  24 108 112  65  20
   46  75  16  53  12  19  79  73  10  66  78  84
   75  12  56  47 101   6  35   6  16  31  39  26
   43  55  97  98  45  55  20  15  67  58  86  92
   71  83  20  41  26 101 109  30  19  18  80 109
   65  13  21  88  88  25  34  57  14 104  98  52
   19  86  62  11  30  63  30  79  23  92  44  28
   70  66  88  18  32  86  76  78  50  42  53  30
   36  23  95  42  42  49   9  46  96  73  42  55
   90  26  30  91  34  66  32  42  42  90  16  21
   67  19  20  97  74  61  32  42  48  28  52   9
   27   4  72  54  69  31  36  36  52  95  33 104
   95 105  33  90  20  27  19  38  51  36  65  74
   95  25  84  85  76  21  99  81  26  73  51  52
   25  66  78  77  70  24  17  75  95  75  23  98
   22 108  60  42  52  18 102  36  17  62  94  33
   64  41  73  87  61  53  10  98  15  56  61  45
   84  62  13  99  21  15  35  94  69 105  23  73
   61  48  48 107  12  25 105  64  46  52  48  52
   69 114 111  87  85  25  99 107  16  43  99  16
   25 102  63  22
  109  53  57  46  80  34  91  30  60  82  51  76
   92 104  64  31  52  24  42  49  33 109  89  59
   24 108  39  33 110  24  88  59  48  38  30  91
   73  97  38  26  91  41  55  96  80 102  88  19
   96 103  39  52  66  72  84  51  45  52  30  50
   66  94  69  30  88  55  21  97  63  65  77  66
   96  41 110  27  61  59  65  84  35  55 105 100
   95 104  32  79  42  28  57  15  80  38  50  57
   33 106  35  96  83  71  49  90  21  62 105  76
   87  22 106  86 106  80  71  63  89  21  11  21
   56  17  64  34   6 103  24  60  83  35  21  33
  102   8  85  20  20  87 102  36 107   7  52  45
   93   8  78  31  19  54  50  95  67  82  78  35
   31  70  48  37  58   4 101  76  74  28  25  29
   59  63  11  91  75  26  96  17  96  34  54  29
   15  19  71  59 116  87  25  47  68 105  22  87
   78  16  24  35  48  26  81  38  75  70  92  51
   60  93  35  59  35  27  24  25  49  28 107  53
   66  18  50  37  89  89  15  68  26  34 111  97
   74  53 109   5  72  74  37  84  93  41  42  92
   14  48  34  30  89  94  16  34  56  33  78  36
   81  68  26  37  22 103  93  52  43  84 109  86
   49  55 107  19  65  85 114  92  47  62 108  12
   69  50  71  39  66 100  19  69  58  58  30  15
   47 106 114   7  86  73  55 103  26  77  31  24
   25  37  90  80  21  51  75  97  59  11  88 107
   37  81  51  46  90  55 104  57  59 107  80  50
   56  14  40 112  86 106  33  87 106  11 103  93
   55  59  60  74 109 106   6  97  50  59  67  37
   48 107  43  24   4  87  56  69  21  56  23  55
   50 104  57  36  97  57 108 107  69  87  10  13
   90  35  37  28  28  96  11  28  81  12 103  33
   38  12  48  73  51  96  17  66  17  53  15  40
   32  53  83  44
   51  84  99  31  94  96  96  77  69  47  31  81
   18  98  19  59  54  43 102  70  55  44  37  97
   66  56  80  64  83  28  48  15  57  38  20  65
   25  25  37  46  21  43  89  66  16  98  81  17
   34   7  97 103  33  75  59  33  43  53  51  37
   98  60  70  89  24  71  61  10  42  11  70  58
   44  87  48  50 100  22  34  24  15  97  65  88
   28  37  39  63  61  62  70  22  18  20  73  11
   95  42  69  48  21  99  57  13  60  22  24  37
   69  93  97  30  24  36  38 107  53  36  28  19
   48  18  29  80  19  30  97  47  18 105  38  44
   78  63  78  78  18  83 103 106  17  21  53  30
   86  96  86  25  99  81 113  35  46  97  57  13
   95  83  43  94  19  83  18  80 106  24  73  50
   59  48  58  24  37  93  59  56  68  19  98  43
   29  43  13  40 102  43  45  85  24 102  13  22
   58  88  76  56  62  55  43  79  50  36  39  71
   26  20  98  80 112  60 105 104  71  64  47  50
   60   8  62  78  19  78  61 105  64  24 103  17
   62 100  25  99  95  43  32  13  59 104 108  76
   27  77 116  12  85  35  55  98  46  51  60  57
   55 100  73  16  82  63  33  66  99  48 103 102
   42 105  91  67  31  57  91  16  76  29  64  48
   84  44  38  33  25  30  89  23  46  92  67  67
   57  47  32  65  67  87  16  60  55  65 105  80
   37  84  86 110 103  54  18  74  63  17  95  53
   22 101  58  55  50  62  63  72  33  50  90  16
   46  46  83  68  38  77 105  36  73  75  74  76
   55  26  66  93  98  60  66  26  81 106  17  21
   81 100  82 100  36  32  61  81  28 109   5  76
   76  19  62  14  15  36 112  82  37  85  58  52
   83  47  54  27  30  80  17 100  16  13  62  28
  111  10  30  46   7  87  22  98  76  28  64 116
   74  75  85 104
   11  27  93  47  19  31  34  89  93  77 112  68
   85  23  39 108  22 110 111  87  97  38  41  65
   42  38  23  68 101  15  74  36  89  99  74  69
   12  49  92  57  67 114  70  97  48  89 102 110
   87  31  79 100  83  73  15 102  89  67  80  90
   94  73  76  60  79   3  33  40 106  99  28 112
   69  99  37 105  94  65  34  93  86  21  28  27
   38 105  93  39  56  19 116  26  68  25  44  25
   62  37  57  28  40  95  79  77  64  95  19  42
   38  32  93  95  39  46  65  76  96  15  17  12
   27  71 103  25  74  97  37  51  38 107  56 104
   40  34  23  88  69  48  41  16  31  18  55  19
   27  51  80  17 108  29  78  60  79  52  85 115
   27  53  92  94  72  83  72  58  61   6  35  84
   50 100  93  95 104  83  97  19  32  98  17  99
   87  28  19  66 100 107  70  28 113  21 105  58
   85  23  16  39  16  29  70  49 108  19 101  53
   11  76  39  98  38  17  83  16 103  23  32  87
  106  98  63  53  31  95  17  77  39  72  73  56
   74  95  90  57   7  45  91  57  80  58  73 114
   46  68  69  51  71  91  39  44  64  53  92  77
   29  73 100  75  37  78  73  78  68 100  51  92
   84  26  53  77  49  59  60  50  19  16  18  57
   40  65  32  73  54  71  48  55  41  51 113  71
   59  85  39  56  31  42   9  10  86  23  13  20
   47  54  74  62  76  85  19  25  26  40  71  61
   79  61  72  89  17  39  15 103  89  55  61  79
   75  30  58  34  94  66  75  21  25  58  54  69
  102  42  97  41 115 108  13  80  20  86  54  34
   89  35  79  73  47  36  65  37  71  79  40  79
   47  36  69 102  16  68  59  93  60  31  62  57
   85  68  34  33  77  92 101  79  92  49  66  38
   77  87  76  97  71  48  11  69  89  58 100 100
   72  93  81  53
   35  74  86  11  47  67  72 109  40  30  25  54
   26  27  11  93  79  17  75  93  45  92  69  43
   18  35  64  88  98  30 102  37  81  10  10  77
   55  51  42 104  80  88 103  15  33  97  87  92
   83  93  24  31 105  76  33 107  62  47  88 112
   28  56  21  69  49 100  56  66  82  40 104  34
   59  89 106  89  27  73  94 113  68  41 108  20
   83 105  86  42  55  66  40 111  39  59  14  45
   39  60 111  36 114  78  54  66  78  46  25  37
   18  16   5  44  37  37  76  80  18 108  86  17
   80   9  29  44 103 102  39  16  71 102 101  85
   66  50  47  91  38  52   4  58  60  89 114  91
   69  33  52  50  56  66  30  37  56  67  81  28
   34  50  93 106  28  44  55  74  88  80  63  99
   40  61  85  30  21  40  43  25  86  22  62  89
   50  42  70  93  63  74  43  23  80  64  34  51
  109  56 113  22  53  69  55  79  85  48  60  52
   14  30  24  15  70  20  94 112  33  80 106  36
  105 107  18  46  15 108  16  74 100  93  68  85
   89  63  39  97  56  44  54  82  13  23  76  88
   41  38  14  45  72  48  93  73  85  98  35  58
   67  30  55  47  20  49  45  84  51 107  35  63
   54  47  13  60  63  83  14  95  63  56  27  42
  103  25  90  92  82  59 102  39  91  91  90  55
   67  38  87  59  69  83  56  29  79  68  43  86
  101  73  93  26  56  21  60  23  76  36  90  83
   17  89  63  83  38  55  95  73  10  73   4  46
   14  37  59  19  35   3  51  37  79  40  74  66
   19  31  41  46  61  66  70  97  72 116  25  94
   56 104  50  25  82  49  40  84  19  30  22  85
   21 102 102  13  64  46  50 108  37  97  56  31
   52  59  89  60  50  19  32 109  61  47  46  42
   50  80  83  95  33  10  19  36  19  44  84  72
   70  74  96  38
    4  91  92  82  47  81  93  96  69  93  94  12
  108  46 109  22  75  99  43  91  55  18  20 111
   61  64  78  76  56  20  84  36  64  34  89  56
   50  64  50  55  26  94 115  58  66   8  39  90
  104 100  14 103  45  11  65  17 101  93  19  28
   17  79  67  40  75 114  28  44  21  87  76  28
   29  57  18 100  50  93  77  39  82  52  83  38
   61  16  83  90  55  83  90  75 113  48  14  90
   70  93  46  48  41  78  64  85 109  18  78  59
   41 108  16  98  77  48  96  98  33  44  65  83
   72  48  28  61  70  88  94  36  80  64  47 103
   75  62  98  79  84  72  14  57   5  82  42  77
   86  84  69 102  76  55  98  29  30  25  72  44
   90  10  37  85  22 103  24  95 105  83 108  77
  101  16  86  89 102  77  63  88  40  35  97  72
   20  57  92  95  78  50  61  25  38  55  89  35
    4 107  97  44  76  87  44  16  40  25  50  44
   19  19  68 101  53  78  99  69  45  96  17  54
   32  37  52  85  75  51  97  89  62  30  26  30
   52  82  32  79  48  73   8  56  97  16  64  87
   22  89  97  35  35  97  94  56 105  64  84  27
   84  44  15  63 109  69  46  94  52  93  60 101
   24  41  53  11  21  12  22  95  94  63  86  67
   53 107  99  52 109 105 113 107 111  39  65  46
   42  19  98  35  84  84  17  53 115  21  89  26
   73  52  47  80  86  78  66  88  82  33  36 111
   60  56  63  72  38 101  18  89   9  55  21  37
   67  64  11  84 101  89  90  23 114  64  49  88
   11  25 114  79  47  36  94  68 107  74  87  78
   30  39 100  43  25  53  88  39  49  75  11  67
   31  22  95  82  93  54  96  94 100  64  49  61
   69   8  64  90  28  55  43 106  85  76  65  58
  102  90 104  41  89  45  44  33  38  14  25  26
  108  84  96  47
   58  82  85  87 107  68  12  20  59  29  19  58
   63  75  41  19  30  96  70  93  51  43  84  22
   26 107   9  62  62  73  36 103  88  97  21  76
   71  36  41  58  77  43  89 102  37  14  45  64
  100 117  88  73  25  15  43  71  90  80  41  74
   43  79  85  72  60  78  37  73  42  14  74  40
  107 107 104 114  40  95  90  23  99  79  22  64
   17  52  27 109  41  82  67  87 113  95  67  51
   81  27 102   6  63  90  72  75  79  24  97  19
   74  72  79  86  52  36 102  33 104 103  36  31
   83  93  35  85 112  91  84  16  41  62  32  37
  106  21  20  42  77  27 100  62  52  96  77  53
   65  89  45   4  44  60  36  31  88  36  61  94
   97  39  81  97  47  25  39 111 112  69 100  34
  109  22  25  69  75  56  63  95 108  61  99  42
   56  54  90  24 100  29  94  39  24  87  76  37
   25  76  74  38  38  28  93  47  86  46  25  24
   21  20  22  31  11  51  80  70  16  92  20  65
  111  12  49  85  51 105  19  64  44  94  34  96
   42  29  83  75  12  80  93  32  45  22  34  15
   75  99  39  38 101 106  66  71 104  83  77  58
   37  66 105  56  32  42  87  97  60  41  52 115
   94  67 102  40 105  67  65  80 112 103  69  68
   12  70  33  16 110  46  72 102  37  38 100 108
   77  76  47 103  71  54  63  24  24  23  63  90
   41  91  96 102 109  87  24  26  43  66  84  94
   15  22  87  82  72  90 106 115 103  98  28  59
  112  19  80  31 105  49  89  31  10  80  12  60
   75  70  15  36  33  51 101  22  28  46  35 103
   38  93  69  54  84  11  81  71  42 104  25  17
   51  67  16  86  67  87  91  45  16  52  94  64
   60  72  48  54  73  22  66  33  71  81  88  19
   62  50  19  22  18  82  58  54  62  97  92  40
   92  99  19  71
   15  23  22  77  77  90  59 112  13  50  82  64
   58  76  10  86  19  45  95  39  33  32  76  20
   36  67  13  56  86  70  55  86  96  73  57  34
   73   7  78  44 109  20 104  97  85  46  65  74
   36  82  70  22  21  18  39  95  88 108  71  30
   78   9  62  63  54  69  26  30  42  60  62  31
   69  15  59  39  35  34  28  34 107  24  19 106
   86   8  33  14  51  24  50 101  44  39  12  45
   81  32  26  86 107  42  82  48  84  47  63  71
   48  48  26  50  64  48  76  90  90  48  47  28
   37 105  26  92  48  48  49 101 111  54  96  86
   36  77  27 106  88  59  74  13  54 113  27  21
   23  92  65  41  96  64  68  49  40  76  83  65
   35  44  87  28 102  93  41 110  70  72  44  58
   39 105  75  29  34  21  84 112  57  33 107  57
   14  25  69  29  56  47  77 103  69  72  53  93
   85   8  34  23  75  54  27  17  88  62  24  39
   32  92  82  43  64  45  37  40  43  95  99 102
   18  39  11   8  75 101  98  30  57  74  57  45
   93  12  61  52  91  88  40  86  76  60 114  60
   73  69  59  55  88  45  87  17  82  29  40  80
   37  78  91  70  10  29  51  77  73  89  98  97
   64  42  43  74  47 107  29  98  43  79  30  21
   38  99  44  89  79  92  47  82  79  10  21  49
   59  70  53  63  58  76  30  82  20  95  53  22
   72  64  18  88  28  53  49  83  13  87  95  69
   90  85  89  17  47   2  59  14  81  34  64   6
   30  80  22  24  51  10  28  74  14  54  46 102
   79  31  75  60  80  12 113   9  43  69 107  85
   25  81  91  99  89  95  24  23  96  45  46 108
   56  59  50  50  37  66   7  35  17  85  92  55
  101  84  49  39  98  97  81  32  37  38  90  38
   96 116  52  61  41  60 109  34  46  83  57  17
   68  27  68  72
   52  96  47  54  60  23  42  26  35  54  32  30
   81  25  37  63  50  15  22  45  40  67  86  39
   13 102 102  48  83  59 101  42  34  36 104  62
   26  36  53  49  44  44  24  98  72  71  42  33
   48 110  84 107  49  26  52  70  86  26  94  43
   73  33  62  98  40  17  89  34  83  19  84  38
   99  36  55  80 110  60  30  67  60  74  58  56
   47  25  50  33  29  10  59  39  58  72  83  35
   70  14  52  32  65  96  95  43 104 106  16  74
   88  98  20  80  52 104  16 109  66  74  34  97
   62  72  24  41  48  66  66  66  51 105  22  78
   47  77 103 115  82  16   9  45  22  33  69  42
   65  39  63  33 103  96  46  97  91  68  39  30
   42  59  68  80  46  49  65  51  79 104  48  89
   99  54   8  31  44  70  97  81 103  89  70  63
   87  22  23  82 100  55  15  25  71  57  28 110
   21  39  72  55  39  88  69  52  37  63 100 114
   30  18  44  54  92  97  26  46  16  75  68 103
   53  29  36 108  30 107  85  87  36  14 113  92
   41  52 104  98  40  55  75  78  11  38  48  29
   94  56  20  39  82  63  55 111  92  46  56  84
   51 115  58  63  56  86  76  61  16  24  73  19
   72  70 103  43 101  20  28  18  94  25  39  88
   39  11  85  41  84  82  83  49 109  91  68 107
   28 115  69  62  59  11  15  43  97 102  89  89
   95  92  61  92  17  94  73  31  61  64  38  60
   10 114  24 107  40  94  90  53  30  57  62  81
   84  57  69 104  60 109 106  20 110  96  29 102
   44   8  91  31  63  15  91 100 113 119  10  40
   37  18  28  52  92 109  25  18 105  69  91  74
   24  68  41  37  55  23  89  63  40  76  83 107
   58 102  25  16  43  54  85  68  31 103  37  36
   16   7  63  91  17  95  84 102  53  52  83  38
   47  35  99  61
   96  37  32  66  41  49  30  26 112  29  83  78
  100  12  78 110  60  98  35  35  23  39  94  38
   32  83  79  44  87 101  91 109  94  93  45  33
   91  16  60  84  75  28  90 108  26  72  82  50
   71  33  93 101  41  47  61  27  60  89  46  15
   91  94  28  19  66  87  56  61  63  30  53  49
   22  65  66  29  42 105  64  81  80  57  34  45
   43  61  81  59  25  98  15  59  84  89  99  11
   40  43  35 103  67  29  90  78  57  91  80 106
   24  32  23   7  14  77  92  98  88  41  57 100
   51  19  41 109  39  87   9  88  59  32  97  34
   62  33  73  57  28 114  67  19  66 109  98  69
   95  84  34  57  71 103  86 113  86  21  90  61
   34  83  76  78  50  58  48 104  23  36  21  49
   78  23  94  17  48  77  52  54  91  65  33  54
   68  26  92  62  55  31  97  47  64  79 101  60
   58  96 103  28  63  42  36  18  35  42  16  95
   40  90  44  24  88  29  39  20  74  28  55  28
   83  98  33  76 104  50  86  18  89  69  48  20
   42 105  38  45 105  25  18 106  42  88  37  42
   32  63  84  70  64  86 114  93  16  72  64  87
   32  17  51  16  89  47  20  93  35  84  25  76
   52  96  14  25  29  31  50  90  67  57  57  99
   17 101  53 104  79  19  28  90  41  35  78  35
   86  58 102  79  55 100 103  94  84  25  75 102
   75  35 104  33  20  98 108  58  25  32  90  26
  100  27  90 101 108  65  86  23  24  51  31  75
   41  28  71  81  46  22  90  54  78  42  82  34
   17  95  72  59  65  52  28  55  24  87  22  33
  109  24  97  40  26  54  58  49   7  87  50  81
   82  90  71  71  93  44  21  56 101  37  36 100
   15  65  67  40  56  24  55  16  22  71 110  88
   22  36  49  58  47  38  38  96 100 103  91  29
   34  26 104 102
   30  46  64  28  74  97  23  82  92  12  41  29
   44  93  58  73  69  30  85 101  95  37  94  79
   32  63  70  90  27 108  82  58  41  15   9  76
   82  94  83  33 100  18  89  27  42  45  26  26
   27  59  24  58  91  36  95  88  45  60  41  27
   64  45  90  73  71  77 108  69 104  76  99  20
   49 100  53  74  45  76  41  68  70  92  80  48
   30  96  74  45  13  93  74 103   8  30 100  41
   53  34  23  98  98  38  99  85  89  61  45  14
   15 102  46  41  68  74  85  94  51  92  59 107
   10   8  65 108  36  36  74  32  77  30  62  71
   48  13  47  84  91  62  41  35  10  36 108  99
   93  24  95  88  35 115  94  33  20  23 105  50
  111  36  38  89  92  84   9 111  89  49  67  75
   25  69  17  48  50 108  15 101  76  85 107  35
  105  99  26  79  78  84  94  34  73  60  74  51
   71  44  70  92  44  63 105  17  60  80 105  57
  115  54  45 104  26  63  16  25  97  76  98  85
   54  92 105  51  41 104  72  92  98 107   7  37
  113 105 107  46  48  80  66  51  30  25  49  66
   91  36  14 102  14  78  37  44  56  12  52  26
   35  20 113  69  11  42  50  37 116  70  97  38
   77  33  91  59  49 112  30  26  27  50  98  19
   73  40  26  59  95  43 112  66  75  39 105  24
   94  27  59 115  55  90  23  33  98  21  74  65
   56  52  54  39  17  26  63  99  97  71  52  25
   63  32  80  43  44  94  32 110  20  45  27  45
   86  18  46  88  64  25  17  62  50  93  64  64
   36  26  85  73 106  27  97  59  47  96  51  98
   96  80  78  88  38  79  67  69  92  64  91  61
   61  10 105  92  90  70 107  40  13  16  60   7
   99  99  72  60  59  83  99 105  20  68  50 115
   20  14  57  57  93  83 107  10  61  75  40  46
   77  75  90  62
   24  34  58  56  56  80  47 116  83  29 101  21
   12  21  77  45  42  17  20  69  82  67  65  21
   22 101  22  97  71  63  63  61  80  29  97  35
  102  46 116  97  69  86  47  81  52  85  93  48
   46  10  21  29  98  24  70  72  37  67  53 103
   94  58  54  14  13  80  51  68  93  17  73  53
   17   9  64  52 104  40  36   8  97  32  33  61
   36  65 104  21  54 100  83  69  92  35  59  13
   26  98  33  52  21  14  41  14  71 101  44 109
   79  88  84 107  66  38   8  58 108  90  89  94
   82  70  81  68  27  32  62 102  31  35  93  18
   27  91  80  38  41  35  39  66 100  48  24  52
   99  95  77  97  39  39  86  76   9  47  59  32
   52  71  47  32  33  57  65  24  85  34  90  92
   31  42  20  37  80  76  34   7 102  94  94  13
  100  49  17  72  80  39  71  38  46  70  14  43
   78  55  82  21  73  98  77 103  50  48  80  96
   37  93  18  53  81  84  71  96  52  22  46  83
  102  77  49  21  46  69  44  98  54  17  93  67
   30  85 101  34  42   5  90  60  49 103  57  99
   46  93  58  45  68  98  53  38  83  70  42  34
   49  67  42  64  69  95  31  74  12  54  65  48
   79 100  64  23  72  59  53  28  23  52  89  53
    9  94  60  78  30  85  64  93 110  44  48  47
   49  77  48  57  14 103  50  71 103 103  72  97
   84  66  88  64  18  50  97  35  47  52  29  70
   51  77  87  30  71  60 104  49  21  33  57 109
   94  73  40  48  25  88   9  76  59  41  27  72
   57  55  51  66  24  89  61  39  88  71  24 102
   24  92  74  94  70  34  29  30  91  83  54  63
   30  22  43  59  19  43  87  98  30  61  63  78
  114  27  23  67  17  79  25  44   8  43  56  29
    9  84  57 108  80  54  37  41  84  91  27  39
   76  71  54 102
   78  47  18  74  72  27  28  27  89  62  47 104
   30  39  18  14  71  42  57  95  91   7  93  36
   98  13  76  65  68  49  35  36  76 113  59 104
   36  61 114  96 108  47  57 106 105  53  40  53
   64  48 106  31  39  98  42  83  87  85 104  46
   30  56  16  53  13  32  89  87 102  94  31 111
   64  69  99  53  74  29   8  44  99 102  80  91
   36  93 101  92  68  87  92  75  82  80  70  47
   32  59  98  85  29  99  18  70  80  50  70  89
  115  74  62  43  19  27  32  40  39  44  51  40
   84  94  12  56  66 109  85  37  40  16 101  65
   90  83  36  99 105  46  56  80  85  78  67  21
   52  39   9  60 107  59 111  57  61  28  14  93
   95  31  60  32  64  58  48  69  46  96   7  97
   26  94  91  70  78  29  23  53 104  98  66  78
   18  25  47  59  85 105  49  90  26  35  77  49
   31  89  88  80  89  65  31  59  68  99 107  40
   70  78  31  34 102  23  33  76  44  14  77  41
  106  85  33  89  34  90  56  81  46  64  75  45
   97  59  91  35  77  35  75  56 100  52 110  16
   72  54  81  18  63  13 104  17  47  88  50  39
   77 104  98  62  56  23  59   7  27  49  70 102
   61 103  44  61  82 118  28  92  40  28  43  49
   53  30  28  98  35  70  19  18  54  49  68  66
   68  85  73  67  55  41 105  91  26  62  48 101
   55  50  98  61  32  84  51  31  67  17  32 100
   58  34 106  92  97  11 103  46  27  90  86  53
   56 107  80  79  37  30  37  77  13  36  10  51
   56  61  92  49  86  79  95  37  98  36  65 107
   25  97  68  95  21  76  31  44  10  34  78  19
   82  64  44  16  15  79  59  59  55  79  83  26
  102 106  61 102  27  14   9 106  91  62  82  12
   75  81  59  88  69  12  97 102 105  67  59  80
   53  55  67  99
   13  59  64  12  24  75   8  58  15  62  71  47
   50  47  51  69  56  53  50   4  10  90  67  16
   32  52  94  48  85   4  13  16  65  83  80  98
   90  89  29  40   7  77  60  32  68  54  34  16
   40  69  67  75  88  10  25  27  76  96  16  15
   55  73  81   7  58   4  97  87  98  65  60  49
   57  40  85  87  80  12  99  97  73  58  32  63
   91  44  15  54  38  16  69  18  53  95   5  73
   12  75   9   8  15   9  44  65  84   5  41  46
   56  26  90  94  75  76  38  98  87  97  78  80
   35  65  50  88  48  77  25  95  42  54   7  90
    8  25  24  70   6  28  20  37  63   2  50  87
   64  78  77  12  44  77  59  84  85 100  49  57
    9  24  85  54  68  94  85  66  44  19  42  44
   39  64  14  90  69  45  22  56  57  21  43  33
   29  88 100  47   7  76  61  53   2  40  29  29
    8  52  37  65  93  97  41  66   4  69  17  38
   41  61  49  81  71  58  28  92  10  36  44  49
   18  50  78   9  95  32  98 100  77  82  54  19
   24  65  65  19  16  99  21   9  49  55  73  44
   27  46  26  22  56  25  34  71  36  75  93  53
   59   5  38  49  97  42  30  56   2  28  56  80
   94   9  21  35  59  33  38  25  41  41  29  50
   34  62  13  93  79   8 100  18  58  64  89  56
   84  85  58   8  96  90  58  34  57  54   8  45
   40  99  86   4  30  96  31   9  12  52  23  96
   66   4  90  32  63  15  96   2  56  68  32   6
   75  59  14  57  22  89  75  71  60  61  62  60
   14  70  24  28  58   1   9  61  14  19  59  28
   40  63   1  65  31  46  43  78   7  39  65  32
    7  71  16  43  86  23   7  76  10  17   1  37
   41  14  12  67  41   7  96  34  58  15  47  28
   28  74  84  58  58  36  56  39  30  55  24  90
   88  90  64  32
   27  18   4  98  89  50   4  44  96  76  61   7
   50  95  79  35  35  64  58  94  43  10  11  79
   90  49  84  37  36  13  80  82 100  57  68  21
   84  88   9  61  87  76  70  42  27  78  51  43
   59  54  90   9  92  87  98  65  11   2  63  39
   90  81  79  77  22  89  59  64  22  86  57  40
   58  49  83  23  68  88  30  23  73  72  80  67
    1  37  34  10   4  13  26  59  75  39  41  92
   74  85  36  74  35  66  57  75  94  65  60  93
    6  48  26  72  60  88  84  16   3  77  27  10
   53  52  30  44  25   7  74  25  41  15  57  96
   58  49  19  63  78  95  57   3  73  78  48  86
    4  74  61  99  30  32  84  61  42  92  35  38
   70   5  86  69   7  50  80  79  24  55  50   2
   93  13  35  94   6 100   4  60  86   2  71  66
   18  21  16  59  55   4  99  88  47  55  87  23
   54  62  65  66  67   7  58  84  25  85  50  16
   36  35   3  91  94  41  71  61  99  64  30   2
   75  57  81  42  88  79  86  80  67  22  71   6
   20  23  54  10  55  87  63  12  96   3  52  76
    9  63  21  31   8  85  34  82  86  24  40  43
   28  96  90  40  30 100  54  42  18  27  45  71
   67  87  32  29  23  26  62  10  15  41  78  20
   77   3  39  99  71  75  34  39  98  30   8  96
   25  68  75  22  92  39  40  67  46  58  16  15
   47  25  41  88  94  43   3  76  41  40  51  48
   15  82  22  75  35  99  49  46  36  97  92  90
   78  80  48  92  74  69  71  14   4  20  96   9
   33  42  51  45  33  16  80  25  98  17  61  98
   70  27  22  85  47  59  63  95   9  72  76  44
   36  93  59  72  26  34  38  65  13   8  84  73
   86  53  35  25   9  48  11  54  38  32  34  10
   42  23  47  82  18  35  34  18  15   2  37  37
   48  86  73  56
    4  62   8  73  52  98  89  17  42  27  17  55
   41  68   8   9  50  52  32  76  49  57  61  77
   34  56   5  97  65  57  61  29  14  49  56  19
   95  47  87  11  28  33  71  85  62   1  84  12
   34   2   6  82   4  83  64  64   4  41  80  38
   78  52   9  43  29  30  83  22  59  57  62  63
   16  39  70  47  37  39  41  85  90  31  64  69
   22  33  26   9  94  61  55  83  37  65  66  77
   86  77   1  30  28  53  76  75  43  18  25  89
   52   8  40  31  58  15  19  85  88  31   8  13
   42  92  42  84  30  20  96  33  23  66  21  92
   89  59  90  45  45  44  47  61  94  29  42  46
   72  27  82  81  91   2  70  73  83   8  53  88
   43  39  61   8  74  70  54  59  31  99  67  71
   60  92  49  12  50  29  10  30  71  42  64   7
   18  68  76  90  55  82  98  47  63  49  22   1
   78  65  14  79  38  97  67  54  24  37  41  89
    7  30   4  82  89  35  78   9  53  55  86  63
   94  89  91   8  77  73  40  13  71  24  11   2
   98  79  54  92  72  51  37  45  50  58  87   4
   66  78  36  38  84  87  64  91  38   5  42  20
   72  37  78  42  90  21  56  75  98  68  87  84
   44  10  47  27  67  37  21  90  37  47  48  43
   99  88  69  73  22   1  64  34  34  62  96  87
   71  30  63  49  25  88  31  31  75  87  83  84
   45  90  65  44  38  16  28  74  84  83  65   9
   83  53  67  97  49  74  59  49  52  27  42  74
   64  63  44  31   2  57  57  67  69  42  84  63
    7  58  84  80  25  95  13  97  59  35  65  61
    6  97  26  25  68  83   6  98   3  19  90  82
   60  94  81  23  29  18  40  47  79  49  32  10
    9  49  73  37  85  21  68  72  88  56  59  16
   57  76  65  70  29  77  31  86  88  73  66   3
    9  41  91  94
   89 100  53  61  60  88  57   7   1  20  52  94
   12   3   3  90  92   4  61  51  15  12  37  91
   89  13  58  58  35  52  50  89  46   7  94  93
   61  55   5  11  34  42  93  83   3  52  38  29
   54  74  53   2  95  74  57  67  26  59  44  70
   97  49  46  98  94  47  11  60  91   4  62  43
   29  89  72  90  80  63  33  68  21  37  20  31
   94  51  63  92  86  37  18  95  86  89  29  79
   62  35   4  50  29  99  79  45  13  76  91   7
   23  99  40  50  22   6  64  28  90   7   7   6
   99  62  82  24  77  38  49  72  77  86  76  53
   52   7  12  55  13  19  52  21   7  27  12  13
   83  93  89  84  59   8  40  48  92  49  40  46
   48  60  60  16  67  17  30  59  36  91  10  15
   56  29  58  24  10  10  99  96  33  18  97  88
   79  18  16  60  93  12  93  51  77  20  14  50
   58  39  67  58  60  18  26  63  70  24  11   4
    9  12  57  42  97  92  90  31  27   2  85  79
   29  67  46  30  41  82  63  16  78  69  90  41
    2  51  14  40  83  18  13  52  81 100  36  88
    5  33  70 100  80  24   3  48  26  29  97  70
   17  13  59  53  55  22   3  95  36  54  24  84
   22  26  65  58   6  39  88  75  82  52  40  88
   16  50  20   5  13  12  53  64  82  75  56 100
   15  13   6  14  43  94  10  38  14  62  72  12
   57  91  67  44  56  67   2  83  13  46  88  89
   16  30  13 100  15  35   5  98  85  55   2  83
   97  36  24  39  85  42  36   3  15  25  25  32
   56  91  57  75  46  74  60  42  63  99  80  68
   92  57  58  86  95  64  93  95  79  43  18  29
   64  80  58  21  55   2  12  80   7  40  11  55
   94   1  89   3  81  35  58  59  90   6  68   6
   70  56  83  40  64  80  44  45  79  91  41  56
   56  88  83  29
   91  95  57  91  28  23  37  59  60   7  88  30
   67  54  95  29   8  59  12  15   6  94  57  72
   50   6  11  10  85   9   6  47   8  77  24  12
   54  43  85  36   3  84  47  44  61  24  92  53
   65  18  28  61  65  56  77  44  29  48  71  47
   27  24  46  81  32  25  34  15  11  93  59  69
   18  76  30   9  88   9  33  40  34  14  27 100
   34  94  37  56  32  26  47  93  28  52  95  12
   70  80  67  20  54  68  88  28  11  26  20  41
    3   4  49  56  19  90  89  50  67   3  67  78
   66  81  19  67  45  86  85   6  29  87   4  43
   40  59   3  79  87  74  94  60  61 100  71  70
   27  89  95  28  20  73  98  77  37  59  67  85
   33  20  46  32  13  89  25   5  24  59  33  92
   53  66  36  83  19  92  29  50  62  55  26  51
   48 100  60  22  49   1  73  67  48  44   9  57
   27  29  10  21  61  61  10  35  14  43  25  28
   30  72  53  63  32  29  61  39   7  76  84  79
    9  50  16  30  46  52   3  51  77  49  40  10
    6  58  63  75  73  50  42  14  52  33  74  78
   39  55  81   9  52  93 100  18  21  49  76  92
   80  39  59  80  69  92  95  89  16  44  24  79
   39  28  66  56  39  68  23  63  91  77  67  78
   40  46  39   6  90  41  35  71   9  95   8  13
    8   3  57  78  44  12  23  18  15  21  79  75
   47  70  30  85  92  36  99  66  24  26  30  11
   25  70  72  84  85  16  80  17  98  22   6  94
   48  52  89  57   8  70  61  88  32  32  25  14
   50  76  58  90  61  27   6   1  27  78  69  51
   66  92   6  60  47  93  20  55  82  61  56  65
   22  22  92  14  48  46  39  16  67  41  24  67
    7  41  94  44   5   8   6  89   7  18  16  12
   60  61  82  79   3  29  51  10  63  17  54  68
   51   7   3  58
   67  45  37  96  73  79  22  74  59  48   3  29
    2  79  34  53  87  57  39  99  31  34  31   2
   96  55  27  91  12  69  72  21  92  58  55  76
   56  46  27   2  43  23  24  12  35  61  78  18
   74  37  45  40  82  48  16  30  76  28  41  88
   91  74  45  84  97  57  47  73  18  46  78  15
   49  23   6  93  77   4  42  38   2  57  72  37
   48  23  70  60  88  31  15  76  65  18  11  71
    3  50   9  68  30  37  22  47  98  55  44  58
    2  64  70  49  90  25  18  76  99  20  38  28
   56  71  42  39   6  60  15  15  31  44  37  47
   64  78   2  32  13  30  35  90  76   2  12  84
   62  48  78  41   8  94  67  64  97  57  21  60
   83  58   4  50   2  49  28  92  90  28  66   4
   14  54  74  71  74  75  10  77  37  37  48  14
   45   9   4   5  37  97  46  23  70  71  24   9
   36  74  76  88  80  45  60  95  21  38  59  86
   66  43  13  60  37  99  25  78  80  19  92  81
   92   2  15  11  36  59  21  25  56  27  80  19
    5  87  30  42  56  89  85  19  24  64  65  68
   82  44   5  19  86  83  79  30  87  77  23   9
   52  78  40  33  82  16  35  65  36  15  22  74
   40  17  49  52  17  96  14  35  95  79  82  19
   35  63  13  81  42  34  65  98  89  88  29  66
   36  49  36  14  43  85  82  29  94  30  45  70
   17  99   4  93  95  14  56  61  94  15  37  70
   77  79  39  65  21  48  33  58  39  37  79  47
   98  57  56  37  41  35  71  56  95  31  82  76
    5  57  20  31  39  96  97  32  14  23  41  91
   15  17  97  42  11  87  62  48  73  89  91  34
   99  43  23  94  24  50  95  20  45  17  70  10
   37  68  42  97  74  71  66  61  44  51  70  51
   73   8  80   2  38  40  32  52  90  61  95  67
   72  15  89  54
   51  60  99  63  66   4  28  66  89  29  91   9
   44  25  74  79  91  63  73  72  71  48  35  34
   51  54   5   5  62  73  66  65  53  58  88  75
   24  67  67  24  76   3  69  69  55  63  78  81
   90  79  34  89  45  62  81  23  57  46  11  56
   79  33   2  52  31  32  70   7  33  10   8  90
   58  30  27  94  72  96   8  75  77   1  36  93
   57  62  53  62  20  73  94  90  40  44  38  25
    8  43  43  92  66  45  98  51  57  72  63  23
   69  38  13  48  76  90  79  22  80  60  99  41
   62  95  57  47  19  18  24  69   9  52   7  72
   97  83  88  93  99  90  77  90  23  97  42  86
   11  10  62  11  89  66  71  44  10  76  97  60
   89  66   9  73  58  22  59  80   4  37  28   4
    9  48  67  34   5  87  45  77   6  21  84  97
   59  94  16  58  86  76  14  67  27   1  42  23
   80  15   1  55  56  17  65  68   9   6  35  89
   89  20  70   8  85  84  45  19  63  55  83  71
   17  56   6   6   4  34  73   6  98  90  30  32
   30  35  50  75  24  25  76  95  53   6  68  63
   74  63  43  11  76  59  23  68  23  79  72  12
   96  76  50   7  39  12  47  48  99   5  31  11
   79  67  93  86  67  58  87  32  95  19  78  11
   72  21  82  38  32   8  14  23  77  41  24  14
   23  41  50  41  40  35  58  61  97  95  83   1
    9  87  77  99  74  13  50  55  25  49  14  66
   66   2  28  74  22  38  42  14  77  40  39  46
   24  40  80  13   4  70  47  74  50   7  86  53
   34   6  56  80   9  57  64  39  50  23  15   4
    3  80  55  92  24  68  13   1  27  30  46  53
   22  54  82  44  65  26  65  79  99  61  97  24
   98  57  83  43   9  35  74  48  96  80  12  37
   89  90  71  42  22  17   6  69  76   9  89  47
   30  57  62  65
   79  78  83  39  36  64  96  85  99  22  12  76
   24  79  92  75  25  53   2  22  52  24  65 100
   52  97  44  11  42  82   3  35  75  53  76   6
   12  18  41  76  85  91  82  89  76  61  64  45
   75  58  97  70  53  22   8  85  32  72   5  78
   54  78  52  65  46  26  34  67  91  86  28  75
    1  84  66  17  76  71  14  30  82  87  29  27
   16  36  37  67  73  47  97  23  20  53  73  49
   56  50  98  52  91  71  47  59  10  55   4  86
   36  12  31   7  12  94  36  21  57  68  44  23
   41  75  64  73  53   9  58  63  71  77   8  85
   26  76  89   6  76  54  34  24  72  83   5  52
   29  31  58  76  89  21  19  29  98   9  44  56
   71  49  94  84  56  61   3  96  11   3  43  91
   66  34  97  58  99  91  26  45  97  49  36  24
   29  96  50  64  13  99  75  98  86  74  72  92
   74  52  23  12  59  53  99  94  45  48  33  17
   33  35  83  61  83   2   9  89  90  97  28   5
   47 100  99  29  15  87  83  62  93   5   9  59
   86  30  47  92  76  49  81  26  85  19  69  79
   50  41  16  99  88  26  43  29  66  63  57  73
   71  92  15  72  75  69  98  65   9  35  77  62
   26  87  82  14  74  45  70  75  64  20  98  83
   38  84  85  14  37  41  86  61  70  89  59  99
   86  98  33  57  40  72  78  80  57  17  74   7
   13  15  78  28  89  89  95  66  54  74  43  36
   22  84  28  17  27  82   5  22  92  46  52  63
   94  42  41  26  37  89  99  33  16  31  83  14
   90   3  47  77  51  99   8  73  86  48  21  70
   56  72  41  16  56  63  95  11  87  48  55  75
   29  57  96  20  99  95  74  11  33  12  92  42
   44  62  69   4  96  83   6  47  72  63  58  59
   43   3   4  26  34  91  11   6  97  72   5  94
   77  13  41  95
    2  54  46  68  37  81  20  85  57  24  66  43
   25   3  56  74  68  89  74  65  75   3  13  44
   91   4  67  74  10  87  28  56  66  77  73  11
   33  19  67  80  11  73  48  20  25  12  27  90
   21  10  77  54  51  38  33  65  75  60  78  68
   51  23  42  86  30  53  94  22  48  47  39  43
   23  69   4  81  44  44  39  26  69  48  10  15
   18   5  87  32  65  79  46  97  32  72  57  63
   86  11  79   8  28  46  54  27  87  44   2  31
   23  80  12  34   6  34  38  53  20  82  92  98
   54  91  41  68  96  16  91  42  27  82  93  74
   13  97  30  89  98  27  10  73   7 100  62  70
   24  98  31  73  98  52  69  20  35  28  30  85
   85  33  63  77  45  98   8  26  46  80  85  84
   48  49  95  17  38  85   9  92  16  73  56  82
   97  93  33  53   1  19  80  55  43   6  88  24
   35  88  87  69  71  76  37  69  30  41  28  64
   58  16  68  54  76  86  82  86  60  87   3  52
   45  93  61  82  13  13  87  39  88  83   2   9
   32  64   5  97  35  32  74  23  13  71  61  12
   95  70  77  88  29  16  95  73  60  84  39  73
   37  37  77  77  98  14  19  50  70  27   4  25
   58  54   3  97  42  33   3  20  69  54   9  95
   47  57  31  71  40  20  83  33  59  57  76  94
   58  10   6  99  29  43  54   8  92  37  80  92
   91  81  13  34  89  69  44  13  58  92  26   3
   76  32  62  66  21  53   2  46  61   2  31  61
   52  93  73   2  30  11  76  15   3  96   8  11
   48  46  52  46   4   4  98  22  63  51  43  78
   66   8  71  86  99  21  63  42  81  58  79  60
   63   7  58  70  19  59   7   5  39  15  99 100
   28  68  67  85  92   7  92  76  39  99   5  72
   66  96  69  47  60  19  90  41  86  55  93  62
   82  50  28  71
   66  23  11  72  15  21  15  36  45  73  85  31
   84   7  89  44  66  73   9  48  52  70  65  18
   51  57  33  53  35  75  61  93  60  68  93  37
   85  95  82  64  90  59  14  51  92  17  21  89
   71  98   5   7  80  33  53  83  70  61  59  76
    8  53  41  28  91  34  59  94  72  94  36  60
   73  17  72  56   7  86  70  80  92  18  50  17
   78  67  66  51  58  57  32  93  90  89  31  94
   18  67  43  64  84  14  56  92  55  89  92  66
   35  13  21  90  87  76  79   2  54  70  90  92
   71  93  83  28  91  80  14  64  97  14  76  68
   28  48  29  34  91  25  10   5  85  91  57  88
   17  23  25  80  19  36   7  76  71  15  49  99
   19  21  73   9  89  20  93  27  14  95  36  55
   43  68  56  89  67  19  61  47  37 100  22  74
   78  62 100  76  14  67  61  29  82   9  92  98
   53  32  29  62  50  50  61  27  67  66  66  44
   88  90  17  36   8  56   4   6  42  45  55  63
   59  97  53  39  89  39  56   6  46  94  15  95
   45   9  89  20  24  65  74  89  59   3   9  28
   87  38   4  95  20  79  53   7  66  51  59  49
   49   8  47  99  27  55  85  46   7  68   4   7
   70  11  13  45  86  52  20  92  34  89  54  63
   19  62  78  79  92  74  13  80  70  11  49  52
   54  59  75  37  45  24  87  57  65  48  15  34
   79  34  34   2   7  57  90  32  48  89  16  51
   96  14  47  56  62  46  46  35  87  53  17  88
   67  71  24  43  68  25  15  75  46  45  34  26
   64  88  45  22  16  57  48  93  38  14  96  94
   32   7  21  19  84  82  43  22  82   8  97  35
   37  86  47  91  95  81   5  37  65  29  53  53
   32  61  58  78  74  23  94  19  88  91  58  75
    4  94  89  57 100  29  90   5  31  79  43   4
   37  38  29   6
   93  75  22  63  92  87  75  16  20  43   7  35
   28  88  81   8  85   8   8  30  21  73  72  55
   68  80  89  36  10  99  45  70  17  15  35  38
   98  67  16  55  43   5  43  10  60  18  17   8
   28  88  29  18  33  34  98  15  19  47  26  21
   24  42  28  55  31  99  85  71   7  10  88   4
   47  13  75  11  22  47  82  22  17  90  80  76
   77   7  27  69  55  83   3  94  48  82  59  92
   47  80  61  86  77  13  31  33  44  16  92  63
   74  74  13  25  63  63  50  29  16  89  92  92
   90  40   6  81  45  22  74  54  78   7  47   8
   74  75  79  19  46  63  78  89  80  99  47  89
   80  54  24 100  10  82  33  59  37  66  23   5
   75  57  11  16  35  26  31  60  57  98  70  36
   64   5  22  16   1  21  21  91  79  15  89  15
   22  84  84  44   5  10  39  89   2  89   6  50
   29  88  98  67  88  79  42  57  10  88  10  65
   97  39  70   4  72  92  32  95  13  95  84  21
    7  22  43  59  84  18  94  34  72  44  38  53
   30  19  29  57  95  65  27  62  33  52  33   1
   69  37  39  67  45  13  68  63  54  50  21  40
   86  41  15  39  76  41  35  42  43  16  69  11
   33  83  61  31  67  59  45  57  83  97  97  55
   80  38  74  47  58  45  58  53  69  58   4  40
   54  28  76  59  89  68  99  92  33  92  98  96
   63  60  44  47  27  25  93  82  79  68  38  44
   32  55  43  26  94  68  96  13  16  56  49  28
   32  76  56  74   8  41  27  81  82  55  66  45
   10  66  15  73   5   5  96  31  86  30  62  80
   23  70  32  30  73  73  39  72  31  40  75  33
   69  78  33  12  86  41  48  25  45  71  47  52
   18  45  86  79  34  18   2  41  18  65  45  65
   39  29  35  17  48  57  95  42  30  54   3  11
   37  19  27  61
   72  30  33  93  64  46  39  10  70  73  79  53
   93  93 100  12  36  91  28  10  68  22  41  76
   92  82  39  18  21  79   9  81  36  95  95  30
   62  62  71   6  35  25   4  98  71  16  24  23
   33  17  94  74   3  33  81   9  47  62  21   6
   86  57  86  37  66   3  60  39  23  78   2  77
   54  29  14  20  87  35  14   1  48  78   4  93
   29  15  34  75  57  38  77   1  68  53  95  67
   66  42   7  83   1  34  57  41  31  74  86  81
   96  91  98  62  83  67  32  31  96   5  25  90
   26  99  85  68  17   6  63  87  37   3  12  30
   47  69  65  12  67  51  98  47  49  25   5  20
   41  71  57  52  59  45  81  69  55  38  23  74
   86  54  16  13  82  73  52  42  15  24  52   3
   65  49  29  82  98  74  60  90  24  82  57  21
   69  74  32  26  48  43  65  81  29  40  80  57
    4  46   7  85  55  38  47  29  28  57  54  53
   97  81  92  88  34  89   9   5  78  33   3  76
    7   4  92  56  96   3  86  36   4  10  50  24
   22  51  76   7  57  67  52  23  96  84  28  28
   74  82  89  65  40  60  22  35  32  10  80  62
   42  81  59  64  83  54  62  24  66   3  67  50
   55  67  98  57  50  24  95  24  46  50  76  69
    6  95  16  17  28  52   6  65  17  17  27  57
   48  69  19  48  41  33  47  73  25  48  72  20
   10  40  21  91  52  84  48  81  28  80  14  36
   96  19  47  30  73  48  17  29  96  44  98  63
   98  81  44  92  67  99  51  77  27  71  32  46
   95  73  79  65  58  54  41   8  39   2  81  21
   64  15  56  94  34  70  77  34  90  89  84  22
   86  12  11  93  55  59  56   2  77   8  50  87
   51  55  26  47  60  89  86   3  43  58  72  69
   62  36  33  24  70  94  95  75  84  73  30  33
   46  42  21  73
   98  26  26  20  62  31  11   9  34  25  20  94
   12  66   8  83  30   9  61  25  51  96  91   6
   59  56  30  42  57  91  21  73  52  76  14  56
   60  50  60  60  91   9   4  57  47 100  76  21
   15  20  92  14  57 100  42  88  14   9  83  76
   86  38  36  79  38   3  78  71  83  31  39  85
   87  58  89  10  53  25  39  80  20  64  29  78
   55  99  26  18  47  36  16  45   2  59  97  29
   35  21  74  57  63  40  53  28   3  93  33  44
   61  10 100   6  28  61  24  10  73  61  47  35
   40  58  84  42  34  23  11  66  24  50  57   8
   29  47   9  31  18  31  90  52  99  20  66  40
   18  27  33   2  44  55  13  83  72  91  44  61
   13  97  80  33  84   8  82  16  12  20  10  37
   14  89  16  30   2  26  42  25  71  81  13  48
   96  48  27   8  26  54  50  94  69  51  14  72
   99  12   6  73  42  26  63  88  69  86  66  67
   94  94  34   5  67  41  19  41  62   9  94  49
   79  65  58  35  33  51  16  28  47  81  82  74
   50  33  72  30  66  41  95  59  12  93  47  22
   86  24   5  72  70   5  23  51  14  41  23  76
   35  66  90  43   9  33  67  11  66   9  45   4
   84  69  60  97  81  91  85  20  11  49  28  38
   52   4  16  56  11   2   2  11   6  64  45  59
   64  85  17  77  21  23  86  52   5  90  16  76
   35  56  57  40  19  33  43  28  38  73  80   9
   50  63  48  31  75  13  84  20  95  56  86  65
   46  41 100  19   8  22  17  87   4  55  65  28
   92  95   5  37  59  83  21  50  12  44  18  31
   74  80  14  68  81  64  31  68  69  33  93  46
   73  81  20  25  17  57  17  24  12  53  70  57
   44  99  43  24  76  62  68   4  34  34  38  48
    4  26   6  79  24  66  71  77  82  88  80  80
    6  30  17  72
   56  36  28  15   3  48 100  87  46  80  97  61
   55  42  76  91  77  15  33  18  65  74  27  80
   86   8  93  43  50  32  67   6  21  13  98  30
   39  84  71  54  39  69  26  10  70  91  74  47
   11   3  19  47  93  95  72  44  17  25  78  44
   69  26  24  41  47  33  66  38  71  97  46  66
    6  11   9   3  80  14  20  88   5  26  88  48
   90  59  82   9  68  36  51  19   7   9  38  66
   32  81   5  96  45  22  47  35  41  87  16  99
   31  42  33  25  54  69  12  79   2   1  78  82
   37  26  84  26   8  16  30  90  70  41  82  65
    6  88  93  66  42  85  18  57  68  10  34  64
   55  17  62  99  74  52  81  75  20  77  49  25
   18  78  22  23  58  95  72   2   2  34   7  71
    5  86  87  36  39  51  46  17   5  50  10  67
   54  48  12  93  12  73  16  73  85  31  35  71
   92  29  45  65  77  89  10  56  25  74  94  93
   88  98  89  89  97  54  25  41  87  22  90  48
    9  98  56  30  54   8  88  45  69  24  71  15
   78  89  21  32  99  33  11  88  63  87  85  91
   32  12  79  79  19   8  40  46   9  36  41  53
   71  42   6  53  84  65  22   8  52  68  63   5
   24  45   7  79   9  50  54  31   2   8  44  42
   96  37  80  96   6  70  42   2  82  66   7   3
   34  36  68   3  44  58  57  84  93  95  54  26
   72  20  17  18   5  25  90  85  65  46  33   9
   97  83  29  34  34  16  13   3  14  20  82  59
    1  93  24  80   6  68  24  85  98  31  95  58
   36  46  89  70  71  66  19  89  78  60  74  10
   72  23  44  62  20 100  34  36  68   8  84  99
   55  45  87  17  35  18  11  63  91  56  12  53
   60  33  59  49  46  83  48  86  43  21  23  89
   49  61  95  91  91  35  59  52  40  11  15  78
   27  13  84  41
   91  88  98  38  41  21  61   3  95  55  25  42
   53  32  94  16  86  62  18  73  78  71  28  98
   75  39  90  56  24  50  47  34  17  31  54  85
   39  97  32  74   8  99   8  21  17  60  55  40
   84  25  43  89  91 100  78  15  29   3  46  86
   39  98  58  53  62  48  93  74  78  51  44  75
   51  90  55  81  71  74  74  68   2  80  90   4
   20  99  81  88  63  80  54   6  70  74  91  58
   27  76  92  17   9  67  20  64  26  65  42  36
   66  60  76  65  38  65  34  28  14  54  61  83
   78  11  89  24  66  67  69  11   9  52  24  25
   78  33  84   5  32  59  43  96  50   6  85  90
   90  17  46  72  22  52  43  60  73  28  25  54
   76  61  17  74   8  14  61  10  37  35  63  58
   66  10  32  74  73  95  27   7  60  71   3  50
   93  80  49  81  47  71  35   8  49  44  58   9
   24  96  80  83  34  60  78  86  29  54  82  80
   84  19  25  75  46  66  78  72  77  25   5   7
   99  75  95  95  35   4  17  77  54  37  55  57
   18  95  55  51  20  28  70  29  32  60   2  59
   47  38  45  51  24  72  33 100  29  78  78  31
   82  25  19  41 100  73  59  43  39  27  18  13
   38  68  68  29  66   8  83  18  63  23  79  97
   81  10  60  22  36  16  59  25  41  94  86  60
   60  41  66  53  45  42  89  35  82  13  51  93
   37  47  93  15  91  58  54  24  99  23  10  35
   18  26  13  88  60 100  44  99  33  77  52  98
   86  26  96  78  53  96  92  35  91  65  56  11
   34  80  45  42  27 100   5  99  75  43  12  34
   87  29  18  18  19  20  90  91  13  67  61   6
   47  58  67  63  80  50  95  67  87  26  24  62
   13  27  70  78   7   7  32  73  74  66  30  78
   16   3  55  44  71  52   9  76  66  32  50  90
   52  87  36  47
   64   8  59  60  55  87  63  88  73  66  77  84
   34  88  76  53  65  87  80  73  69  53  21  63
   98   4  10  57  20  51  10  64  82  71   3  43
   91  74  56  70  71  69  96  10  40  39  71  75
   71   1  26   9  69  84  65  41  34  91  26  66
   32  73  45   7  62  91  28  82  28  92  18  81
    4  74  63  29   6  52  88  52  59  35  60  52
   65  85  59  74  73  94  47  72  49  48  34  80
   43  95  50  81  55  20  12  74  10   6  92  46
   23   7  91  35  67  16  98   7  46  33  69  15
   56  38  88  76  63  51  42  37  64  10  83  41
   62  34   4   1  30  92 100  63  80  78  46  78
   37  70  56  73   2   7  59  15  22  50  66  81
   61  61  34  30  67  62  43  66  40  11  58  14
    3  62 100  81  67  46  17  34   8  28  47  56
   24  81  94  28  12  58  92  89  35  55  75  10
   90  80  44  57  77  28  40  65  68  42   8   6
   74  85  68  53  19  14  86  56  99  36  39   6
   64  90  84   4  73  11  29  31  74  91   1  17
   65  64  14   8  67  58  37  36  91  75  66  88
   11  56  89  76  21  47  58   1  20  73  55  26
   66   5  62  45  58  23  29  47  92  95  45  92
   39  40   4  75   9  93  74  93  22  82  71  19
   77  92  18  65  18  35  21  59   5  14  38   4
   82   2  42  52  49  99  97  74  23  13  22  27
   16  15  59  19  94  21  45  85  57  50  80  51
   98   2  95   4  77  18  22  59  87  55  56  32
   25  54  37   4  60   5   7  91   1  19  83  18
   66  96  28  79  52  95  13  12   2   1  94  64
   73  91  78  65  12  11  85  90  11  36  29  33
   89  43  74  72  56  82  14  43  78  39  33   3
   51   8  79  98  67  60  33  42  84  13  72  72
   95  96  45  29  95  22  36  15  51  56  37  72
   70  82  14  47
   13  82  84  54  68  57  80  93   5  88  20  32
   11  95  33  10  56  13  74  74  79  77  13  79
   80  31  33  74  23   6  22   2  17  24  65  84
   23  87  42  29  37  76  17  10  89  36  35  69
   40  78  14   9  64  69  41  84  56  25  63  97
   16   8  83  91  46  16  51  45  44  79  60  62
   97  54  42  73  77  15  54  23  31  48  81  63
   75  50  24  54  93  13  94  48  27  26  10  91
   66  65  85  14  49  87  30  25  54  28  39   5
   91  86  85 100  97  28  18  18  30  75  53  18
   62  98  67   6  73  15  93  30  46  76  11  73
   57  69  43  47  75   3  50  83  50   7  20  33
    8  23  68  53  46   1  23   6  28  89  27  51
   73  31  28  38  53  56  70   4  86  78  92  59
   29  84  19  91  70  31  53  50  29  39  73  48
   42  82  25  49  60  88  16  64  45  28   7  47
   56   9   7  84  53  70  71  91  82  78  87   7
   72  16  75  83  31  80  77  85  35  74  54  78
   27   4  76  28   6  63  22  87  23  40  64  97
   77   2  72  75   4  89  99  12  72  16  81  62
   79  53  23  43  44  34   1  24  95  38  52  20
   74  91  66  88  22  56  84  22  75  28  89  40
   61  24  98  86  88  85  63  18  44  63  53   4
   85  15  60  16  34  98  84  22  68  68  33  81
   20  62  11  39  65   3  14  17  23  87  27  11
   39  82  14  80  92  16  12  47  79  73  25  84
   11  91  19  14   5  48  17  95  84  63  86  28
   66  83  40  36  56  84  28  65  42  60  27  80
   92  16  40  54  42  65  86  61  92  20  96  76
    4  88   8  63  85  64  53  71  95  25  61  28
   29  22  44  32  16  75  95  49  12  70  82   4
   92  45  39  76  49  91  61  90  81  43   1  15
   89  72  56  48  71  82  69  23  11   4  18  88
   77  83  12  15
   85  66  49  85  29  12  89  26  17  99  78  73
   70  26  62  44  38  81  24  12  19  75   9  23
   81  49  35  21  77   1  20  62  67 100  95  34
   33   8  26  75   2  93  28  93  61  58  89  85
   77  49  89  54  20  79  12  27  71  48  72  78
   55  57  29  45  48  32   6  44   1  39  12  95
   57   4  55  37  72  32  68  46  33  26  22  55
   74   6  43  74  99  24  41   7  96  89  17  69
   62  83  87  12  15  76   4  32  16  50  68  99
   88  16  56  71  39  32  29  13  67  23  61  11
   96  97  50   3  84  69  43  83  42  75  49  32
   57  91  61  31  11  55  76  77  93  83  11   9
   27  89  22  21  82   4  24  83  98  89   9  61
    2  67  66  31  22  29  98   3  15  55  43  38
   77  40  87  65  69   6  91   4  32  20   7  77
    2  18  89  37  38  22  25  78  33  55  45  59
   35  65  46  19  68  39   7  99  48  26  11  61
    2  52  58   3  86  42  93  77  11  38  17  19
   48  16   7  51  61   4  38  14  16   5  99  77
    3  13  13  62  56  32  54  61  72  94  67  50
   26  79  90  18  91  35  65  74  63  90  64  76
   70  83   4  42  96  69  67  73   1  49  19  72
   36  81  26  59  65   4  79  94  81  52   6  93
   29  78  92  50  17  69   5  48  43  65   1  88
   12  80  57   4  47  19  82  74  22  94  37  54
   64  52  51  80  89  81  48   3   6  41  58  90
   42  72  37  63  64  22  87   1  94  58  79  64
   25  92  63  16  45  92  92  40  54  10  43  55
   80  88  27  38   5  93  20  44  72  21  69  19
   18  23  24  24  78  25  42  50  18  41  21  43
   41  96   5  14  17  47  12  63  90  94  50  98
   12   6  36  55  43  36  12  10  85  40  66   4
   97  99  53  59   9  36  12 100  43  28  79  71
   36  37  18  51
   81  82  53  59  53  28  63   2  20  89  10  88
   91  82  34  69  76  99 100  40  29  50  38  84
   91   6  89  22  40  43  48  50  24  89   8  85
   16  66   4  14  50  30  56  25  67  18  13  64
   61  93  97  73  19  87  49  33  68  42  67  10
   16  55  54  93  97  27  63  52  18  96  38  62
   94  93  55  63   3  76  74  95  20  79  76  46
   66  53   9  93  53  13  29  48  21  77  50  98
   88  17  81  56  94  92  76  95  41   4  70   2
   36  31  32  11  40  80  99  57   8  22  29  14
   32  43  38  37  90  84  47  14  83  84  24  98
   83  28  31  64  75  85  63  41   2  57  95  61
    7  21  27   6  78  68  22  42  93  57  55  76
   62  49  56  86  69  54  53  78  21  78  15  17
   84  62  94  79  38  29  78  95   8  26  22  90
   16  66  98  30  23  78  42  64  72  46  89  68
   33  50  29  93  43  17  37   2  56  59  27  17
   81  21  91  62  30  19  45  12  57  89  70  26
    8  32  60  99  58  50  60   8  60  96  15  44
   87  19  12  69  76  99  22  51  68   6  46  12
   60  24  59  67  39  13  50  77  34  41  71  83
   55  35  77  54  39  17  72  30  90  57  50  68
   31   9  41  83  36  59  55  91  83  66  25  58
   97  11  49  36  89  31  38  13   2  74  55  56
   55  37  62  50  89   7  63  48   8  11  46  11
   20  54  30  52  88  69   5  81  70  56  79  49
   59  25  22  89  33  44   5  62  95  79  47   3
   20  42  63  58  92  28  98  35  58  66  81  43
   62  58  60  38  93  24  52  67  32  48  83  10
   87  17  36  24  48  69  88  87  20  37  61  46
   73  86  60  53  87  68  22  12  89  55  53  27
    4  89  79  39  92  24  85  75 100  67  63  88
   97  31  48   5  25  65  69  63  36  11  93  64
   43  36  62  10
   32  68  93  45  33  79  78  91  27  53  70  14
   74  72  94  95  35  70  57  11  29  99  14  81
   11  96  35  55  38  59  78  67  35   5  56  14
   66  49   4  19   7  67  48   3   5  66  77  51
   54  54  10  84  63   6  62  27  24  35  16  73
   78  61  91  58  89  77  13  28   9  22  76   6
   46  46  21  59  38  80  96  76  14   7  33  24
   70  24   9  27  35  21  18  29  36  40  42  64
   74  50  16  28  87  13  97  41  23  54  40  24
    2  28  53  60  92  90  78  69  77  67  56  71
   20  18  92  62  38  10  30  74  66  87  17  52
   30  37  71  17  13  56  58  36  23  25  49  93
   66  73  98  58  12  50   7  50  58  90  92  13
   11  87  60  79  42  56  68  42  62   9  99  22
   93  18  28  35  30  86  88  66  14  19  45  33
   99  89  63  53  27   6  70  21  83  85  34  67
   79  20  24  36  14  43  84  45  43   3   2  62
   49  26  72  68  11  92  72  32  70  97  27  70
    2  27  77  26  81  21  53  30  56  44  35  74
   11  55  28  77  38  76  31  55   9  59   3  89
   36  57  30  94  50  91   1  90  62  20  68  67
   34   7  21  56  49  92  53  97  80  59  33   9
   57   4  69  55  35   2  82  19  66  80  72  62
   66  84  87   5  83  48  92  86  66  58  39  36
   36  30  32  44  50  70   2  29  76  49  68   3
   56  67  15  46  79  25  51  74  47  92  88   3
   44  77   5  22   8  91  10  59  93  23  24  55
   48   4  37  27  73  78  81  36  99  70 100  62
   51  57  19  69  19  30   8  73  22  72  55  13
   84  20  37  16  99  35  80  70 100  74  40  92
   25  55  59  95  91  28  43  57  61  40  28  89
    9  12  46   8  93  97  97   1  24  58  21  95
   32  31  54  30  35  95  14  18  10  45  54  22
   60  52  44  19
    793   821   842   809   764   809   814   869   824   854   807   811
    752   790   841   817   820   784   835   780
