 20 125
  108 106  74  36 105  82 103  65  89  22  16  88
   21  53 105   8  28   7  75  72  32  49  32  97
   50  35  96  70  33  97  42   4  50  23  76 109
   61  42  68 113  80 104  87  62  75 107  60  37
   60  76   7  36  21  46  30  68  41  98  30  63
   97  23  69  35  48  94 100  20  32  37  19  39
   75  68  16  43  51  98  13  34 115  22  65  67
   87  65  71  80  68  83  48  19  66  73  54  78
  100  83  55 113  64  27  70  51  61  92  17  99
   94 102  96 103  25 102  83  60  35  48  88  24
   18  48  45  64 103
   20  32  82  15  33  87  77  75  92  52  23  53
  106 112  43  14  11 110  95  67  20 105  58  76
   85  52  43  88  21  87  47 104  61  16  90  23
   87  62  85  94  32  21  59  57  32  83  32  26
   80  90  97  80  86  55  62  13  39  59  99  97
  101  36  58  72  89  28  73 116  74  82  29  99
   83  55  36  61  88  53  76  31  20  16  51  57
   98 104 110  19  68  90  14  66 110  51  31  97
   71  50  47  32  38  52  26 101  93  33  46  17
   24  39  91  39  93  92  32  86  41  89 100  47
   59  64  39  19  10
   79  87  25  95  55  71  85 100  14  99  33  43
   94  39  97  35  57  16  24  16  96  73  29 108
   24  77  66  86  68  38  20  66  14  90  42  67
   77 102  20  55  53  69  31  83  22  24  16  34
   21  13  29  83  40  65  33  42  35  68  89 101
   32  95  15  32  69  89  85  23  63  55  17  56
   51  36  99  38 107  86  78  23  51  57  78  22
    9  61  30  80  52  87  65  59  50  97  23  64
   37  67  74  41  70  57  60 101 100  46 101  42
   46  75 108  20  99  58  57  12  90  69  47  19
   46  45  33  37  94
  101  50  75  10  85  67  15  26  90  19  95  34
   29  13  38  84  63  32  98  80  64  38  34  28
   19  67  50  90 108  81  95  35  56  41  54  51
   38  21  74  59  44  38  66  52  18  83  32  69
   84 100  37  31  30  56  26  51 100 105  90  66
   90  13  68  75  22  82  67  62  49  91  65  97
   96  56  40  66  11  34  21  22  89 108  18  34
   74  46   6 110 111  50  42  81  94  62 110  16
   20  51  29  70  58  35  41  68  94  71  50  47
    8  82  54  89  57  32  73  61  80  50  64  80
   39  81  75  46 103
  113   6  88  73  68  50  86  72  11  94  86  16
   90 103  93  40  59  58  14  61  96  74  96  42
  109  59  42 103  63  91 111  41  54 103  48  89
   77  24  35  27  46  95  65  76  61  27  42  24
   21  50  75  33  42 114  55  68  39  69  57  78
   67  47  11  25  14  94  74 109  28  56  78  74
   32  36  31  88  17  11  17 108  54  29  12  75
   66  84  40  68  24  95 104  38  94  89  70 107
   32  14  21  14  78  45  44  79  45  83  71  38
  115  25  48  93  33  93  49  36  91  36  43  27
   89  85  90  84  65
   67 107   9  62  44  98  71  53  18  31  20  35
   30  12  86 100  89  84  85  23  84  80  78  22
  109  89  10  84  14  23  80  30  26  31  34  89
   21  54  23   8 100  11  42  12  32  95  18  66
   99  31  93  59  50  19  98  47   3  30  27  11
   18  44  32  41  15 113  87  86  77  43  69   9
   16  38  67  84  90  75  78  98   9  43  90  51
   97  47  29  50  33 106  73 114  80 101 107  32
   72  51  93 101  36  81  21  40  99   7  47  83
   25  47  57  23  59  37  69  41  66  64  20  96
   85  33  38  25  56
   61  49  64 111  19  91  95 101  80  66  20  68
   96 101  77  79  69 107  61  58  86  36 115  62
   66  91  62  31  53  16  41  60 110  49  85  91
   17  27 102  73  52 111  17  80  33  66 104  23
   67  85  31 117  80  48  37  47  74  32  71 117
   61  45  52 115   9  15 105  75  32  47  51  45
   79  91 106  38  69  40  44  60  16  16  21  90
   24  26  28  26   3  58  93  57  83  65  83  24
   19  86 101  20 110  35  59  31 108 106  68 109
   53  26  93  44  21 103  43  67  44  92  27  94
   33 108  62  57  83
   96  39  54  82  68  78  39  58  60  14  67  61
   14  40 102  99  71  23  98  92  23  36  47 110
   17  23 110  57  21 105  25  67 104 101  56  60
   79  66  42  54  49  40   5  88  95  45  59  70
   28  77  13  96  92 109  49  33  65  62  82  99
   71  39  21  92  28 102  21  65 104  22  75  72
   87  99  36  72  43  69 114  52  58  46 104  39
   67  41  25  61  45  12  63  35  78  54 116  50
   86  59  76  41  22  79 107  78 114  27  72  80
   53 101  94  84  25  47  62  23   4  20  65  96
   71   6  43  60  35
   35  14  56  47  22  31  60  64   9  33  59  68
  109  69  62  20  10  63  89  51  85   8  82  16
   51 106  43  81  77  45  22  61  94  65 107  75
   60  70  72  47  94 103 105  15  28 101  62  28
   59  67  46   8  62  93  49  18 105  45  18  97
   98  11  84  53  46   8  71  73  82  65  51  55
   44  47  41  47  74  31  78 104 108  56  19 104
   81  81  96  83  12  51  63 107  26  35  79  16
   88  71  34  45 103   8  61  48  88  72  46  59
   99  63  77  89  73  78  70  47  74  60  46  52
   39  34  63  29  53
   53  38  11  79  88  73  89  15 104 109 102  64
   89  54 100  38  10  80 113  27  36  18  55  20
   61  26 109  56  89  49  20  87  88 101  90  24
   44  94  44  26  68  65  37  38  98  38 108  68
   67  72  69  23  46  27  84  79  77  33  72 108
   84  64 109  45  85  27  97 119  85  54  17  51
  107  62  51  82  26  99  60 105  42  36 105  42
   94 102  51  90  26  78  65 101  27 105  24  31
   78 101  19  87  72  29  89  68  34  74  12  98
  105  32  39 108  69  28  52  22  32  38 100  94
   20  31  98  38 107
   23  62  74  87  49  43  29 100  18  18  49  45
  100  95  69  62  54  30  52  83  84  22  55  36
   62  92  91  15  94  16  35 102  62 100  94  59
   42  77  71 102  94  39  63 106  98  90  23  10
   40 113  54  49  68  69  90  38  67  68  44  88
   52  56  47  74  32  38  48  33 110  38  84  27
   78  81  93  76  22  27  87  59  75  68  67  80
   96  63  25  90  79  71  70  54  84  37  76  78
   33  92 108  72  57  22  21  18  70  40  72  19
   91  59  14  76  63  29  59  60  71  37  47  26
   20  80  41  56 115
   70 109  59  56  86  12  71  45 101  77  50  17
   54  14  27  16  96  35  96  60  37  71   9  40
  109  50  90 105  66 106  61  43  61  69  41  59
   82  40  34  66  61 110  23  45  81  58 100  22
   28  91  76  38  56  71  16  25  62  33  87 112
   29  33  23  52  98 103  59  32  82  85  63  68
   21  76  91 100  47  90  93  59  70  86  15  87
   74  37  41  59  43 111 116  86  66  39  70  61
   70  23  18  96  58  92  41  29  35  83 113  62
   63  96 103 104  17  47 114 105  27  60  67 100
   87  95  44 103  68
   76  93  11 100  91  58  99  25  37  93  90  27
    9  45   7  30  66  29  38 105  89  84  40  20
   74 102  32  16   6  82 106  31 110 102  69  89
   28  35  56  53  66  54  29  51  88  92  22  81
   96  73  95  55  65  95  34  50  75  82  90  89
   73 116  67  63  85 104  62  93  32  42  61  36
   23  11  75  38  81  27  72  33  49  79   5   8
    5  98  64  74  88 107  77  74  66 100  35  72
   29  23  26   7  13  43 111 107  55  62  72  44
   34  30 100  17  15 115  26  15  17  78 108  45
    4  45  69  63  16
   59 102  67   8  26  71  88  49 101  69  54  89
   94  44  88  86  38  34  49  12  34  41  78 102
   79  91  43  76  46  14  54 101  96  67  92  71
   46  62  67  41 100  19 106  23  17  75  89  25
   18  11  97  17  95  17  32  26  57  54  37  31
  102  31  85  90  67  76  95  57  72  16  39  91
   57 107  62  71  45 102  43 107  91  33 105  19
   77 106  27  16  18 100  56  59  43  93  59  14
   40  93  98  77  96  81  83  13 103  63  61  67
   16  90 111  33  93  47  52  94  32  39  67  84
   33  97  38  93  17
   74 103  34  83  86  33  98  94  44  31  10  71
   73  15  29  18  59  54  54  97  62   5  74 106
   44  24  78  65  29  51  68  54  89  42  35  60
   20  96  11 112  34  34  13  58  88  64  65  50
   64  99  54  59  14 110 107 108  91  73  98  50
   38  30  94  72  16  10  11 107  34 111  95  77
   60  76  38  92 104   9  63  96  99  22  78 110
   33  21  77  47  15  67  55  83  52 114  64  75
   29  96  22  45   4  27 100  45  18  24  33  93
   33  54  87  80  60  86  54  37  35  28  30 102
   45  14  95 103  70
   91  23 110  41   7  91  95 107  65  15  93  37
   39  91  75 112  29  73  50  25  83  88  30  33
  107  43  73  42  17  88  36  32  52  69  94  95
   45  69  30 103  39  67  39  27  16  26  92  80
   89  88  24  16  38  67  49   4  65  79  43  35
   93  76  90  15  37  59  85  67  80  30  32 106
   38  63  10  72  63  79  72  67   6  79  75  31
   53 111  35  77  61  90  29  27  25  86  26 113
   92  76  61 106  57  59  40  69  70  87  85  87
   73  96  33  27 106  49 100  41  57   7  84  86
  105  82  88  15  82
   12  80  90  46  22 110  99  50 111  55  83 108
   82  33  96  16  37  51 116  18  80  67  57  48
   48  59  21  91  62  78  28  45  19  20  99  26
   28  16  91 105  96  89  51  83 109  87  61  54
   99  86  82 106  53  22  61  33  56  56  17 101
   91  55  64 108 105  79  42  54  93  20  21  89
  106  44  45  14  78  53  32  82  62  94  21 109
   37 113   9  22  69  44  96  33 112  42  13  59
   58  79  32  60  82  99 100 109 107  59  98  28
  109  51  22  12  72  14  81  33  77  82  33  43
   56  80  94  92  91
   35  24  90  81  58  87  86  86  88  51  94 102
   26  70  45  65  83  42  85  15  54  96  49  44
    6  35  24  52  78  67  66  44  89   7  59  31
   12  97  73  93  40  53  91  24  33  42  90  72
   92  49  86  62  90  38  34  24  68  12  47  23
   61  40 105  12  42  33  57  91  14  20  58  35
   72  48  54  43  26  52  11  75  13  51  26  67
   39  12  37  33  44  32  44  71 112 106  75 107
   56 104  98  70  91  14  16  20  47  20  81  68
   87  59  19 103  28  68  15  14  45  76  90  62
   94  20 112  54  98
   79  12 101  22  39 102  30  27 109  67  14  51
   73  60  96  62  31  97  38  86  92  40 106  13
   65  67  32  37  44  92  59  53  42 107  25  69
   52  50  98  90  26  57  67  81  58  55  99  54
   90  78  65  19  97  74  80  79  77 103  82  91
   89 104  31  95  19  54 100  37  61 108  78 109
   23  72  75  78  45  93  88  41  59  91 116  28
   42 114  66  94  30  31  41  66  78  57 107  22
   37  97  34  56  54  88  89  81  19  42  59  52
   83 104  84 100  27  65  76  91  79 109 103  69
   93  92  26  59  50
   63  82  28  56  46  87  44  26  23  93  18  19
   89  97 105  54  52   9  79  93 108  58  29  50
   56  92  95  14  86  50   5 107  54  51  58  91
   19  66  91 104  82  94  20  13  74  78  89 101
   43 100  41  91  20  43  88  66  81  67  23  85
   76 101  35  27  95  20  37  59  93  99   9  39
   34  44  31  20  62  12  62  44 101  34 106  37
   66  69  26 101  62  27  39  68  20  32  81  23
  105  84  96  52  54  65  29  20  81  33  86  33
   37  15  76   6  15  82  47  19  86  35  72  45
   39  46  73  87  19
    6   9  35  69  12  24   7  51  19  81  97  30
   94  51  14  97  82  97  30  38  84  69  74  11
   52  83  20  39  75  17  67  99  64  91  36   6
   43  62  48   1  31   5  21  40  38   3  50  81
   43  34  99  71  90  60  86  34  70  16  72  57
   10  89  47  81  59  18  18  84  81  69  99  72
   36  34  95  66  69   9  90  86   3  86  38  45
   17  44  45  29  42  28  61  90  44  41  66  34
   14  35  57   3  50  91  34  65  55  16  93   7
   13  18   9  12  82   6  20  57  85  68  25  93
   89  67  62  38   2
   91  79  38  94  79  23  36  35  19  55  94  56
    9   6  68  93  91   3  18  53  83  10  53  44
   19  67  64  21  82  28  66  15  50  90  30  80
   25  43  24  25  75  98  52  49  71  31  85  83
   25  13   9  30  23  56  49  91  68  44  19  19
   19  74  52  39  19  92  42   2  42  32  75   9
   28  50  77  56  17  65  39  71  88  98  65  49
    4   4   4  90  35  12  88  39   8  64  71  19
   39  53  66  74  73  56  82   2  18  76  63  94
   85  78  22  73  26  26  81  29  69  21  11  58
   59  39  64  98  92
   24  25  82  25  58  47  30   4  88   5  72  61
   16  76   6  68  54  95  81  96  13  43  88   4
   84  27  47  24  38  77  92  53  96  30  63  38
   34  14  87  63  58  40  73  37  97  88  94  83
   92  96  76  24  78  43  87  69  75  40  24   4
   76  19  95  74  34  16  19  82  48  63  99  61
   52  72  21  72   3  25  33  90  63  59  40  88
   99  56  84  28  57  31  39  47  55  14  92  44
   72  45  36  68  36  56  52   9   6  62   1  77
   64  45   9  98   4  45  56  99  13  45  63  92
   66  60  79  65  10
    9  68  41  92  23  43  92  88  18  83  23  79
   81  89  64  25  51  88  13  31  44  73  68  88
   98  44  65  13   8  39  18  76  61  78  50  54
   81  95  40  53  59  82  51  54  93  20  77  47
   27  17  71  73  84  51  88  54  13   4  25  39
   15  96  49  35  85  33  45  46  55  29  48  15
   24  59  79  53  96  86  90  86  25   5  91  84
   43  73  97   7   4  55  60  31  16  56   8  98
   85  62  80  48  49  72  71  52  15  44  62  57
   96  22  58  21  52  83  31  46  24  70  50  24
   72  29  28  67  16
    1  98  30  35  35  60  16  41  92  14  25  94
   27  17  15  68  49  54  97  58  14  29  21  70
   11  50  61  13  51  17   9  75  52  11  55  25
   26  78  83  87  69  24  50  38  49  90  78  89
   91  53  42  75  64   6  54  43  72  44  56  37
   40  58 100  88  97  17  44   2  74  57  33  42
   78  70  88  26  91  91  98   1  53  84  98  43
   47  29  69  37  91  13  12  67  23  14  47   5
   88  90  93  90  29  68  62  31  68  29  38  80
    3  95  72  27  83  20  66  83  11  72  62  76
   16  30  29  27  49
   45   2  98  52  61  11  37  50  85  88  89  85
   80 100  33  17  19  30  23  91  23  22  33  84
    4  17  92  35  92  88  25  86  88  82  82  21
   84  52  88  99  14  98  69  96  83   7  95  39
   11  81  18  47  65  86   6  63 100  84  84  99
   96  67  72  69  94   3  17  24  36  63  37  94
   96  71  53  27  30  31  33  18  99  68  21  57
   18  67  83  60  86  10  40   6  29  10   4  79
   32  54  19   3  82  36  98  77   3  98  59  19
   89  65  62  95  52  82  51  65  50  56  83  15
   28  86  75  95  57
   55  57  45   1  94  27  17  19  23  37  85  39
   12  17  43  38  48  11  46  50  28  66   1  58
   39  23  50  78  52  96  63  49   7  69  23  20
   98  79   9  36  67   1  91  27  83  41  16  94
   37  20  88   2  26  62  67  56  40  82  48   3
   50  74  50   5  97  97   7  38  80  64  53  74
   40  28   8  71  48  70  68  57  95  88  92  20
   82  84  91  94  99  48  11  52  22  51  22  82
   89  29  10  89   2  69  60  71   3   5  44  10
   66  90  12  61  85   3  71  40  59  19  84   9
   81   7  49  62  28
   20  78  64  32  46  35  77  53  55  88  38  49
   94  71   8  11  49  92   7  25  84  75  56  10
   85  92  10  53  85   7  95  50  15   7  51  43
   30  43  62  51  54  69  99  19  17  75  59  45
   85  28  92  24  10  10  54  80  55  49  31  12
   40  69  83  21  76  14  81  55   3  92  44  46
   27  16  75  43  60  34   3  52  53  69  13  76
   38  62  90  50  62 100  56  75  30  63   4  65
   32  53  36  74  93  37   4  42   3  84  45  24
   53   2  20  36  80  70  47  88  98  87  44  23
   38 100  65  50  84
   73  91  56  72  81  89  51  45  93  72  54  37
    4  51  55  92  95  50  29  64  34  96  28  98
   51   5  61  27  34  69  88  50  13  45   8  28
   45  41  36  64   9   6   5  97  84  13  44  85
   47  51  68  94  49  12  67  86  13  74  89   6
   14  94  36  67  70  94  40  45  31  45  60  57
   60  60  67  55  31  76  30  13   4  48 100  10
   23  29   8  21  98  63  42   5  94  71  41  92
   20  38  77  70  12 100  49  70  23  34  66  59
   16  41  35  24  40  39  48  57  29  47  74  50
   81  71  42  75  51
   52  67  93  39  25  30  15  87  11  11  15  47
   20  63   6  73 100  31   3  83  68  89  59  96
   50  82   8  64  19  59  95  17  30  12  21  94
   60  13  75  87  47  54  75  71  22  82   3  48
   51  37  42  81  74  89  19  32  35  78  35   2
   28  47   9  62  28  84   9   1  34  59  94  52
    2  56  56  38  85  19  43   5  69  81  13  62
   14  11  58  17  84  40  54  14  93  11  87  72
   39   4  97  24  38  84  15  48  68  33  98  14
    3  88  70  11  47  79  55  94  80  69  20  17
   90  86   7  69  10
   81  49  46  25  60  75  73   6  88  98  62  68
   13  22  40  42  61  73  54  27  24  94  63  77
   47  26  21  91  17  95  67   2  48   9  15  55
   70  32  32  10  18  81  39  14  15  13  88  99
   64   5  54  67  35  51  22  73  49  43  71  18
   68  62  69  33  84  64  54  70   5  66  23  87
   39  37  21  35  88  83  28  46  32  37  43  23
   15  41  79  24  36  40  44  49  35  65  30  35
   78  26   1  32  50  89  82 100  38  77  44  92
   19  47  93  43  48  81  57  55  48  75  73  89
   93  26  76  48   1
   41   5  45  58  28  97  40  75   7  27  60  91
   48  93  90  89  11  73  23  45  81  49  94  62
    7  54  26  10  36   8  54  65  58  49  75  43
   36  80  82  40  48   1  97  66  23  44  13  90
   75  18  29  68  50  40  90  87  52  76  25   2
   89  76  79  68   8  15  57  86  29  25  57  35
   87  40  11   8  69  26  18  54  50  24  87  15
   30  83  70  59  72   4   4  25  43  67  41  50
   46  80  93  19  59  12  69  90  77  25   6  44
   43  20  12  12  89  70   3  15  75  58  40   8
   21  16  66   8  51
   33  21  92  19  27  62   3  82  65  16  16  80
   97  74  96  81  52  85  81   2  19  27  62  84
   40   3  80  89  99  29   6  83   6  18  33  25
   81  71  60  51  51  60  85  68  30  21  87  37
    9  35  16  59  41  24  77  68  36  29  26  14
   38   4  47  51  22   3  48  27  72  63  44  69
   80  97  44  72  24  80  41  84  57  34  99  99
   99  16  41  38  23   9  33  39  37   5  75  47
   78  96  88  98  98  61   1  10  50  51  37  63
   76  78   6  98  96   5  82  96  92  27   4  67
   99  66  50  40  93
   50   2  52 100  80  33  30  58  17  51  61  17
   25  60  21  22  75  77  59  99  81  76  39   1
   39  18  72  33  60  90  57   2  16  48  17  43
   65  48  37  67   2  87   1  92  86  39  30  84
   85  92  21  90   9  90  80  80  46  64  67  82
    5  73  23  21  51  42  17  55  40  97  80  14
   60   6  42  37  68  13  68   9  25  76   2  97
   35  10  93  93  85  16  46  45  77  23  50  97
   72  26  19  30  23  22  28  91  10  49  52  42
   86  22   3  85  10  70  67  13  78  76  43  32
   74  12  78  14  96
   41   8  73  30  30  76  12  19  62  84  94  43
   37  96  79  96  44  60  57   6  45  97  35   8
   67  87  29  48  87  59  48  58  19  73  84  52
  100  15  95   8  84  77  97  55  23  51  52  66
   55  13  50  44  96   8   1   3  26  45  22  62
   68  78  24  33  92  95  99   4  86   8  10  29
   55  35  71  18   3  94  46  17  19  88  28   5
   70  91  29  73  87  37  65  20  50   5  52  30
   73  10  81  70 100  90  16  70  86  93  75  17
   87  62  23  33  45  26  53  73  77  84  79   7
   66  97  21   7  41
   19  84   8  76  99  24  23  13  55  96  24  72
   63  20  30   2  89  29  61  86  23  19  82  85
   10  74  34  75  97  18  76  79  66  39  23  12
   70  33  76  12  75  43  71  84  92  92  10  31
   20  26  93  96  78  43  70  98  48  40  65  68
    9  44  20  90  74  54  29  35  31  74  81   1
   76  53  93  48  56  24  48  38 100  37  33  72
   63   1  75  27  57  21  85  91  94  30  86   7
   22  36  57   3  59  50  69  34  37  30  20  19
   33  16  76  78  11  65   8  69  55  96  27  27
   15  21  25  98  33
   91  40  28  61  89   4  21  62   9  57  34   3
   38  74  11 100  76  60   4  98  22  44  54  54
   59  58  85  26  44  36  86  64  97  88   4  92
   86 100  22   3  15  14  60  33   9  17  51  66
    8  29  36   9  49  91  45  82  54  54  90  11
   22  60  51   6  10  39  61  57  23  86  96  19
    7  60  62  95  25  61  83  33  56  24  87   1
   76   4  96  86  48  63   9  76   7  62  94  47
   50  41  75  52  23  12  18  10   7  45  15  88
    9  57  81  98  44  94  33  73  28  29  81  64
   62  36  14  22  21
   68  94  19  28  56  22  30  16  18  56  17   7
   85  32  59  37  21  70  35  95  49  16  53  67
   99  74  94  65  40  53  50  74  18  95  55  80
   92  19  32  17  78  52  20  93  79  75  21  42
   26  54  30  49  16  77  78  91  46  98  67  80
   57  69   8  93  64  78  56  15  99  87  53  69
   46  72  60  66  79  57  98  30  99  52  84  42
   74  94  68  77  71  80  73  40   2   8  29   4
   50  10  13  46  20  94  86  91  64  83  30  41
   29  44  86  16  83  34  91  92  67  34  17  40
   18  87   5  60  16
   24  93   4  98  67  13  76  87   6  38  96  58
   31  47  15  48  77   6  75  28  19  65   1  97
   47  44  76  69  67  18  45  53  77   7  85  48
   63  60  11  29  81  49  44  34  49  48  16  48
   29  30  45  97  18  43  30  33  38  11  35  16
   18   8  76  10  85  57  14  65  50   9  32   9
   96  37  34  29  66  17  26  64  52  21   3  90
   75   3  40  10  85  84  78  38  37  45  11  87
   83   5  73  61  62  20  27  37  84  62  52  55
   20  12  31   6  83  41  35  17  27   6  17  42
   25  28  92  46  58
   46  27  79  59  58  18  72  92  85  15  89  94
   13   7   2  57  56  97  32  10   3  49  89  54
   47  13  13  99  26  68  99   7  62  62  53  20
   94  48  12   7  22  18  90  94  37  42  19  10
   64  12  76  12  97  68  32  37  38  46  79  27
   34   9  76  75  13  86  82  59  23  13  94  78
   70  64  86  93  55  95  43  63  10  77   5  82
   36  36  94  16  44  88  67  42  87  81  38  85
    4  27  23  55  48  42  76  85  35  85  31  70
   70  95  30  99  96  25  70 100  24  83  34  72
   68  71  33  25  91
    248   255   272   269   261   277   244   250   260   238   256   238
    258   247   254   249   231   275   217   264
