 25  90
   93  95  58  61  40  25  13  83  36  42  52  59
   16  87  54  52  17  73  68  57  82   7  38  11
   58  22  33  76  71  17  58  41 100  19  62  75
   89  90  56 104  54  80 108  40  60  15 116  99
   29  51  22   6  88  15  68  77  28  47  84  45
   61  41  47  36 108  95  76  55  36  58  55  65
   84  87  75  20 103  89  52  54  16  95 110  39
   54  17 108  28  74  47
   74  29  62  22  51  69  69  98  88  93  26  22
   30  97  69  78  73  27  22  94  67  18  30  87
   19  54  79 112  25  72  56  69 105  73  35  33
   31  91 100  41  48  38  47  36  83  69  37  86
   40  70  64  49  57  52  36  29  70  10  50  98
   73  76  26  41  83  57  78  48  59 110  70  55
   88  30  63 107  23  68  87  38  55  54  83  18
   38 105  33  73  78  47
   33  91 103 105  43  39  40  39 110  86  57  64
   46  91  32  64  85  52  44  15  66  82 108  52
   19  75  36  30  96  77  77  50  31  27  56  34
   56  84  17  20  27  53  29 105  88  44  87  16
   87  17  53  32  57   4  75 102 110  60  66  53
   72 111 105  29  74 104  36 100  43  82  88 116
   70  45  68  88  68  16  54  37  39   7  19 113
   87  35  81 108  76  75
  119 111 100  20 108  89  48  66 104  94  40  73
   76  42  15  24  30  45  71  66  72  67  20  45
   82 105  41  62  22  21  77  35  98  28   6  77
   71  73  20 101  84  81 102  29  17  14  52  20
   53  34  10  26  55  39  33  64  83  19  33  17
   64  98  62  28  34  65  83  85  72  19  29  15
   63 103  81  35  86  77  27 101  98  90  60  73
   26  89  80  43 100  90
   26  30  32  73 100  63  36  48  17  32  30  83
   84  53  59  30  71  43  56  49  34  45 103  51
   39  40  69  98  18   8  45  14  50  58  75  96
   23  40  90 106  79  15  89  82  80  73  26  53
   30  61  32  18  44  34  69  54  92  73  60  11
   52  75  69  84  74  15  79  53  27  87  45  77
  105  48  50  39  39  37  71  58 116  17  75  82
   71  32  12  60  45  39
   59  46  71  55 105  60  26  56 105  79  64  74
   84  57  99  80  56 113  52  47  19  89  32  48
   90  55  61  45  25 111  30  74  38  75   8  96
   18  44  69  42  94  82  75 112 106  46  57  74
   90  52  50  18  25  99  51  49  95  24 101  49
   83 100  60  97  51  29  19  38  56  90  60  34
   14 103  53  89 106  86 105 102  62  54  92  42
   62  88  25 107  12  16
   45 105  85 110  46  31  57  87  86  51  19  45
   57  86  39  84  92  77  56  24  14 106  77  17
   47 111  25  42  28  67  23  28 107  23  56  35
    8  86 103  89  68  20  12  28  24  32  56  88
   91  72  38  26  76 111  12  50 104 117  82  72
   69  63  30  63  56 102  93  35  42  82  45  59
   37 103  16  49  27   6  97  91  14  52 103  20
  111  92  14  28  76  26
   23  96 114  43  60 105  85  91 102  55  61  87
   66  72  45  58  91  42  65  64  60  56  74  25
   67  36  64  89  30  97  52  71  53  73  87  25
  108  70  82  52  68  69  96 109  63 100  63  26
   97  49  34  79  75  62   8  62 113  29  99 108
   37  58  56  25 103  51  17  20  60  29  74  29
   62  43 113  44  98  19 103  10  12  96  22  74
   44  16  55  19 101  26
   14  85  87  74  54   9  16  83  26  95  89  81
   65  79 103  93  52  53  45  95  63 101  75  19
   73  76  42  24  68  73  49  47  49  92  34  33
   24  20  33  47  26   8  37  72  75  50 101  77
   51  74 107  56  35 104  67  25  63  94  29  68
   87  97  23  90  79  89  95  60  53  56  93  75
   75  76  14 101  97  29  78  49  33 103  58 106
   80  72  58  34  78  14
   94  74  62  50  29  39  91  25  75  89  43  75
   72  81  51  81  29  64 100  99  19  81  74  46
   46  47  71  10  73  54  67   6  27  53  26  41
   85 102  35  52 106  94 101  57  97  97  55  55
   49  23  14  25  47  37  93  96  94  47  59  54
  102  92  85  76  14  15  91 113 103  17  61  47
   44  32  74  80  55  99  71 115  96  28  52  32
   89  57  84  54  21  93
  102  82  14  93  88  17  47  88  33  60  99  19
   91  66  61  24  10  79 109  40  53  30  68  46
   27  88  34  85  70  92  49  21  69 100  49  52
  104  48  51  62  51  37  67  63  93  94  74  86
   58 101  76  64  62  81  81  36  37  41 106  60
   70  94  72  95  58  77 105  55  47  13  25  97
   36  90  56  72  78  77  40 118  59  24  48  93
   70  60  26  85  57  14
   66  47  62  80   6  56  45  82  62  46  77   5
   53  98  34  78  49  60  11  79  93  44  36  18
   52  67  32  50 107  14  62  79  58  97  62  62
   89  89  44  11  89  30 105  29  32  85  65  64
   46  48 101  44  97  35  15  98  93  73  98  72
   86  22   9 113  40  98  22  21  74 115  93  85
   20  98  34  50  34 100  97  17  40 101  27  96
   19  50  64  92  10  43
   82  51  16  44  54  27  29  58  92  22  58  63
   28  81  98  82  89  25  84  25  97  25 101  96
   33  77  25  37  97  73  31  64  49  73  90  96
   48  37  98  89  74  16  79  28  78   8  61  88
   35  98  41  79  20  28  15  40  82  75  15  30
   38  51  74  74 102  81  92  33  39  81  72  62
   44  53  47  26  59  76  68  32  59  81  54  90
   22  74 109  58  97  70
   29  43  97 100  27 101  72  24  79  95 105  55
   24  74  92  36  91  59  32   7  60  27  29  94
   83  96  98  21  60  23  66 114  92  25  14  61
   73  70  63  99 108  86  81  90  76  95  68  53
  115  68  45  88  47  37  67 109  28  98  53  16
   21  53  44  92  78  26  82  76  73  40  52  78
   18  26  14 110  45  73  69  67  87  57  86 102
   77  95  95  40  67  14
   77  58  99  24  70  87  14 104  10  36  64  62
   64  63  72  16  49  96 110  40  64  62  98  14
  102  70  19  29  60 115  14  32  99  56  22 103
   93  45  29  94  39  31  17  37  65  99  15  80
   26 100  92  94  83  40  50  83  22  38 113 103
   24  50  15  21  11  72  50  70 108  99  58  83
   49  21  46  72 108  85  55  17  57  14  65  97
   37  89  76 107  89  88
   80  17  32  38  68  79 108  84  36  27  56  32
   44 104  94  87  44  66  42  80   9  61  92  58
   29  98  54  68  48  53  44  98  68  80  63  48
   69  76  64  16  52  52  76  16  31  78  34  67
   87  19  71  32  46  78  22  99  30 104  68  75
   42  19  93  56  87  48  33  44  40 103  70  82
   97  89  17  81  87  52  92  60   3  84 110 108
   56  80  27  65  55  67
   70  61  77  60  19  85  27  68  70  19  61 101
   19  76  36  24  22  12  20  69  72  42  27   7
   59  10  23  17  66 108  69  89  97  12  23 104
   91  96 115  53  21  94  77  59  12  53  59  31
  107  36  98  77  82  41 107 104  99  73  37  20
   64  44  95  67  50  31  99  17  95  82  39  29
   94  47  62 106 101  93  22  43 106  82  88  26
   17  39  74  57  99  81
   78  44  92  29  40  14  90  68  85  72  89 101
   88  40  65  86  31   6  41  37  92  73  90  43
   25  19  30  11 108  40  29  44  84  79  44  85
   34  24  21  78  21 102  79  58  31  33  21  15
   62  83  23  58  57  41  88  81  39  47  45  95
   57  67  51  56  14 109  69  38 100  80  57  29
  102  86  74  58  62  99  37  19  16  36  53 103
   90  98  53  74  46  67
   31 104  47  91  45  91  34  60  92  18  72  74
   90  35 101  70  99  29  77  48  20  21  23  92
   58  23  54  25  20  81  26  26  56 101  70  37
   69  56  61  86  27  45  94  34  11  72  34  87
   44  97  82  39  17  21  27  32  33 117  30  38
   18  78  65  14  57 112  46  81  88  53 114  50
   82  96  79  21  64 114  64   9  94  96  32  59
   23  78 105  99  26  87
   28  82  38  34  38  27  18  40 108  90  96  92
   79  60  17  52  31  60  51 108 112  83  89  27
   21  37  68  26  94  84 102   6 101  70  64  68
  103  35  25  66  77  59  96  57  58  97  97  95
   69  28  35  23 112 102  62  32  74  87  37  22
   60  73  34  98  41  82  39  54  61  23  56  35
   68 109  71  59  56  92  91  28  22  56  51  17
   17  68  32  36  71  38
   67  63  78   8 107  73 102  62  73  27  79  62
   71  24  24  69  81  31  65  94  28  26  46  74
  103  20  14  51  49  48  98  46  68  56 104  21
  103  81  81  22  88  86  83  37  19  58  82  11
   91  90  34  47  53  96  90  23  68  22  37  31
   52  23  15  77  39  24  45  59  49  20  39  49
   68   9  62  38  92  14  86  41 110  78  60   7
   39  82  91  48  69  64
   24  34  65  16  54  61  99  95  23  41  25  12
  101  74  12  70  96  34  77  96 110  24  27   6
   19 105  44  48  47  38  48  70  71  13  56  58
  100  22  55  57  51  69  67 107  38  87  73  67
   93  94  75  31  77  56  84  43 113  39 111  83
  103  49  63  33  76  30  64  83  87  20  63  41
   40  45  31  68  60  73 107  10  61  76 103  79
   17  67 103  37  51  29
   77  95  89  34  94  52  82  81  91  90  37  41
  106  64  73  65  85  37  41  93 111  42  90  37
   77 105  76  82  49  40   6  52  85  65  54  54
   99  11  47  16  39  94  34  43 108  53  26   9
   97  39  77 116  70  38  90  21  59  63  30 100
   33 108  41 103  61  19  78  27 109  75 108  65
   33  72  34  36  33  93  25  44  98  14  75  61
   62  58  63  22  10  92
   74  82  82  74  17  79  96  54  25  80  74  17
   79  20  67  53  89  44  59  99  75  47  49  73
   97  21  21  54  24  16 101  14  96  49 113  40
   60  84  76  43  66  67   8  69 106 100  37  61
   24  63  39 105  30 107  71 110  32  19 111  73
   60  24 106  93  86  44  71  57  46  13  19  68
   48  41  16  59  34  47 110  38  90  63  83 100
   48  69  12  24  39  56
  102  79  99  92  66  75  14  63  94  90  56  73
   64  64  50 105  53  95  87  49  49  26  56  18
   49  83  43  50 100  69  73  36  30  76  26  83
   94  82  54  53  33 101 101  17  26  71  27  28
   91  91 102  78  56  29   9  96  42  90  27   5
  107  55  65  31  43  40  87  45  31  22  80  85
   14  14  34  24  95  83  73  89  95  54  24  54
   22  63  60  19  36  48
   10   9  47  52  70  83  94  30  67  67  67  45
   93  28  60  59 100  44  50  60  23  96  75  95
   45  97  76  40  41  99  62  68  20  92  51  44
   19  21  64   4  64  32   3  64  55  87   3  11
   80  51  90  96  27  87  38  34  92  72  31  72
   53  62  57  70  12  23  32  53  68  54  58  46
   28  20  41  95  17  19  59  58  95   8   6  69
   49  99  11  74  46  66
   36  78  57  94  51  35  51   6  14  19  83  86
   79  10  47  41  41  91  83  25  51  89  89  28
   99  52  37   7  87  48  47  38  10  46  68  85
   74  25   9  64  71  70  61  74  33  45  83  22
   71  44  51  56  61  50  71  74  49  94  63  12
   33  35  85  62  30  56  28  59  54   8  45  48
   19  81  48   1  96  51  28  76  54  62  36  95
   78   6  85  39  27  67
   82  18   9   9  60  78  65  65   8  21  52  47
   68  21  80  47  31  64  67  93  45  33   3  58
   85  43  82  87  23  28  30  56  71  79  61  77
   57  25  93  84  79  52  73  12  14  67  22  89
   26  94  61  86  53  99  28   2   2  53  37  56
   42   9   2  76  32  13  75  13  63  26  17   4
   49  72  37  17  51  89  54  74  77 100  87   4
   29  79  30  12  36  39
    1   4   8  96   3  16  62  45   7  20  64  39
   26  71  93  95  82  74  31  37  32  45  87  62
   28   7  78  47  92  98  37  76  12  85  99  27
   40  47  87  12  18  37   6  74  94  93  67  82
   56  84  93  80  53  73  78  56  30  94  69  98
   43  12  56  74  75  49  31  24  37  92  85  89
   54  14  25  83  33  42  78  10  13  30  51  41
   88  25  25  66   6  16
   82  87  88  32  13  49  82  67  96  73  82  23
   27  64  44  74  31  59  63  61  81  67   5  58
   77  74  47  13  94  97  63  97  61  44  36  16
   79  74  30   8  38  99  18  21  37  40  81  59
   83  53  83  96  58  68  36  64  20  37  57  92
   53  29  42  23  31  98  40  67  76  24  71  31
    9  70  60  78  72  74  32  53   1  85  42  36
   39  80  90  54  73  72
   48  57  45  47   1  43  76  60   6  32  49  37
   32  60   9  37  55   7  51  61  92  24  86  62
   25  55  50  59  86   6  72  37  75  28  96  15
   89  62  49  70  21  23  44   8   9  58  47  39
   17  65  60  87  95   6  51  68  13  95  11  58
   28   8  47  17  61  74  94  65  56  20  55  79
   90   4  51  13   8  25   5   2  48  50  20  73
   53  18  85   2  95  90
   60  12  18   3  67  73  56  24  21  57  99  60
   61  29  67  34  26  25  60  82  97   5  25  85
   61   7  84  74  81  38  84  88   2  81  61  67
   94  24   2  20  39  84  99  86  78  72  58  19
   21  30  68  85  36   7  99  53  14   3  34  34
   42  42  86  44  62  13  26  79  61  20  60  48
   68  10  95  60  91  97  17  15  89  58  12  91
    4  14  96  89  37  81
   79  13   4  73  59  11  22  21   9  61  58  24
   50  47  61  49  15  78  54  52  56  62  44  81
   49  76  44  24  85   7  59  45  53  46  22  83
   12  37  34  68  35  39   6   2  43   6  45  86
    9  62  82  38  36  58  95  57   2  87  12  11
   80  51  51  88  12  66  94  86  49  74  38  85
   44  68   7  75   6  92   8  96  93  24  87  41
   74  95  61  89   4  78
   96  22  28  43  54  98  99  28  79   7  13  26
   40  36   2  25  63  58  57  11  52  15  32  91
   38  35  76  87  43  41  66  73  57  16  77  85
   87  97  78  60  87  94  74  46  36  62   7  36
   60  39   9  57  77   1  36  94  47   8  83  48
   16  15  84  22  39  27  16  49  60  52  11  31
   42  42  92  14  21  82  32  67  83  15  48   1
   30  37  49  72  35  97
   23  31  57  58  81  81  28  84  44  31  73  44
   31  25  66  39  77  38   5  19  90  21  37  62
   56  65  48 100  39  52  44  98  78  49  76  62
   26   8  75  61  12  21  14  46  10  13  65  56
   64  93  91  87  59  72  23  17  10  56  52  56
   15  22  22  42  90  89  20   7  10  95  55  62
   62  84  40  40  62  10  47   2  22  81  68  81
   22  45  34  66  83  16
   11  34  88  19  27  86  64  14  78  60   9  96
   19  54  47  85  93  40   3  63  52  88  40  58
   84  17  84  33  34  22  58  94  42   2  67  53
    2  71  63  45  53  67  37  53  13  17  46  28
   53  12  44  56  49  35  21  72  82  77   4  56
   34  10  37  25  59  34   6  52  61  90  91  19
   69  28  46  47  37  27  68   2  60  87  64  16
   34  53  80  33  52  97
   42  62  40  23  97  55  75  20  58  56  30  97
   61   8  71  33  53  53  97  37  16  74  67  91
   64  53  73  60   4  90  49  30  53  16  41  46
   16  26  69  93  18  87   2  91  79  29  43  52
   58  63   1  75  11  82  98  22  18  43  13  42
   32  80  99   2  72  10  89  87  45   2  23  19
   95  20  78  67  79   9   5  94  74   4  86  15
   86  59  46  10  97  77
   27  62  86  73  50  75  74  58  20  98  49  39
   83  27  21  36  22  78  28  90  14  86  17  19
   78  34  93  73   9  39  89  48  55  40  26   6
   66  73   7  28  44  86  31  83  29  95  50  16
   71  17  68  41  97  92 100  63  29  27  94  82
   69  65  35  29  10  27  19  71  77  21  41  49
   60  66  67  80  52  31  35  72  43  23  63  12
   89  45   2  52  14  46
   80  77  16  15  84   7  41  92  41  19   3  63
   88  37  25  82  11  52  80  98  56  84  74  17
   29   8   4  90  49  83  42   3  25  85  89  55
   42  50  42  14   6  33  30  25  41  16  48  66
    2  35  72  30  64  77  48   9  84  22  59  92
   83  57  70  24  36  80  31  38  33  75  62  38
   88  90  88  10  74  34  44  52  26  61  26   7
   32  19  12  77  41  88
   28  51  21  96  40  20  89  13  96  72  54  55
   47  55  47  88  68   6  10  71  46  44   4  90
    5  33  97  82  55   4  94  81   9  48  97   7
   27  70  84  22  63  87  94  71  45   5  93  37
   85  16  18  10  36  71  58  35  97  81   5  11
   90  65  90  99 100  32  67  44   2  10  53  37
   71  91  74  38  10  21  51  87  62 100  48  20
   66  22  32   2  21  18
   22  86  88  75  43  24   7  20  82  86  57  86
   72  11  25  32  58  43  74  28  97  45  15  46
   90   6  62  41  59  50  62  10  44  27  53  64
   40  44  38  99  52  67  32  97  80  34  71  39
   17  93  40  73  66  33  91  21  73   3  45  40
   71  87  19  55  22  55  73  65  72  15  38  25
   12  19  99  39  16  52  12  44  99  25   7   7
   53  24  76  46  64  40
   36  41  27  53  93  34  88  51  34  92  59   9
   94  41  71  88  88  99  91  40  35  61  85  97
   46  92  88  87  45   6  33  23  10  99  91  16
   22  18   5  63  97  10  41  44 100  64  57  87
   11  83  13  41  29  77   4  12  20  38  66  89
   54  75  22  43  56  89   6  99  24  31  64  77
   20  57  49   2   3  10  95  68   1  35  21  85
   95  72  28  53  12  22
   28  66  17  79  63  93  15  43  26  42  23  12
   25  79  43  22  85 100  68  81  24  29  21  67
   77  93  84  95  12  72  87  64  27  40  67  31
   85  94  86  40  81  10  24  53  83  82  99  92
   45  26  83  59  51  76  29  34  67  69  71  25
   63  38  57  55  98   7  34  74  12  29  56  86
   17  26  46  52  55   4  71  87  95  79  63   9
   29  11  54  37  59  50
   83  12  57  25  57  19  78  46  12  97  44  43
   13  81  13  43  10  85  36  57  97  95  94  11
   45  93  66  87  96  27  92  76  51  12  40  72
   36  61  49  24  80  61  22  79  91  45  81  29
   63  20  38  78  98  86  84  70  82   1  85  79
   87  24  51  96  56   4  68  35  23  49   5  59
   37  20  25  95  54   4  46 100  26   6  86  44
   91  24  10  15  89  18
   79  25  78  84  77  75  94  74   9  21  23  13
   36  42  98  59  74  50  69   2   4  20  22  83
   90  72  48  87  17  21  18  98  17  40  42  46
    7  78  85  50  26  45  10  58  55  15  22   7
   42  83  77  91   6   1  46  86  33  31  79  86
   47  47  73  12  70  34  79  66  47  91  62  68
   52   8  41  52  59  12  22  74  86  54  64  92
   89  44  75  73  37  81
   37  45  32  96  12  45  14  49  30  93  30  51
   32  86  83  36  36  76  37  23  89  88  73  34
   13  84  97  69  59  63  19  60  36  60   7  89
    5  24  38  88  17  34  36  79  97  48  21  99
   28  23  73  62  50  14  26  89  38  93  82  81
   59  88  92  43  68  84  66  49  64  86  63  62
   50  96  45  66  19  88  17  67  10  41  51  95
   70  20  21  57  48  52
   91  79  48  87  55  53  13  20  92  63  78  91
   12  30  91  40  20  82  31  10   6  87  84  99
   94  12  61  67  58  65  61  42  46  96  61  54
    4  90  60  52  64  41  36   4  72  31  46  44
   14  18  45  89  36  46  31  59   5  78   5  33
    8  70  56  84  31  87  52  22  20  89  45  75
   71  62  77  47  45  45   6  95  50  27   8  40
   95  44   5  68  61  79
   25  25  17  78  19  55  29  26  15  29  70  70
    1  49  30  44  20  80  69  26   2  72  14  72
   26  10  37  29  56  63  98  68  25  48  50  57
    6  96  59  86  63  16  75  77   3  58  79 100
   14  74  36   2  39  73  16  93  52  46  74   2
   78   8  75   6  48  87  40  92   6  27   3  45
   73  31  77  77  87  13  81  64  13  88  44  50
   43  53  48  98  98  14
   40  35  31  34  98  23   8  55  95  28  41  91
   26  93  40  57  23  67  53   6  45  66  64  37
   20  84  88  58  88  95  18  90  12  64   4  64
   57  27  34  75  52  47  97  42   5   8  77  48
   87  49  79   2  84  13  40   2  87  96   1  39
   59  86  12  21  33  70  48  49  73  91  95  48
   69  61  96  51  83  72   3  64  23  43  34  17
   59  33  94  81  74  53
   18  34   8  13  44  42  97  40  16  26  54  35
   55  49  70  13  56   8  24  62  68  85  47  93
   55  19  60  53   7  35  43  67  90  42  78  35
   26  38  63  54  71  17   2  92  91  36  91  78
   20  24   7  32  64  90  95  13  69  27  88  99
    4  50  44  80  66  78  28  68  83  94  36  21
   96  88  82  82  13  28  42  18  12  55  80  66
   80  48  58  86  79  59
    152   153   143   147   161   137   150   140   138   141   140   146
    146   139   147   136   145   156   152   148   159   145   134   152
    151
