 10 250
  113  28 103  75  56 102  22   4 101  13  99  51
  103  37  78  47  87  26 111  27  69  40  91  34
   50 109  22  48  73  34  97  40  43  71  79  77
   52  57  79  30  69  12  63  76  27 108  64  42
   27  33  91  20  98  93  14  65  59  14  37  71
   70  17  20  17  28  92 108  35 100  56  73  45
   35  95   7  28  32  38  39  32  54  15  43  29
   61  24 108  35  43  10  29  77  20 104  90  48
   57  91  16  78  17  54  24  54  40  31  93   6
   63  87  73  46  33  65  81  79  30  19  15  59
   16  41  19  57  15  51  37  23  94  99  25  86
   63  15  65  48  90  90  19 112 109  25  44 109
   20  86  27  26  24  78  97  88  61  36  58  72
   45  62  31  76  29  51  95 107  38  64 119  51
   27  42 111  31  38  28 102  50  62  75  73  54
   54  68 114 101 111  58  68  80 108  13  98  96
   83  94  16  86  22  11  16  20  39  42  66  27
   98 110  28  12  56  52  25  20  37  43  73  48
   33  18  56  39 110   7  73  96 107  14  82  68
   93  82  79  77  23  55  64  18  93  70  88  24
   26  31  16  27  28  72  88  43  38  93
  114  49  39  95  35  47  94  10  58  40  43  36
   95  29  50   7 114  76  55  94  74 104   9  66
   85  73 100  83  37  34  91  96  77  46  19 111
   63  65  17   5  37  48  19  63  14  82  20  73
   88  65  53  21  59  65  29  87  96  78  52  53
   60  69  68  97  83 109  95 106  14  67  51  53
   24  78  18  45  66  42  85 102  69  92  49  32
   94  96  48  94  96  66 111  50  48  62  27  99
   78  40  73  33  60  62  22  38  15 106  65  70
   53  32  74  53  55  37  89  57  17  41  61  64
   75  69  75  63  92  96 102  98  90  91  71  28
   37  32 102  67  60  85  33  79  38 110  16  52
   70  42 100   8  48  77  37  80  23  15  32  83
   38  70  84  97  43  66  32  27  22  65  99  45
   59  74  64  78  60  51  51  57  32  49  45 114
   25  70  18  98  28  53  42  96  74 101  87  29
   85  76  54  31  46  47  66  56  61  22  32  90
   68  29  73  58  46 101  55  14  52  76  71   4
   15  93  11  97  46  67  98  93  60  62  60  92
   71  66  27  43  62 106  61  41  98  33  45  31
  109  79  87  90  85  63  77  92  59  87
   66  27  15  86 100  97  46  65  97  12  70  61
   30 111  46  31  11  70  24  53  41  23  83  87
   14  20  16  31  21  17  48  69  66  60  26  69
   16  50  68  39  44 105  66   9   7  79 115  76
   33 100  51  24  64 100  87  38  59  91 111  25
   32  71 106  42  51  93   8  51  15  50  26  85
   20  91  40  52  91  10  14  57  17   8  41  65
  103  83  45  45  26  72  33  45  59  83 104  93
  101  22  72  43  72  34  66  77 110  48  32   4
   43  39  50  48  75  91  82  80  28  94  58 110
   53  71  92  65  75  86  11  56  48  62  44  59
   89  62  40  91  37  81  12  68  73  37  66  77
   74  68  30  19  18  92  37  90  75  51  76  59
   66  28  40  51 105  43  69  25 100  89 116  59
   64 107  95  40  45 107  40 101  89  84  49  23
   57  88  62  90  31  66  95  98  68  80  62  30
   88  84  92  37  90  97  50  60  11  34  95 101
  104  40 110  67  25  68  79  41  27  18  80  85
   96  34  36  61  69 112  94  58  92  76  26  23
   50  21  66  24  80  37  11  69  78  36  71  94
   71  72 103  96  97  28  35  57  33 108
   37  56  99  42  78 110  91 104  85   8  27  60
   27 105  98  40 114  80  90  92  85  59  26  92
   78  65  98  23 114 109 102  63  20  42  28 104
   56  80  57  52  37  98  63  59  79  51  24  59
   90  34  66  60  57  25  80  50  97  41  89  79
  105  32  72  54  39  53  71  25  99  90  72  32
   78  57  81  41  46  86  87  52  72  65  65  17
   56  82  19 100  61  75  61  71  76  35  44  17
   85  69  26  21 104  19  23  62  75  98  58  80
   79  30  34  91  58  30  80  74  51  86  23  16
   87  59  24  61  19  91  58  39  37  82  80  97
   62  59  45  65 101  56  56  62  26  11  18  20
   46  93 116  12  26  61  61  52  51  59  78  13
   34  44 101  19  43  18 109  73  63  29  86  78
  104 106  55  79  79  84  81  31  39  75  87  22
   34 104  57  23  51  69  13  12  47  86  16  41
  119 104 107  34  21 100  23  26  80 100  35  75
    7  80  60  65  49  43  12  85  57  40  44  46
   75  92  32  38  44  23 106   5  19  83  29  34
  110  73 100  62  36  20  93  85  38  98 100  16
   41  50  23  74  64  24  23  31  30 105
   24  14  32  28  16  59  28  53  78  56  66  26
  114  77  34  67  58  17  46  67  62  95  52  66
   22  66  50  46  23  70  69  22  69  53  18  80
   34  35  70  80  78  60  60  79  75 100 109  23
  109  24  77  38  54  69  57  86  45  85  41  46
   49  57  89  47  78 102  40  10 112 101  91  64
  107  27  39  73  72 103  64  94  89  84  40  98
   36  99  67  54  27   5  37  15  85 102  75  56
   69  19  55  89 113  27  49  90  93  18  45  70
   57  76  86  23  91  48  47  21  81 114  78  90
   31  80  91  67  55  19  57  76  30  79  74  87
   53  83  97  40  75  63  12  41  94  26  56 106
   84  31  20  62  62  43  52  91  12  96  98 111
   39 103  85  69  67  42  88  96  33  21  35  60
   98  26  87  69  91  43  58  67  42   4  91  72
   19  26  51  96  49 109  36  26  43   7   6  48
   85  66  92  21   9  77  52  70  83  52  66 106
  113  34  36 107  48  98  63  33  40  93  36  61
   76   7  54  17  82  44  88  91  50  45  77  34
  103  55  16  36  76  24  30  35  13  52  96  85
   60  66  68  72  64  71  85  48  80  78
   57  68 106  93  76  54  93  12  94  94 101  84
  101  63  40  46  43  15  10  42 105  92  76  42
   75  25  53  28 100  61  38  25  75  42  59  22
   62  72  96  59  60  51  16  44  43 110  31  49
   67  66  56  35  53  35  46 104  46 106  25  61
   22  88  44  43  67  24  74  19  40  15  25  29
   45 105  76  36  62  88  81 115   7  39  34  66
   32  41  45  38  92  66  48  87  79  70  65  62
   68  17  25  49  28  96  38  53  84  58  75 100
   33  80  38  38  50  31 108  80  73  97  57  50
   28 101  90  64  40  50  25  26  90  34  56  82
   29  17  53  34 101  79  31  71  61  30 102  34
   42 109  78 101  80 100  57  35  31  20  26  39
   66  44  15  49  88  41  73  47  44  92  41   7
   15  72  52  67  37  68  42  31  19  98  33  50
   85  43  74  83  95  16  60  25   5  96  61  98
   91  71  86  91  57  43  66  87  29  88  22  61
   29  55  35  13  60  24  86  73  47  78 102  88
   39  37  46  50  57  23  96  84 118  50  25 103
   88  65  55 112  97  48  86  90  29  59  30 105
   39   5  89  90  42  55  70  79  52  21
   71  49  74  62  26  35  79  96  91  29  83  21
   42  89  52  32  78  75  37  99   9  31  11  84
   29 117  22  16  99  88  67 108  72  22  66  33
  105  56  45  27  89  24 110  40 111  68  38  46
   83  24  42  90  34  87  15 113  67  23  73  66
   46  78  69  51  23  63  22  83  52  23  66  96
   86  37  74  74  85  26  61 107  31  44  79  85
   70  20  28  30  12  12  87  99 108  23  93  50
   75  45  32  12  97 102  54  27  42  46  35  28
   53  84  39  26  32  96  25  34  17  56  71  49
   77  33  82  56  94  20  94  29  57  23  45  97
   76  64 107  88  69  96  46  14  83  49  42  14
  102  17  95  77  11  55 102  51  51  91 106  62
   86  13  53  21  39 106  19  82  57  37  60  58
   48  85  53  55  50  27 104  63  93  49  46  67
   30  23  28  37  67  57  59  76  14  54  62  26
   28  35  36  67  58  63 105  87  51  37  47  62
   56  20  76  87  82  46 112  43  49  56  18 102
   96  50   8   5  74  51  44  35 114  17  72 109
   26  37  75  53  58  49  15 102  40  35  12  92
   20  91  51  74  91  63  79  29 109  21
   17  92  80  28  52  86  30  52 104  67  65  42
   92  20  16  75  63  58  78  15  36  54  38  73
   15  89  75 108  32  62  99  93  23  38  15  53
   57  24 103  88  75  80  16 100  63  86 118  44
   98  31  65  60  47   9  42  51  69  46  83  50
   44  59 101 102  99  70  14  24  42  13  14 103
   80  72  82  96  76  70 115  58  82 113  86  99
   58 105  82  53  62  45  41  71  86  47  45  85
   40  56  69  34  84  56  38  25   7  49  35  57
   29  38 104  28  80 110  23  42  84  70  34  47
   17  10 114  62  32  87  83  61  64  94 102   7
   53  36  65  78  51  28  86  25  65  62  49  32
   68 116  71  44   8  96  17  49  46  67  54  73
   45  27  56  90  42  15  18  35 109  56  35  55
   84  32  28  47  63  50  24  40  91  35  76  52
   61  43  28  64  52  83  63  94  32  30  95  72
   74  34  40  59  40  98  74  55  83  60  55  89
   31  54  59  31  83  59  71  48  72  85  51  92
   68  65  92  79  77  23  24  85  88  84  36  37
  104  64  41  31  73  17  56  59  64  78  66  35
   53  93  85  17  74  81  35  18  77  57
   40  76  74  85 113  20  82  89  37  58  94 104
   36  70  26  56  59  20  96  99  69  31  20  39
   98 105  92  89  56  50  90  77  64  25   5  57
   28  74  81 113  38  46  55  35  30  75  70  95
    4  26  31  46 114  40  84 113  97  79  30  87
   21  52  70  35  27  81  42  53  34  78  82  32
   97  38  83  95  14  99 106  99  29  39 112  46
   71  51  58  81  25  82  24 101  15  21  28  68
   67  47  74  24  74  21  41  87  26  39  78  85
   95  45 111  18 114  49  46   7  94  66  24 116
   65  79  83  64  28  50  13  22  54 107  98  29
  103  85  77  53  17 104   6 111  61  58  72  31
  104  37  97  21  75 104  76  31  71  99  46  18
   73  62   9  32  28  78  39  56  84  81  99  89
   80  57  95  87  77  59  87  68  31  58  53  75
  109  53  44  60  42  60  99  89  96  51  50 102
   41  28  76  82  31 108  71  91  72  73  14 103
   50 112  27  92  42  91  82  78  47 102  40  71
   14  71 104  25  56  22  19  73  68  94  53  41
   46  39  20  80  23  36  55  93  45  99  83  32
   32  32  87  20  49  84  12  82  86  34
  101  92  59  70 103  29  56  75  75  94  22  76
   68  97  38 107  45  43  31  21  48  30  36  96
   32 104 113 111  69  77  48  76  33  88  99  30
   83  41  37  70 103  55  56  89  82  48  84 100
   83  32  36  18  42  17  19  66  68  40  19  63
   65  43  21  65  24  38  57  34  70  36  91  74
   46  96   9  62  39 106 118  58  11  15  51 104
  115  42  93  32  98  67  77   8  79  40  35  94
  101  36  57  28  47  61  53 118  64  14  67 115
   81  74  29  15  21 100  64 100  50  45  64  84
   41  11  31  41  84  46  14  72  82  90  63 107
  109  69  55  31  50 108  28  48 102  68  70  26
   46  91  65  95  12  35  22  79  27  31  71  15
   48  67   8  77 107  17  44  19  61  85  29  81
   28  95  99  77  99   8  46  89  65  40  44 109
  100 111  91   9  91  15  43  42  89 100  95  33
  114  40  77  75 114   7  92  97 109  58  79  35
   48  44  75  42  90  63  90  15  46  66  84 110
   20  21  56  14  10  34  70  38 108  58  95  23
   55  34  32  13  18  28  70  87  26  59  80  38
  101  37  91  31  64  38  86  72  94  41
    5  89  14  35  52  10  92  99  10  95  14  66
    7  77  30  62  29  82   1  80  50  72  27  73
   64   2  90  66  37  76  14  75  69  37  23  42
   68  47  36  81  37  92  49  40  75   3  47  67
   88  75  19  98  13  15  90  54  56  88  67  45
   42  90  89  96  76  18   4  84  20  63  37  74
   74  16  98  88  85  77  78  73  52  91  71  83
   51  80   3  78  76 100  77  34  84   5  29  60
   63  26  94  35  99  60  92  57  71  73  14  96
   43  17  34  72  83  52  24  32  83  96  87  52
   98  68  98  45  96  59  65  80  17   7  87  19
   52  88  48  60  27  23  99   1   5  83  71   6
   94  28  91  93  79  39  14  29  50  76  60  39
   58  42  81  26  75  56  22   8  69  51   1  62
   91  72   7  86  74  91   2  67  47  37  41  65
   55  34   5  14   4  56  39  25   1  91  14  12
   25  19  89  25  96  98  98  92  65  78  39  88
   11   5  82  96  53  51  86  95  81  59  32  60
   84  91  64  65   6  97  45   8   4  88  29  44
   26  32  36  32  96  50  50  94  18  38  23  87
   76  89  93  84  75  39  18  74  67  14
    1  62  63   7  84  66  14  94  55  66  72  71
   12  87  61  99   2  28  64  10  45  16  94  39
   34  31  15  36  77  85  20  18  27  68  89   4
   50  54  97  97  74  71  83  43  90  37  88  35
   23  50  55  96  52  49  85  19  15  33  65  58
   49  41  51   7  22   2  15  12  96  36  59  66
   85  30  84  63  45  66  29   6  50  20  66  85
   20  14  63  20   7  41   7  52  57  45  86  19
   24  66  44  73  46  48  82  74  90  10  41  38
   58  74  30  50  50  66  27  45  93  70  41  43
   39  46  34  48  10  19   3  18  24  15  32  85
   68  75   6  50  43  27  72  25  64   8  90  56
   36  68  19  95  69  27  80  38  86  90  87  28
   65  35  21  16  61  51  84  91  85  53  14  66
   44  46  46  31  47  63  60  62  72  53  71   5
   94  46  92   8  78  65  60  24  33  17  17  76
   26  30  57  84  66  65  45  50  45  85  80  12
   38  89  38  55  73   2  64  93  63  36  39 100
   90  11  96  17  69  37  14  13  56  54  54  10
   34  47  84  77  50  11  42  75  22  82  72  75
    6  40  29  30  22  56  31  18  51  20
   44  85  93  16  19  19  65  40   7  99  44  50
   78   7  65  74  93  39  86  54  72  81  21  22
   90  91  88  86  81  85  69  33  49  51  79  34
   95  61  52  77  66   6  36  99  97  36   3  36
   81  20  68  85  50  11  30  81  57  28   9  83
   87  49  12  71  68  18 100  63  98  62  77  34
   89  22  80  57  17  96  96  54  85  99  75  52
    8  25  69  63  93  30  78  70  54  28  10  26
   16  94  47  64  47  86  36  27   3  70  82  98
   70  68  57  58  43  13  23  40  90  14  61   9
   52  43  26  46  40  25  98  50  55  40  61  49
   13  51  78  24  81  24  95  47  41  78  47  30
   44  43  77  88  92  19  78  14  33  66  31  61
   53  92  65  52   2  64  37  81  14  20   3  46
   52   3  25  78  60   6  74   1  26  25  58  82
   60  30  45  20  88  44  23  16  50  35  45  87
   17  26  14  73  21   9  56  59  91  78  24  18
   12  76   2  51  78  43  30  61  88  88  35  21
   19  74  80  58  38   4  23  61  17  33  84  85
   55  82  37  84  27  74  98  39  27  69  40  13
   41  30  11  12  21  83  70  61  76   3
   79  63  17  69  34   1  13  16  30  95  84  58
   84   6  19  80   2  27  30  15  22  48  90  12
   24  55  13  92   2   9   7  47  87  76  88   2
   57  32  59  51  79  18  44  45  41  65  90  49
   25  80  36  55  58  95  31  65  19  73  28  33
    5  87  37  63  67  51  31  85   7  21  30  78
   27  53  34  63  57  29  30  59  36  40  49  97
   53  34  97   4  58  30  44  36  32  85  69  95
   17  38  81  84  12  98  92  44  31  14  56  40
   25  90  69  21  59  78  34  32  61  20  86  95
   30  60  85  55  99  21  60  76  81  35  28  14
   49  44  68  44   3  61  61  52  85  92  89  92
   66  21   3  97  86  58  41  64  66  52  28  92
   74  62  18  89  60  91  10  38  50  88  26  24
    2   7  48  28  29  27  23  81  79  41  18  84
   82   4  56  79  54  42  98  99  72  26  97  69
    1   6  13  72  91  12  84  79  38  13  69  42
   96  37  51  47  71  62  94  31  51  62  75  62
   29  16  71  78  59  80   8  98  99  28  77  80
    3  45  13  56  71  88  25  24  81  15   7  97
   64  60  94  29  49  89  93  83  73  10
   85  97  72  88  88  52  75  58  29  55  41  87
    4  28  83  53  50  87  72  35  57  16  52  43
   82  42  55  58  80  45  51  87  47  55  85  26
   79  82  50  33  37  43  53  29  31  14   9  90
    8  85  34  72  65  37  63  31  62  18  72  63
   56  46  14  65  40  16  71  92   6  19  14  39
    5  81  78  29  35   7  53  17  30  35  77   4
   68  19  52  66  89  99  67  96  25  13  41  53
   42  88  61  28   2  79  55  23  21  93  61  40
   62  35  18  87  20  71  59  90  28   1  30  21
   80  35  12  36  60  98  55  35  82  35  36  21
   51  32  11  77  27  52  95  64  10  79  51  13
   29  81  85  48  51  76  60  13  99  23  21   7
   81   9  33  43  37  66  28  10  87  92  68  50
   13  80  24  51  24  68  54  49  61  98  12  41
   98  87  54  14  62  11  66  86  62  96  97  59
   35  42  16  83  97  27  65  34  20  52  39   4
    2  82  75   4  69  12  45  81  78  27  75  43
   35  96  64  99  24  68  25  17  53  74  33  81
   13  54  87  75  37  90  86  72  89  51  15  35
   56  54  41  34  50  34  35  70  32  30
   52  37  12  23  37  63  22  97  22  25   2  27
    7  42  63  62  72  92  94  60  12  12  28  66
   32  79  66  84  15  56  78  84  36  78  52  96
   53  32  10  45  56  68  89  66  72   1  84  68
   44  53  50  73  62  71  69   5  64   2  81  47
   97  32  75  68  37  85  43  99  75  92  95  80
   69  11  43  67  51  19  38   3  97  63  77  47
   74  73  70  75  23  40  66  33  31  49  49  56
   49  88  91  55  77   9  66  57  18  48  33  16
   79  23  77  80  52  80  11  28  47   8  46  59
   87  12  17  53  76  59  78  90  13  71  55  36
   83  94  62  79   7  23  80  46  44  88   3  68
   75  11  34  14  30  11  60  82  89  88  79  65
   45  61  89  62  23  63  45  63  67  12  74  99
   90  31  57  44  82  41  67  83  83  11  78  52
   21  70  29  26   8  88  49  81  99   7  58  11
   22  48  17  12  54  74  40  24  75  15  81  43
   80  55  73  90  45  87  30  40  70  26  15  18
   72  80  72  60  50  96  15  30   2  57  80   1
   16  45  51   4  17  70  27  30  74  57  73   7
   78  98  21  25  76  65  35  37  65  84
   46  61  29  50  90  79  32  24  20  73  36  91
   63  29  61  72  26  42  81  10  98  72  92  27
   82   3  87  91  18  17  48   4  34  82  47  83
    6  55  62  77  30  85   9  80   3  49  71  62
   20  79  65  15  86  19  96   5  37  82  41  43
   67  30  36  65  85  54  80  30  68  80  50  14
   32  79  31  41  18  90  50   8  87  59  37  28
   33  87  83  88  97  93  24  17  11  92  25  62
   33  74  86  91  14  13  59  91  69  68  73  88
   58  23  74  79  82   8  79  77  98  58  43  62
   34  75  31  54  22  98  16  90  53  94  73  23
   28  56   4  20  33  15  56  88  21  64  69 100
   11  98  25  41  94  63  13  60  60  14   7  45
   24  91  59  95  76  14  97  25  46  68  46  58
   64  30  49  55  54  82  12  41  25  58  56  46
   81  83  81  66  45  46  47  30  89  65  57  76
   83  81  68  52  54  54   2  16  57  76  72  56
   57  97  29  23  31  59   6  71  70  50  89  16
    6  60  96 100  42  63  61  78   3  97  42   8
   88  70  34  52  52  67  95   6  78  76  95  19
   83  28  56  44  21  43  24  91   9  93
   87  25  32  87  50  23  80  58   5  39  55  69
   10  87  88  40  57  54  41  91  75  50  82  33
   96  27  41  12  75  58   6  19  84  79  99  67
   63  94  11  24  28  40  89  11  55  18   1  60
   14  81  50  45  70  97  61  58  50  57  25  64
   65  55   2  10   3  36  98  92  72  94  93   2
   29  46  36  15  38  49   3  55  23   6  17  21
   59  10  33  63  45  66  78  41  22  70  61  26
   65  46  45  80  36  58  73  90  95  69  72  63
   78  77   4  88  33   4  84  63  24  45  71  72
   93  95   6  44  88  24  19  54  48  13   5  99
   60  67  49  39  66  76  29  86  45  50  63  71
   46   2  41  63  96  11  97  61  58  35  60  32
   59  88  59  30  78  87  94  67   2  55  69  47
   29  81  83  64  57  61  93  63  13  78  31  65
   59  67  84  51  53  22  46   8  79  82  18  42
   31  73  80  52  67   6  29  63  22  49  64  27
   83  57  52  78  33  61  43  62  42  21  54  18
   41  48  17  28  43  79  79  25  32  21  79  71
   14  53  77  87  33  94  51  55  45  35  50  76
   57  25  19  95  29  32  80  85  35  53
   80  44  40  23   6  96  32  28  79  51  20  16
   76  33  81  50  55  84   6  14  39  74  82  67
   18   8  13  23  63  52  24  25  47  84 100  47
   84  37  29   5  79  67  54  73  89  34  46  22
   98  85  80  62   5  65  33   5  19  27  87  33
   81  60  48  85  78  33  77  53  86  42  34  86
   20  81  32  22  90  16   8  10  84  75   2  64
   49  55  48  21  93  32  89  12  98  90  82  42
   42  65  42  94  37  94  73  33  80  81  36  28
   16  74   7  84   6  57  65  97  24  53  81   2
   48  36  28  49  78  62  93  91  57   9  16  77
   10  27  26  56  92   6  99   8  52  53  34  71
    7  81  18  92  27  16  35  81  38   4  63  88
   32  47  96  83  92  39  72  54  31  22  19  16
   37  45   9  30  39  48  29  43  81  50  57  28
    9  51  62  48  69  48   5  22  23  63  56  16
   66  83  31  31  74  12  31  22  45  36  96  10
   61   4  81  22  72  14  29  35  70  17  66  35
   98  34  11  91  62  82  88  35  48  17  65  62
   65  79  89  37  97  69  48  16  58  17  34  82
   73  73  30  91  59  20  98  30  32  74
    4  20  57  48  12  85  46  33  31  10  84  32
   44  21  76   5  60  63  78  82  56  73  72  19
   85   7   3   4  38  38  72  40  75  15   5  82
   22  78  65  37  13  48  51  25  21  61  33  13
   28  88  70  94  68  95  83  49  36  80  85  49
   50  68  87  40  81  65  52  78  47  83  22  32
   66  20  99  44  72   1   2  59  94  92  64  12
    3  69  20  80   7  44  30  94  25  67  84  19
   16  81  63  86  66  42  56   1  49  98  52   2
   37  42  85  87  82  11  45  10  62  59  50  19
   79  94  84  79  27  64  94  47  25  23  48   7
    6  44  62  74  70   7  84  60   5  40  41  93
   62  28  50  15  99  83  92  23  87  78  49  90
   71  38  96  42   5  99  69  89  42  32  82  35
   87  17  19  33  16  96  72  21  54  78  65   2
   17   8  15  97  15  94  72  67  22  17  22  75
    2  71  38  36   3  95  11  14   9  51  30  84
   60  67  36  64  30  49  27  95  65  47  33   1
   95  90  53  96  93  80  50  64  11  48  15  96
   64  77  87  93  93  82  42  27  76  55  37  67
   10  72  23  72  48  68  17  40  12  62
   1097   986  1025  1027  1003  1046  1071  1040   994  1029
