 10 300
  101  16  68  23  61  50  40  86  76 104  63  98
   51  20  94  29  92  70  42  43  44  88  73  45
  117  29  53  83  83  90  68  22  78  38  30 109
   25  73 101  46  42  15  97  99  73  19   3  33
   36  22  27  96 103  76  97  88  73  61  72  42
   92  39  68  54  72  17  21  64  87  78  36 104
   41  25 104  91 102  63  62  70 101  94  26  54
   32  35  30  44  89  73  50  77  35  56  54  21
   14 100  32  16  43  60  52  41  27  67  89  86
   72  34  96  75  23  55  86  20  17  79  34  81
   17  24  85  16 101  33  45  10 112  92  80 104
   74  94  89  67  45  39  14 101  83  99  69  79
   58  23 101  12  95  17  27  88  53  33  93  28
   67  74  57  65  44  26  38  45  59  97  16 100
   27  88 101 102 107  74  20  36  21  62  17  14
   58  99  87  22  84  41  57  39  56  72  46  60
   71  22  45  94  78  60  92  13  74  77  93  51
  107  90  27  93  66  29  29  64  27  14  15  82
   52 102  27  22  29  69   8  37  89 107  32  65
    9  63  24  22  83  53  95  95  35  80  17  51
   31  72  98  64  70  95  87  28  43  22  69  80
  110  38 100 105 109  13  76  19  34  20  14  39
   54  95 104  52  91  78  84  94  33   9 106  97
   66  51   4  60  53  73  52  88  79  21  37  89
   42  41  91  63  66  87  85  61  82  72  88  70
   74  78  74  86  19  16  78  98  89  84 105  77
   73  54 112  53 101  54  94  29  61  84  97  67
   29  14  65  82  77  92  27 105  76  33  19  78
   99  21  22  17  13  32  15  29  23  82  23  49
   94  34  34  65  28   6  79  72  26  46  55  59
   56  82  50  70  87  39 107  86  85  24  24   9
   49  89  27  68  19  62  27  30  64   8  37  32
   57  98  96  29  81  34  59  81  30  24  36  61
   13  84  67  88  56  57  26  94  74  94  72  79
   27  96  73  25  34  39   9  25  82  32  47  91
   24  31 107  33  21  92  92  21  50  36  17  70
   23  30 101  25  93  19  58  22  64 100  21  35
   17  64  58  25 107  46  17  88  52  81  42  21
   25  78  72  27  86  98 102  95  84  74  29  84
   60  20  83  37  81  75  82  66  71  31  90  84
   53  91  23  94  97  19  92  28  79  56  79 100
   37  38 105  47  14  17  65 106  98   5  70  42
   74  35  75  23 109  34  81  48  39  89  33  58
   57   7 102  43  58  54  88  98  90  41  75 104
    7  89  70  27  82  13  18  43  29  98   9  31
   55  99  51  88  22  46  64 116  59  76  97  67
   88  89  66 105  79  73  26  57  96 101  34  44
   13  15  48  54  44  97  63  89  17 103  75  48
   69  64  81  95  23  77  24  90  59  31 104  15
   73  42 106  62  42  83  99  94  68  85  61  20
   46  69  80 106  78  97  93  50  83  52  82  66
   67  92  30  18  27  94  44  22  21  59 114  39
   72  23  72  19  24  58  97  70  45  34  87  46
   21  97 113  52  63  35  57  91  91  48  54  33
   49 113  21  17  50  65  63 106  35  72  95 107
   96  15 115  61  22  61  35  25  91  39  36  55
   52  64  72  21  80  31 100  38  99  79  86  29
   41  83  56  49  62  92  59  56  38  50 110  17
   74  95  19 115 112  63  48  61  83 101  46  24
   41 102  55  20  91  94  93  63  54  96  39  48
   66  18  92  49  10  42 101  39  32  77   6  99
   65  85 103 113  80  83  20  59  63  96   8  75
   30  29  86  18  79  13  20  98   7  41  57  17
   57  96  15  42  31  52  15  66  51  34  49  63
   41  52  12  52  15  33  84 113  23  66  73  38
   80  51  60  65  33  97  99  45  80  54  86  63
  100 111  12  18  89 100  45  65   8  58  63  24
  108 106  37  88  58  93  78  19  29  62  54  42
  104  97  83  27 109  40  29  19  58  67  94  24
   46  72  70  92  98  32  90  99  10  20  10  48
   64  94  94  85   5  87  96 111  15  80  18  63
   23  32  40 108  71 112  50  85  40 103  64  82
  116  22  99 101 109  25  56  32  47 101  64  15
  100  95  45  35  44 113  21  70  52 118  69  84
   38  57  94  92  73  77  93 105  81  74  63  54
   55  59  84  89  35  88  77  36  98  67  28  89
   58  73  23  98  70  64  78  37  86 103  81  13
   56  62  38  11  96 103  38  32  20  98  43  77
   50  20  78  79  79  38  84  14  52  34  26 116
   72  38  48 108  51 104  10 101  75  56 104 103
  103  69  23  57  31  18  79  60  15  82  47  64
   49  57 108  40  83  83  19  35  87  30  50  44
   44  96  19 106  73  32  95  59  70  95  93  70
   71  66 105  82  72  81  77  26  79  58  40  16
   24  71  39  96  56  47  48  77  66  76  96  56
   79  60  63  21  25  86 102  67  74  24 102  51
  100  10  53  70  88 109  23  40  78  38  40  93
   82  25  53  78  67 111 101  13  44  86  28  60
   68  76  19  18  58  18 113  12  24  88  26  50
   66  90  97  23  20  76  39  47  64  86 112 101
   88  64  41  24  74  17  23  44  25  36  17  19
   22  11  25  73  40  73  57  72  32  25  27  80
   91  85  91  52  71  68  40  92  60 118  54  30
   85  80  47 105  36  17  40  38  81  50  60  96
   73 106  82  52  58  72  50  45  10  55  33  11
   17 111  99 106  86  36  66  45  40  83  35  88
   89  87  87  74  71  17  22  56 102  44  85  94
   81  38 112  95  55  67  18  54  72  34  85  95
   36 101 100  84 114  50 106   8  25  20  83  93
   75  21 116  13  51  25  76  54  53  40  73  78
   89  81  80  60  66  56  77  16  93  80 110  68
   88  68  24  67 111  88  28 106  61  62  55  90
   65  36  65  45  42  93 100  85  79  82  36  63
   57  63  81  81  61  82  50  47  75  89  59  73
  114 105  15  43  48  84  76  81  92  64  44  40
   88  48  84  86  45  11  17  95  75  75  71 100
   17  59  80  97  18 112  49  29  95  91  89  86
   16  12 106  66  28  81  58  52  99 110  22  45
   68  89  69  31 103  48  53  16  59  74  49  31
   73  50  93  70  50  46  20  83  98  47  67  23
  104  23  49  69  92  47  52 115  63  73  31  92
   15  79  41  57  78  37  50  25 111  80  89  87
   49  99  72  15  85  73  31  39  32  73  86   4
    8  33  65  83  50 103  50  70   8 104  63  46
   94 110  46  90  72  52  37  79  87  68  50  67
   52  73  14  51  21  52 105 101  99  70 100  43
   24  37  63 109  53 104  13  97  78  83  55  89
   81 105  68 114  55  80  67  57  45  48  71  25
   20  60  82  78  12  96 102  95  24  94  34  63
   35  34  35  49  49  20  18  51  40  90  32  33
    9  37  24  94  57  80  20  77  40  20  71  21
   79  16  91  97  45  69  83  73 102  52 108 113
   78  48  50  37  57 106  93 103  92 101  90  16
   79  72  14  95 109  32  23  63  46 102  56  71
   70  66  75  31  79  52  58  14 103  28  16  56
   11  68 104  99  43  95  70  55  81  37  98 105
   50  28  95  91  55  80  53  62  17  95  49  21
   43  28  86  73  22  35  77 103  59 102  65 104
   74  32  61   8  80  21  26  41  96  40  52  63
   91  32  29  75  61  48  23  22  32  33  79  43
   19  36  21  12  88  85  69  48  64  24 102 111
   68  89  35  27  83  65 103   8  31  43  48  12
   40  45  90  71  25  54  50 108  12  64  56  72
   31  60  22 103  33  35  30  31  63 114  21  26
  106  17  53  69  60  26  28  22  94  24  24  65
  113  58 102  72  85  23 103  66  45  76 114  64
   98  79 110  74  14  35  81  31 106 112  74  69
   33  25  15  88  92  75  85  94  84  94  70 102
   19 110  70 107  43  35  71  21  24 102  81  23
  116  95  89  71  56  70  72  15  97  18  46  44
   95  17  68  87  49  29  61  59  97  17  75  60
   65  45 102  46 105  36  88  30 103  17  63  78
   35  27  18  44  28  51  32  92  50  40  30  36
   12  93  28  93  40  33  11  59  45  69  30  54
   86 107 107  95  88  25 110  79  17  94  19  47
   90  98  28  44  19  63  81  36  63  70  38  26
   13  88  12  46  20  16  30  15  99  49  67  89
    6  58  76  68  44  96  48  61  40  45  62 102
   31 113  50  30 110  92  47  63  52  41 108  57
   41  86  25   4  54  25  40  33  86  26 108  29
   16  24  32  92  72  25  28  91 103 113  42  83
   40  59  76  60  67  32  72  40  40  42  43  39
   31  15  19  85  56  48  76  65  51  46 106  37
  114  42  70  87  48  47  73  43  94  79  77  46
   95  65  39  84  59  52  66  62  54  72  68   4
   58  35  29  52  32  36  67  78  81  52  30  17
   20  44  84  54  57 105  31  34  42  76  30  37
   35  89  71  77  93  29 108  23  46  56  86  40
  107  73  92  75  73  60  76  34  52  93  51  32
   24  18  25  57  75  44 100  29  40  12 102  35
   92  59  49  92  31  90  92  16  18  73  52  53
   57  78 104 104  59  78  20  84  98   8  32  41
   51  36  38  63  16  45  14  56  41  91  32  34
   57 102  57  20  13  19  84  50  11  28  68  69
   29 103 106  23  20  31  37  57  90  12  34  70
   18  48  65  91  81  38  66  35  52  25  79  41
   90  40  59  94 101  40  78  89  78  20  99  33
   54  57  60  33  50  97  91  16  70  45  93  25
    7   8 115  98  57  82  70  18  44 106  55  25
   91  17  87 103  55  47  16  52  36 109  21  78
   95 114  48  52  44  14  78  26  58  15  33 111
   87  91  72  57  69  46 100  86  66 108 110  95
   56  55  39  81  53  75  38  99  18  68  64  59
   65  62  72  96  10  84  17  78  19  33  33  82
   77  43  96  16  85  82  78  87  89  65 106  80
   32  64  46 110  28  51  88  67  93  84  53  91
   67  16  68  57   9  94  47  71  40  85  23  96
  104  62  52  56  73  40  85 113  57  50  61  33
  111  81  76  45  22  65  56  90  60  89  76  74
   15 101 110 114  19  60 101 108  64   7  96  44
   18 108  16  55   7   7  97 102  66  29  97  25
   85  56  64  59 107  21  99 116  47  62  25  45
   11 105  99  21  66   6  98  19  24 103  27  31
   68  90  82 103  24 110  87 105 105  52  53  74
   72  33  39  32  30  59  35  22  46  17  81 103
   10  43  11  67  31 101  96  45 106  39  54  74
   91  57  26  18  53  93  69  42  28  61  82  58
  102  57  92  75  84  15  86  62  72  59  34  68
   65  96  86  91  72  57  83  95  65 101  47  39
   87  90  68  69  97 110  32  43  29  18  42  48
  116  94  39  35  72  79  40  71  47 106 110  27
   68  37  29  90 106  94  52  81  75  87  97  44
   53  98  15  39  67 107  98  49  46  77  79  61
   34  97 110  90  83 103  79  47  47  84  76  79
   77  35  56  61  38  13  52  58  59  30 114  77
   24  88  63  42  59  56  35  77  89  44  16  59
   34 104  42  93  87  69  86  61  39 106  77  90
  101  88  38  36  28  77  17  76  96 107  12  73
   39  53  62  70 104  53  57  74  23  84  25  37
   62  80  47  38  87  90  31  29  70  27  71  29
   75 103  92  43  31  27  80  44  67  31  28 107
   44  72  50  85  47  64  46  49  96  27  75  40
   22  42  41  47 102  20  81  42  61  67  40  78
   54  28 102  26  42  90  47 108  98  39  36  69
   88 112  19  22  44  26  55  78  21  66  84  93
   78  19 115  89  43  59  45 106  18 104  80 105
   18  94  18  62  38 105  59  70  30  54  78  31
   33  27   9  18  22  88  27 103  22  77  22  41
   79  45 101  52  60  30  85  41  33 104  14  11
  101  66  26  19  83  51  95  37  97  41  42  20
   58  25  36  78  40  81  45  83  25  82  95  51
  109  88  63  54  96  93  35  47  71  62  56  55
   14  30  64 109  98  67 114  49  13  26  67  82
   96  66  99  68  33  56  20   9  86  72  62 115
   23  67  31  13 105  85 103  94  34  35  19  87
   90  53  14  91  72 104  67  52  81  82  28  66
   78  20  77  95  96  70  70  52  98  16  87  99
   49  96 106 110  71  33  34  22  98  59  36  25
   85 111  91  18  14  81  30  12  95  58  61 100
   19  53  33  17 103 101  93  32  98 106  33  81
   58  47  99  72 111  53  68  79  20  46  87  33
   45  94  47  92  77  29  39  59  22  44 118  70
   43  60  30  99  97  40  25 103  40 105  54  87
   58  95  89  72  76  73  32  29  96  95  95  41
   23  17  40 110  62  80  59  50 111  53  66  65
   15  21  80 108 118  74  93  94 109  23  32  70
   47  59  73  64  76 102  83 102  58  24  18 114
   79   9  26 100  86  30  96  46  22 109  76  30
   97 107  47  33  74  89  21  57  71  27 107  75
   75  99  56  41  82  69  50  16  77 106  17  91
   98  42  10  53 103 110 109  94  15  73  99  65
   34  39 101  11  37  57  47 115  29  28 106 103
   10  91  57  14  46  47  14 112  15  90  36  53
   47  48  46  90  26  14  92  83  66  16  72  47
   12 103  77  43  37  18  94  92  34  14  58  51
   71  48  47  37  31  41  81  40  88  27 104 113
   63  83  16 105 109  56  94  12  49  68  60  67
   92  79  74  77  38  42  36  26  52   6  77  19
   42  30  19  19  31  47  71  51  45  46  53  64
   41  88  66  35  79  20  63  42  90  44  29  60
   98  17  28  45  55  60  34  49  69 104  90  99
   13  82  43  20  97  94  13  81  98  54  47  64
   75  61  83  79  28  38  45  55  18  25  58  41
   80 105  16  29  62  41  50  68  54  70  87  26
   85 112  74  44  76  94  37  12  67  23  70 116
   99  95  32  63  69  27 105  39  73  62  52  85
   23  85  41  55  74  79  23  27  90  14 110  54
   78  32  76  42  28  46  19  61  97  23  16  54
   76  10  94  17  53  44 103 100  84  30  18  25
   76  51  33  49  78  64 102  81  17  30  22  50
   10  92  43  86  57  55  74  33  44   3  43   5
   61  91  19  79  28  49  66  74  59  20  42  74
    2  81  66  26  37  23  50  98  37  80  88   2
   88  39  13  69  78  96  11   3  43  91 100  78
   77  87  77  19  10  31  17  25  34  57  40  69
   12  72  43  57  30  88  91  41  26  29  71   9
   70  87   7  25  18  57  42  37  17  16  79  51
   81  83  84  58  29  30  56  33  76  53  51  87
   99  18  79  95  62  58  57  74  93  39  22  24
   41  83  16  41  82  59  23  88  92  35  78  23
   86  88  29  92  10  85  70  98   8  19  30   7
   40   8  29  37  71  64  94   3  19  14  41  25
   60  92  11  95  11  90  80  15  54  70  24  80
   44  39  45  51  65  91  69  65  52  10  95  20
   78  25  15  17   5  45  89  74  87  43  95  90
   53   9  26  81  32  63  54  72  59  32  72  55
   34  87  74  13  41  46  15  95  39  35  22  69
    6  19  82  23  51  84  79  38  87  95  96  22
   68   7  86  97  84  35  98  70  26   7  74  40
  100  48  95  86  27  58   7  13  76  31  90  57
   86  43  14  56  32   8  27  81  63  87  33  36
    2  67  19   7   2  98  44  88  72  97  95  65
   66   7   7  53  22  25  35  11  80  94   1   9
   54  52  99  59  65  44  60  16  40  97  79  25
   73  66  12  50  50  26  25  54  30  43  14  42
   41  35  46  20 100  89  32   9  23  34  15  34
   29  58   8  60  15  66  18  77  48  24   5  41
   75  97  40  30  43  25  87  13  36  86  92  33
   20  90  85  98  98  76  98  88  92  25  88  71
   15  82  82  37  74  97  27  39  79  74  56  51
   63  30  65  34  15  71   6  19  28  81  85  98
   59  22  81  35  97  40  75  75  53  97  83  85
   48   6  18  91  30  76  48  37  90  82  78  49
   99  34  39  23  56  62  88  11  40  26  30  32
   87  15  38  87  78  80  97  94  25  72  60  27
   87  83   6  72  91  20  21  99  64  67  91  43
   82  82   3  88  26  94  56  88  54  12  96  74
   88  50  52  86   9  71  86  23  61  28  67  90
   82  29  38  76  32  15  16  24  36  42  86  35
   53  83  25  65  38  43  22  50  31  75  22  32
   53  28  79   8  14  89  21  76  32  48  26  18
   75  71  13  64  97  90  46   2   8 100  49  69
   32  70  33  80   6  74  34  54  64  18  71  58
   54  99   7  63  57  63  28  16  18  79  34  11
   96  28  40  93  25  99  93  60  78   8 100  80
   59  15  65  23  95  65  44   3  45  40  14  37
   23  14  41  10  33  33  81  58  12   4  76  61
   91  87  72  48  69  17  44  17  91  17  41  61
   51  45  33  20  95  40  79  30  48  84   9  91
   44  75   6  54  72  19  12  10  42  22  48  92
   73  51  36   6  30  12  26  61  23  59  34  53
   52  19  83  92  83  13  73  89  86  51   3  78
   38  91  46  96  82  48   6  38  60  76  15  61
   96  14   7  65  50  82  53  20  29  60  50  69
   68   3  82  89  64  42  43  13  79  39  12  11
    6  96   2  47  86  43  69  82  12  74  80  52
   65  55  45  99  39  87  14  73   9  39  29  90
   73  37  53  58  58  20  43  56  73  57   4  92
   45  24  84   5   2  47  61  42  26  11  60  91
   68  16  54  86  22  18  23  56  63  14  72  58
   53  94  15  57  98  69  14  79  80  38  96  16
   42  34  17   1  39  31  92  45  56  11  98  37
   78  85  24  96  36  97  92   5  98  70  46  88
   46  24  87  63  88  56  89  51  58  85  63  47
   61  51  92  59  90  84  27   6  97  36  42  73
   40  67  56  42  75   6  13  72  27  59  28  50
   12   2  97  97  26   6  65  48 100  54  55  82
    9   5  68  24  48  18  38  98  77  50  52  62
   15   9  35  84   5  66  89  93  45  43   8  91
   71  45  41  23  12  72  30  15  99  83  99  70
   50  25  21  33  98  23  24   9  99  38  85  48
   93  83  74   1  33   2  53  20  68   7  56  38
    3  90  13   4   2  86  51  75  73   4  50  88
    4  12  60  72  60   3  87  37  55   2  37  26
   69  49  20  19  44  43  26  12  30  41  52  49
   57  56  22  24  70  19  31  66  10  52  86  18
   57  29  93  18  41  45  30  72  16   8  29  99
   46  44  67  91   7   9  78  82  96  18  63  34
   61  85  27  32  30  78  19  97  67  79  88   2
   34  67  57   9  60   7  93  16  35  48  14  12
    7  47  79  56  89  88  23  53  94  29  73  54
   63  50   4  68  20  21  84  76  29  77  52  72
   74  14  88   8  44  82  21  48  32  14  17  47
   46  36  14  29  38  25  42  87  35  50  71  90
   94  41  66   8  63  68  55  37  52  30  11  57
   23  56  42  85  89  23   1  48  31  81   3  61
   11  99  54  35  20  11  97  76  25  80  67  13
   26  86  58  24  37   8   6  92  70  25  80  60
   36  39  90  99  55  95   5  97  81  30  81  53
   43  15  11  86  89  27  72  59  52  27   1   8
   23  47  71  93  37  97  88  58  77  75  93  94
   80  98  85  35  68  42  46  45  79  94  89  31
   21  19  15  63  31  34  73  12  53   1  53  90
   23  31  69  14  68  95  71  75  21  59  59  24
   40  13  20  65  52  34  61  70  98  47  79  92
   98   3  16  10  21  69  49  61  77  33  76  15
   17  15  32  33  38  97  93  61  16  67  23  19
   38  64   5  16  56  48  99  64  42  79  20  23
   70   5   4  36   1  62  13  94  77  96  34  10
   43  85   3  94  63  83  29  60  61  68  46  28
   13  26  40  58  37  56  27  87  13  22  10  51
   20  43  78  43   3  23  83   6  53  49  50  23
   49  68  44  68  62  19  14  25  24  24  84  51
   51  48  23  31  44  22  54  66  34  19  54  44
    5   2  91  63  72  33  42  21  22  41  61  68
   18  54  18  17  65  96  94  22  44  45  46  16
   97  45  24  14  88   2  62  74  14  15  24  25
   86  93  12  54  76  25  44  60  12   2  85  63
   52  25  50  87  11  54  58  91  52  32  61  76
   43  64  27  47  69  65  85  37  17  67  45  97
   13  86  59  51  28  60  65   4  48  37  82  18
   96  37  71  58  34  73  58  86   5  29  21  26
   60   8  32  92  33  37  78  76  83  42  24  99
  100  75  55  25  68  11  70  34  98   4  46  68
   21  10  59  24  33  68  68  24  27  44  69  36
   57  39  97  66  92  58   8  11  12  45   5  64
   78  74  44   4  62  13  94  20  39  34  54  23
   36   6  45   4  58  31  51  61  59  58  40  93
   89  51  27  42  96  17  13  12  91   9  85  47
   83  75  78  65  66  86  88  63  72  13  72  78
   94  69  84  15  61  30  92  33  78  85  49  99
   36  89  29   5  73  41  25  33   9  51   8   5
   29  58  54  78  50  12  27  12  26  15  24  88
   33  37  90  10  11  79  93  42  65   9  52  32
   38  50  40  81  32  50  46  89   6  90  94  49
   92  34   7  10  74  14  47  52  23  83  22  15
   56  91   8  11  56  23  54  55  94  13  71  92
   75  79  25  34  82  68  43   5  51   8  41   8
   42  76  53  97  31  83  80  70  14  64  50  57
   22  83  82  43  47  57  83  86  84  78  32  61
   84  67  95 100  16  20  49  63  47  81   8   7
   36  25  75  75  30  46   4  97  81  67  62 100
   79  57  23  34  86  61  58   7  90  46  47  37
   73  53  97  14  86  68  82  72  41   5  84  79
   11  91  54  38  48  83  83  90  12  79  89  53
    7  49   8  45  35  83   6  45  64  42   3  46
    5  29   2  37  95  69  38  83  14   3  37  34
   85  91  89  25  15  38  30  12  22  15  35   3
   99   7  35   6  77  71  33  98  96   3  38  95
    3  15  15  37  48  32  39  92   9 100  72  67
    7  99  43  30  58  77  45  52  18  93  44  51
   51  74   4  58   7  80  16  90  12  88  45  39
   70  84  95  68  79  69  74  28  60  78  77  76
   91  11  91  20  71  73  94  60  73  36  83  61
   32   3   7  16  27  86   9  40  88  11  92  69
   14   8  85  70  93  41  32  67  50  36  79  79
   93  23  95  66  85  90  88  96  17  59  35  16
   96  56  35  40  60  15  64  50  74  73  50   7
   77   2  53  74   8  25  62  56  66  69  10  49
   73  22  85  99  55  90  73  83  25  94   3  88
   88  86  80  15  31  94  78  19   8   7  68  23
   78  60  40  45  49  79  45  70  67  72  73  79
   80  94  90  35  55  67  40  45  57  65   5  73
    1  66  38  19  54  60  46  60   9  23  43  60
   11  48  65  28  59  53  44  55  60  30  47 100
   50  75  78  51  74  75  44  33  34  50  75  94
   94  67  19  48  54  13  87  70  76  31  75  74
   83  17  33  36  20  78   4  85  62  64  29  62
   12  42  11  33  33  51  34  68  62  12  60  87
   80  98  78  60  42  75  14  75  70  94  10  69
   18  54  62  17  82  27  24  88  93  39  67  62
   52  26   9  10  44  33  97  30   6  97  72  62
   56  81  68  44  97  66  93  49  65  17  72  72
   52   5  45  87  90  90  28  62  94  77  43  40
   73  16   7  79  93  77  78  60  17  97  75  47
   94  62  53  23  23  78  36  78  62  90  24  67
   26  71  55  21  15  63  33  30  35  96  12  87
   61  56  50  86  70  23  26  96  39  63   9  85
   98 100   2  13  55  29  42  86  71   4  62  78
   17  87  22   2  65  62  88  55  75   2  96  27
   15   6  56  59  61  99  29  83  54  94  71   3
   20  11  31  55  51  62  13  25  53   6   4  25
   48  50  64  36  51  31  74  12  97  46  54  49
   38  51  34  12  98  22  95  25  98  79  73  29
   36  71  19  99  28  23  24  20  19  45  13  31
   79  41  70  10  79  53  32  39  26  25  60  21
   51  97  43  60  96  13  69  42  68  26  84   8
    1  43  68  48  46  70  19   3  58  67  56  78
    6  24  33  73  85  40  58  21  59  27  32  41
   89  10   2   4 100  54  19   9  46  99  15  76
   89   3  87  49  95  99   5   5  41  77  10  89
   26  55  51  53  12  82  19   4  61  50  92  73
   91   7   3  94  48  96  10  93  82   8  86  86
   45  25  20   3  94   7  23   8  12  67  59  43
   32  70  79  81  89  45  72  90  73  98  24  12
   95  60  97  50  71  16  15  74  10  79  59  36
   27  54  86  97  58  24  50  66  88  44  38  56
    3  54  22  44  33  99  20  55  32  60  71  48
   52   7  23  19  42  48  28  20  46  12  62  79
   30  25  43  51   7   9  70  60  79  90  73  72
    3  24  78  68  45  23  74  38  73   8  10  79
   45  66  82  16  13  21  62  24  44  17   6  73
   55  18  99  78  46  13   8  65  66  40  36  49
   76  20   1  23  30   1  25  62  70  20  29  39
   34  73  48  50  65  98  56  58  56  76   1  41
   82  32  55  60  59  64  79  40  16  74  93  52
   69  15  69  25  24  46  23  53  69  12  34  30
   10  20  64  82  83  39 100  31  15  10  97  47
   65  64  47  37   5  60  47  29  88  28  92  76
   55  29  71  73  29  28  80  81  41  76  48  74
   28  14  20  70  81  91  40  58  47  84  74   6
   69  44  55  18  63  52  62  53   7  90  39  76
   84  64  71  61   2  88  29  61  50  43  71  42
   55  86  16  76  62  27  60   3   6  67  84  43
   26   3  95  87  59  84  52  38  85  47  36  14
   34  95   2  27  63  60  75   8  92   7  25   7
   98  11  84  45  81   3  52  40  81  63  42  84
   69  90  98  93  90  23  80  11  81  33  96  77
   35  72  16  66  42  88  32  77  87   4  90  92
    9  48  85  97  23  64   9  66   9  71  70  98
   57  88  73  36  79  25  63  28  82  34  25  63
    4  22  51  66   8  27  76  55  49  56  62  59
   93  89  56   4   4  41   5  55  89  85  38  26
   15  48   6  47  74  54  86  97  26  44  49   4
   90  47  87  93  14  26   9  14  85  69  90  22
   28  62  93  18  43  10  44  65  24  28  76  49
   27  88  34  17   8  42  38  68  17  86  19  17
   64   9   3   5  41  85  71  90   4  48  74  90
   23   6  13  87  93  39  75 100  10  45  50  17
   97  56  84  87  15  13  17  84  13   5  71  22
   54  70   7  34   8  61  39  27  84  67  15  79
   60   8  57  18  39  79  69  46  94  72   2  41
   66  46  77   9  19  65  90   7  67   6  56  24
   61  16  25  30  34  39  70  75  11  10  22  67
   83  98  74   3  49  30  54  57   2  54  47  47
   96  90  32  12   2  45  22  26   2  97  86  38
   73  53  30  39  28  14  36   4  59  88  86   3
   24  94  86  18  19  90   9  73  83   9  41  78
    5   7  55  84  37  29  81  54  44  80   5  39
   35  16  60  77  33  37  53  95  39   7  85  28
   21  73  94  51   7   6   9  23  95  44  11  38
   80  64  15 100  76  49  58   1  74  76   5  12
   95  21  57  92  63  62  88   8  89  14  78  57
   69  55  68  23  87  88  28  20  46  91  30  67
   94   3  41  69  74  96  26  10  81  95  61  55
   39  72  65  71  75  78  35  63  26  83   3   7
   40  21  96  14   4  50  23  94  71  34  54  42
   14  27  31  25  78  68  78  90  57  99  36  85
   74  88  92  89  81  65  43  53  64  71  54  55
   68  25  39  74  30  88  49  66  24  66  77  59
   20  93  74  58  60  56  71  65  36  11  26  10
   89  25  73  88  21  23  90  27   8  53  73  45
   44  58  28  37  82  64  74  65  93  78  61  68
   40   5  90  76  58  64  62  43  56  36  27  91
   20   6  44  64  39  24  70  98  37  87  41   2
   20  21  78  47  34  78   4  79  39  57  64  33
   90  17  78  63  35  26  83  89  24 100   4  51
   29  73  26  75  81  69  91  57  16  86  97  57
   28 100  15 100  49  75  13   2  29  88  99  91
   30  67  78  62  41  38   9  22  94  89  84  65
   1231  1255  1193  1188  1146  1266  1250  1169  1186  1259
