 10 300
   88  55  34  10  48 102  27  74  27  37  37  79
   95  41  36  77 109   9  50  83  88  51  63  39
  101  98  17  67  44  41  15  79  47  76  61  90
   68  15  22  87  53  66  59  14  38  30  69  29
   77  19  24  35  18  69  74  89  20  33  96  43
  106  51  16  31  73 111  12  45  83  83  30  23
   63  90  80  46  67  35  74  92  50  77  93  71
   51  95  73  22  70  95  20  90  59  71  40  80
   48  50  16  22  63  77  71  89  61  63  98  11
   78  95  63  44  38  99  42  51  54  53  41 101
   34  56 100  37  58  95  93  15  56  86  52  14
    7  99  23  43 101 109  81  45  22  18  76  66
   66  23  62  44  65 101  27  96  39  72  59  56
   63 108  92  53  96 110  67  22 105  18  23  90
   70  23  64  45  78  58  62  34  25  26  58  26
   50  23  43  52  65  93 106  93  90  22  61  87
   54  98  23  40 103  17  28  71  22  87  13  67
   93  88  82  74  36  43  65  28  62  54  61  21
   22  61  86 107  82  38 113  97 107  73  47  52
  107  83  59 112  59  79  45  25  65  83  45  21
  111 111 106  45  49  80  57  62  89  61  86 105
   13  51  38  53  24  94  58  34  80  18  28  50
   18  79  26  21  24  14  94  79  56   9  35  12
   66  38  80  33  96  96  52 100  84  43  68  12
   39  71  66  68 112  75  20  13  22  65  93  22
   52  73  16  50   3  77  91  45  28  74  39  95
   47  70  50  41 105  93 102  49  46  57  23 112
   40   8  47  79 103  81 112   7  84  82  41  62
   39  48  56  72 115  91  64  67  40  16  55  19
  107  43  29 108 105  93  72  43  38  75  84  68
  105  67  86 100  94  28  58  67  65 103  53  24
   45  55  98 105 101  46  52 109  74  81  96  91
   35 102  47  13  87  80  70  89   7  47  31  43
   32  90  25  99  58 101  25  51  37  64  77  83
   44  97  41  40  27  98  77  45 104  21  86  72
  108  13  32  31  29  93 109  38  50  96  84 100
   64  32  88  15  46  22  80  78  70  36  36  92
   33  80  88  83  32  71  80  34  70 115   6  90
   31 103  42  23  95  26  52  87  14  70  86  87
   74 106  24  67  92 116  77  58  57  64  85 103
   72  46  46  50  49  41 100  53 102  70  89  98
   26 107  35  22  35  67  34  94  36  86  87  88
  112  87  56 114  70  72  64  17  79  68  56  96
   95  69  56  54  20  36  76 103  85 103  27  19
  102  19  93 106  94  79 104  71  43  20  95  73
   91  39  16  37 105  72  65  79  86  93  60  60
   87  29  79  40  50  42  55  20  98  55  40  47
   46  47  21  41 104  82  26  95  52  87  41  79
   52 101  44  60 110 115  85  70  66  89  87  27
   47  21  32  61  80  73  76  29  70  30 105 106
   43  35 102  42  95  37  31  26  33  63  69  24
   68  83 113  63  13  81  59  70  68  67  76  94
   71  70  46  74  22  92  26  13  86  66  50  77
   88  27  88  34  64 115  34  62  99  52 101  40
  106  32  98  53  10  48  79  58  26  16  70  94
   49  81  74  26 111  79  56  76  38  64  42  31
   74  54  15 100  74  65  77  36  88  64  70 111
   51  22  46  61  28  79 107  18  89  15  41  82
   39  84  17 112  63  90  29 102  71  14  34  34
   20  12  84  25  92  67  88  58  32  32 105  42
   80  19  37  81 105  59 105  32  75  23  39  11
   96  23  38  67  67  26  83  58  36  33 101  92
   80  76 106  44  77  23  84  33  53  90  64  70
   93  50  57  88  78  26  54  80  40 103  88  25
   89 104  85  49  94  42  34  49  85 112  60 102
   46  95  53  74  44  33  64  76  99  36  59  64
   35  72  88  63  23  67 107  77  14  99  34  55
   49  77  57  79  70  75   7  65  63  60  19  77
    8  25 108  65  34  51  82  76  85  53  38 113
   33  36  96  26  84 107  29  20  54  15 100  73
   68  68  95 101  85 114  32 101  81  82  54  90
   43  63  26  34  56  46  47  72  16  48  61 107
   79  78 104  89  48  32  55  21  61  27  48  90
   21  68  38  20  96  84  47  59  43  89  25  72
   47  64  90  51  75  23  42  72  60 107  24  25
   48  96  99  39  78  62  16  38  40  18  25  26
   15  75  47  94 110  21  33 110  52  76  77  58
   55 105  23  56  22 100  12  33  59  22 103  91
   12  98  99  10  43  76  77  37  36  95  74  64
   82  17  65  65  58  35  74  75  72  27 103 102
   29  60  53  55 102  70  91  37  29  62  70  90
   35  38  30  16  79  73   7  78  27  71  51   4
   89  76  17  52  74  71  90  77  95 103  92  72
   95  66  35  59  50 104  76  16  45  42  50  98
   15  99  50  62  36  76  73 103  74  28   4  30
   91  17  23  54  27  96  55  52  23  39  55  45
   75  45 100  22  42  60  15  77  86  29  82  55
   86  43  88  71  74  65  32 105  40  25  74  53
   20  85  31  44  21  72  21  78  62  14  85  61
   16  47  10  69  85  69 110  81  72   7  80  83
   19  71  64   7  50  30  87  52  44  38  99 110
   73  19  31  89  33  71  95  90  71  55  33 102
   53  61  49  82  71  33 103  84  66  83  96  63
   17  55  34  15  93  65  52 105  98  75  79  19
  102  30  94  42  19  43  16  94  62  92  64 100
   58  60  43  50  84  66  11  83  91 116  39  89
   56  51  14 107  99  79  61  97  95  46  44  72
   24  77  92  55  72  36  91  55  10  14  36 106
   16  94  99 100  70  58  73 104  31  28  12  53
   94  27  51  28  48  53  75  35  99  81 108  82
   77  64  61 102  54  14  16  98  32  84  84   7
   96  12  65  91 115  66  42  91 100  77  80  15
   24  47  48  47  22  16  94  71  95   8  16  74
   84 100  11  53  67  32  93  12  60  56  64  58
   30  59  66  51  52  29 106  62  74  92 104  86
   20  34 106  17  53  75 100  53  40  76  56  67
   99  82 112  87  30  35  64  24  53  35  13  60
  105  80 111  96  49  62  40  23  55  25  63  67
   42  72 107  47  44  95  78  99   8  50  46  53
   56 110  40  50  18  91  30  43 104  22  20  48
   39  64  67  12  76  19  74  24 102  93  38  44
  111  76  32  54  22  13  42  41  65  85  55  33
   74 103  15  21  75  85  39 100 110  99  95  18
   97  99  19  73  29  46  47  53  31 108  47  93
  101  88  42  89  66  38  66  35  54  49  16  18
   80 114  74  21  39  92 100  98  52  98  27  56
   80  25  60  40  36  91  40  40 111  20  36  33
   62  38  94  52  31  63  11  57  29  69  37  96
   45  46  27  97  55  97  76  24  29  56  66  38
   48  96  78  69  16  42  87   8  29  61  59  28
   32  82  50  63 100  29  50  55  63  86  49 110
   55  30  79  13  17  98  53  27  68  43  78  74
   42  95 105  65 105  34  81  95  74  21  12  54
   87  71  23  99 100  14  76  63  47  79 112  32
   74  74 109   3  18  17  87  44 106  97  50 106
    4  25  24  30  92  93  24  52  85  25  30  93
  110  96  69  29  27  49  86 112  56  61  56 103
  106  79  16  81  99  51  60  86  14  23  88  60
   75  74  60 101  43  16  53  12  90  86  86  54
   98  63  12  40  40  34  83  10   6  40  26  50
   80  45  37  63  73  19  62  57  37   9  23  65
   98  48   6  18  22  89  94 111  16  79  32  81
   24  37 112  96  67  83  82  54  81  80  54  16
   69  96  33  16  35 103  85  56  80  44  35  79
   80  66  28  31  22  58  27  67  39  30  79  49
   73 108  62  18  75  43  81  89  62  55  59  94
   98  56  95  89  82  75  32  59  31  91  50  29
   47  92  15  70  68  42  22 103 112  44 114  29
  115  94  94  56  56  97  68 106  81 107   9  58
   33  29  25  20 106  68  56  90  76  60  93  75
   61  15  51  80  67  68  41  93  55  34  63  56
   91   5  16  91  11  57  71  41  41  76  29  60
   32   9  10  12  21 114  76  81 101  95  11  18
  107  11  33  85  35  29  28  83  56  99 109  79
   63   8  57  84  98  24 104  13  21  33  43  64
   85  19  68 110  59  28  28  19  54  89  25  26
   40  76  75  78   9  59  87 111  26  33  75  50
   37  44  12  73  36  97  18  42  60  82  96  43
   16  40   4  39  56  95  50  70 108 107  63  33
   73  90  78  97  95  80  39  49  82  38  32  87
  104  56  18  69  67  70  42  58  94  81  59  54
   60  20 110  20  94  26  94  98  52 100  70  63
   33  81  84  26  52  88  37  53  19 104  64  84
   49  70  30 100  29  55  76  26  93  50  82  58
   82  84  68  59  18  55  56  91  17  31  78  43
   63 101  67 107  91  70 110  56  95  71  52  36
   54  67 108  92  41  60 102  51  95  52  62  47
   48  22  75  28  40  68  50  39  49  99  91 105
   63   8  86  96  74 100  95  43  34 103  67  28
   92  51  67  81  84  22 114 105  18  23  92  70
  102  90 106  62  74  95  79  72  56  21  21  77
   69  76  80 115  66  93  54  19 105  24 101  31
  113 108  96   7  36  52 102  23  94  64 103  93
   33  29  49 112 112  27  59  46  68  47  33  13
   73  40  21  18  50 113  21  46 113 106  27  30
   96  29  24  39  16  27  87  59 109  31  52  16
   38  65  96  21  17  72  92  80  52  36  31  66
   64  73  11  25  69 110 112  48  24  73  52  86
   57 105 112  21 112  42  92  71  89  54  97  68
   38  18  46  63  64  22  53 100  36  70 105  54
   28  16  55  22  78  61  51  17  16  36  73  44
   92  54  56   7  93  99  55  22  45  65  54  70
  106  90  72  44   4  57  95  93  57  18  44  24
  103  14  52  19  84  48  78  12  77  28  26   8
   71  52  34  32  77  60 100  62 104  64  19  33
   93  16  95  40  42 105  46  12  66  77 102  17
   32  33  53  33  40  66  47  58  60  85 103  27
   37 100  75  84  18  23 109  74  46  70  90  35
   61  98  64  13  71 103  98  45  82  47 101  45
   67 111  69  87  69  44  43  62  66   6  19  94
   61  47  77   6  60 102  16 112 105  64   6  67
   40  26  15  64  64  68  38  75  99  13  54  63
   33  47  23  55  22  90  16  83  65  99  85  30
   59  43  36  21  52 104  76  87  51  31  38  93
   73  96  22  57  32  96  25  24  86  72  20  96
   58  43  28  69  83 114  51  56  14  40  70  89
   95  32  73  92  97  83  23  23  41  20  90  65
   16  63  71  61  59   8  27  62  58  78  85  56
   58  96  84  34  51  23  82  22  94  49 100  99
   77  52  52  52  82  59  85  69  48  40  20  29
   24  29 104  76  60  21  65  81  25  60  20  91
   59  38  72  91 104  85  76  42  98  58  22  14
   88  82  78  72  14  45  79  37  11  42  44 117
   85  48  79 108 105  50  87  40  61  16  26  21
   21 106 103  19   8  15  93  65  78  13  75  98
   90  67  71  21  72  89  44  73  32  65  25  95
   56  61  85  25  51  23  40 103 100  64  80  47
   48  59  44  39  60  17  46  48  30  46 107  91
   77 111  77  39  23  71  12  23  78  38  41  79
   32  51  81  21  20  40  31  80  63  44  58  37
   53  34  95  49  92 113  83 100  90  66  54 101
   58  32  62  27   7 114  99  96  48   9 100  32
   20  62  32  20  91  62 109  93  51  99  77  77
   66  36  22  91  24  93   8  12  51  94  71  76
   26  45  43 114  69  77  78  59 117  11 100  58
  111  61  58  95  13  87  28  82  15  30  85  81
   16  52 110  39 104  93 100  58  84 109  95  34
   57  58  71 101  24  28  32  79 115  35  48  12
   77  90  51  99  50  18  98  28  70  84  77 102
   51  56  61 102  75  59  17  78  19  82  33   9
   37  34  36  79  76  45  83  61  28  55 109  47
   30  69  51  37  80  64  14  57  42  20  31  58
   75  33  62 107 106  95  31   4  21  74  75  84
   54  27  79  50  63  57  68 100 105  23   4  23
   30  15  56  36  74  29  58  52  60  44  54  10
    8 110  79  34  39  49  95 106  21  98  97 100
  105  22  26  79  18  49  67  74  92  70  87  14
   14  41   4  17 107  31 102  59  92  74  49  82
   38  84  21  92  99  74  56  99  34  63  48  18
   13  85  47 104 110  30  64 107  96  64  34  33
   28  64  94  46  49  80  55 101  35  37  80  17
    3  73  94 104  73  69  15  78  72 100  69 102
   20  70  51  68  69  74  10  60  45  25  38  30
   29  91  80  93  40  60  34  44  70  92  49  67
   39  74  93  93  87  35  77  63  61 112 104  16
   84 108  85  93  49  57  94  69 100 103 109  69
   19  20  43  81 109  35  31  34  33  39  48  12
   41  45  38  96  41  14  44  26  19  73  81  32
   15  38  18  42  88  55 115  82  67  24  81  18
   82  85  12  17  56  62  95  53  98  93  27  56
   93   5  78  45  61  99  55  16  88  67  61  41
   69  44  48  45  55  55  95  13  74  96  97 113
   57  98  14  21  27  99  54  94  19  63 108  41
   52   9  77  78  80  48 100 102  19  28  52  70
  108  10  62  56  80  70  31  57  16  80  52   5
   40  79 100  39  21  42  83  60  60  93  84  70
   89  72  85  95  26  20  80  64  66  18 106  33
   28  32  45  29  27  41  56  67  38  19  19  33
   48   7  26 100  87  56  49  90  23  99  14  31
   65  79  63  43 109  41  25  19  46  99  47  80
   73  31  59 100  36  53 110  22 102  69  84  71
   21  70  26  82  20  85  51  80  45  98  76  32
   78 107  42  17  45  22  87  38  49 100  61  43
   53  66 106  32  37  77  62  53 101  59  86  66
   88 107  77  95 103  36 106  63  97  96  70  98
   37  58  93 109  38  46  39 108  64  77  90  28
   69 103  47  13  60  77  51  89  30   4  60  26
   66 104  49 103  82  37  20  51  85  93  78  83
   51  54  12  36  11  88  30  33  33  53  39  29
   53  49 106  49  68  68  75  87  93  63  11  11
   17  59  77  94  69  16  81  45  86  66  79  29
   19  68  71  30  11  95  59  21  28  56  41  81
    1  19  94  41  70  63  98  23  58  32  45  12
   46  98  80  24  59  51  45  95  76  82  39  84
   42  97  87  80  90  33  30  29  94  84  13  69
   10  53  99  86  45   3  94  67  37  23  72  82
   44  15  30  67  44  81  39  26  56  34  25  41
   60  15  44  97  46  20  83  22  57  48  70  32
   65  57  92  97  39  29  32  15  42  52  13  93
   30  16  57  60  67  15  62  63  57  67  79   5
   79  46  10  72  44  25  20  92  58  29  55  90
   97   7  80  64   6  11  23  75  89  90  29  42
   38  97  43  60  50   5  84  20  72  36  48  46
   54  11  10  49  12   1  51  82   7  96  92  25
   35  87  39  60  32  58  40  79  84  93  58  94
   60  93  59  62  51  11   2  18  19  85  50  31
   65   9  96  62  11  88  91  41  81  28  93  49
   14  22  26  28  68  60  50  78  58  50  50  98
   91  41  25  13  21  75   3  21   8  37  58  66
    7  24  49   4  48  30  62  92  44  33  72  91
    5   8  11  74  63  38  56  50  21  50  24   5
   92  59  77  49  78  19  53  81  39  93  90  59
   84  39  78  89  79  96  15  30  56  94  82  93
   46  73  26  82  15  10  50  19  18  64  35  97
   66  38  49  45   3  36  87  98  92  53  18  90
   60  34  99  61  99  34  15  64  80  35  72  16
   61  32  64  71   6  14   3  58  73  58  90   5
   78  95  67  29  14  32   4  98  27  30  67  44
   69  63  49  39   2  22  55  41  64  89  52  97
   12  75  83  12   4  14  48  71  66  27  34  41
    9  42  25  18   9  83  59  46  55  17  58  96
   57  62  18  10  11  63  52   1  37  26  15  23
   71  17  70 100  24  22  36  18  98  70  80  75
   77  18  87   8  61   2  86  58  81  41  34  25
   67  20  71  65  79  14  33  57   4  96  28  37
   12  94  73  84  75   9   2  79  55   9  18  19
   41  71  28  94  60  96  31  39  50  77  66  23
   85  39  27  30  81  34  39  78  40   4  98  20
   80   3  71  87  16  79  60  19  97  33  27  27
   28  14  83  52  25   4  43  58  54  49  34   4
   31  58  74  69  68  63  11  50   5  42  22   9
   79   4  79  96  85  40  77  26  70  30  18  18
    8  17  61   5  32  43  44  95  32  50  52   7
    8  33  60  52  88  70  33   2  21   7  88  92
    8  98  25  12  21  31   9  39  65  84  25  46
   17  71  93  68  14  40  42  35  17  25  48  54
   24  81  38  74  61  60  50  96  19  64  63  57
   65  55  82  66  14  24  91  14  56  33  70  38
   55   8  64  51   6   2  26  32  52  17  19  84
   72  90  78  48  22  42  36  80  39  86  14   2
   67  76  16  71   8  83  81  84  69  49  42  90
   40  32   7  53  93  21  61  43  49  48  32  23
   39  32  59  33  91  18  85  95  19  40  54  29
   30  89  23  77  43   5  86  50  20  59  15  71
    8  77   4  51  96  54  34  59  84  87  48  15
   62  27  39  92   4  31  46  35  73  38  69  80
   45  55  94   5  31  46  27  74  26  49  47   8
   63  92  65  57  84  32   4  99  18  92  77  34
   73  35  98   2  47  21  83  12  41  97  83  82
   94  97  18  93  24  46  22  50  83  79  15  64
   31  85  69  39   7  44   1  76  32  89  66  92
   10  79  77  41  47  81  24  58  82  69  11  12
   31  28  10  69  42  82  19  73  62  24  38  33
   25  61  58  29  32  78  57  23  71   6  14  90
   28   5  33  59  16  63  82  62  25   8  42   2
   71  18  65  30  71  69  55  35  18  72  50  48
   76  38  26  56  90  42   4  29  99  15  79  62
   68  37  57  27  33  44  98  39  57  53  90  30
   96  94  12  45  83  58  26  42  19  53  79   6
   76  80  12  77  27  12  82  92  59  92   9  40
   34  48  12  18  33   5  82  18  30  24  53  16
   68  48  85  68  60  62  72  36  88  62  48   5
   25  41  11  28  61  85  63  81  56  81  62  27
   83  40  78  89  10  29  71  47  68  21  78  35
   56  48  13  60  36  80  75  31  60   4  81  93
   66   6  13  65  35  57  92  76  71  93  78  82
   93  35  58  11   2  93  70   4  61  34  26  62
   53   2  84  53  81  10  94  80  49  89   3  15
   91  10  16  92  77  43  34  70  66  15  37  45
   31  97  46  37  47  76  34  36  38  77   9   6
   87  53  52  55  10  34  27  75  87  46  42  24
   68  80  82  94  28  40  98  28  90  33  65  98
   15  41  94  57  42  45  18  42   9  11  25  44
   17  44  69  43  70   5  36  99  74  76  70  16
   92  12  70  51  74  33  38  10  38  91  99  81
   20  97  84  49  81   8  64  62  88  78  61  66
   41  73  11  97  74  47  94  42  20  79  29  56
   25  77  21  44  42  39  86  11  75  80  28  61
   91  22  73  76  90  42  88  42  47  91  33  47
   99  64 100  36  22  45   2  33  34  99  24  24
   99  48  47  99  65  86  20  63  75  75   5   2
   43  92  82  19  87  45  16  26  31  47  83   5
   59  57  65  24  46  80   5  22  36  32  19  51
   95  62  80  89  21  47  59   6  13  37  27  92
   13  74  25  64  97  64  89  11  45  18  48  20
   53  52  72  59  25  53  92  21  20   1  81  27
   63  60  89   5  18  32  56  13  21  66  74  40
   81  35  15  62  41  78  27  62  97  97  84  10
   89  25   9  10  44  46  43   9  88  91  97  63
   25  84  53  74  60  58  28  82  11  29   6  21
   41  43  50  18  57  92  87  22  86  20  33  99
   19  91  41  20   5  54  78  15  11  38  38  95
   96  68  72  64  96  88  26  47  13  99  96  37
   32   7  91  51  37  86  13  96  51  54  44  53
   75  58  54  65  54  73   9  51  43  19   7  17
   94  78  10  88  53  39   4  58  66  40  57  36
    3  38   7  22  90  76  40  83  61  76 100  51
    8  37   6  24  57  43  71  87  56  92  55  44
   66  37   4  59  71  23  25  11 100  61  61  66
   62   1  78  57  90  11  75  73   5  84  91  72
   80  51  38  91  30 100  38  85   8  18  80  67
    9  36  82  60  96  95  69  71  38  21  63  71
   44   8  87  86  34  21  80   5   5   7  25  94
   14  20  86  35  80  57  66  60  87  11  69  17
    9  26  77  27  41  81  44  73  50  70  92  93
   29   4  37  82  71  22   4  12  56  19  75  63
   39  79  44  68  69  28  74  66   5  91  81  72
   46  74  23  58  88  46 100  46  75  38  74  12
   73  59  92   9  54  18  32  91  89  59  45  66
   65  19  35  42  99  78  25  99  74  45  51  74
   88  36  66  47  11  81  56  55  53  30  64   1
   56  83  32  93  85  22  53  84  36  64  42  28
   61  25   4  48   1  85  29  17  31  90  99  51
   20  38  97  19   2  97  37  53  62  34   2  88
   31  42   2  99  91  96  33  60   7  17  62   9
   98  94  91  84  25  27  91  52  29  85  84  16
    8  15  44  91  83  56  34   3  55  55  46  13
   11  23  90  21   3  69  55  26  88  91  23  46
   33  34  60  10  68 100  53  96  21  32  25  54
    5  54  96  66  65  78  24  92  98  66  94  64
   27  64  79  44  34  90  57  53  70  93  96  50
   15  63  99  84  98  17   8   7  99  37  75  39
   87  75   2  11  44  22  21  60  31  32  66  90
   35  19  85  95  69  12  26  46  31  63  75  34
   34  40  76  86  93  55  88  38  81  79  25  66
   34   3  48  88  33  65  26  25  42  54  49  19
   10  47  18  23  30  41  86  49  71  22  66  78
   64  13  99  32  52  74  91   8   8  73   6  80
    4  13  17  59  56  22  38  14  25  10  97  54
   74  85  85  87   5  34  62  21  35  60  27  38
   57  93  51  35  53  50  71  16  62  69  51  56
   28 100  94  23  96  56  35  64  79  36  75  53
   79  96  98  99  82   2  36  25   4  20  97  96
    8  97  74  25  76  81  86  26  57  16  10  41
   56  96  54  27   6  82  12 100  89  80  61  50
   31  87  42  10  48  87  81  91  59  29  93  87
   67  44  35  30  95  47  25   9  86  87  27  66
   67  64  96  36  78   8  85  60  58  20  13  59
   96  79  99  68  47   9  58  35   5   3  55  80
   43  20  30  21  18  39  75  56  28  72  83  15
    5  54  93  50  36  45  77  47  20  39  52  53
   49  94   4  99  17  94  23  20  54   5  48  57
   79  35  25  88  59  19  67  57  84   3  45  20
   57  48  75   6  91  50  26  84  22  60  37  59
   32  30  50  50  89  65  53  17  95  85  33  68
   48   8  48   6  16  33   6  62  25  49  56  68
   59  50   3  17  73  58  13  51  15  67  54  62
   63  96  37  92  78  52  68  63  64   9  22   6
   41  96  20   7  36   7  24  72  78   5  41  91
   15  59  46  27  33  82   5   9 100  81  27  45
   10  23  13  40  46  16  30  30  56  94  86  33
   42  27  31   2  54  27  51  99   8  83   2  82
    6   2  24  96  75  51   1  86  20  38   3  16
   79  74  62   4   4  78  52  70  42  67  79  93
   44  80  91  84  65   2  94  67   1   1  84  78
   14  90  87  75  90  84  21  57   2  80  59  99
   76  50  12  98  87  37  23  34  53  79  71  38
   50  32  92  79  37   8   6  60  89  30  64  25
   52   2   3  82   2  78  11  40  19  60  14  46
   75  93  65  57  38  88  50   2  74  46   9  66
   83  96  62  94  28  54  59  94  86  80  30  58
   16  64  57  97  24  10  54  94  58  43  57  50
    5  21  36  67 100  63   9  27  58  95  73  87
    4  93  50  94  24  57  40  99  31  81  90  97
   35  52  79  71  34  44   4  48   9  39  89  77
   18  98  16  79  65   2  65  99  45  32   2  88
   71  73  57  77  66  45  70  58  45  20   4  84
   73   4  36  35  84  85   6  41  56  43  25  73
   56  10  46  95  43  12   6  74  35  58  18  59
   36   4  35  19  34  64  71  44  49 100  87   9
   51  64  43  99  44   5  98   2   1  39  98  52
   72  81  98  52  53  44  69  43   9  90  53  46
   71  56  88  62  90  30  96  37  50   3  29  88
   51  69  75  89  51   4  41  27  66  88  79  10
   42  10  91  48  81  16  84  88  34  36  97  20
   56  64  86  34  20   3  69  51  99  70  40  13
    9  71  41  27   7  30  96  85  65  83  15  43
   97  39  42  48  50  95  92  49  55  26  31  61
   50  20  20  83  58  93  30  95  26  58  17   7
   28  55  50  67  38  44  19  48  55  70  86  74
   94  76  16  33  45  87  55  32  81  57  85  28
   50  73  32  16   5  31  35  76  14  59  87  93
   25  22  35  32  98  70  29  68  96  69  59   2
   34  71  32  10   3  68  22  80  46  95  81  96
   98   5  14  89  96  90  10  52  41  92  42  14
   26  49  32  81  32  15  66  38  81  50  85   8
   54  57  33  85  65  94  65  16   8  46  22  56
   61  47  64  81  50  87  72  64  80  65   7  13
   29   6  29  72  95  45  90  89  25  77  76  35
   79  56  21  97  86  70  75  31  40  75  50  68
   64  68  12  55  25   5  25  14  18  50  50   4
   53  74  53  84  97   5   3  21  60  96   7  70
   96  40  79  82  27  55   9  12  60  14  42  39
   37  74  82  13  80  19  95  95  62  13  34  28
   80  71  70   4  49  42  42  53   2  97  14  47
    6  41  45   9  91  25  77  33  90  81  29  30
   91  65   3  72   2  13  13  55  27   5  11  74
   61  53  38  11  89  90  84  31   3  76  57  99
   27  18  66   5  61  96  19  90  33  18  34  15
   60  59  56   2  32  47  96  27  97  28  74  93
   67  71  78  40  32  68  37  49  87  56   6  73
   76  42  58  69  37  53  98  53  77  87  82  56
   41  86  52   4   9  12  79  99  93  43  29  29
   57  77  27  67  43  56  45   7  10  89  99  91
   86  98  57  70  40  80  58  55  49  64  50  98
   96   3  34  80  74  58  24   6  92  13  18  18
   15  84  82  25  90  59  49  31  15  34  22  95
   88  72  99  85   1  71  14  56  14  46  66  36
   69  20  97  26   3  33  52  13  71  55  65  94
   93  25  59  14   3  86  51  11  12  47  75  85
   91  47  16  69  59  39  56  15  84  82  36  94
   99  47  22  15  33  34  93  36  45   8  37  14
   84  34  58  47  48  40 100  42  66  83  80  80
   86  29  34  17  77  46  76  69  48  14  69  35
   70  37  13  17  22  78  35  56  41   4   2  86
   18   2  20  15  69  62  23  35  11  16   1  51
   94  89  77  25   9  80  88  70  85  63  62  97
   72  63  78  12  63  91  75  85  92  45  30  86
   94  64  96  67  24  59   5  21  35  93  26  98
   29  31  99  88  61  49  20  56   9  11  90  50
    9  99  32  70  46  16  65  92  15  44  45  66
   38  65  63  62  49  54  13  97  37  19  13   7
   54  13  96  89  85  12  66  10  83  45   3  69
   58  96  43  30  39  62  19  10  93  77  59  36
    9  96  52  62  36  48  72  48  99  40  68  99
   68  32  16  73  83  77  27  47  57  15  34  43
   28  32  20  24  82  86  25  48  36  94   8  82
   79  76  73  82  84  67  60  39  74  91  92  74
   58  96  91  18  22  53  56  28  91  14  96  88
   46  37  41  59   6  72  91  96  72   8  60  31
   41  81  49   9  68  56   6  96   3  51  36  48
   81  41  80  32  89  20  52  28  75  21  39  75
   38   3  67  94  67  96  26  64  56  20  58  62
   67  45  11  72  65  39  47  50  14  58  25  50
   31  12  35  21  11  81   3  57   6  11  48  18
   68  50  17   4  64  67  65   2  38  25  15  86
   44  11  62  90  47  36  59  28  76  99  47  93
   45  11  62  12  32  70  96  53  30  22  25  19
   51  62  94  78  95  15  75  71  85  64  72  82
   62  53   3  62  37  47  39  24  18  52 100  97
   1248  1111  1200  1232  1249  1260  1194  1257  1198  1245
