 20 125
  117  15  87  36  25  90 106  65  55  37  62 114
   67  37  34  59  24  53  41  37  60  37  97 117
  103  43  44  73 106  24  17  42  30  75  67  47
   69  19  26  73  73  24  25  87  46  47  36  83
   59  86 102  48  95  27  74  53  74  94  13  31
   72  75  50  46 101  21  16  66  64 102  19  75
   40  46  50 106  40   5  26  59  83 101  38  38
   24  21  41  24  84  60 110  89  17  21  41  62
   54  64  20  75  33  40  36  96  39  64  74 100
   52  41 109  51  61  94  97  75  85  16  87  18
   40  19  93  96  37
   84  13  23  87  49  24 102  20   7   6  29  17
   56  66  69  45  58 103  23 100  28  37  42  63
   36  39  91  10  29  56 102  64  53  72  80  54
   98  61  96  43  40  43   8  33  35  41  19  94
   76  81   7  43  26  99 100  64  20  58  84  91
   93  95  45  97  80  28 105  88  97 102  13  30
   65 109  42  26  70  47  75  71  90  91  68 102
   76  70  64   8  13  99  26  62  20  71  37  40
   20  88  97  70 115  73  74  39  35  53  36  56
   51 110 104  36  14  79 107  39  94  76 112  72
   88  71  97  16  22
   70  30 108  46  92  95  27  55  67  43  50  40
   35 110  98  85  97  24  44  93  63  21  84  48
   60  29  93  65  92  42  61  72 107  26  26  79
   58  31  78  44  81  52  24  17  61  13  57  79
   56  99  38  69 100  22  75  45  21  52  94  58
  101  29  96  37 114   5  10 102  48  95  78  32
   64  41  35  86  89  32  29  31  20 102  27  50
   29  44  93 106 106  77  81  44  20 108  43   8
   79  51  99  51  56  70 104  32 110  94  41  46
   29  16  71  70  15 113  32  73  96  71  97  47
   89  90  74  54  17
   97  67  64  95  27  89  32  75 109  36  92  47
  111  58  48  39   7  65  94  98  63  18  99  46
  109  16  56  90  75  79 111  51  68 115  45 101
   63  72  32  32  41  45  85  54  38  45  25  98
  112  52  64  79  31  62  34  64   6  73   5 100
   58  40  45  39 100  37  50  71  66 113  60  37
   97  78 104  51  27  98  43  88  78  86  50  71
   71  53  94  46  83  30 107  50  68   8  19  73
   28  78  61  19  25  41  56 105  72 104  90  15
   11 103  43  28  95  50  71 107  33  70  83 108
   32  68  88  13  96
   67 109  83  31  68  43  25  37  55 110  62  62
   14  55  51  57  48  72  26  47 103  93  78  63
   94 113  42  99  99  81  79  80  47  14  52  55
   23  11  96  90  44  82  18   4  69  71  75  92
   31 113 106  10  16 115  70  78  24  71  40  59
   51  88  61  63  79  80  79  72  67  88  37  77
   27  83  77  26  26  40  90  44  96  16  51  94
   95  16  26   7  93  93  48  90  85  51  87  85
   44  46 113  98  40  13  13  17  98 102  52  49
   47  30  42  93  24  70   6  80  40  65  67  48
   83  68  10  34 100
   53  15  30  70  67  34  71  99 110  67  98  40
   19  59  90  48  38  64  93  47  73  87  17  58
   46  92  70  48  40  86  95  51  36  12  12  29
   89  94  12  97  33  37  26  70  39  40  15  51
   25  99  47  28  29  33  57  51 103 101  71  33
   26  73  21  56  10  24  78 108  56  37  66  37
   41  36  73  56  38  94  23  40 103 108  87  47
   85  72  20  89  31  62  53  89  65  45  76 113
  115  33  29  44  60  69  53  88  59  49  98  11
   45 108  73  33  22  59  69  57  14 108  65 105
   75  79  12  70  46
   68  37  32  71  18  31  66  84  87  13  72  23
   52  30  51  85  49  45 115  39  69  41  21  29
   52  75 110  67  52  15  20  95  63  46  19  29
  116 103  87  73  28  99  12  33  54  67  30  30
   18  82 110   9  58  18  67  55  61 103 116  65
   46  93  13  59  72  51  75  56  19  99  48  19
  101  57  48 114 110  34  13  47 112  77  26  20
   12  64  32  60  96  82  50 106  98  15  26  80
   78  92  99  78  62  94  45  68  94  66  61  56
   49  90  34  24  76  86  11  62  29  40  70  55
   42 111  44  63 111
   36  90  51  73 109  13  23  12  69  57  58  67
   51  22  39  83  94 105  46  90  44  91  29  99
   83  69  79  74 110  15  63  80  73  56  13  85
  107  57  59  81  90  57  47  49  76  33   6  60
   75  42  54  35  27  28  55 110  51  38  39  26
   81  71  18  71  98  35 108 107  53  50  27  37
   58  98  83  46  20  33  30  18  47  53  94  63
   30  43  79  11 107   9  62  45  26  28  40  30
   57  48  51  51 111  33  23  84  55  37 102  66
   47  60  53  28  75  39  63  30  21  55  79 108
   98  38  65  23  46
   13  34  48  21   8  52  50  58  64  41  83  79
   96  26  79  57  96  75   6  93  39  62  69  21
   47  56  59  47  35  13  53  43  57  40  88  13
   35  87 102  50  57 103  35  48  35  35  27  54
   19  14  93  98  63  40  92  53  49  62 100  35
   85  60 101  70  91 108  27  96  63  77  94  81
   68  99  38  30  76  42 105  22  36   8  59  25
   22 110  67  41  53  92  35  64  74  29  73  69
  105 101  41  30  82  83  48  66  66  71  92  39
   72  75  16  40  81  78  23  48  89  85  96  81
   12  54  82  48  75
   58 101  16  69  43  92  47 102  44 101  30 104
   40  38   8 102  11  52  64  25  50  60  96 103
   40  81  74  99  16  90  20  47  69  28  96 105
   11  89  40  99  50  87  57  81  44  76 110  49
   89  66  59 103  38  77  83  32 107  33  80  84
   92  63  99  45  80  94  90  32  60  47  60  54
   77  36  56  24  46  72  94 106  61  53  16  77
   71  16  33  91  89  30  87  37  90  90  94  89
   57  81 113  53  95  25  98  76 109  60  42  39
   10  20 109 101  10 103  88  69  30  72  18  72
   69 114  85  69 111
   53 116  97  11  27  13 109  56  45  37  10  91
   89  47  65  42  17  57  93  60  72  24  64  70
   65  36  79 106  62  20  79  75  73  25  62  47
   31   6  28  22  61  34  36 111  72  18  42 105
  110  36  39  25  58 115  21  54  51  22   8  99
   27  80 103  90  88  54  42 102  38  48  31  64
   31 100  88  52 108  31   8  43 110  70 106  99
   45 107  18  58  81  58  85 104  87  29  88  20
   37  34  31  43  23  40  31  50  55  16  91 118
  101  19  71  37  74  37  84  51  69  31  45  63
   34  61  19 107  22
  104  68  15  36  49  29  28  60  70  66  26  79
   27  25  44  24  46  90 114  63  63  33  76  69
   88 103  26  57  69  63  94  80  52  98  79  89
   62  13 111  76  30  58  36  65  91  27  78 102
  114 110  99  31  74  23  45  17  79  20 104  93
   99  46  20 102  39  53  55  73  80  48  94  15
   19  31  69  22  27  96  35  75  32  82  21  15
   90  44  86  42  12  64  13  60  61  91  82  72
  103  45  36  78  46 112  84  41  57  80  51  32
   55  11  80  89  42  58  13  99  95  92  34  46
   23  34  34  85 112
   97  30  19  63  29  95 105 110  52  36  59  15
   65  77  76  84  94  38  18  24  44  61  79  70
   47 115  44  14  84  69  95  28  16 100  73  97
   43  66  80 106  93  83  33  71  52  70  45  82
   45 111  49  41  80  38  76  41  95  32  62  51
   36  43  24  85  20  22  73  48  97  72  64  59
  100 102  34  52  33  96  64  59 105  28  23  76
   31  93 111  22  31  68  83  78  54 108  48  56
   39 114  29  65 103  98  36  76  98  32  38  45
   34  73  28  84 105  43  51  46 105  29  83  84
   82  87  46 103  84
   34  43  20  86  25  40  12  85  26 105  93  33
   22  98  87  24  45  39  70  60 100  35  48  48
   12  65 104  26  50 103  58  46  50  67  48  80
   34  49  21  10  97  21  42  47  28  55  69 100
   82  53  70  50  50  37  41  96  29  47  99  61
   60  85  36 109  81  99  64  91 106  45  98  87
   83  26  60 102  40  76  79  25  34  10  30  31
   93  13 107  41  25  53  38  31  87  80  67  63
   41  90  77 106 105  64  56  17  46  73  95  80
   16  79  81  79  92  42  41  27  12  95  56  60
   93  18  48  14  26
   90  30  75  49  45 107  42  74  93  38  94  59
   50  54  16 101  11  97  95  33  65  17  32  59
   94  88  49  79  59 110  47  60  93  33  75  25
   96  82  27 105 104  51  10  82 108  14  72  21
   59  47  35  42 103  27  96  44  76  51  11 117
   38  74  59  82  33  88  45  49  80  62  19  84
  110  88  58  33  32  84  57  97  90  87 103  67
   89  89  78  53  40  53  47  76 114  55 111  25
   61 105  82 102  27  97  99  66  46 102 103  32
   54  57  35 112  78  22  65  32  57  50   6  46
   98   5  23  31  88
   72  35  54  51  58  29  20  92  65  91  44  44
   97  71  32  57  20  67  75  48  52  63   7  11
   38  79  74  61  46  30  22  27  91  45  51  21
   98  17 102  47  21  98  66  25  34  30  27  50
   18  74  29 111  46  50  56  28  22  26  38 115
   40 104  87  79  78 107   6  92 109  55 102  20
  109  91  67  79 118  84  16  24  83  69  50  86
   59  73  47  45  55  93  73  53 111  24  91 114
  110  93  21  86  89  35  86  50  28  79  30  64
   12 106 103  21  91  42  85  14 107  61  44  79
   34 109  60  31  77
   45  67  52  83  99  67 110  59  83  45  78  38
   68  53  25  49  20  85   6  19  96  50  27  62
   57  81  51  41  81   9  96  25   6  34  14  51
   94  82  25  62  79  73  85  44  44  34  65  72
   79  55  96  18  59  94  26  79 101  21  30  99
   60  17  69  72  37  39  73 101  88  46  59  50
   91 109  43 106  40  29  54  52  54  11  20  21
   31  85  48  34 102  36  75  57  69  38  75  11
   41  61  21  78  84  35  85  68  24  69 104  92
   59  15  61  95  61  31  49  73  17  81  50  92
  103  24  78  23  32
  102  82  51  95  30  78  83  21  19  20  17  98
   11  52  67  65  77 103  57  62 110 111  30  27
   13  46  24  62  71  37  63  22  87  85  48  20
    2  39  91  92  87  21  69  98  75  10  35  25
   64  60  24  87  14 107   6 110  89  52  67 101
   72  55  12  87  27  11  39  35  62  19 117  35
   56  53  61  53  72  87  60  93  90  25  89  81
   20  77  29  78 114  31  90  11  41  67  12  76
   92  85  86  17 105  42  46  26  22  63  37  38
   73 109  47  34  29  44  91  40  26  64  47  22
   23  73  77  30  13
   39  92  57  19  43  73 102  86  49  32  22  79
   12  60  28  44  18  41 105  41  55  76  51  13
   49 115  94  82 103  60  86  48  92  80  93 101
   48 101  71 101  18  70  33  66  96  24  65  18
   58  73  59  91  67  41  69  28  68  88  49  50
   11  98  66  23   4  90  55  83  24  74 101  59
   41  22  32  47  68  58   3  85  42  58 116  25
   84  72  77 104  27  47  33  77  93  49  76  92
  100 107  79  36  61  36  53 111  88  51  78  37
   54  46 102  64  16  22 116  59  99  52  18  73
   15  92  43  64   8
   85  19  10  82  36  30 108  52  19  96  74  97
   45 108  11  89  98  27 110  17  92  93  78  87
   92  83 103 109  17  85  74  77  33  26  53  88
   95 103  21  55  89  83  82  39  10  70 101  94
   67  75  92  94  35  39  74  91  38  90  23  38
   71  35  41  55  89  66  31  45  15  48  97  81
   63  32  21 112  82 102  27  79  51  43  87  17
   70  28  45 104  77  64  70  97  53  47  70  61
   83  51  46  45  45 108  59  26  18  69  30  17
   99  71  27  42  22  33  99  22  90 104  30  82
   78  86  30 102  52
    3  94  19  71  86  24   4  40  62  74  48   2
   49  82  74  43  92  60  75  71  57  82   7   2
   10  74  67  40   6  96  94  76  82  39  45  69
   41  99  86  32  36  81  82  24  63  70  82  35
   46  31   8  72  25  88  37  53  42  21  98  85
   32  41  55  61   7  88  90  38  44  14  98  34
   74  71  70   8  72  98  79  51  36  12  75  74
   83  88  65  94  33  57   1  22  94  81  73  50
   59  54  91  38  79  77  76   6  64  55  46  13
   61  79   2  52  48  16  17  38  18  93  26  86
   66  92  10  11  81
   30  99  79  24  54  90   4  89 100  96  83  92
   55  49  48  70  47   4  83   5  78  74  67  54
   66  76  15  94  76  57   6  56  66  37  30  62
   18  49  21  62  74  72  95  74  84  72  89  20
   32  35  95  63  77  11   2  45  94  44  27  25
   11  18  63  16  37  83   6  23  15   8  96  79
   46   3  60  86  36  65  40  47  27  17  36   9
   37  37  45  95  98   7  94  49  94  38  82  67
   95  19  13  35   1  47  35  70  70  66  81  56
   66   9   4  80  88  27  11  70  14  34   5  35
   31  42  22  98  83
   42  83   3  64  12   8  86  65  41  60  59  67
   84   4  14  35  20  95  63  20  41  81  28  55
   43  80  24  43  11  71  50  39   5  83  78  40
   52  81  35  75  28  53  94  89  50  97  62  33
   62  14  66  48  20  84  41  58  84  68  17  53
    4  84   7  76   2  99  96  16  70  18  26  88
   49  67  83  30  19  84  89  77  87   9  85  64
   76  61  21   1   9  40  38  67  97   2  67  96
   32  55   5  65  64  41   7  79   2  26  75  62
   88  88  44  42  95   5  70  40   9  35  15  57
   15  18  37  60  91
   19  48  52  15  86  31  70  38   3  70  15  69
    8  55  61  63  95  42   8  12  56  89  18  74
    8  95  52  22  37  36   8  69  37   1  57  17
   45  34  84  86  76  69  24  57  67  67  94   5
    7  54  44  41  80  58  77  46 100  47 100  11
   51  68  57  70  20  82  65  46  38   3  54  79
   19  34   4  69  90   6  77  15  41  16  67  43
   47  62  26  59  21  84   4  70  38  98  89  36
   83  35  46  94  84  79  48  10  46   5  21  99
   95  13  75  83  15  70  46  11  75  46  32   5
   85  50  28  94  16
   48   5  30  73  36  62  92  72  55   6  47  45
   89  47  60  58  59  31  81  58  13  23  28  54
    9   1  72  12   8  37  34  35  58  91  60  57
   81  92  22  28  63  32  91  98  39  45  38  14
   83   3  13  94  94   1  33  28  82  41  74  54
   59  23  57  56  25  33  32  42  53  27  68  39
   80  21  42  76  94  78  23  71  21  97  64  25
    8  99  84  99  21  12  62  13  21  63  18  23
   59  64   4  16  62  98  91  93  18   9  58  62
   64  84  75  19  80  50  97  37  65  54  45  57
   35  50  97  73   3
   51  94  80  49  52  69  49  13  10  53  22  63
   83  52  20  65  69  47  22  71  35  24  96  59
   60  12  40  72  69  26  19  53  76  96  99  83
   15  16  93  22  79  67  89  38  64  68  93  54
   95   6  65  81  76  72  56  56  17   8  48  78
   76  33  86  49  99  86  24   8  55  69  52  70
   68  71  44  64  67  18  88  71  11   4  28  58
   35  31  96  20  82  45  58  15  45  74  42   2
    2  69  82  76  51  33  56  14  55  67  17  99
   71   5  36  71  94  46  41  56  89   3  46   7
   36  27  99  36  56
   47  83  75  48  89  77  51  25  28  91  48  80
   67  76  52  33  70  67   2  78  51  67  81  76
   57  39   2  40  62  90  93  18  50  62  91  89
    3  16  22  45  87  20  91  80  48  40  75  76
   88  25   3  93  58  90  44  56  46  15   2  39
   65  20  93  58  37  60  45  54  83  11  70  83
   12  55  65   4   4  73  95  62   1  25  76  82
   94  45  71  52  12  22  68  12   4  92  76  39
   32  26   9  41  56  11  69  37  25  46  43  49
   56  23  84  88  33  18  98  43  84  78  35  63
   77   8  75  55   2
   83  30  67  40   6  95  94  92  42  53  51  51
   64  85  79  25  20  12  68  29  69  27  88  20
   31  36  33  38   8  95  54  38  33  48  99  34
    5  59  52  32  24  59  64  66  30  75  97  43
   41  72  62  71  90  89  48   6  64  80  69  78
   37  43  97  42  12  67   3   5  58  64  86  67
   45   8  22  62  83  72  90  87  63  67  23  49
   86  77  30  96   9 100  45  57  76  82  62  80
   62  55  69  68   6  76  88  18  48  67  15  54
   69  44  49  74  28  64  42  78  97  57  26  10
    6  65  54  92  67
   95  71  54  93  96  51  63  57  42  75  34  38
   18  76  40  55   7  31  96  15  76  49  44  99
   67  58  44  55  76  90  55  74  52  76  32  92
   74  24   6  65  46  11  71  65  79  73  80  61
   85  89  23  14  56  69  19  55  59  42   3  82
   20  43  13  42  11   3  78  19  40  32   8  21
   36   9  73  72  38  71   2  93  83  99  61  95
   91   6  46  64  55  19  69  46  28  78  45  41
    8  13  79  83  29  37  57  36  48  31  26  70
   30  33  91  62  37  25  96  72  19  20  13  37
   91  50  30  57  36
   51   1  93  47  71  26  61   7  70   3  83   3
   76  73  97   8 100  51  46  80  70  51   6   3
   73  30  32  16  92  24  92  59  39  85   6   9
   98  22  80  12  61  31  48  27  61  40   8  60
   19  45  55   4  69  42  28  70   8  71  38  35
   24  52  12  71  39  21  25  86  44  65  44  62
   39  67  59  87  65  38  25   3  50  53  98  32
   38  95  72  23  31  85  17  81  26  26  17  14
   54  36   6  61  13  86   7  37   9  42  69  64
   93  95   6  15  99   8  30  47  81  41  92  40
   48   3  24  33   5
   61   4  14  97  83  89   4  51  73  77  96  22
   28  64  39  66  89  63  16  52  33  95  40  46
   54  71  37   2  56  82  36  44  39  86  52  63
   84  96  81  92  46  70  80   7  33  93  61   2
    4  67  71  82  45   2  87  57  68  95 100  17
   90  31   2  27  26  54  73  15  70  69  72  55
   89  19  22  59  10  80  96  62   1  44   8  12
   66   8  97  51  29  62  20  12  22  74  31  97
   71  82  75  76  88  78  76  60  54  95  20   2
    7  98  43  73  31  67  26  61  44  89  70  50
   83  42  94   8  95
   10  43  98  84  59  87  82  60  42  44  85  38
   86  79  66  96  68  16   4  39  53  74  34  36
   30   8  83  60  48  41  10  23  59  10  39  14
   48  91   5  39  78  53  81  55  22  77  24  10
    2  10   7  77  28  89  60  98  34  91   7  16
   16  61  98  12  68  53  59  47  26  66  15  95
   92  86  36  85  87  19  73  36  80  27  97  90
   24  71  33  60  99  48  96  57  46  22  38  36
    7  66  75  25  57   4  29  71  51  38  66  73
   50  94  32  17  69  59  93  20   9  12  68  62
   92  68  71  26   8
    7  83  84  54  79  10   4   2  62  70  49  91
   43  35  26  34  14  74  88  84  61  49  29  32
   56   2  64  89  35  37  25  78  91  15  40  19
   65  36  28  13  25  28  82  37  59  35  59  26
   62   6  63  61  24  78  39  61  15  70  55  64
   72  63  93  18  94  93  36  68  20  39  51  45
   20   4  84  51  83   8  43  47   9  77  84  43
   85  27   4  80  85  50  22  27  49   6  70  56
   75   6  84  40   4   5  84  35   8  84  66  71
   78  41  89  35  14  76  63  63   7  82  33  25
   30  28  72  13  27
   75  64  99  33  86  75  97  22  88  11  11  81
   85  22  31  87  61  72  42  52  14  79  68  54
   97  46   3  83  58   4  51  70  70  46  66  31
   73  66  87  98  14  99  74  64  78  54  50  16
   32  53  33  70  57  69  78  17  90  65  13  50
   60  30  75  11  24  14  51  21   5  69  13  22
   31  88  52  15  71  38  24  92  75  97  82  82
    9  98  13  78  88  62  76  86  28  34  44  52
   66  23  34   7   9  39  51  99  68  32  22  38
   95  26  32  25  23  60  68  92  97  23  51  47
   23  91  72  97  91
   23  88  27  54  61   8  66  37   9  77   8  43
   60  59  88  12  91  14  19  75  46  93  71  50
   22  27  67  25  58   7  62  43  26  76  38  95
   13  22  84   8  11  51  92  21   5  90  39  89
   59  66  73  60   8  93   7  64  35  64  98   3
   71  37  45  33  77  19  65  62  27  58  90  27
    4  29  50  85  81  20  59   5  13  22   6  45
   19  16  41  52  76  56  63  40   5  64   9  84
   50  14  34   2  79  16  10  44  62   9   4  84
   63  45  71   4  24  80  40  75  54  58  99  61
   20  98  86  87  29
   38  74  48  53  55  77  98  24  40  18  60  67
   20  46  79  57  89  42  38  64  57  52  99  98
   73  32  40  43  74  78  88  92  17  68  64  91
   17  97  15  72  87  19  51  89  73  75  88  61
   92  43  81   6  70  66  62  76  80  92  76   2
   78  16  24  23  41   7  96  28   6  59   9  95
    4  19  44  26   2  25  87  83  37  49  62  29
   57  30  73  62  54  11  35  58   4  81  20   3
    5   9  86  29  13  78  23  61  81  35  80  44
   96  12  16  88  17  75  23  99   9  59  75  24
   84   5  60  80  42
   64  40  67  22  18  45   3  57  28  57  37  73
   47  53  92  67  88  23  98  93  22  56  85  49
   57  30  64  62  31  96  21  81  98  71 100  61
   17  20  92  49  33  44  26  75  74  74  46  39
   32  49  13  93  51  11  80  40  19  88  88   9
   49  86  47  47  72  70  30  13  23  57  52  55
   24   2  69   6  79  84  54  64  57  97  91  88
   79  34  63  77  10  72  35  63  38  71  45  98
   71  46  90  39  20  67  17  37  85  40   3  26
   48  96  50   7  50  79  69  37  92  35  68  20
   15  92  40  88  82
    3  38  65  13  90  26  19  90  86  86  85   7
   92  61  52  52  35   2  47  49   6   8  81  85
   95  65  87  53  35  81  52  85  30  26  59  94
  100  64  25  11  16  97  33  17  36 100  75  87
   45  58  91  28  92   4  97   8  27  55  35   2
   37  52  99  27  86  96  80  77  52  87   3  67
   63  60  58  61  35  21  48  18  12  87  16  23
   98  26  88  31   4  86  15  99  72  43  96  27
   27  30  34  92   1  78  57  90  82  55  67  69
   44   3  72  71  88  69  24  64  78  54  58  85
   79  40  30  75  95
   72  10  49  83  76  34  11  19  62  76  84  39
   92  43  89  68  95  75   7  62  49  36  60  91
   71   4  10  34   8  51  32  58  17  39  15  14
   59   4  39  16  85  38  70  37  22  87  44  91
   59  31  54  21  42  74  39  88  51  32  71  58
   95  17  44  89  99  29  56  20  86  42   6  54
   70  89  70  55  44  56 100  24  60  59   3  92
   28  44  32  13  92  63  72  38  27  69  32  16
   18   2  24  74  55  72  60   8  17  56  33  65
   57  73   6  38  96  83   2  49   6  68  85  38
   93  21  59  46  98
   34  93  97  23  75  88   5  54  94  10  36  18
   66   6  96  24   9  76   5  99  24  14  25  33
   27  36  12   8  93  29  43  42  87  76  58  26
    9   6  96  56  21  21  33  77  95  40  19  18
   47  36  17  26  70  70  38  12  78  30  81  77
   39  71  70  61  15  50  89  74  98  62  23  35
   51  83  91   6  37   2  92  36  68  59  33  95
   33  87  69  12  40  47  46  12  55  61  32  51
   33  57  56  61  62   2  50  80  99  40  79  93
    7  31  84  69  87  86  19  97  28  10  85  27
   31  29  73   3  57
    271   254   253   246   247   267   261   274   256   226   272   251
    234   273   232   259   276   267   251   237
