 20 150
  110 103  22  33  25  69  43  97  17  37  53  87
   23 110  38 110  47  89  66  97  97  37  18  76
   21  47  61  33  31  95 105  49  85   9  37  46
   28 110  95 101  58  33  33  65  67  10 115  75
   42  97  48  79 108  91  74  76  57  67  38  14
  115  84  37  83  43  53 103  64  65  85  51  24
   21  58  38 107  58  43  44  55  28 110  79  19
   93  92  81  61  40  96 102  99  83  81  67  20
   99  64 100  77  51  81  86  96  98  53  31  33
  110  79 103  23  16  32  23  37  97   9  20  85
   64  21  73 103  86  12  79  15 101  45  91  86
  113  43  83 114  62  25 110  36  33  41  73  38
   76  66  60  24  55 100
   69  96  25 107  96  42  65  29  98  59  25 100
   84 100  51  31 101  68  57  43  42  39 102  22
   77 109  38  93  30  92  65  18  30  48  51  14
   78  95  82  16 107  86 104  92  76  98  75   8
   51  45  59 102  49  68  30  83   6  38 115  74
   45 111  30  30  40  80  46 109  36  69  35  28
   73  61  48  31  27  78  76  60  70  26  85  16
   83  75  55 101  26  21  48 101  24  52  14  28
   15 104  78  39  88  76  64 108  47 114  59  58
   90  35  26  12  72  86  61  44  80  51  83  20
   73  89  25  99  65  43  89  76  14  13  35  65
   73  27  21  19  88  41  26  77 103  78 107  62
   97  55  54  68  77  45
   19  88  78  84  62  28  61  29  17  75   9  13
   62  76  52  83  72  14  22  66 102  39  71  58
   50  28  28  94  15  50  55  34  24  81  94  38
  111  57  47  30  88  47  38  14  93  43  75  63
  105  76  99  50  62   5 109  20  41  92  57  52
   85  51  30  20 103  51 105  63 114  11  71  21
   67  28  12  72  86  59 102  55  71  27  36  11
   21  94  89   6  76  13  98  39  60  63 107  74
   29  58  45  53  40  48  74  72  84  95  65  65
   88  46  30 108  74  47  53  42  44  31  64  29
   79  34  69  63  71  46 104  26  47  46  15 100
   75  14  70  16  44  56  97  84 105  86  96  60
   82  61  68  18  20  57
   31  59  72  59  26  77  37  80  21  56  20  68
   49  78  17  28  98  81  90  38 101  38  61 104
   96  41  60  34  62 105  47  87  91  28  33  67
   73  73  88  95  37  55  11  45  39  35 108  90
   58  72  59  40  43  61  80  53  52  57  23  26
   54  54  55  10  81  48  92  77  17  26  69  64
  109  23  94  32 107  42  77 107   9  62  45  90
  114  42  97  48  21  52  14  51  55  50  47  40
   43  35  42  78 102  34  16  73  41  39  61  58
   80  78  18  87 112  52  77  54 100  77 104  40
   14  65  26  59  72  76  61  28 100  71  57  81
   15 114  39  34  93  23  86 110  96  45  85  20
   56  60  93  45  64  85
   76  68  74  42  78  94  80  44  55  55  63  72
   78  50  95  26  98 113  52  14  60  63  13  86
   72  45  32 108  59  78  78  44  53 100 109  47
   12  20  11  51  23  51  98  31  27  69  58  30
   54  34  80  68  22  90  21  85  53  38  29  42
    3  42  23  41  28  34  44  95  50  29  83 100
   21  33  98  52  66  47  86  88 103 106  32  73
   47  80 107 102  74  82  96  62  20  65  53  49
   26  70  69  19  96 102  34  85  52  97  60  83
   23  46  37  32  85  91  25  57  29  35 110  31
   25  40  93  97  96 107  62  78  32  49  41  26
   41  20  38  93  26   5  17  36  99  63 102  73
   91  90  52  50  85 115
   33  70  94  39  15 100  95  31  43  72 101  49
   92  26  41  27  76  73 107  82  40  48  47  11
   97  17  94 114  66  29  54  63  59  73  35  91
   36 108  78  68  57  97  90  40  69  96  93  82
   36  69  25  79  26 104  26  83  66  21  92  28
   19  20 105  20  89  26  55 101 100  51  55 101
   85  10  73  94  59 111 113  35  54  40  69  50
   44  68  78  22 106  72  17  41  70  49 105  80
   34 113  30  85  64  12  65  88  24  12  95  66
   36  60  24  77  62   7  82  14  84  63  66  81
   29  39  91  71  34   4  97  79  24  22  24  79
   94  79  11  65 100  75 116  91  31  26  44 109
   71  39  63   9  80  59
   15  19  52 101  41  47  68  72  82  82 109  56
   29  99  73  74  59  23  81  21 108  19  53  72
   42  87  26  21  43  81  33  30  95  68 105  22
   44  14  65  16  42 102  14  32  44  26  62  78
   77  52  94  86  22  66  46  38  91  22  31  64
   97  98  76  15  69  78  16  69  62 100  66  33
   33  39  85  29  43  58  24  24  51  43  21  53
   99 104  29  21  53  29  59  22  28  53  99 103
   42  48  78 111  57  44  26  73  95  49  22  71
   50  78  33  19  23  29  55  10  85  47  97  69
   50  89  51  98  97  82  56  66  56  33  82  19
   90  60  76  44  75  28  93  71  88  23  98 109
   97  31  67  23 103 113
   13  58  15  17  64  60  36 110  99  37  91  21
   20  96  83  50  41  51  67  32 109  73  43  44
   90  42  50  63  88  57  31 108  46  53 101  26
   36  38  45  68  69   9  73  99  51  64  42  98
   38  61  15  19 100  56 101  70  59  73  93 105
   64  80 108  82  56  41  67  40  70  63  46  67
   56  93  47  88  27  76  97  52  31  70  34  90
  103  43  76  30  67 103  84  22  52  66  87  71
   60  96  79 102  87 110   6  95  65  64  61  31
   84  22  82  35  97  14  76  55  39  90  35  51
   75 105  29  54  52  23  59 103  58  91  88  19
   47  76  94  97  91  91 105  34 102  58  82  70
   77 104  90  54  67  90
   80  82  67  82  48  16 102 110 104  69  50  55
   13  12  44  21  32  68  52  14  16  61 118  96
  112  66  86  90  34 103  77  74  15  76  99  79
   48  49  27  76  64  59 102  12  53  91  39  75
   47  87  45  21  64  41 103  31  70  44  74  74
   78  30  44 115  59  57  38  70  33  68  52 110
   39  91   7  12  77   9  72  84  52  13  80  51
   29 112  12  76  62  20  49  96  40  99  54  56
   94  45  77  78 101  68 108  80  29  60 107  59
   49  54  54  56  48  98  27  93  89 115  76  21
   32  31  77  40  15  66  39  20  62  47  82 108
  115  67  24  29  78  83 102  43  84  86  53  74
   75 100  79  69  64 102
   38  34  83 100  45  34 109  90  83  13  83  12
   67  69  77  97  77  72 106   8  18  66  25  53
   33  55  27  23  96  42  47   2  98  56  58  14
   71  73  10  47  16  91  69  90  18  70  55  26
  112  54  88  21  35  67  23  78  86  90  76  73
   91  87  52  77  93  46  20  25  61  77  73  72
   45  82  28  79 106  18 102  72  75  22  42  68
   76  63 102  80  48  18  49  87  67  11  43  77
   29   4  41  66  18  89  20  42  77  29  76  89
   81  71  57  88  51  20 106  82  30  17  65  51
  103  81  20  63  90  72  79  53  52  90  59 109
   29  73  65   6  97  10  72  16  85 114  92  49
   29   9  35  93  80  72
  101 114  26   6  79  49  25  43  40  18   6  56
   47  69  40  21  33 107  98  51  92  81 103  51
   69  42  18  19  75  64  69  89  82  75  82 117
   85  31  96  41  32  20  92  25  51  27  88  53
   15  95  53  87  27  34  55  57  46 104  18  32
  111  46  88  88  11  16  59  75  30  53  64  32
   85  19  35  32  66  18  46 106  13  52  51  47
   97  62  78  86  55  53  17  63  57  16  73 102
   20  31  60  38  46 106  80  37  24  29  21  99
   12  17  62   7  60  87  99 113  41  41  24  42
  114  99 101  19  70  49  28 113  32  31  18  69
   35  67  11  20  62  25  19  92  41  35  26  16
   59  95  46  90  75 102
   47  77  11 106  40  93  55  97 102  74  76  78
   35  99  58 110  47  66  44  72  77 101  69  50
   57 107  46  71  52  75  91  39  86  68  63  82
   19  50 104   7  56 109  30  32  64  27  37  41
   21  97  69  52  30  81  92  93  70  27   2  16
   50  93  82  78 100  83  35  16  88  26  35 110
   27  41  33  68  24 104 102  48   8  98  25  90
   63  72  61  46  18  68  38  44  48  17 105  28
   28  29  31 108  29  69  71  73  72 104 108  86
   52  80  80  31  62  34  36  85  53  24  15  43
   80  82  43  53  19 113  21 101  79  17  94  57
   92  48  56 111  66  65  65  87  42  84  94  89
   77  36   9  20  53  84
   45  72 102  63  84  99  81  65  17 105  21  75
   37  22  81  46  81  19  79  42  94  93  47  65
   56   6  26  31  45  87  49  64  44  19  40  19
   68  58  12  64  32  35  42  91   9  99  43   8
  105  85  93  44  82  65  69  53  55  42  21  63
   15  85  16  40  18  36  33  17  78  32  47  49
  104  21  58  55  80  36  25  55  74  65  11  68
  113  27  92  58 114  60  71  61  22  96  17  34
   24  73  70  19  32  30 113  99  27  95  74  68
   71  78  30  69  24  71  51  96 107  69  23  60
   74  71 101  86 102  88  53  24  78  41  76  24
   85 104  79  77  19   8  15  90  93  21 104 110
   27  33 102  29  56  42
   63  70 101  87   5  48 116 100  39  68  16  65
   67  80   7  45  79  66  72  78  60  29 100  92
   47  69  80  55  61  67  97 101  81  91 100  63
   31  32  91  80  55  71  37  46  77  44  91  58
  101  17  30  69  74 114 102  97  90  23  92  46
   68  24  33 105  64  90  77  55  63  95  40  73
   68  45  55   6 100  37  63 101  22  64  70  69
   75  31  55  41  99  48  26  29 106  61  10  22
   96  85  43  51  65  57  13  67  79  88  79  50
   17  79  51  83  39   5 105  47  28  14  66  46
   19  60  73  71 101  52  59  98  36  11  91  37
   17  55 102  46  30  40  43  46  89  26  49 107
   76  35  48  28  91 100
   27  34  68  82  26  45  44  72  97  59  63  54
   66  42   6  17  43  79  15  98  24 105  24  18
   19  59 116 101  52  27 115  90  61  28  18  71
   61  54  98  34  11  56  19  60  13  62 100  73
   72 104  37  61 103  53 104  54  57  33  40  16
  107  70  89  73  55  88 116  51  11 101 106  47
   11  62  66  56  90  59 103  34  99  88  19  83
   65  64  20  24  54  48 105  70  83  35  52  44
   83 104  88  40  65  57  10  70  25 104 104  80
   74 101  74 100  17  23  86  81  39  45 109  40
   85  35  55  21  87  85  65  76  57  23  76  55
  100 106  69  81 108  13  41  32  94  75  60  11
   16  34  19  58  98   7
   63  60  40  79  26  46  71 116  28  25  32  95
   89  77  27  28  33  83  94  62 102 105  39  44
   36  77  43  45  75  54  61  79  61  23  90  88
   40 107  86  80  88   6  33  42  71  92  93 105
   44   5   9 108  62  43  80  44 113  30  57  47
   94  45 109  18  51  85  80  24  26  76 104  40
   23  63  23  37  58  66  86  97  21  91  32 100
   97  17  26  27  25 104  31  38  27  24  68  38
  104  76  93  41  73  13  44  70  63  85  86  59
   47  40  28  57  19  65  27  93  39  73  91  46
   34  23  26 109 100  98  91  33  51  34  45 113
   69  44  86  24  78  30  39  81  20  19  14  61
  102  70  11  97  52  17
  106 102  36  20 106  29  38  98  98  60  72  92
  110  39  42  67  26  33  77  29  30 103  64  91
   89  84  60  86  41  53  42  64  85  96  44  32
   81 109  87  84 112  69  54  58  30 102  40  82
   90  41  97  33  42  53 107  39  70  16  55  68
   95  31  89 104  73  28  50  70 104  90  93  95
   31  98  86  51  64 105  36  99  38 102  66  32
   86  49  26  33  12  62  50  84  88   9  16  84
   80  86  56  92 102  80  55  89 100  17  48  63
   62  71  92  91  63  82  83  20  34 112  79  46
   78  27  41  69  53  93  21  58  77  95  61  70
   91  83  50  40  52  84  58  33  53  25 110  17
   51   7  31  33  93  34
   67  45 101  18  35 100  56  83  13  98  50  48
   77  44  38  36  97  90  71  42 111  99  28  72
   24  39  79  18  85  75  52  55  59  61 108  34
   47  73  38  98  20 105  86  64  36  78 108 111
   67  86  24  78  40 102  46  86  93   4  40  64
   49  43  43  89  52  23  38  67  26  50  19  42
   47  84  51  66  35  54  39  22 108  63  59 101
   71  15  76  89  52  32  69  48  71  38  70  55
   81 102  93  37   8  61  67  73  29  62  28  18
   31  81  19  27  71  34  46  55  23  67  68  81
   33  97  75  91  91  91  58  97 104  52  61  47
   48  98 106  55  85  51  26  97  61  74  51  87
   79  28  27  17  52  54
   90  27  33  53  13 109  78  33  36  99  54  27
   26  96  49  32  48 114  65  38  68  63  34  17
   40  93  26  38  20  95  28  18  55 106  30  53
  101  93 116  55  75  28 106  22  62  75  44  85
   34  96  38  57  73  29  18  81  59  70  64  48
   88  40  54  28  74  22 109  77  29  47  72 103
   56  15  49 102  81  40  74  65  96  93  74  55
  109  93  87  58  63  67  29  99  31  64  65  88
   12  32  72  18  42  30  62  72  45 105  37  25
   85  99  59 101  24  48  13   7 106 100  62  62
   18  30  37  49  16  31  78  93  41  81  54  68
   31  85  25  53  29  40  66  18  26  13  96  68
   84  23  86  24  71  93
   36  35  93  86  12 117  12 104  45  11 115 109
   72 107  26 100  79 102  58  92  38  49  22  91
  114  75  31  24  34  61 114  35  40  68  96  35
   31  89  55  73  93  25  90  56  97  36  44  90
   25  92  40  81  64  70  52  88  61  40  82  50
  110  20 104  97  35  13  29  16  28  17  41  63
   13  88  62  98  56  49  44  38  54  74  97  60
   13  78  60  33  91  89  98  45  82  14  35  43
    5  50  25  97  26  97  58   4 109  55  85  85
   72  49  23  93  91  48  45  95  25  88  56  71
   10 105  73  60  56  61  79  38  33  79 116  92
   51  14 103 100  25  70  35  84  52  70  51  23
   79  49  55  57  24  84
   10   2  89  84  87  43  61  20 100  68  66  17
   97  10  76   5  55  31  53  17   8  69  91  27
   92  69  54  86  82  21   9  60  24  99  66  66
   77   2  19  14  50  82  75  38  39  93   2  41
   63  19  57  26   5  15  31  35  45  47  80  91
    2  27  69  29  68  49   3  38  49  31  69  96
   96  47  73  12  54  70  75  53  84   4  31  96
   17  26  23  54  77  21   5  18  29  22  36  94
    9  43  17  43  68  23  31  12   7  54  77  78
    9  32  14  83  86  79  89  71  12  94  83  26
   56  83  44  10  29  98  26  98  13  73  25  23
    5  67  20   1  46  95   6  80  71  70  35  72
   35  38  51  91  55  15
   45  12  94   9  24  68  37  90   4  53  91  11
   27   7  55  89  19  49  49  67  69  68   8  96
   29   1  67  27  89  28  50  89  75  58  52  90
   30  15  36  95   4  25  12  16  39   9  27  97
   61  60  56   9  64  44  85  29  98  74   1  33
   59   9  76  79  70  31  62   1  78  42  69  89
   34  46  61  81  82  38  37  52  49  91  21  96
   31  44  53  18  79  89  69  18  90  59  96  84
   92  16  35  74  30  36  48   7  56   2  51  46
   18  81  93  91  44  28  54  65  31  54  21  97
   33  31  83  19  46  66  19  40 100  99  80  47
   44  84  83  84  30  76  91  42   8  25  10  49
    7  56  66  51  25  61
   94  24  40  34  49  83  44  82  98  40  94  97
   42  34  62  31  32  93  90  45  11  72  32  44
   53  86  89  18  96  55  48  73  85  35  19  75
    5  58  71  84  19  71  73  90   9  70  28  57
    9  42  11  52  46  97  10  89  75  12  57  65
   21  61  73  93   7  60   1  49   1  97  43  98
   52  79  99  42  23  60   7  48  31  82  74  93
   85  16  20 100  26  92  12  71  57  48   2  31
   86  53  65  59  67  57  37  32  27  21  52  55
   14  58  79   8  28  68  58  73  60  80  43  81
   34  83  33  43  35  70  13  90  57  71  90  11
   32  90  35  87  74  50  12  36  12  19  24  42
   29  55  45  96  99  46
   85  61  40  52  91  34  77  28  99  60  84  38
   71  35 100  91  22  28  12  68   7  74  44   4
   16  61  43  81  52  13  69  18  26  83  79  48
   39  39  17  18  74  48  98  66  79  70   3  17
   59  38  57  62  60  51  25  53  58  60  90  87
   49  56  54  95  29  54  12  27  90  86  45  40
    4  84  11  88   8  71  26  10  95  46  57  12
    2  69   7  59  93  58  98  62  53  66  72  66
   67  73  60  35  17  75  86  41  62  68  46  53
   30  39  93  21   4  50  36  66   7  28  14  68
   93  52  91  53  38  41  45  78  14  38  49  22
   92   4  65  71  23  97  27   8  21  70  29  96
   57  49  16  72  47  25
   32  49  32  68  26  12  28  63  51  52  49  40
   26  53  17  94  13   5  68  95  58  39  96  24
   30  71  79  12  54  32  25  74  56   9   7  55
   91  82 100  57  88  64  20  83  83  33  60  74
   61  75  28  44  87  18  83  19  52  70  77  75
  100  60  88  75  76  69  60   8  58  73  37  19
   93  80   6  59  40  64  29  14   2   5  85  42
   65  27   6  16  39  33  11  55  91  48  49  70
   85  47  34  92  19   4  81  17  61  19  47  35
   88  63  65  80  27  12  85  56  81  83   7  80
   83  77  21  20  20  13  47  26  74  61  70  78
   65  90  74  17  81  97  87  78  21  48  12  41
   28  12  68  55  30   4
   78  45  16  78  99  19  16  76  61  31  13  60
   12  76  63  83  41  38  11  29  65  71  69 100
   19  96  14   6  39  84  65  48  53  42  79  13
   66   3  34  51  51  12  16  75  33  15  12  37
   76  47  88  23  76  15  88  37  44  90  12  88
   90  96   7  83  22  90  55   7  19  59  62  15
   32  97  42  17  61   4   5  69  49  63  47  59
   66  37  36  91   1  46  99  78  42  64  11  27
   69   4  80  24  43  99  38  26  87  99  25  45
   81  54  79  40  43  99  22  97  21  48  49  25
   77  73  13  37  78  99  14  40  82  91  89  24
   24  34  96  46   6  29   3  23  80  77  70  10
   46  66  50  98  25  59
   98  99  62  18  64  65  43  42  20  23   5  55
   79  19  32  42  59  87  30  93  12  85  60  42
   67  29  79  97  68  34  75  88   9  50   8  96
   71  99  42  95  63  17  88  87  58  81  40  41
   28  61   9  31  84  45  64  70  15  81  71  54
   19  20  27  91  50  42  96  49  48   5  53  81
   77  72  17  75  70  59  86  81  56  66  82  56
    5  14  83  96  59  85  61  80  81  60  19   1
   78  55  32   5  49  58  81  31  17  68  92  48
   70  33  75  91  97  82  56  98  26  73  22  51
   57  20  51   8   9  36  56  44  47  69  20  92
   29  43  31  72  36  86  23  36  14  80  13   2
    8  89  35  88   4   2
   94  48  96  88  51  52  80   2  11  66  18  95
   95  24  25  58  65  67  51  85   7  38  68  63
   22  63  54  57  14  46  84   1  74  49  15  83
   72  81  73  35  42  93  47  18  67  54  65   9
   73  46  93  90  11  50  16  40  45  33  26  12
   43  37  11  28  61  61  43  67  33  57  63  49
   56  12  72  23  78  35  15  57  88  47  69  22
    3  69  35  83  49   7  18  85  60  40  21  41
   55   8  29  14  31   2  98  16  50  46  43  84
   26  90  22  76  10  95  27  53  81  20  72  67
   34   8  78  53  63  79  61  11  53  13  21  96
   64  38  26   9  24  20   6  75   9  45  34  41
   34  14  15  56  44  24
   37  28  49  25  62  98  12   1   2  37  68  56
   90  95  72  90  82  52  62  98  86  53   2   9
    6  45  16  21  73  16  30  44  89  29   8  34
   62  65  83  30  41  57   6  90  57  28  72  36
   60  25  68  81  53  66   3  76  35  67  46  40
   34  86  69   3  46  59  79  39  74  35  57   9
   64  17  96  92  41  97  42  30  50  97  22  56
   90   3  91  40  56  99  65  23  69  17  61  55
   24  59  31  31  16  49   1  31  87  57  11  55
   58  48  48  64  69  12  89  14  16   5  33  92
   85  83  41  63  97  48  73  94  40  73  30   3
    5  49  82  87  28  21  14  70  27  21  58  32
   37  10  37  47  47  15
   68  77  28   5  57  70   8  12  20  98  20  99
   36  45  31  16  36  39   6  96  84  47  85  58
   76  56  84  81  15  63  72 100   6  61  60  90
   42  30  94  55  91  20  38  15  85  41  60  90
    5  49  26  97  67  38  80  27  18  20  37  35
   13  20  67  35   9  56  85  78  50  36  38  44
   57  36  89  29  11  91  13  32  45  88  71  43
   30  43  13  31  59  96  54  31  43  99  66  29
   89  98  65  53  93  25  99  62  27  82  37  27
   24  35  48  24  68  91   1  20  81  98  44  59
   12  22  95  53  17  39  28  66  58  23  60   3
   82  31  41  96  13  95  39  95  35   5  28  53
   84  95  76  13  35  40
    2   4  89  99  38  65  86  72  72  94  97  55
   66  44  78  90  83   2   5  68  19  22   5  66
   44  66  98  92  38  43  36  14  29  41  33   1
   30  71  10  61  77  97  27  79  68  84  27  52
   97  23  66  30  92  76  56  49  58  16  99  72
    7  56  30  26  98  95  45  38  80  50  48  75
   22  94  82  78  50  98  74   4  94  61  61  57
   16  56  39  34  51  60  92  55  46  96  37   5
   92  71  55  68  71   8  32  69  83  88  94   9
   90  91  49  97  54  25  19   3  68  67  81  76
    2   5   6  95  33  69  87   4  88  72  93  44
   80  48  91  97  42  84  91  23  70  68  82  90
   56  16  70  23  30  13
   61  33  92  10  76  18  54  17  14  40  26  35
   83  11  59   2  72  40  72  44  28  19  38  65
   46  10  71  34  57  32  18  68  17  52  40  27
   92  69   5  96  49   1  72  76  38  75  82  67
   84  15  42  60  73  25  14  23  40  82 100  86
   56  21  38  36  15  21  76  92  23  93  73   6
   83  73  76  40  87   1  17  61  99  13  87  23
   44  30  42  58  94  41  73  61  61  95   4  80
   78  86  74   3  89  41  31  42  38   6  12  25
   55  36  34  81  41  83  82  32  62  81  97  69
   31  34  63  56  96   4  89   2  30  98   9  58
   17  59  52   4  38  46  50  29  63  30   8  28
   34  74  98  83  54  29
   75  45   4  41  33  14  33  50  92  15  82  42
   73  93  25  71  34  99  41  62  11  15  58  43
   56  98  87  86  74  21  60  43  59 100  67  86
   34  45  96  41  83  84  69  27  98  12  76  94
    9  20  20  63  20  37  46  56  55  67  87  41
   88  26  96  66  85  78  83  96  37  75  55  55
    2  93  55  57  38  72  94  47  46  47  94  39
    4  92  24  52   3  59  33  50  87   7  95  76
   94  46  42  90  85  73   1  12  88  10  34  49
   32  40  73  44  87  47  60   6   3  49  84  48
   39  42  17  30  13  30  51  90  30  70  37  84
   21   5  25  27  85  99  95  21  24  84   3   5
   76  87   9  81  60  73
   50  42  17  29  99  72   2  19  63  43  98  40
   39  26  96  57  32  51  40  35  45  90  13  25
   67  47  29  55  59  44  18  17  38  12  10  48
   72  72  29  29  62  32  75  61  32  62  18  61
   13  94  75  46  36   3  10  19  15  92  10  58
   37  87  81   6  47  20  34  55  40  13  66  34
   42  74  55  97   3  78  46  14  83  56  35  50
   39  85  59  62  10  71  85  81  11  41  95  98
   13  26  75  59  37  53  99  44  37  31  24  60
   88  34  67  25  78  98   5  58  89  98  49  68
   88  46  43  35  17  65  46   6  71  92  20  73
  100  55  16  72  83  62  66  59  24  92  68   5
   35  80  69  81  24   5
   93  74  50  33  82  68  60  47  11  44  42  55
   37  67  97  85  64  34  91  11  81   8  90  92
   92  54   2  13  62  84   4  17  48  83  92  44
   41  57  13  71 100  63  98  49  93  52  11  37
   33   3  72  42  13  60   8  58  46  75  79  99
    6  38  26  45  56  20   1  66  96   8   7  73
   93  42  36  49  24  57   6  86   6  14  97  25
   43  40  93  90  56  69  15  33  24  75  57  60
   21  12  32  79  53  49  98  33  95  10   9  35
   32  10  37  13  88  94  22  39  77  75   5  71
   26  67  63  91  23  27  51  42  48  90  38  63
   16  11  42  29  11  95  71  86  22  42  58  95
   86  77  99  62  20  96
   49  43  74  40  94  56  41   4  90  85  79  12
   31  31  89  77  71  22  26  43  11   6  81  58
   84  34  75  72  43  50  43  23  50  79  20  17
   62  13  30  26  19  96  76  68  31  19  25   1
   67  99  93   2  42  73  39  59   2  82  45  64
   14  59  11  91  54  17  35  87  93  35   7  63
   86  51  93  76  58  41  24  21  90  14  79  16
   11  94  83  88  81  12  82  68  83  88  39  68
    8  27  17  75  37  97  69  40  42  23  26  57
   59  71  82  61  87  40  82   9  66  41  14  69
   73  94  86   8   4  13  27  77  60  85  65   6
   42  72  16  79  33  86  74  35  84  83  99  45
    7  49 100   6  58  87
    4  13  72  86   3  87  65  18   9  47  31  12
    4  74  65  46  77  73  40  86  72   8  51  27
   17  35  44  26  64  50  62  44  28  15  76  84
   24   4  29  25   1  36  64  59  85  14  71  35
   16  62  21  86  77  63   2  80  44  97  55  44
   14  77  20   9  47  87  63  48   4  22  20  10
   79  19  33  58  44   2  84  11  82  17  42  73
   25  65  87  81  90  49  60  34  24  99  93  32
   29  23  48  19  11  32  56  14  11  87  54  50
   46  32  22  17  44  31  21  89  82   8  28  73
   25  82  78  38  60  10  99  56  39  13  49  40
   11  28  54  78  64  34  46  77  59  94   1  93
   69  95  73  75  18  80
   39  58   1  84  75  13  64  25  89   6  58  63
   43  61  69  67  19  15  46  67   6  10  89  39
   85  77  37  92  24  29  50  60  52  41   6  84
   61  43  78   5  83   6  31  45  83  27   3   1
   47  23  93  28  62  11  56  28  15 100  78  39
   69  77  75  20  60  96  73  39  80  62 100  62
   62  24  69  41  74  54  72  95   1  47  60  11
   34  95  36  13  59  85  42  67  45  80  42  59
   26  11  16  83  94  58  41  34  88  47  85  85
   75  29  88  88  42  72  56  51  81  48  41  30
   81  18  38  13  11  23  61  15   8  68  43  55
   65  15  13  55  22  61  88  16  47  36  63  16
   30  85  92  87  65  55
   14  90  71  66  93   3  40  72  77  12  60  86
   78  19  62  70  54   1  37  77  37  50  72  95
   78  10  90  81  84  10  89  98  52   7  74  58
    7  22   2  49  40  75  10  83  50  28  61  28
   74  15  80  47  31  85  88  35  52  41  40  56
   28  68  65  83  37  82   4  33  88  62  42   4
   57  87  54  14  23  74  35  40   7  16  40  53
    9  21  24  54  46  47  74  19  88  40  55  24
   99  72  38  95  70  80  42  39  59   2  73  83
   28  11  61  10  81  58  93  98   2  11  57  58
   88  83  74  71  95  80  39  25  68  31  56  50
   80  31  80  62  74  73  48  96  94  92  22  43
   27  97  23  88  38  10
   76  71  18  27  92   3  93   5  68  96   4   2
   40  10  82   6  36   9  48  14  64  63  95  16
    2  35  80  87  78  58   5  72  67  34  10  74
   71  15  56  41  12  91  21  55  13  83  75  18
   92  23  79  39  48  43  66  24  45  68  29  61
    3  98  10  11  82  99  87  88  78  85  65  57
   98  14  56  13  56  66  72  70  60  39  11  54
   96  30  45  84  18  29   7  64  35  97  78  64
   97  66  77  18  86  14  45 100   2  62  33  22
   45  55  93  12  14  55  64  10  82  24  55  47
   95  14  38  43  48  52  35  82  83  32   1  11
   69  97  17  20  95  34  75  32  52  50  65  92
   26  70  64  52  81  23
    288   303   311   307   302   305   315   283   289   304   342   294
    316   297   307   311   276   304   314   304
