 20 200
   98  66 111  24  40  26  37  62  59  91  55  57
   20  11  97  14  37  44  34  25  34  65 112  35
   44 110  97  13 117  29 100  34  31 103  25  29
   30  35  92  23  34  81  87  95  53  84  91  68
   73  53  15 112  51  21  56  36 111  95  61  43
   93  81  95  70 110  53  61  62  73  69  53  29
   38  54  56  43 100  92   4  74  46  62 106  61
   72 112  96  58  63  62  79  64  87  33  31  18
   30  28  57  42  70  48  24  29  81  46  16  80
   44  41  20  35 100 103  45  23  75  80  77  66
   11  40  25  13  56  84  13  29  39  83  86  86
   60  36  28   6 112  85  22  45  63  90  42  97
   49  10  66  97  22  67  66  45  20  83  34  84
   81  36  64  64  63  27  86  91  62  53  33  30
   43  45  27  50  36  63  59  14  20 109  43  83
   89 114  67  25  81  83  59  97  39  71  52  14
  116  52  90  75  18  42  60  46
   78  77  56  12  15  38  51  58  14  59 110  56
   68 100  31  61  25  77  60  44  46 100  20  49
   34  40  67  90  92  69  30  43  62  81  59  95
   90  90  98  59  43  72  92  36  58  37  68  81
  110  88  71  57 109  91  90 103  90  47  63  96
   41  36  66  38  12 102  85  61  56  13  93  23
   32  16  16  53  20 106  65  32  91  88  49  86
   57  46  59  65 105  39  94  24  64  96  97  40
   24  16  39  80  96  67  53  20  96 100  85  24
   44  32  59  83  66 101  34  50  36  62  97 100
   93  28  83  72  76 110  64  34  79  30  42  13
   25  76  70  33  16  37 104 100  78  74  39  83
   52 103  93  64  75  64  41  78 117  85  15  60
   22 104  33  87  76  56  82  34  86 100  95  29
   68  96  97  65  54  75  42  53  89 104  70  46
   23 110 101 100  56  41  30  38  32  19  81  67
   56  69 100  38  13 101  70  95
   34  77  71  20  11  44  84  87 110  30  98  34
   88  23  73 108  85  58  83  15 116 110 115  17
   39  44  91 106  57  30  84  77  88  76  68  51
   10 117  18  86  61  79  33  91 104  79  75  55
   86  62  64  51  50  16  11  62  62  68  12  52
  110  50  14  52  47  50   4  38  47  81  25  87
   70  51  38  95  73  17  30  74  42  22  76  66
   77  17  96  76 102 107  47  37 105 104  83  98
   50  41  63  30  17  45 105 104  77  49  82  94
   69  22  51  64  53  59  86 109  90 102  73  38
   41  85  47  70  50  66  87 114  78  72  94  53
   28  44  12  19  41  75  52  52  42  55  97  22
   19  80  61 110 101 108  76  64  16  23  32  39
   76  71  82  80  72  49 102  58  91  69  63  29
   26  94  31  83  80  86  83  27  62   9  24  17
   19  13  59  16  72  43  52  71  57  13  85 108
   74  92  72 110  16  94  91  32
   47  80  97  52  68  78 106  87  55  31 103  49
   88  48  18  45  90  14  97  55  55  66  35  82
   73  32  85 111 101  67   9  80  82  50  47  88
   64  71  71  69  20 110  44 107  38  63 110  77
  105  50  33  29  74  70  62  26  95  41  39  26
    6  49  64  48  25  23  34  63 103  90  93  32
   53  80  38  84  18  39  90  80  71  19  43 102
   59  58  45  54  77  54  31  68  76  96  56  41
   60  98  69 101  55  86  35  85  56  73  94  82
   63   6 115  49  92  42  38 100  86  15   9  44
   22  91 110  81  49  78   6  17  93  76  63  26
   54 104  55  68 114  69 106  44  28  50  48  35
   35  12  65  65  48  68  68  66  97  31  52  49
   59  42  30  82 109  51  27  76  21 115  52 106
   97  85  24  10  68  80  84  48  22  50  19  37
   45  87  49  12  27 108  21  35  25  54  51  76
   94  41  89  95  24  45  69  39
   98  41  23 100  66  33 111  23  98  96  53  43
   81 100  34  45  68  38  66  95  31  17  62  57
   84  45 103  84   8  27  87  75  95  47  75  35
   25  82  17  69  16  34  99  75  47  89 100  14
  108  76  41  60  44  84 101  86  23  50  90  61
   56 101  60  71  97  35  56  17 109 105  59  50
   77  69  39   8  21  13  36  29  16  19  64  17
   70  33  64 100  35  46  28  28  48  69  80  93
   84   8  30  15  94  58  72  45  21 107 104 102
   73  48  34  53  68  10  25  91  81  58  27  58
   60  40 101  95  57  47  81  25  58  72  63  35
   71  76  37  96  90  37  78  55  99  28  33  46
   90  50  88  97 108  35 109  41  23  17  58  93
   13 103  83  41  83  10  25  94  30  31  87  22
   28  58  48  91  10 107  12  23  23 109  84  45
   87 116  27 108  46  96  84  32  68  97  82  84
   79  45  61  55  83  39  40  82
   74  49  51  99 102 105  35  95  20 113  59  44
   26  77  19  46  82  11  10  58  30  66  35  78
   55  54  89 110  43 103  74 106  13 106 102  57
   60  91  61  25  74  54  65  60  52  75  51  23
   81  54  43  42  96 105  88 104  91  87  12  23
   88  47  74  72  28  60  82  98  85 102  19   9
   75  30  91  41  28  64  99  45  19  94  97  59
   19  92  72  75   5  43  79  79  57  92  41  88
   61  49  73  23  89  39  22  30 101  33 105  67
   63  29  83  62  56  24  38  89 104  67 102  21
   55  93  76  78  21  28 109  24  76  63  45  26
   46 107  89  80  57  79  74  16  51 113  36  82
   53  97  52  48  48  18  32  89  83  74  71 101
   73  55  97  86  14  39  63  91  45 112  39 109
   21  44  83  86  79  83  76  73  53  68 104 115
   58  82  43 109  14  39  30  44  23  98  21  26
   31  48  13  92  17  58 104  65
   58  75  44  32  51  93  24  67  98  16  23  55
   31  80  30  74  82  28 108  31  91  47  44 111
   78  56  88  94  48  57 101  44  51  93  72  43
  112  80  89  42  53  34  32  43  64  89  80 101
   95  37  79  79 111  63  23  25  46  93  82  49
   35   8  73  57  18  33  19  68 106  69  78 113
   78  93  54  66  25  64  93 107  19  97  65  91
   26  74  50  87  73  91  21  40  24  84  82  17
   51 110  79 108  56  25  21  71  83  93  68  89
   99  91  21  68  27 101  66  48  73  47  54  13
   49  66 101   9  74  57  78  52 102  63  33  84
   99  33  84  65 104  28  73  69  29  55  89   8
  108  30  77  73  80  65 103   8  44  55  39  17
   72 108 108  93  49  42  98  96  46  62  96  85
   18  72  66  70  37  23  65  40 101  51  61  25
   30  95   8  86 116  91  96  23  61 107 103  94
   42  48  53  66  33  16 106  24
   94   7  24  59  71   3  72  93  79  66  53  65
   44  23  79 100  36  24  74  97  94  46  28  11
   22  14  39  32  82  98  40  54  61  79  33  86
   80 108  12 102  18 108  10  56 101  58  92  26
   20  48  43  15  60  40  46  52  26  22  41  95
  101  93  72  49  90  14  62  89  27  63  22  64
   77  48 102  32  84  90  83  26  72  81  70  50
  111  59  76  94  26  25  66  55  45  28  75  35
   12  69  88  56  24  98  88  16  68  79  88  78
   72  85  58  33  39  49  48  11  64  94  62  30
   49 101 107  79 111  92  12  68  90  26 102  87
   89  24  90   8  78  65  75 100  64  18  77  24
  108  67  50  78  16  92 108  57  46  92  19  69
   79  37  84  64  76  27  94  70  86  49 112  97
   51  47  39 100  93  35  26  94 106  59  48  23
   85  67  73  30  81  79  73  13  67  54  19  94
   18  49 101  89  67  85  98  80
   20  58  88  34  53  76  82  22  53  87  35  54
   51  37  75  79  55  78 117  41  34  74  19 104
   65  30  75  80  54 108  83  89  56  54  91  16
   40  78  73  70 113  24  90 109  24  78  48  75
   80  69  83  66  39 102  53  19  44  39  40  99
   89  24  55  24  31  75  34  90  51  88  86  20
   98  23  63  27  70  27  42  24  60  44  29  47
   93  81  15  41  53  75  51 112 109  37  84  27
   78  17  17 100  72  73  36  80  63  98  94  64
   77  68  88  13  49  77  94  39  38  59  35  61
   90  21  50  38 102  99  22  46  34  96  38  83
    9  99  46  46  40  32  81  29  67  50  78  37
  101  29  58  71  21  21  42  89  46 108  56  38
   69 112  76  19  90  32  40  86  63  34  67  87
   25  76  84  96  43  40  60  68  35  54  20  80
   84  34  45  81  38  39  26  37 116 109  78  54
   82  21 100  28  22  43  90  97
   41 101  68  60  35  27  26  34  16  90  32  90
   74  83  60   9 107  32  96  49   9  23  30 101
   92  66  95  28 101  38  38  67  38  70  36  83
   28 110  69  57 110  45  79  53  26  76  56 103
   50  26  47  21  81  39  13  66  78  62  93 103
   64  41  48  57  45  69  36  28  74 108  52  98
  109  22  41  55  19  25 103  48  35  99  54  94
   46 101  64  70  48  17  81  31  75  44  71  68
   67  18  18  36  31  26  55  68  17  79  83  39
   45  19  45  52  45  70  30  92  54  37  67  91
   67  49  24  69  86  16  25  76  28  30  94  48
   68 111  56  57  55  13  20  63  58  23 116  26
   86  91  42  93  62  34  98  19  61  76  16  62
   51  38  69  89  32  41  12  26  40  49  36  77
   12  76  77  90  95 103  58  41  81  43  99 103
   45  75  75  81  53  33  20  67  27  64 102  20
   82  70  97 110 104 106  91 101
   38 100  97  34  51  41  53  41  82  16  37  67
   14  26  53  14  46  97  76  30 104  49 106  88
    6  83  41  74 106  80  51  65  84  34  66  20
   50  24  39   6  68 102  91   4  47 115  40  15
   46  34  62  44  78  19  89  33  38  45 104  60
   88  28  89  27  66  95 115  29  89  48 109  77
   97  83  96  29  92  73  82  30 105  54  33 100
   59  49  88   9  88  23  92  64  99  91  65  17
   50  93  37  17  22  49  27  41  57  86 101  59
  102  35 103  65  28  85  99  53  84  18  61  75
   62  28 116 117  74  92 116  55  59  79  77  55
   47  69  29  56  15  59  98  26  95  81  65  60
   83 115  73  13  88  41  70  55  43  44  69  36
   51  25  88  48  23  37 110  19  39  43 115  29
   74  50  77  41  88 110  63  41  71  34  44  12
  106  80  57  34  98 105  59  29  62  70  42  20
   65  58  48  59  92  51  92  80
   56  28  78  85 107  76 114  97  11  66  85  19
  100   7   9 107  61 110  13  86  66  90  33  79
   38  88  25  56  34  66  85  64  23  74  91 108
  102 100  91  74  18  80  78  61  80 100 106  49
   62  32  10  86  60  83  59  54  24  53  71 103
   51  60  40  34  97  30   5  99  47  17  15  56
  105  40  35 100  49  53 109  79  60  95  42  96
   32  22  74  83  66  42  48  84  18  96 110  27
   95  40  72   8  38  33  85  21 104   6  73  64
   49  52 101  33  65  25   9  67  63  99  81  62
   74  80  75  84 115  85  63   6  22  27 109  17
   36   6  73 104  24 100  48 100  39  91  86  91
   25  41 101  44  50  89  64  71  58  27 106  32
   83  81  84  23  91 113  73  39  82  44  81  68
   75  47  94  79 100  23  32  85  31  87  20  76
   18  60 110  66  49  69  76  93 103  97  94  60
   13  22  97  59  59 102  13  64
   81  47  36  32  48  38  20  10  23  22  53  22
  107  30  88  42   9  92  62  63  81  48 102 101
   62 107  91  70  10  64  71  54  51  76  72  30
   10  17  24  56  72  31  89  99  75 101  44  19
   87   9  32  91  61  61  99  85  13 104  75  34
   37 100  85  73 102  41  66  63  51 106  88  52
   31  83  20  69 110  52  78  44   6  34  94  75
   20  65  56  62  15  66  59  59  80  46  89  35
   86  51  92  89  51  31  73  83  63  23  75  67
   11  40  52  41  66  80  45  67  73 101  76  35
   96  23  36  98  55  79  64  62  48  76  59  42
   83 104 103  54  99  83  11  49 109  48 108  76
   79  75  71  24  22  69  22 108  42 103  95  89
   79  62  14  38  94 104  59  76 108  89  20  67
   42  72  33  66 108  36  50  75  70  50  69  79
   97  28  14  69  21  20  49  85  70  53  97  88
   71  87  47  65  61  45  46  30
   28  31  89  87 110  50  50  79 105  69  80  42
   40 104  51  37  45  72  94 116  39  82  83  91
  104  34  87 102  31  82  83  55  18  71  10  28
   91  45   8  50  90  35  12 100 100  79  94  50
   33  71 109 103 100  41  27 105  77  44  60  74
   34  15  83  83  61  33  59 111  83  85  31  32
   13  58  29  25  19  32  53  46  36  71  89  44
   24  32 115  66  64  80  42  92  11  98  30  65
   62  97  32  59  85  83  22  96  44  19  25  75
   46 109  86  81  20  89  48  61  23  24  54  29
   50  85  87  64  93  63 100  55  85  59  19  76
   33 104  82  19  48  97 109  39  62  23  55  91
   52  70  75  59  36  44  21  65  83  56  10 108
  102  55  79  23  80  98  31  66  60  61  31  14
   91 110  56  20  21  39  63  69  36  45  63  61
   79  22  59  31  68  72  18  31  35 106  65  27
   52 115  59  73  68  80  13  91
   15 101 104  65  89  90  41  37 110  43  32  70
   62  90  43  60  36  96  79  26  60  98  86  18
   95 101  78  24  27  55  99  94  95  50  17  27
  108  36  85  94 105  33   9  75  93  93  50 111
   88  35  61  61  48  40  80  65  74  97  87  22
   39  89 103  53 107  74  39  35  37  67  64  28
  103  38  47  87  85  44  90  62  21  92  64  70
   19  88  48  93  55  39  83  20  39 104   7  48
   32  97  75  58  22  14  53  74  83  56  35  91
   68  48  54  48  15  47  91  54  38  58  60  85
   19  87  25 102  53  32  40  77 103  98  66 100
   29  86  22  69  64 112  10  56  90  98  95  22
   85  58  69  99  56  41  71  92  63  40 100  17
  109  79  19  92  83  37  37  28 109  56  29  29
    5  63 117  62  81  27  89  62  32  69  35  56
  100  65  75  34  84 100  67  89  78  21  36  31
   68  38  72  27  71  93  63  28
   41  20  58  89  52 105  36   9  67  97  19  39
   78 113  98  90  51  32  60  20 102  74  66  46
   56  69  36  18  85  73  48  21  46  22  23  63
   39  89  98  29  59  35  58  62  31  28  72  71
   80  53  70   8  80  88  52  23  94  84  83  79
   47  12  63  24  59  53  94  29  78  35  34  23
   66 102  35  97  78  99  98  60  22  16  86  91
   44  81  55 103  86  35 115  27  28  77 103  50
   89  99  89  76  54  41  30  50  44  70  81  73
   26  48   6  54  49  86   8  81  34  71  22  68
  101  64  49  53 107  84 117  27  73  65  89  36
   68  99  17  90  82  41  59  21  14  25  81 113
   34  68  51 107  92 111  23  76  17  24  79  87
   52  71  54  67  38  35 109  20  26   7  76  87
   57  80 104  32  67  67  70  82  69  48  14  44
   26  39  22  69 102  11  28  59  59   9  99  95
   21  96  29  55 105  38  41  36
   73  22  92  92 101  64  30  23  83 107  83  71
   24 103  50  18  49  83  99 104  87  24  29  98
   49  46  82  63  93  59  49  12 112  85  34 111
   84  40  54  54 109  20  82  54  26  76  17  46
  109  50  16 114  27  21  58  42  88  87  26  73
   76 110 102  18  26  34 106  26  11  19 115 103
   38  77  37  27  27  57  45  48  92  31  73 112
   81  92  26  20  14  38  86  95  80  57  86  64
   28  30  14  21 106 108  51 103  33  27  88  55
   53  37  51  40  76  72  60  66  63  75  21  68
  100  22  48  17  16  88  34  50  62  95  60  44
   66  65  30  55  87  88 104  87  36   8  90  36
   61 112  81  42  62  99  78  66  32  18  55  83
   14  16  82 108   9  73  33  82  38  98 109  92
   68  24  90 108 103  79  17  38  86  76  37  87
   66  36  55  68  84  49  92  46  21  32 105  21
   64 104  54  83  49  83  24  15
   57  49  45  30 103  20  96  77  67  28  66  30
  102  53 101  53  99  83  94 105  17  46  48  72
   51  74  32  36  32  26  14  22  50  72  66  35
   32  69  44  13  25  19  89  87  21  85  90  90
   64  94  22  71  73 112  91  94  86  38  12  51
  104  67  11  51  28  72  11  49  89  66  82  21
   25  81 116  72  31  73  82  15  48  33 101  88
   37  65  37  39  84  72 111  86  86  68  53  45
   19  30  33  76  15  68  16  20  91  74  65  52
  100 106  63  42  21  22  64  43  70  95 108  61
   58  99  88  90  92 102  29  97  35  47  85  45
   10  20  87  46  76  61  45  29  43  78  56   9
  109  19   7 101  50  94  91  40  72  81  95  65
  101  81  78  69  21 106   6  79  70  97  64  95
   89  61  73  15 100  81  48  28  26  69  42  31
   95  74  92  29  58  74 106  80  93  76  86  14
   29  29 103 108  74  91  87  25
   84  51 101  26 107  38  21  51  25  88  32 101
   30  38  44 101  64  42  64  49 110  34  14  86
   68  69  70  85  89  80  27  53  96  97  71  81
   57  19  59  64  22  65  53  34  81  65  76  66
   57  23 104  95  64  79 100  40   9  86  23  68
   68  43  49  59  53  71  30  61  82  32  60  41
   50  10  10  14  96  11  58  59  51  17  13  19
   56  34  91  76 101 109  40  60  61  67  15 100
   85  44  90  66   5  67  87  94  97  94  14  20
   58  77  96  94  73  97  43  95  26  21  69  98
  102  89  74  96  30  75  27  24 102 108  73  92
  105  45  27  71  97  72  87  50  25  72  55  36
   20  37  30  44  53  79  84  99  58 100  62  55
  114  89  53  79  98 101  30  21  26  88  62  19
   39  37  80 104  18  35  20  32  98  10  91  43
   80  97  40  47  62  35  21  17  77 116  78  95
   62  13  97  48 105  39 102  85
   83 100  29  94  34  26  49  17  90  66  29  59
  105 100  92  32  51 103  78  31  74  11  66  85
  103  22  10  81  66  55 107  26  71  55  42 115
   26  14  53  52 108  62  26  77  77  31  15 111
   76  29  20  60  40  60  65  77  49  38 109  73
   56  52  40  69  25  43  56  80  65 107  28  21
  114  77 101  79  49  65  80  63  35  82  42  39
   45  15  44  18  99  97 100  86  88  82  90  61
   97  32  52  81  40   7  85  69  43  77  37  57
   70 101  18  44  63  29   7  39  76  93 108  65
  106  65 100  14  32  65  69  27 106  69  71  90
   70  29  18  38  47  90  72  84  82  39  39  79
   14  78  94  36  39  93  73 105 110  88  32  25
   89  95  85   9 106  23  92 101 104  71  90  11
   82 102  69  33  33  72  54  71  22  38  65  20
   18  92  47 101  25  19  54  14  47  91  71  47
   34  41  76  86  48  13  60  69
   15  45   5  88  68  83  71  44  58  26  58  59
   92  97  19  91  81  76  84  77  86  40   8  72
   62   9   6  95   1  86   6  72  74   8  85  79
   79  77  22  90  82  21  31  16  58  21  11  48
   42  65  88   6  64  90  64  78   2  25  51  68
   18  31  21  36   4  51  50  42  30  50  59  90
   81  61  61  77   6  26 100  29  58  41   1  48
   42   1   7  56  54  43  29  41  28  87  84  94
   77  86  47  61  42  63  81  80  30  59  98  31
   60  74  87  72   7  14  69  91  45  32  34  43
   93  73  87  97  56  18  95  82  68  26  25  25
   42  78  88  98   4  26  91  63  44  27  71  15
   60  96  44  23  96  46  45  75  93  29  77  27
   27  84  52  38  52  80  33  20  52  57  78  79
   74  73  90  61  82  47  51  92  92   2  73  28
   22   6  39  89  30  22  47  15  64  49  54  97
    3  62  21  33  96  61  51  61
   39  36  51 100  87  78  61  54  94  48   6  53
   46  13  75  50  83  28  54  68  74   2  85  70
   79  66  39  24  21  46  81  77  52  26  48  21
   29  20   4  59  73  43  21  81  45  73  39  26
   10  28  42  54  10  27  23  13  29  64  49   9
   64  76  39  75  94  10  24  41  48  91  21  96
   72  95  99  67  99  13  50  79  22  23  54  29
   54  57  54  51   6  72  19  89  47  14  14  64
   81  91  69  39  11  44  52  92   6   8  32  87
   76  85  47  35  36  17  80  69  74  46  21  13
   25  90  37  44  33  10  44  70  26  73  73  92
   79  32  38  76  89  82   8  20  39  42  71  22
   65  11  10  54  34  45  61  24   2  23  93  48
   87  16  72  21  44  56  26  77  21   6  19  73
   38  23  18  41  51  36  62  67  26   9  32  60
   97   7  16  14  50  71  79  81  75  85  36  43
   50  43  16  73  98  18  32  12
   83  29  42  82  94  67  36  17   7  86  13  84
   24  88  41  12  32  50  28  93   1  10   3  89
   72  68  16  14  55  79  36  32  21  43  35  54
   94   3  89  26  51  32  71  29   7  37  41  64
   17  45  42  56  61  97  95  41  49  49  92  61
    5  53  89  59  62  64  99  71  64  26  89  22
   48  67  69  19  46  93  90  42  76  86  37  42
   38  89  19  32   2   9  67  82   6   1  28  14
   52  72  55  88  95  68   4  10  40  71  25  11
   33  90  60  50  56  56  32   6  24  16  41  68
   70  28  58  35  52  53  20   3  33  48  19  63
   83  61 100  95  72  27  56  61  61  56  16  95
   98  33  43   4  11   8  29  54 100  88  83  71
   36  40  32  30  47  71   9  49  19  34  47  83
   85  13  80  24  24  22  27  82  46  98  90  91
   93  93  51  96  34  70  60  49  50  92  33   3
   38  24  42   2  96  17  13  80
   72  35  20  54  39  38   7  26  65  75   3  61
   19  66  88  62  21  96   7  57  65  43  80  23
   34  88  31   3  19  41  98  25  36  53  58  23
   51  42  43  49  92   6  58   2  72  42   2  35
    6  68  84  84  28  43  47  83  14  77  79  79
   98  62  40  56  92  79  70  53   3  25  23  77
   51  29  70  33  93  70  29  31  37  96  77  10
   59  45  74  60  30  59  77  34  26   9  62  71
   51   8  40  16  54  32  80  33  52  42  24  29
   41  96   5  70  24  74  69   5  20  93  95  73
   92  28   8  38  59  27  99  91  19  35  51  83
   64  10  48  35   2  41   2  58  74  67  62  75
   75 100  45  38  68  36  44  45   8  80  53  62
   57  62  84  38   6  57  86  27  89   4  61   7
   10  21  86  94  51  29  35  67  98  69  85  83
   61  18  54  96  85  12  99  77  77  61  53  31
   19  71  30  17  90  60  51  67
   20  77  93   5  50  80   4  90  18  16  52  61
   21   4  82  60  38  72  50  11  81 100  56  61
   33  66   2  28  94  87  22  40  24  65  38  82
   87  28  94  39  98  74   7  37  59  22   6  89
   11  44  74  43  71  18   4  17  83  65  24  48
   55   2  55  36   5  72  53  88   8   3  45  58
   33  39  80  94  94  93  71  83  90  85  39  89
   48  87  53   5  68  70  81  87  68  42  26   9
   25  96  75  94  20  54  41  72  84   9   7  11
   39  65  68  65  40  92  78  25  25  59  93  51
   51  79  11  22  46  58  21  81  45  37  42  77
   38  32  70   6  14  81  24  57   4  89  81  60
   21  67  31  23  12  81  10  77  93  91  50  26
   99   2  26  79  27  94  88   9  72  85  20  82
   83  59  69  11  99  13  99  92  94   8  32  57
   21   4  88  10  56   8  35  71  42  19  28  27
   32  67  53  65  35  64  75  26
   30  63  51   9  17  10  77   7  95   5  53  63
   91  39  94  69  25  99  92  51  76  41  83  33
   56  49  19   8  72  16  31   5  99   3   5  61
   51  14  45  88  41  59  46  42  59  31  59  88
   36  65  63  76  15  15  31   6  18  16  99  92
   14  58  40  41  89  54  23  13  20   5  90  93
   31  72  23  62  74  46   9  59  92  12  13  59
   89  21  45  35  99  60  30  27  54  19  73  14
   51  56  35  80  26  74  91  87  18  84  12  38
   40  74  20  48  46  79  68  15   3  51   3  85
   55  24  35  25  95  86   8  85  36  49  66  78
   71  12  26  36  54  34  40  86  58   5  71  20
   50   8  57  58  57  92  82  22  36  45  43   1
   41  52  20  23  96  72  45  20  59   7  69   2
   92  62  35  20  32  28  39  39  56  36   8   4
   54  38  60  10  94  65  81  71  93   5  87  89
   86  66  98  22  91  48   1  52
   52  30  70  70  53  27  87  35  16  87  88  48
   79  28  76  32  35  76   6  71  24  72  75   7
   26  56  22  26  58  62  14  59  61  17  42  75
    5  26  21  71  67  75  73  68  42  22  33   3
   24  83  31  26   5  39  91  92  67  18  31  56
   79  94  42  61  87  86  96  41  10  38  34   7
   30  27  56  45  92  47  23   9  94   8  42  12
   79  28  66  25  35  26  89  65  78  18  31  93
   60   8  40   8  50  83  84  34  35  10  42  22
   11  21  99  41  76  18  44  71  31  57  56  94
   59  49   3  96  36  48  35  50  11  48  78  20
    7  78  26  45  13  90  35  43  77  62  20  94
    3  81  43  46  37  46  14  96  72  56  77  91
   32   5  11  24  68  77  16  20  58  41  15  34
   92  40  42  49  72  88  39  62   1  67  45  81
   80  13  97  22   4  14  18  95  46   5  12   8
   65  61  58  50  87  89   7  94
   19  98  80  59  47  99  38  19  36  42  51  44
   74  80  23   7  80  87  37   9  13  72  84  96
   97  99  78  82  38   7  71  61  43  27  77  31
   37   2  90  10  84   6  99  55   7  61  12  84
  100  57  68  91  56  73  65  65  79  90  70  12
    5  15  41  69  21  96  50  27  82  47  92  47
   36  56  16  79  32  17  31  85  47  36  36  52
    4  58  31  10  86  84  40  59  62  89  27  79
   98  41  18  54  81  17  15  88  37  28  20  26
   46  32  51  69  67  55  59  98  52  10  52  89
   66  16   9  32   7  16  98  51  22  93   2  23
   29  96  28  94  32  53  34   3  45  89  42  94
    6  49  60  41  97  14   1  61  64  19  98  40
   35  76  28  43  38  87  25  41  21  69   5  23
   69  66  78  19  26  73  76  19  11  52  60  86
   35  51  47  85  27  26  29  91  42  54  84  15
   91  58   7  17  53  19  14  32
   82  55  14  73  65  28  25  91  63  24  79  53
   56  68  45  34  61  25   3  72  82  39  88   8
   50  84  37  30  66   3  29  21  46  49  28  95
   66  36  33  49   6  78  13   2  88  34  57  37
   30  51  19  51  78  10  54  93  60  64  69  12
   24  91  65  96  81  31  77  21  56  28  25  90
   21  80  49  81  47  81  60  87  45  60  82  63
   12  33  91  67  67  36  66   5   8  80  29  75
   40  88  85  11  33  41  75  26  57  18  13  54
   30  46  29  98  58  39  16  72  82  45  74  41
   21  86  53  72  15   6  94  70  69  10  76  28
   96  12  59  66  65  77  28  80  37  65  35  80
   17  73  45  38  89  83  77  28  70   2  53  74
   47   4  36  92  19  79  74  33  47  77  50  26
   93  44  20  24  68  75  55  46  70  50  93  23
   32  84  75  38  65  68  91  73   2  11  28  54
   38  85   4  88  82  73  23  15
   72  15  45  43  80  80  93  77  99  18  71  28
   40  22  43  97  12  71   8  58  96  96  72  16
   19  48  19  81  10  64  73  41  80  43  72  19
   88   7  36  54   6  75  32  63  90  31  48  12
   52  89  60  81  23  66  98  42  24  49  19  16
   39  64  71  48  75  45  67  78  42   2  50   6
    9  89  62  58  83  78  17  64  74  20  62  16
   63  17  54  45  71  94  22  85  30  65  39  46
   48  97  93  75  80  91  50  35  98  36  29  66
   58  89  64  57  68  40  79  13  59  77  53  27
   51  62  92  44  24  93  92  35  86  80  16  61
   43   4  53  45  65  93  95  39  56  93   3  92
   25  28  74  26  50  73  12  89  52  29  95  43
   60  79  46  19  81  68  99  87  71  66  71  36
   97  39  27  28  16  17  50  74  32  60  14   5
   74  34  44  36  64  72  96  36  78  47  15  98
   23  39  10   9   4   6  21  13
   69   7   8  86  53  72  64  62  27  89  78  46
   95  85  53  91  57  15  34  80   2  61   1  20
  100  26  65  30   3  22  63  41  28  70  47  87
   60  92  79  99  41   3  29 100  64   4  64  96
   70  79  45  72  37  90  17  86  77  64   6  60
   28  92  13  79  50  24   4  77  17  56   8  39
   11  31   8  89  14  29  37  86   7  61  70  19
   58  65  18  94  19  96  21  41  18  25  44  92
   55  24  70  87  92  69  91  62  54  32   8  44
   11  68  15  43  84  17   3  50  31  92  47  27
   43  79   4   2  40  22   3  62  59  24  40  48
   55  37  75  49  89  59  21  93  25  26  39  46
   20   1  34  97  24  78  46  63  68  67  46  73
   61  91  30  68  81  80   7  89  71  65   2  80
   34  70  42  70  22   7  54  75  33  69  58  91
    6  26  59  84  13  15  43  86  51  37  68  90
   39  49  62  43  11  59  13  36
   60  75  29  29   9  27   4  14  94  45  29 100
   15  99  98   2  42   4  90  33  39  29  84  26
   82  25  83  54  78  39  26  46  81  37  14   7
   17  19  22  34  93  36  24  41  26  15   8  71
   54  72  92  19  60  36  54  50  88  62  34  16
   62  53  68  74   6  80  98  14  59  96  94  60
    3  63  71   9  66  58  11  33  60   8  75   8
   82  91  32  28  46  71  67  27  93   8  10  93
   15  75  42  94  70  83  30  89   6  97  30  50
   71  53  16  83  43  79  95  43  40  15  27  56
   40  24  41  35   5  24  57  99  93  93   4  96
   82  98  37  16  86  11  58  12  73  20  33  18
   87  61  13  72  65  27  48  31  54  90  13  85
   31  22  20  88  25   6  41  65  30  64  24  37
   28  73  14  38   7  79  70  34  77  23  84  42
   92  51   4  47  70  42  43  25   5  23   8  56
   92  83  13  47  46   2 100  49
   22  64  72  82  54  76  95  94  83  89  55  89
    8  90  19  69  95  10  41  53  30  64  17  19
   50   4  17  45  96  49  37  59  53  42  39  77
   96  85  93  51  31  87  29   6  39   7  68  92
   24  95  78  26  50  41  10  29  92  13  43  77
   73   6  33  44  12  79  49  41  66  11  22  65
   76  27  86  40   8  59  26  62  96  79  15  41
   91  46  62  47 100  51  59  51  30  59  17  73
   33  53  14  21  51  77  40  37  56  83  39  41
   99  71  52  76  50  35  61  48  41   6  37  72
   12  93  76  17  54  35  50  47  54  35  46  66
   36   9  12  65   8  29  98  58   3  67   9  35
   23  37  32  95  84  42  95   4  63  13   8  23
   32  57  95  64  12   1  57  28  10  31  97  50
   68  40  78  41   3  71  57  36  49  60  36  33
   10  79  99  41  90  83  63  19  50  49  14  25
   42  24  58  54  58  66  59  89
   74  86  25  15  10  60  53  26  10  50  28  64
   69   8  56  79  74  30  17   4  66  24  31  15
   14  78  33   5  81  34  34  52  96  47  95  87
   20  63  95  61  14  84  96  18  11  37  19  58
   81  39   1  14   6  75  79   9  38  58  46  38
   79 100  28  28  45  84  45   6  32  30  87  75
   89  62  81  77  85  82  56  64  78  34  15  64
   84  73   3  53  46  38  76  23  99  17  72  49
   47  14  73  60  23  25  81   9  62  98  83  34
   70  10  21  36  93  28  58  45  82  81  54  85
   66  34  26  47  20  47  20  56  31  50  83  41
   70  13  29 100  61   8   5  75  44  84  65  15
   52  35  36  47  74  65  86  46  26  60  96   3
   17  56  24  90  23   9  78  37  52  58  83  90
   13   5  49  91  83  70  42  39  84  72  49  59
   39  89  51  76  51  32  90  78  68  10  37  90
   51   3  60  38  44  27  96  20
   96  17  14  37  15  12  76  77   4  72  74  46
   53  25  68  56  66  18  28  91  54  18  25 100
   25   2  32  88  83  54   8  13  21  55  98  77
   12  79  30  26   3  86  97  34  14  18  63   4
   23  85  50  59  69  71  32  37  38  20  33  85
   63  26  15  50  11  38  77  75  83  44  47  92
    7  68  71  20  26  67  16  48  97  19  55  40
   87  20  66  26  59  76  25  88  72   3  95  68
   72   9  30  45  87  97  56  45  21  61  76  21
   46  67  57  56  96  61  25  55  65  53  59  33
   92  16  88  17  66  75  79  34  10   9  37   8
   77  34  90  50  50   7  93  55  29  12  17  97
   24  55  38  20  56  66  41  28  44  79   4  88
    2  38  97  18  29  82  77  79   9  47  77  76
  100  50   3  42  30  91  26  40  86  45  77  53
   18  51  42  77  20  12  52  20  33  83  80  85
   36  72  34  79  39  27  49  91
   71  96  53  18  56  15  67  93  44  23  92  81
   42   5   9  21  57  83  53  99  12  43  38  73
   62  42  69  86  20  35  67  86  68  93  84  44
   81  22  22  75  46  74  54  57  75  79  39  47
   30  53  44  99  38  21  63  90  12  35  34  30
   68  94  54  82  46  62   9  90  26  85  80  85
   48  12  70  13  32  13  21  47  93  97  28  13
   67  34  65   3  20  68   2  93  75  41  17  70
   26  10  25  41  58  63  87  57  69  43  39  31
   82  63 100  55  70  25  99  22  71  41  89  42
   10  50  69  61  12  35   1  81  29  45  26  79
   52  14  89  23  32  76  55  94  98  88  24   4
   80  45  55  10  22   2  81  43 100  87  34  17
   50  32  52  50  77  77  11  88  76  97  34  18
   56  22  16  87  52  48  39  26  46  66  91  61
   88  72  88  40  15  91  89  43  61  93  16  11
   90  14  73  52   4  71  65  75
   29  93  16  19  10  51  75  81  30   6  32  49
   87   5  67  89  57  21  10  14  32  91  76  22
   65  65  21  48  20  46  70  99   3  34  77   7
   18  72  57  61   5  87  35  63  85  39  88  62
    5  54  91   5  76  82  59  74  26  30  87  38
   34   9   4  87  81  77   4  85  93  87   2   8
   80  26  66  88  83  57  71  61  21  72  39   5
   27  25  77  86  96  81  32   8  34  61  24  44
   90  84  96  90  12   9  57   8  78  80  25  62
   55  73  67  71  30  34  51  49  56  29  83  45
    4  80  54  94  95  18  81  55  54  18  53  59
   46  48  75  47  25  14  10  21  74  96  23  81
   54   4  27  75  40   7  25  37  70  88  52  34
   91  87  24  10  95  38  73  28  71  18   3  14
   43  87  21   2  16  41  89  77  20  41  66  20
   51  70  51  49  22  68  26  64  96  83   1  93
   40   8  56  33  62  28  90  92
   61  70  75  82  17  92   8  36  47  78  50  89
   11  58  18  54  17  37   8   2  93  72  69  39
   56  37  77  73  77  90  92  81  53  45  39  81
   73  38  65  96  91  99  21  28  89  18  16  21
   53  13  98  37  34   2  19  17  22  71  98  57
   13  40  99  69  76  34  92  59  28  52  29  86
   94  34   4  39  84  33  29  99  54  78   1  15
   81  50  68  63  30  46   4  28  20  46  66  57
   95  89  77  43  96  35  87  83  23  37  40  51
    8   6  47  66  83  86  53  62  49  20   8  55
   45  14  31  13  14  12  82  23  75  64  33  61
   92  91  30  64  41  58  68  91  76  40  59  98
    6  90  96   8  53  13  27  69  32  27  21  40
   10  39  38  42  81  10  97  41  32  22  47   7
   13  52  30  87   4  36  56  75  85  41  69  77
    7  31  15  84  55  39  14  36  23  30  24  94
   77  78  14   9  30  29  29  87
   30  63  19  89  12  82  95  65  95  19  86  10
   76  81  61  16  49  69  43  65   9  68  97  20
   45  42  34  17  31  25  90  63  22  20  35  28
   45  85  54  38  95  39  50  70  30  40  33  43
   61  92  15  17  49  32   3  79  95  26  93  46
   41  61  66  52  54  41  79  43  27  80  59  73
   70  94  97  95   7  97  44  58  60  95 100  96
   59  77  14  27  19  11  71  43  44  36  91   6
   19  59  23  39 100  46  30  24  15  16  97  91
   47  35  12  16  40  11  67  11  82  84  49  20
    7  27  35  14  83  31  82  81  10   4  31  23
    9  64  84  47  21  35  17  63  95  33  56  71
   91  67  83  64  61  34  27  13  54   6  52  63
    3  26  58  32  20   6  72  98  94  16  41  97
   81  80  25  16  95  70  92  81   9  96  18  63
   40   7  65  60  52  75  91  96  43   1  37  15
   43  94  16  72   2  80  16  32
   30   5  89  12  83  83  69  91  29  50  84  56
    6  17  11  73  55  14  28  86  28 100  41  26
   12  85  99  36  45  50  12  88  38  62  68   1
   89  96  56  59   9  54  84  35  30  79  96   3
   36  80  89  57  70  48  38  38  65  73   7  43
   51  65  73  50  80  73  47  33  47   4  82  83
    1  36   7  26  70  46  30  41  80  23  68  81
   69  87  64  90  11  11   2  23  28  34  24  59
   17  84  59  30  64 100  31  33  63  41  82  48
   36  15  93  62  48  88  98  81  33  16   6  55
    6  46  18  93  83  51  47  84   6  42  39  13
   50  82  85  80  55  17  47  24  34  80  72  35
   96  24  12  76  69  27  44   4   9  24  88  79
   27  15  27  98   5  90  20   2  14  47  30  96
   35   9  34  74  74  40  48  33  85  73  43  89
   86  19  64   5  79  90  49  99  66  20  46  71
   72  77  36  18  63  90  47  51
    426   388   399   397   405   383   378   395   411   429   398   384
    395   397   395   427   394   398   406   400
