 40 200
  102  54  31  39  75  24  69  84  74  44 103  21
   85  71  55  62  71  89  61  73  41  17  44  32
   55  97  23  86  81  71  19  92  85  82  53  98
   34  14  89  80  53  46  86  68  30  45  89  99
   74  53  36 102  49  72  72  19  85  93  22  74
   29  31  46  88  51  77  10  75  39  95  75  52
   80  11  49 109  88  69  34  70  49  76  36  24
  114  77  80  52  17  42 111  67  22  35  57  31
   65 105 100  17  73  18  12  27  63   5  73  13
   83  30  76  40  47 105  46  82  46  94  71  81
   15  76  18  75  66  29  37  44  91  32  55 106
   66  28  43  88 106  93 108  42  82  54  23  94
   13  24  92  62  30  73  52  53  48  94   9 102
   86  79  15  96  60  21  40  55  83  70  99  83
   36  22  20  43  72  27  77  60  11  62  43  93
   28  76  49  50  23  30  67  74  51  52  55  72
   35 103 100  64  72  31  83  60
   90  33  58  58  41  82  43  31  46  96  48 114
   85  80  70  62  21  13  91  88 103  49  95 114
   98  38  49  92  28  22 104  63  26  18 100  66
   17  77  94  75  70  63  93  18  17  95   6  91
   30  66  61  74  71  42  19  94 105  84  60  73
   78  67  87  10  24  84  13  73  75  33   6  71
   73  54   6  22  82  36  52  17  14  26  12  67
   54  25  32  51  82 102  87  27  57  50  55  80
  105  88  16  38  94  71  35  18  57  48  43 108
   87  26  92  60 109  99  82  31 106 102  72  72
   68 100  31  14  84  92  65  78  95  14  69  62
   79  52 102  95  61  30   9  23  72  83  68  80
   25  43 115  83  36  33  64  34 105  31  32  37
   20  33  41  65  51  21  78  89  67  78  14  88
   28  39  61  22  56  71  41  80  97  79  13  66
   79  39  28  41 116 101  14  38  87  14 103  43
   74  51  80  57  82 108  45  55
   16  66   7  66  67  95  71  78  50  56  77  75
   64  67  49  39  22  20  57  71  28  59  29  79
   43 105  65  72  56   7  19  45  33  90  75  50
   51  47  92   4  99  91 104  69  98  42  89  70
   47  17  89  72  33  79  90  24  15  54  39  37
  106  71  46  65  57  39  81  89  84  93  85  27
   82  92 113  61  75  53  12  19  59  57  97 109
  105  91  23  63  98  65  74  95  16 106  51 101
   84 109  79  82  87  13  46 103  59  73  86  47
    7  33 108  81 109  18  75  80  25 114  20  55
   75  74  90  66  79  71  29  49  30  99  47   9
   52  59  89  70  61  51  36  60  30  60  78  92
   59 114  40  38  26  25  97  36  95  41  83  63
   33 101  99  62  90  44  98  21  77  29 111  23
   89 102  79  61 103  51  36  29  41  44  88  42
  103  73  54  20  39  18  67  64  53 110  54 100
   84  37  51  94  98 100  11  77
   64  98  79  39  81  89  57  13  75  14  81  19
  102  32 107  67  68  45 100   3  22  54  63 104
   41  93  37  74 108  76  22  85  15  28 102  86
  116  93  21 110  99  55  13  19  50  71  11  55
   67  72  47  92  12  56  63  70 113 103  86  55
   92 102  91  97 106  13  62  78 106  69 102  20
  109 108 107  39  97  61  59  50  78  73  64  61
   29  85  35  21  71  60  53  90 112  16  26  53
   30  22  65  81  43  11  54  69  61  47  36  49
   98  74 105  43  39  51  62  96   9  15 112   9
   43  56  90  71  21 106  93  42  73  29  66  27
  112 106  86  92  61  59 108  59  26 100  22  88
   77  63  93  91  61  35  87  44  81  63 106  69
  110  46 103  19 112  43  56  48  72 109  51  99
   64  56  78  23 105  31  16  93  26  18  50  17
   74 118  70  98  75  89  55  57  71  26 109 111
   17  97 105  36  31  31  59  80
   49 110  47 116  38  52  45  91  93  23  37  60
   45  56  31  52  29  79  17  82  42  73  51 110
   12  15  21 100  87  18  68  28  84  90 110  22
   65  78  86   7  71  75  17  47  99  40  73  99
   46  80  88  36  69  39  65 100  79  40 105  20
   88  74  60  49  35  35  46  44  81  88  63  93
   99  94  59  39  98 109 104  99  81  67  57  12
   11  93  39  84  57  72  75  84  56  58  63  49
   47  68  19  96  20 107 104  95  60  43 109  96
   88  91  52  19  22  87 105  78  33  81  98 109
   72  57  59  59  56  78  44 110  69  76  95  61
   79 104  55  45 101  68  98  72  52  70  99  24
   96 106  80  63  83  88  31 103  91  44  41  55
   36  19  30  61  66  27  22  86  72  23 102   5
   87  38  26  27  38  94  95  62  86  69  29  50
  107  41  63  69  98  98  49  73  81  46  87  87
   84  26  63  37  99  13  91  61
   42  35  90  50  61  62   9  24  42  64  72  28
  106  50  71  92  38  53  20  40  36  22  88  38
   84   7  67  46 101  94  82  52  25  55  69  33
   73 111  47  51  24  72  50  47  50  58  36  40
   32  36  94  28  58  27  47  87  47  53  59  95
   27  36  87  84  31  53  98 112  47  64  66  13
   88  28 115  35  98  42  39  31  30  20  80  34
  104  97  86  71  53  89 101  90  16  51 112  23
   40  50  79  73 104  42  28  88  75  54  56 110
   51  59 106 107  53  82  98  40  96  92  11  11
   26  77  98  20  91  41  61 107  37  49  73  75
   69 105  53  81  90  72  48  80  69  14  77  71
   62  28  88  27  92  95  77  46 103  37 107  40
   74  68  74  60  77  30 101  39 100  57 100  32
   71  44  95  22  74  64  73 101  76 113  94  40
   99  84   9  99  28 107  52  71  23  16  93  21
   87  75  85  88  19  37  55  78
   56  31  79  62 109  92  73  89  71  38  35  27
   22  78 109  23  83  24  66  16  92  25 103  26
   63  66 102  63  73  37  19  86  73  31  89  61
   50  78  47  63  34  47  63  74  47  41  28  61
   55  48  45  83  95 103  41  45 107  32  56  80
   49 104  94  49  53  45  89  80  31 114  78  90
   74  53  58  44 106  82  75  34  38  72  59  18
   48  44   3  63  78  61  43  49   9  22  28  16
   54  25  35  16 109  62 104  66 107  90  71  96
   98  55  29  58  30  73  90  55  85  82  24  99
   71  71  78  85  66  99  18  63  32  50  64 100
  102  54  19  45 112  36  62  63  39  40  88  31
    7  85  51  56  85  14  65  66   3  55  78  68
   40  54  97  26  80  33  90  18  43 108  21  85
  104  44  84  63  41  31  85  49  24  25  40  70
   63  54  60  63  89  33  40  30 105  83  28  83
   80  75  93  78  91 101  42 103
   46  80  72  60  23   6 105  50  39  49  57  89
   42  25  81  44  35  26  75  46  83  68  18  45
   37  50 103  94  46  51  59  89  99  30  99  64
   74  27  53  41  57  49  62  13  72  78  76  85
   31   4  60  79  19  50  67  38   8  13  24  67
   66  16  50  55  55  19  93  30  42  72  56  60
   32  92  48  20  34  77 116  60  37   8  78  78
   36  42  95  49  57   3  31  91 103 114  53 103
   44  23 107  27  62  12  24  63  72  33   8  81
   19  56  36 102  23  12  39  95  29  52  55  49
   21  95  94  53  69  94  41  41 117  30  32  84
   62  58  28  43  30  61  30  47  97  42  26  40
   97   6  78  59  88  35  36  27  26  80 106  46
   33  69  85  61  47  11  56  38  95  79  40  86
   17  86  86  31  81  88  95   7  35  79  23  24
   47  81  32  38  27  11  60  22  68  88  94 115
   24  42  35  96  70  70  52  84
  101  37  32  89  60  30  55  56  89  66  35  42
   73  62  15  91  61 110  29  23  36 110  35 116
   92  98 110  37  49 109  98  84  84  79   9  21
   79  88  67  89  27  75  66  73  13  35  93  15
   90 105  80  79  64  29  73 106  52  41  88  25
   36  22 108  95  56  53  93  46  93  12  26  79
   68  78  84  44  43  35 114  42  20  22  75  20
   62 101  32  45  69  71  25  44  89  17 118 102
   21  58  14  31  71  79  80  94  59  44  35  20
  114  90  88  56  77  27 100  92  95  92  58  78
   13  16  85  22  55  79  71  52  67  26  37  20
   57  25  75 113  67  16  65  46  71  67  20  84
   29  85  98  64  12  53 117  93  46  43  98  44
  100  36  36  89 100 102  11 100  99  27  57  50
   21  60  59  91  98  31  33  96  40  43  40  79
   75  28  39  16  33  15  32  38  88  51  95 100
   66  89 115  97  80  17  12 105
   72  13  37  46  60  41  70  11 102  51  34 107
   64  67 109  29  84  16  59 106  90  30  33 102
   51  22  64  16  45  74  70  97  66 107 107  31
   44  53  28  37  58  99  53  54  44  23  62  21
   13  25  28  47  89  68  15  23  73  60  84  44
   72  33  32 106  57  44  42  59  24  33  98  65
  110  43  21  94  64  61  77  46  48  24 110  77
   77 103  24  72  84 102  46  76  53  67  83  44
  100 102  99  88 102  21 107  52  44  82  58 114
   67 105 112   9  48  35 108 101  13  41  98  91
  105  55 105  99  26  35  49  47  21  82 103  23
   39  39  95 101 100  79  87  55  76 113  72  66
   35  99  83  61  17  37  82  85  80  74  87  91
   33  60  68  57  39  45  92  23  58  11 101  53
   38  36  67  74  28  69  97  25  29  38  35  95
  111  18  75  12   9  83  29  36  96  82  61  95
   76  75  89  88  95  93  47  49
   16  41  62  47  28  22  17  46  85  21 113 113
   65  91  78  57 105  81  55  54 114  34  98  55
   36  20  57  47  79  24 109  68  36  88 111  26
  102  25  69  87  95  17  40  84  35  98  74  89
   26  25 102  41  32  39 115  35  83  73  51  40
   30  59  24  52  30  36  16  30  39  39  92  33
   36  36  79 106 106  87  83  35  34  65  21  87
   26  53 105  38  77  32  94  98 100  12  88  31
  112  76  89  90  34  62   8  64  25  41  47  93
  113  93  44  74  48  35  90  72  78  92 103  23
   98  11  27  85  85  97 100  20  79  46  31   6
  100  90  28 111  56  84  22  26  34  33  48  21
   44 112  62  27  21  37  86  25  80  26 101  53
   81  79  55  34  65  42  54  92  58  58  49  58
   47  61  37  18  83 100  13  72  40  16  94  33
   33  19  88  41  20  55  97  97  25   6  88  51
   48  79  57  44  83  62  71  34
   97  40  21   5  71  42 113  29  37  56  33  52
   29  70  27 114 108   2  10  61  24  55  84  63
  110  20  97  60  47 112  65  15  27  37  26 100
   95 102  91  54 103  26  91  80  91  28  90  91
   77 101  91  84  39  80  35   4 106 105  54  60
   89  31 102  90 112  48  26  78  78  40  53  76
   86  36  23  81 108  53  77  73  21  70  86  27
   66  38  84  97  54  51  19 107  22 108  36 105
   89  62  92  92 109  26  70  48  75  60  80  82
   35  74 115  51  27  40 104  59  78  80  27  94
   24  62  46  71  17  80  38  55  86  36  37  71
   81  33  14  98  24  68  72  39  75  43  41  97
   72  42  14  92  67  99  69  86   9  94  61  45
   63  56  80  26  55  74  90  67  62  72  95  60
   23  53  53  39  87  51  60 100  44  46 107  78
   21  84  67  46  97  57   3  99  35 104  55  71
   88  52  84  71  47 111  85  44
   49  64  88  18  63  85   6 113  24  91  22   9
   20 102  74  28  19  40  94  42  24  52 104 107
   56  73  88 105  49  41  82  61  87  41  36  10
   21  61  98 103  65  98  72 108  38  11  72  12
   89  44  95  46  82  68  27  29 100  63  93  44
   39  85  10  22  12  25  93  77  81  70  53  46
   13  63  53  38  83  42  53 100 104  78  31  50
   87  42  15  46  91  73  52  34  59  75  45  11
   22  80   9  86  32  98  16  89  50  71  92  61
   20  44  44  77 112  27  48  18 103  75  74 102
   96  52  94  43  15  41  33  12  49  75  46  67
   17  70  52  96  44  89  58  25  12  62  31  73
   61  38  10  79  61  77  11  50  62  43 103  35
   49  83  39  72  39  55  54  83  86  73  29  34
  102  27  15  96  91  63  78  52  34  57  64  20
   43  33  11  31  54  15  10  38 110  14  30  40
   95  85  78  99 103  34  73  50
   18  99  29  36  23  97  31  47  66  13  14  10
   15  57  14  12  89  32  88  53  73  81  95  62
   28  66  52  73  54  33  13  16  32  73  29  63
   36  76  96  78  48  34  67  37  43  86  91  79
   57  49  59  95 106  81  39  28  23  52  22 106
   77 102 112  89  26  77  60  61  58  36  69 101
   64 104  43 114  52  36  87  97  69  58  41 109
  105  40  51  67  67  48  74  32  59  71  73  73
   43  29  46  93  28  16  10  76  89  84  43  28
   95  46  21  88  43  95  39  98  15  80  90 100
   46 113  31  90  58  61  52  12  66  73  44  95
   84  55  40  26  32  56  45  51  20  56  14  94
   23  84 108  20  92  60  80  87  21  51  33 102
   77 110  69  24  72  30  59  75  34  77  79  90
   10  99  54  92   6  67  27  34  29  66  57  96
   23  65  61  48 110  22  19  92  39  46  31  33
   85  57  48  71  35  23  71  71
   63  55 108 111  19  84  47  35  13  90 111  87
  105  93 110  17  82  59  38  70  71  81  31  92
   35  48 102  83  59  47  67  45  43  58 110  35
   67  86  86  47  24  89  71  96  12  65  94 114
   96 109  93  11  57  75  31  89  12  71  19 116
   32  88  15  36  77  71  86 106  53  44  31  46
   52  51 107  51  36 108  87  34  95  38  71  48
   27 111  84  24  75 105  39  44  54  66  98  17
   43  48  32  24  91  54  96  66 115  90  96 103
   59  38  67  89  13  78  68  61  79  29  27  46
  103  84  62  17  62  80  37  81  58  85  63  83
   41  32  79  86  91  25  37  13 114  69  30  79
   28  29  18  83  30  82  37  97  12  87 103  96
   31  43  26  28  54  81  96 101  55  75  98  23
   15  31  44 113  81  79  28  17  52  84 117  12
   91  67  30  51  34  31  60  34  77  53  80  73
   91  32  29  75  31  17  48  90
   95  19 110  49 107  87  80  82  57  58  81 108
   55  61  60  98  17  98  68  55  16 100  34  47
  111  11  53  82  40 102  97  95   5  85  24  72
   22  38  48  75  39  88  73  32  80  56  76  85
  109  97  40 109  77  95  87  89  91  47 105  64
   63  18  99  57  47  48  38  92  34  29  51  20
   19  64  68 103  23  43  48  76 102  76 117  46
   40  98  59  89  54  16  47  77  89  92  42  49
   92  96  45  97  48  14  95  28  86  79  41  14
   34  76  46  82  67  46  37  73  93  17  61  57
   10  10  33  17  91  17  79  22  96 101 115  80
   23  82  38  88  14 103  60  32  27  27  44  74
   13  60  25  45 108 105  46  45  29  19  89  71
   58  64  39  67  67  56  23  92  66  26  86  55
   10  12  20  36  52   4  31  27 109 106  54  51
   61  55  42  44 104  95  70  93  62  25  57  77
   75  50  57  46  48  34  93  20
   93  53  33  52  95  91 109 106  58  60  30  86
   14  47  88  68  36  50  83  36  55  57  12  34
   45  67  71  27  78  33  21  58  65  48  77  93
   82  85  80  74  63 102  29  30  38  73  79 101
   27  37  93  99 100  62  12  65  14  91  32  31
   42  58  56  95  82  23  63  72  29  97  56  67
   61 104 113  87  69  95  21  20  36  76  18  55
   96  59  27  97  66  47  70  22  85  56  33 109
   12  87  72  19 101  38  20  33 115 109  34 106
   71  62  59 106  31  80  23  86  90  77  84  94
   50  82  16  66  73  88 116  47  18  46  17  96
   65  29  19  19  57  68  51  54  73  39  98 109
   57  51  71 104  69  81  52  66 113  59  53  92
   54 103  19  94  30  25  98  69  66  61  99  91
   67  44  34  57  78  71  47  77 100  37  31 111
   40  58  75  15 102  29  29  85 109  48  41  96
   12  90  64  69  53  39  10  95
   68  24  71  91  46 107  65  25  13  71  20  43
   58  77  12  81  18  83  99   9  71  21  73  47
   79  15  97  54  70 101  51  99  74  77  48 110
   24  27  89  64  22  53  27  56  48  31  25  50
  111  47  79 109  62 107  89  70  95  89  95  81
   50  85  44  65  50  77  46  41  62  28  74  98
   77  68  31  45  32  49  15  59  85  69  72  35
   60  87  57  80   7  71  40  97  33  65  24  83
   38  86  67 105  98  51  60  49  59 118 111  52
  110  16  99  68  81 111  20 103  70  19  55  36
   55  37  35  23  23   4  30 109  57 107  55  62
   94  36  68  56  70  45  54  61  44 109  22  61
   22  75  61  76  30 103  86  60  44  89  39  99
   96  99  64  52  33  80  47  97  35  86  20  42
   51  69  97  49  37  35 102  18  47  22  19  75
   63  85  91  73  32  70  56  65  42  38  87  68
  102  46  84  88  76  63  74  66
   35  48  76  23  85  35  35  60  75  58  45  89
   51  25  84  73  54  26  67  61  22  36  61  41
   55  88  38  88  58 102  75  16  80  82  33  22
   51  52  11 107 102  60  14  79  91  73  28  82
   77 106  86  44  17  38  98  98  83  43  65 101
   74  86  77  91  67  69  23  48  68  80  82  52
   59  90 105  55  72  51  77  64  35  58  38  70
   65  30 113  70  75   8  31  80  50  36  63  21
  106  42  43 115  35  94  48  90  78  65  55  96
   33 111  11  81  46  92  35  21  61  44  20  35
   12  15  52  41  63  30  32 101  98  97  27 104
   67  31 103  40  57  64  39  34  28  15  43  84
   26  27  95 108  99  60  16  26  24  62   9  96
   49 102  17  49  56  51  53  31  42 103  66  13
   93 118  75  67  92  96  70  35  71  58  97  32
   38 110  34  39  92  64  33  47   3  50  16  79
   96 100  38  28  14  73  32   8
   12  31  99 113  72  44  86  71  56  75  29  41
   29  37  20 112  64  25  40  36  95  53  56  15
   51  25  98  27  62  29 110  35  84  83  96  49
   44 104  48  23  73  88  66  80  26  46  36  87
   69  23  69  23  12  82  26  86  34 105  32  87
   37  48  78  19  31  65  84  47  33  83  34  93
   10  92  41  59 106  52  84  20  84  66  25 108
  103  86  37  14  33   9  39  43  31  99  35  98
   42  67  55  96  51  51  98  37  19  93  89  48
    5  26  57  21  18  85  20  81  75  17  63  49
   78  65  75  45  79  54  33  80 107  61  82  70
   68  20  32  42  91  63  40  39  48  59 107  44
   24  33 106  34  65  81  32 102 106  28  29  83
  107  22  64  21  80  39  36  60  76  40   7 101
   18  76  44 102  90 103  27  98  91 117  74  19
   98  37  58  28  22  67  92  50  72  56  97  29
   52  71  27  35  46 106  32  67
   58  52  25  75  51  31  24  63 101 106 103  69
   97  37  80  41  71  50  94  65  43  55  12  59
   36  94   6  38  80  41  73  31  34  53  36  65
   75  56 106  59 107  53  92  72  45 103  37  90
   24  42  41 104  23  95  36  37 111  50  74  22
   82  26  78  34  52  57  71  38  84  33  26  42
   25  23  94  59  50  26  81  46  78  78  72  34
   32  31  20  41  24  52  80  34  64   6  34  62
   77  27  33  60  45  29  48  72 102  61  75  98
   61  86  81  53  63   4  36  34  98  27  32 102
   37  67  88  22  74  68  51  70  75  30  68  59
   87  27  19  99  24  53  81  54  42  53 103  80
   28  85  77  53  87  30  16 100  18  40  64  48
   59  58  29  17  94 112  25 100  74  37  86  72
   16  27  80  54  21  70  92  52  53  89  99  38
   45  87  39  66  95  37  36  44 102  25 100  53
   80  21  47  51  73  63  17  54
   31  78  26  35  67 109  89 110  68  30  26  49
   65  11  84  27  61  21  29  18  63  47  26  19
   94  80  17  36  42  67  69 106  23  92  59  20
   24  43  74  83  82  43 111  29  22  94  92  61
   96  60  70  32  89  45  71 102  52  63  61  40
   86  41  25  10  22  31  32  51  58  76  99  31
   25  50  55  28  95  49  99  41 100  48  13  54
   52 101  33 103  19  63  46   6  29  63  22  38
   69  76  64  35  91  29  23  93  54  52  81  67
  106 112  25 107  31  42  76  89  93  22  38  80
   31  60  73  90  50  40  99  31  86  87 117 110
   81  24  50  74  91  12  49  89  97  90  94  82
   72  61  21  76  54  63  27  53  34  54 101  20
   31 109  80  75  12  86  74  99  33 102  20  15
   61  31  78  96  88  42  28   6 104  12  49  76
   36  49  17  49  29  86  72  14  73  13 105  48
   88  97  94  63 104  86  71  52
   18  54  42  99 106  76  23  76  55  42  61  30
   25  77  34  83  96  50  36  49  89  24  81  63
   22  43  21  94   6  63  99  33  34  50  68  86
   40  13  48  58 105  48 100  91  43 106  68  48
   90  17  84  63  32  27  66  56  47  22 108  36
  110  23  82  59  60  54  72  14   7  28  28  26
   19  65  34  59  29  77  50 100  60  60  59  66
   57  37  35  19  61  41  19  30 111  72  99  40
  107  19  50  75  23  18  19  50  70  70  74  66
   80  88  98  74  20  94  55  73  80  71  84  50
   81  36 103  94  27  29 111  72  75 104  99  72
   85  79  57  88  92  19  99  71 110  56   8  48
   50  17  90  62  98  44  28  82  24 100  23  25
   69  71  34  53  98  28  34  37  91  29  22  80
   67  66  45  10  99  76  95  38  81  40  41  49
   26  34  65  96  82  16 111  54  56  52 101  16
   55  20  53  48  58  62  64  99
   22  95  52  55  71  65  40  48  25  33  41  71
   41  25  59  99 108  31  98  46  51  23  86  48
   23  71  14  66  24  91  69  96  35  16  29  81
   83  85  97  25  65  80 101  11 115  34  68  45
   76  53 104  74  79  39  63 108  93  39  30  58
   74  97 104  96 109  61  16  94  81  63  27  70
   82  51 107  40  13  20 101  82  91 104 107  75
   63  98 113  43  26  19  77 107  70  66  67  72
   18 101  88  67  40  26  14  95 102  23  48  30
   22  56  28  81  44  56  81  40  30  29  90  42
   68  83  64  22  44  73  27  96  48  49  16   8
   29  26  52  71  81 101  17  72  14  33  57  35
    8  99  34  60  13  81  24  96  53  41  46  75
    7 102  58  61  95  71   8  89  58  34  12  70
    7  22  81  38  98  21  59  12  70  86  19  86
   22  49  64  61  72  45  31  56  29  51  68  36
   27  44  37  82  81  45  86 100
   56  35  67  39  74 115  70   5  77  16  68  53
   39  65 106  69  84  79  99  64  87  50  90  25
   92  89  94  81  34  93  97  99  57  37  54 110
   79  12  30  45  45  35  43  12  53  38  95  81
   45  20  68  42  22  36  28  27 108  61  89  28
   83  33  20  75  72  45  81  40  57  98  39  56
  105  85  72  74  35 108  11  28  14  24  32  70
   21  47  86  93  27  21 111  53  94  61  24  41
   89  88  97  93  56 100  25  23  62  19  67 106
   51  23  16  58  54  53  94  93  32  68  14  87
   97  73  93  19  94  28 109  81  33  50  66  34
   39  67  71  71  44  98 111  54  31  67  42  35
   16  74  84  96 102  46  75  57  85  26  79  92
   49  94  90  23  90  59  54  10  74  81  26  88
  113  88  53  81  40  85  72 108  45  36  48  90
   78  26  99  49  17  81  53 102 107  91  47  35
   87  99 108  86   6  73  36  20
   67  43 102  38  10  37  90  67  82  22  45  73
   23 101  60  44  68  27 102  82  65 108 108  18
   35  86  76  85  75  19  13 102  96  50  38 109
   80  30 108  36  47  33  18  69  88  95  88  84
   33  18  38  39  77  86  41  18  98  68  63  25
   83  40  24  50  59  39  20  49  19 104  38 100
   90 101  83  48  86  23  12  17  58  81  14  77
   85  92  14  25  70  21  73  57  16  70 103  81
   76  92  52  98  43  40 100  45  56  70  82  32
   37  89  32  80  52  58  67  35  91  52  48  40
   92 101  27 108  30  86  10  54 109  70  93  61
   96  37  54  47  62  59  19  63  79  51  88  79
   51  52  42  35  57 104  67  24  67  14  29  16
   48  90  83  74  60  93  66  14  19  58  21 108
   71 109  69  61  19 112 105  35 100  22  77  37
   82  70  10  80  55  96  54  21  93  26  27 100
   70  25  91  60  14  85   4  73
   97  79  23  64  50  49  65  74  28  37  82  92
  100  37  45  69  64  37  83  56  12  71  10 109
   65  16  99  86 109  32  33  89  85  20  31  79
    5  27  79  28  36  97 104  77  93  86  18   6
   35  24  69  62  19  30  77 111   8  57  19  28
  104  76  96  20  61  83  34  68  84  92  59  87
   88  90  60  65  32 113  12  58  72  54  46  43
   30  74  26 100 111 110  68  52  64  94 100  46
   38  67  27  48  85  25  97  33  83 113  64  33
   71  15  44  85  29 102  13  30  62 102  32  92
   56  92  66  72 103  87 101  84  14  89  25  34
   26  39  31  79  17  63  14 114  66 107  91  24
   83 104  83  22  29  29  13 102  56  19  26 105
   17  87  53  30 105  45  26  23  79  68  36  24
   24  73  25  90  57 104  69  48  50  41  72 115
   30  32 102 108  28 103  46  32  22  72  16  61
  106  68  45  30  85  73  30  82
   59 111  82  73  49  59  30  55  22  84  96  62
   43  58  57  22 110  33  63  44 100  74  67  12
  103  45  34  89  91  42  23  51  66  85  14  54
   93  83  44  85 107  69 102 114  48  64  39 103
   63 113  20  18 102  93  45  86  72 101  72  31
   90 106  57  73  39  62  91  50  11   6  61  93
   36  85  32  71 101 113  84  56  14  33  96  62
   93  83  62  58  36 104  70  32  57  49  89 101
   66  50  25  32  71  53  55  53  94  22  57  44
   58  77  64 105  94  97  46  12  82  96  90  16
   69  82  20  82  80  63  94  63  39  21  67  94
   48  80  95  55  77  49  88 101  25  49  88  86
   38  83  59  92  24  63  22  51  61  88  90  76
   33  19  77  90  31  49 109 104  49  94  75  53
   38  61  96  38  59  18 107 108  36  60 108  60
   27  35  27  36  65  32  92  81  24  26  13 114
   12 102  24  37  30  31  65  54
   22  27  66  36 103  66  61  68  28 100  44  63
   88  61  25  85  41  21 107 107  31  93  54  40
   43  66  97  11  73  86  71  59  39  25  20  60
   84  25  25  69  57 106  66  29  53  63  71  27
   54  48  72  55  82  20  27  31  87  26  98  78
   31  17  98  84  85  50  16  85  45 105  14  19
   38 109  51  71  22  57  83 107  18  43   3  47
   57  89  69 110   7  27  70  62 110  45  95  52
   89  69 102  98  35  55  12  81 115  59  29  50
   20  91  88  35 101  54  65  33  82  70  27   9
   46  14  75 109  65  38  30  28  37  44  44  45
   18  21  66 104  21  37  81  17  31  12  71  92
   34  47 106  93  24  11  81   9  55  53  79  66
   38  58  82  40  73  25  87  54  42  86  25  34
   35  91  40  53 105 104  97  48  96  87  55  41
   50  74  64  58  97  76  14  16  16  55  65  71
   64  59  81  28  70  98  52  37
   96 105  59  22  20  56  32  51  63 109  49  97
   66  62  41  40  36  74  71  34  68 100  87  61
   87  99  74  30  11  45  15  44  18  34  12  30
   26  93 108  26  50 106 102  78  47  34  40  85
   51  35 113 108  56  70  66  47  95  97  92  99
   19  19  12 101  97  46  16  92  65  99  61  24
   67   9  60  75  52  33 105  94  85  40  50 100
   37  70  83  18  11  45  97  25  10  82  37 102
   58  67  93  70  98  33  32 107  70  59  80  87
   39  80  62 109  79  95  21  85  92  57  80  15
   56  20  24  65  45  54 112  53  55  98  47  65
   45  15  44  60  66  60 104  57 111  18  48  34
   34  42  67  31 103  74  79  80  90 106  99   5
   46  58  81  90  95  99  56  20  30  87  19  60
   92  71  19  26  92  66  86  45  30  39  11  34
   31  24  38  34  99  64  59  23  15  72  79  76
   98 111  24  72  72  72 114  10
   35  55  70  44  91  53 109 112  86  27  88  22
   26 104  85  78  35  67  31 113  57  96  42  72
   94  34  82  95 102  35  85  82 102  13  52  17
  103 100  48  89  42  70  91  38  44  87  46  13
   41  20  83  27  34  90 101 102  72  61 107   9
   69  90  99  28  32  76  77  20  29  94  93  87
   25 114  23  82  61  31  98 102  95 108  28  18
   72  17  36  19  61  38  91  17 100  72  72  93
   75  25  24  15  84  66  80  19  85  77  61  88
   70  87  75  59  74  49  79  86 106  50  60 101
   78  19  65  35  91  97  19  57  75  89  27  53
   63  95 106 103   6  72  19  16 107  15  55  63
   95  55  18  10  15  89  70  83 102  62  90  42
   21  62  17  36 102  52  82  14  65  77  66 117
  116 115  13  18  32  48  55  32  74 105  57  21
  113  69  65  44  47   3  18  54  24  80  83  27
   15  27  89  11  23  67  97  76
   67  52  12  11  65 111  52  43  33  60  52  62
   53 105  97 108  79  49  30  72 100  63  61  57
   88  71  92  17  76  28  99  96  58 100   7  76
   34  68  73  63  59 100  85  20  94  97 109  77
  102  94  13  78  44  54  21  81  46  35  66  90
   73  62  81  45  15  57  79  57  17  29  73  25
   33 101  82  45  15  29  84  59  94  35  58 104
   72 117  45  71  39  26  87  38  37  21  32  93
   26  34 101  62 107  28   6  57  46  36  14  47
   44  67  94  26 109  60  59  24  90  23   8  79
   56  57  47  48  97  75  21  32  48  61  65  65
   40 111  98  94  70  94  85  98  37  88  47  68
   39  44  68  63  75  82  96  97  89  77  18  75
   25  34  22  13  86  52  21  56  42  96  87  45
   97  49  74  72  63 100  98  58  72  93  93  57
   77  64 103  95  12  17 106  29  71  32  25  46
   96  95 100 106  84 109  79  63
   39  95  62  73  15  67  62  61  97 111  85  32
   91  38  15  95  13   6  93  71  84  45   8  52
   38 116 100  55  43  73  58  75  12 114  64  92
   70  73  45  99  92  49  68  95  47  77  36  38
   49  18  38  25  67 106 101  92  91  85  70  42
   39  88  54 108  57  76  41  56  24  49  96  39
   50  46  52  83  49  65  73  60  14  48  92  96
   39  74  56 108  99  87 113  44  90  45  57  96
   66  70  56  32  43  43  80  11  54  49 100  76
   78  65  89  28  51  81  76  52  49  53  35  49
   28  69  96 107  25  68  14  22  60  39  19  46
   90  82  64  96  34 105  63  23  46  10  32  68
   10  63  82  40  81  88  69  59  22  96  65  96
   90  46  89  94  48  31  33 102  16  70 112  44
   71  80  85  52  37  79  67  87  54  60  14  24
   45 108  41  23  50  15  86  80  53 104  30 116
   96 110  26  11  81  38  55 101
  100  28  70  43  53  21  98  77  38  40  54 104
  103  76  66  93  85 109  89  13  85 102  78  20
   10  22  35   9  61  15  85  84  15 101  18  91
   65  34  43  44  36  19  43  54 108  60  76  21
  112  32  27  45  61  64  89  96  10  81  72  24
   37  61  37 103  50  56  42  73  19  91  74  57
   52   6  25 100  70  35  85  96  54  47  35  58
   27  82  18  48  38  61  95  65  99  30 100  63
   12  75  67  44  91  16  94  93 108  60  23  83
   32  42  20  23  49  75  75  35 103  78  63  96
   36  20  44  38  70  22  80 103  56  40  15  93
   70  48  62  39  27  87  38   9  28 101  77  24
   22  22  47  19 115  93  51 102   7  79  60  80
   90  96  33  46  89  51  27  95 110 108  84  51
   66  27  51  34  85  58  23  56  31  44  13  66
   82  48  38  87  10  43  66  33 100  95  83  15
   51  50  42  35  38  41  15  53
   14  78  78  89  18  70  71  49  53  58  15  73
  106  75  77  94  60  95  80  77  43  94  18  24
   43  70  34  59  94  89  91  73  12  53  80  37
   36  90 106  63  24  92  45  91   6  75  12  81
   61  90 103  74  47  60  81  38  31  27  13  79
   72  52  80  49  24 106  17  25  33  41  70  39
   19  27 100  72  90  62  82  68  76  43  60  93
  108  54  54  33  22  98  34  80  37  22  24 106
   49 117  82  50  69  18  78  90  16  76  76  50
   42  34  69  53  20  49  46  67  45  71  70  81
   32  83  92  74  65  55  82  96 101  79  78  12
  114  35 110  96  48  55 107  21  56 104 106  70
   89  28  60  72  71  47  28  84  77  96  87  79
   91 105  89  97  79  31  36  22  12  11  82  72
   14  43  74 101  66  74  73  15  82  90  34  47
   66  80  39  94  72  17  33  74  94  51  43  28
   96  46  34  98  12  40  26  36
   19  61  53  90  21  11  37  76  94  83  93  22
   46 102  62  91  45  22  12  26  43  39  35  21
   66  42  34  13  61  38  15  70 104  72  50  98
  118 102  82  22  51  83  60  23  78  33  33  93
   42  19  82 108  89  87  37  18  97  97  86   8
   24  95  54  79  21  33  23  94  41  81  48  46
   85  74  27 107  63 112  68  68 105  21  85  13
   17  59  31  45  23  19  78  23  76  55  95  79
   41  34  62  87  99  23  43  36  31 101  51  30
  109  29  25  69   9  80  69  53  17  45  55  76
   34  93  80  48   9  88  91  59  72  48  38  50
   66  15  40  85  96  81  40  99  73  56 109 105
   59 107  47  97  58  20  34 101 100  73  82  38
   11  84  72  11  69  47  25  55 110  31  29  82
   73  41  85 104  42  83  94  50  31  54  69  38
   33  53  22  11  96  72  60 100  74  38  89  25
   22  20  11  89  25  59  45  80
   85  78  39  21 103  78  97  39  35  23  74  26
   58  64  46  39  97  48  37  85  60  92 108  67
   22  19  76  26  21  36  74  15  62 111  67 104
   74  49 100  80  75 104  69  81 102  93  90  26
   45  21   8  62  91  55  49  79  58  92  29  76
   68   7  68  53  70  29  52  78  53  24  67  64
   97  90  92  31   6  47  87  55  65 103  76  55
   51  44  15  57  19  14  94  44  98  27  40  96
   55  96  39  90  66  49  82  56  50  48  90  39
   53  53 103  95  67  76  53 107   7  27  50  65
   53  28  75 111  94  60  35  55  63  78  95 106
   18  91  92 102  17  24   9  51  53  97  48 111
   35  70  40  87   6  30 104  52 105  85 102 110
   87  37  20  32  64  22  67  72  34 114  45  50
   26  82  14  54 108  27  23  50  36  68  67  42
  112  58  24  82  23  48  39 101  59  21  39  54
   99  77  20  35  83  49 103  65
   44  33  59  25  23 108  70  32  69  15  10  24
   39 106  77  58  77  50  50 105  60 114  32  59
   89 102  36  11  18  90  85  88  88  51  29  88
  109  96  47 110  43  64  52  31  17  25  97  90
  108  50  35  37 104  49  98  94 100  12 114  30
  103  48 117  23  28  24  51  77  32  65  26  72
   34  40  87  52  50 112  62  13 114  86  34  53
   26  43  49  91  29  27  28  24 105  56  53   7
    3  92  66  93  91  57  68  76  19  83  37  71
   60  93 110  49 117  41  86  59  81  22 104  73
   93  70  34  78  65  19  35  83  72  61  96  96
   47  12  76  43 102  15  39  69  89  28  65  37
   39  93 114  14  76  23  24  96  18  81  56  70
  103  94 102  55  24  69  63  90  22  50  11  94
  106  77 101  46  76  35  66 101  58  65  41  37
   52  88 111  66  40  82  16  23  60   7  76  81
  113  58 107  15  37  14  91  73
   27 107  19  34  66  53  54  83 112  15  39  71
   81  95 108  24  21  24 103  42 103 110  14  23
   18  24  93  46  46  50  67  65  32  13  28  32
   97  74  96  41  42  33  57  54  99  86  68  85
  105  29  50  89  54  95  58  57  74  74 105  61
  110  56  65  84  52  84  28  95 101   9  57  16
   39  62  80  67 105  72  40  47  75  12  36  53
   45  60  49  38  28  85  74  56  12   6  46  54
   83  81  35  43  93  87  13 105  64  19  26  29
   35  87  60 107 105  86  59  48  54  18 103  99
   74  54  32  66  82  32  22  69  45  19  26  49
   72 107  97 106  49 101 108  52  81 108  25  44
   30  88  52  68  36  67  36  23  34  15  54  86
   41  32  90  29  50  30  18  69  69  66  91  33
   14  24   8  52  64  53  13  90  47  76  95  33
   65 101  24  39  17  62  62  33  81  84  49  47
  112  77  45  62  47  61 108 103
   98  67  90  51  62  12  37  18  22  21  88  33
   16  66  35  25  18  68  36  47 107  97  46  89
   38 112  47  83  34 114  56  46 111  25 101  35
   22  20  80  65  41  50  64  59 102  57  92  54
  108  66  81  17  33  30  37  49  60  19  13  78
   12  80  98  51  32  30  15  75  65  61  50  23
   21  51  91  25  24  98  90  57  90 101  94 110
   45  82  20  66  29  80  37 100  28  85 106  53
   48  95  98  26  81  44 100  23  30  59  26 105
   52  87  41  42  74  64  85 101  16  81  88  51
   50  54  52  22  38  20  51 104  33  56  29  77
   59  24  40  73  79  81  75  68  96  54 113  44
   31  24   5  97  37  62  32  90  79  29  51  50
   50  39  84  78  96 100 110 101  56  26  22  67
   40 109  92  28  27  27  80  91  53  74  66  71
   80  31  23  23 106  76  41  21  36  52  38  81
  109  41 101 107  97  86  55  76
    7  51  74  65  32  94  38  35  45  73   1  86
   34  32  54  42  42  20  43  30  65  92  67  81
   56  10  80  33  23  35  92  27  25  38  67  10
   78  90  22  31  56  73  31  47  81  66  21  19
   35  60  75  10  53  45  32  90  23  18  80  35
   90  81  69  23  55  42  99  36  68  10  27  65
   40 100  61   2  32  35  69  44  63  39  70  94
    6  41  38  60  85  76   4  52  85  83  50  88
   41   7  17  89  45  94  96  80  41 100  38  93
   31  81  43  62  69   1  70  27  67  26  32  33
   87  28  94  29  49  84  78  69  28  76  62  13
   52  89  74  22   4  15   3  65  22  48  86  16
   97  89  21  51  80  42  55  53  71  18  94   8
   27  29  97   8  59  94  78  49  34  39   5  32
   71  89 100  62  47  80  43  50  92  48  65  11
   90  35  53  64  82  87  50  34  62  59  52  48
   77   5  11  43  33  85  31  55
   19  82  50  52  61  36  62  88  56  19  60   6
   23  22  44  48  91  97  24  26   4  58  22   5
   13  77  71  15  79  91  16  46  79  94  10  50
   98  43  18  39  32  55  18  84  85  10  96  23
   79  45  52  46  41  62  94  13  10  23  44  38
   38  48  32  99  85  21  98  37  27  86  99  48
   44  50  97  94  32  76  67  98  95  93  95  41
   52  87  78  65  29  10  24  76  63  67  50  40
    6  32  87  80  15  36  76  86  61  71  68   5
   30  90  26  45  11  10  22  76   9   3  41  31
   38   7  78  99  26  19  41  35   7  96  44  51
   30  59  18  22  54  87  99  82  48  22  41  31
   91  64   1  23  76  77  52  78   6  84  78  75
   92  71  71  54  59  83  37  16  43  26  91  23
   89  68  59  97  55  38  79  25   8  25 100  49
   27  78  80  76   2  11  90  72  33  93  12  65
   32  60  36  45  22   5  66  59
   96  46  97  48  53   7  40  37  70  58  34  40
   39  43  62  69  88  97  53  32  90  47  74  26
   62  11  38  41  58 100  95  59  79  20  43  56
   66  64  19  98   3  21   1  44  15  71  13  45
   70  87  17  44  78  32  21  78  92  64  72  73
    8  31  62  50  59  74  24  21  27  27  31  89
   31  14   2  53  36  53  94  99  46  55  12  10
   10  21  97  57  17  45  37   8  98  13  58  17
   30   5  32  36  27  89  70   6  49  31  28  60
   95  83   3  27  11  95  32  22  78   6  98  58
   27  46  25  36  26  40  77  53  86   4  62  93
   62  45  31  39  50  64  75  60  87  55  30  20
   56   2  71  75  77  80  18  73  17  61  30  54
   81   5  12  52  21  65   9  89  25  87   7  84
   28  10  37  45   7  62  71  73  77  67  23  62
    2  40  49  96  81  85  47  55  61   3  57   8
   27  83  64  17   9  11  91  35
   41  13  40  67  38  31  57  90  43  89  30  97
   12  74  11  47  46  70   2  99  97  58  55   9
   67  20  68  32   2  33  88  21  98  76  14  29
    3  26  86   5   8  56 100  97  56  39  96  54
   38  47  64  21  92  49  42  41   7  14  17  57
   16   8  23  11   5  95  44  40   7  42  12  84
    2   8   8  77  20  53  58  56  39  38  43  52
   85  20  85  97  34  53  61  23   8  91  92  55
   79  89  50  22  68  97  53  48  43  64  69  58
   21  37  15  72  67  64  55  14  95  89   4  98
   68  55  20  47  97   5  16  73  41  77  50  91
    7  11  27  16  50  43   5  56  77  10  85  22
   41  43  22  22  41  76  15  62  29  41  13  49
    2  65  13  83   8  76  62  69  40   2  55   5
   43  64  33  90  10  87  88  23  79  93  60  97
   42   1  38   8  34  28  56  47  41  91   2   5
   97   8   7  72  87  88  53  35
   63   9  66   2  68  66  71  28  17  92  79  50
   60  62  80  59  76  32  93  26  77  37  69   3
  100  94  85  18  16  98  52  81  22  24   8  84
   46  25  20  96  49  37  87  65  16  73  37  20
   65  27  26  69  44  72  42   3  30  62   2  85
   28  29  51  67  76  85  66  74  39  23  53  14
   12  14  48  72  21  10  14  16  22  42  47  91
   97  20  72  24  63  35  43  18  62  58  43  60
   70  38  86  14  88   6  16  25  51  68   6  16
   20  17  56  91  89  19   2  35  79  23   4  10
   43  57  53  58  62  29  72   3  47  26  11  47
   39  15  52  71   9  43   4  38  56  37   8  88
   12   3  33  44  35  25  79   4  15  71  75  49
   71  84  81  41  51  91  84  18  35  96   4  98
   30  82  86  84  73  15  11  52  34  37  84  61
    8  71  43  50  21  21  54  36  32  70  15  17
   27  79  50  69  20  92  16  50
   72  79  19  60  42  50  94  81  71  41  30  85
    5  61  33  22  68  52 100  78  75  93  14  74
   28 100  42  70  10  24  37  58  93  50  39  69
   36   3  73  68  81  39  52  58  59  56  72  74
   83  82  18  92  57  85  57  22  66  67  45   7
   84  66  24  30  71  57  20   7  70  50  47  92
   15  91   4  75  20  63  74  81  89  83  30  70
   12   7  28  40  62  22  11  24 100  56   7  89
   73  70  31  42  14  62  83  23  41  66  50   9
   57  52   6  11  55  25   6  79  11  26  96  98
   84  34   7  88  26  61  54   6  69  57  39  43
   35   7  51  27  27  33  63  24  40  90  36  32
   49  74  15  89  21  13  31  66   3  71   4  71
   31  50  35  49  29  86  15  78   2  53  20  74
   44  58  10  90  35  48  34  14  40   2  24  67
   11  36 100  12  84   4  67  41  84  92  17  86
   19  28  26  17  83  69  57  35
   51  75  36  49  10  22  36  22  44  65  68  93
   96  24  10  88  27  79  52  96  13  83   8  77
   48  51   4  56  45  68  86  28  31  87  16  52
   53  26  73  55  73  71  55  33  72  75  74  47
   48  60  63  27  15  12  69  68   5  86  58  35
   66   7  12  58  66  59  31  34  87   3  33  29
   30  60  50  75  14  23  35  71  71  48  57  84
   55  60  99  48  36  54  68  63  99  86  81  98
   50  86  76  89   7  46   8  38  10  28  48  13
   13  60  85  53  88  37  26  61  28  22  93   9
   37  45  28  35  39   4  86  45  75  61  44  12
    6  50  93  74   5  67  43  41  64  80  19  86
   95  22  66  51  26  90  44  45  99  56  31  43
   76  51  22  89  37  78  29  93  76   7  81  33
    9  72  28  53  62  78  30  65  85  94  69  49
   44  60  44  50  18  78  70  82   8  23  80  26
   29  31  24  30  15  12  68   8
   69  40  45  45  95  99   7  57  68  63  48  26
   61  81  33  65  73  78  45  58  29  49  94  65
   71  65  14  17  71  69  57  20  20  80   7  52
   35  88  62  66  55  57  52  89  43  24  26  19
   85  99  55  29  91  70  38  64  95  91  93  45
   54  96  65  65  47  88  20  89  77  46  48  59
   72  22  63  87  82  40   3  60  81  98  27  38
   67  69  20  55  60  99  89  18   5   6  66   7
   67  81   4  76  41  92  81  54  38  77  99  39
   98  48  82   8  81  91  78   7  74  67  59  57
   83   7  20  54  41  18  79  65   2  79  77  32
   45  45  81  68  72  41  79  64  10  68  83  80
    5  98  29  53  31  80  75  89  83  33   5  72
   81  50  23  57  67 100  59  73   9  24  67  22
   92  33  22  80  34  18  24  97  68  38  96  94
   56  28  85  69  79  95  60  91  45  23  16   3
   84  63  67  20  50  46  56  34
   14  69  80  21  50  86  65  51  28  52  84  75
   32  46  99  25  51   2  75  87  80   9  85   2
   17   9   4  66  65   2  11  29  32  40  93  96
   30  31  40  29  77  36  47  40  95  73  12  99
   12  14  39  31  56  83  38  13  65  64  21  79
   80  91   7  18  46  54  18  70  13  98  82  35
   35  25  31  63  73  85   2  62  90  91  36  93
   55   6  79  73  43  47  82  72  30  88   2  16
   99  57  97  83  40  36  34  11  43  62  81  87
    6  28  14  57  30  79   9  20  22  19  53  28
   92 100  32  89  57  36  41  68  37  91  76  82
   56  84  40   3  46  92  41  58  39  43  89  29
   75  21   4  51  99  65   3  18  58  68  14  73
    7  79  66  19   2   1  96   9   6  90  45  53
   86  59  54  17  16  75  75  19  70  60  62  34
   32  89  72  89  85  95  70  69  22  62  23  11
   37  30   5   8  32  95  90   6
   39  94  66  56  45  63  48  97  17  63  76  10
   55  51   4  82  18  97  47  13  26  80  82  11
   62  90  46  99  68  30  36   9  47  12  11  83
   64  57  91  75  44   3  58  50  73  92  53  84
   99  83  78  64  31  41  97  86  35  46  35  60
   43  84  77   6  46  59  69  52  95  78  21  41
    5  65  97  25  47  53  30  67  58  84   8  42
   32  15  82  34  26   9  65  40  57  43  31  66
    6   6  12  31   9  95   4  62  68  21  61   2
   45   2   3  98  60  70   5  15  98  67   6  23
    4  48   6   7  79  74  65  60  93  22   6  88
   72  77  10  10   3  36  20  50  34   7  41  47
   76   9  37  50  99  70  36  21  36  32  24  28
   78  46  49  55  79  75  21  94  53  92   8  51
   76  81  41  38  84  38  13  81  74  68  75  19
    5  89  43  96  93  30  90  74  23  28  52  22
   32  34  25  18  23  10  65  54
   86  62  56  61  86  83  85  67  28  87   4   7
   55  12  27  61   6  32  63  56   6  70  12  56
   77  88  63  72  34  91   3  52  79  26   7  91
   11  81  42  24  19  87  71  27  84  20  45  20
   81  93  10  65  76  65   3  67  27  36  51  70
   83  47  78  64  88  83  98  78  76  72  16  86
   75  81  29   2   4  22  28  83  72  46  95  29
   85  51   6  80  38  73  26  21  19  92  16  77
    8  30  25  16  76  51  97  48  90  61  69  27
    5   9  67  44  69  84  12  39  26  22  16  90
    6  94  81  18  35  21   7  85  32  59  80  97
    6  12  82   5  58  22  87  93  83  76  58  97
   68   2  54  91  90  70  25  90  22  92  11  53
   25  25  47  81  53  63  58  18  56  47  65  47
   72  57  76  96  33  17  95  37  62  92  17  77
   75  90  28  74  82  63   8  23  81 100  29  61
   67  38  53  69  23  51  38  71
   11  80  98  98  31  76   5  74  83  54  70  51
   73  38  76   1   5 100  99  46  80  61  19  56
    2  91   7  51  67   8  40  96  75  77  88   9
   23  14  23  51   4  80  14  36  11  90  27  25
   37   2  29  27  71  23  83  98   3  13  54  47
   19  74   2  26   4  62  85  40  42  79  64  38
   16  75  94  22   6  50  30  40  90  50  25  87
   49  72  31  11  56  60  98   3  86   8  75   6
   14  55  11  11   8  92  47  55  40  57  31  28
   76  37   5  64  86  66   7  48  33  29  79  12
   80  55  58  38  90  28  80  54  24  73  80  40
   39  71  90  21  93  45  44  71  43  69  68  16
   41  67  94  26  41  10  47  21  94  16  53  70
   49  52  34  89  54  37  15  46  55  34  13  53
   96  57  50  72  23  66  42  16  75  73   5  41
   93  35  53  56  17  59 100  19  80   2  56  32
   22  64  31  49  73   2  33  71
   56  54  31  99  54  25  97   5  85  11  83 100
   91  17  43  79  92  77  12  66  87  56   6  13
   56  45  18   4  58  69  23  51  33  78  74  96
   97  57   7  15  52  17  31   5  73  99  42  99
   20  75  12  60  29  47  91  78  17  44  15  73
   81  27  92  95  97  86  16  25  24  42  55  72
   93  43  62  75  24  69  67   5   9  29  80  57
   24  61  90  63  25  34  67  80  44  45  60  95
   95  22  97  27  74  22  88  21  53  33  21  55
   84  70  63  37   2  82  61 100  17  43  44  13
   22  59  18  69  88  65  69  95  69  28  65  46
   94  41  50   6  74  30  51  89 100  47  72  40
   42  77 100  33  50  35  98  69  53  63  13  83
   61  33  65  39  63  49  61  27  27  43  83  70
    2  76  95  21  15  42  40  59  74  60  40  97
   68  82  96  77  62  89  92  67   4  91  90  69
   20  29  30  13  16  71  32  57
   89  13  83  66  82  11  80  59  36  96  90  99
   89  61  96  98  19  83  18  53  36  30   9  44
   88  49  59  41  60  78  97  98  70  40  85  56
   76  42  22  42  67  78  41  66  72  31  13  28
   54  64  45  12  12  30  78  86  81  68  92   9
   34   2   2  21  77  40  54  50  53  79  38  11
   40   2  74   3  55  75  21  11  48  52  72   8
    7  73  58  50  52  63  44  81  44  34  32  32
   77  83  58  16  81  93  98  36  25  35  60  78
    9  62  90  17  71  17  70  10  87  26  17   3
   67   2  82  27  57  44  57  99  39  38  67  23
   32  53  71  85  88  47  68  62  99  62  90  14
   90  28   7  87  24  58  22  15  96  54  76  16
   43   2  48  93  33  72  48  38  71  26  26  27
  100   7  66  22  97  44  88  71  75  54  50   9
   83  39  43  55   9  87  95  15  70  73  71  81
   26  56  71  32  69  81  31  31
   45  49   6   7  92  22  58  78  99  26   8  30
    9  13   6  98  29  54  70  38  37  37  86  18
   76  65   7  28  60  60  50  71  64  62   6  73
   36  26  25  71  87  26  31  23  97  51  12   2
   16  10  22  99  53  27  85  25  93  44  92   3
   84  21  99  75  42  34  32   4  50  75  80  65
   57  57   4  53  81   8  29  79   8  70  47  72
   87   9  21  78  39   2  76  61  50  47   9  99
   72  57  79  92  27  63  18  53   2  15  21  14
   52  75  51  25  98  30  40  50  32  76  84  74
    8  32  50  98  49  31  69  39  48  26  41  33
   62  83  32  30  17  90  75 100   4  50  73  32
   82  81  93  26  80  23  71   6  91  28   9   8
   76  68  76  87  63  34  11  18  49  30  15  88
   94  80  62   6  30  24  89  94  53  20   3  94
   28  43  74  65  85  83  46  82  26  53  24  38
   13  75  81  42  80  96  62  23
   25  93   7  64   2  17  37  26  45  51  34  12
   52  53  57  16  89   4  36  55 100   8  74  71
    1  92  49  29  79  11  12  16  98  35  87  43
   94  64  72  45  76  20  38  81  28  48  29  33
    4  15  63   5  35  15  33  26  25  60   3  47
   49  92  10  46  58  72  67  19  75  85  59  89
   98  41  46   4  96  71  57  30  14  33   1  62
   68   4  54  15  49  88  70  28  22  12  74  64
   24  24  66  12  65  98  19  77  30  31  77  96
   78  42  62  26  39  74  66  44  18  95  55  56
   93  95  70  88  17  88  24  91  13  11   3  39
   80  23  67  28  90  10  51  80  90  78  61  39
   96  59  78  71   4   8  56  70  75 100  22  48
   51  39  77  45  44  49  95  20  40  77  25  59
   98  95  85  71  52  99  73  86   7   7  56  61
   43  59  74  74  14  22  44  26  45  84  53  43
   37  59  63  73  64  80  10  90
   19  59  83  59  15  15   2  12  50  48  74  29
   93  59  22  39  67  55  20  76  50  46  98  77
   73  46  42  84  25  74  90  44  47  56  39   9
   36  21  35  34  43   2  82  81  74  36  40  17
   89  67  20  11   5  45  91  38  90  20  75  77
   70  49  49  15  25  94  45  39  86  23  48  43
   45   6   2  26  45  19  99  91  82  42  93  47
   11  61  87   6  39  66  42  83  27  51  71   4
   93  16  46  92  10  64  87  81   1   6  76   6
   49  52  46   7  88  22  82  30  12  39  31  25
   62  29  86  47  39  26   3  56  98  65  85  15
   48  89  95  93  52  43  51  64  30  79  22   7
   53  52  33   3  50  22  64  40   4  53  52  12
   50  17  84  14  82  86   7  49  47  41  17  22
   45  64  69  45  32  44  71  34  18  74  86   9
   70  53  33  94   7  81  82  21   4  67  62  22
   90  23  54  38  49  63  94  12
   51  91  34  21  58   6  54  94  89  31  91  77
   61  29  94  36 100  22  19  99  43  93  33  57
   39  90  16  59  46  17  56  18  36  40  56   4
   89  88  27  51  97  49  89  54  65  72  80  66
    5  69  41   6  42  11  29  48  13  29  10  31
   63  17  61  53  52  30  70  75  48  81  38  18
   30  50  72  61  88  70  95  49  26  42  40  84
   53  23  48  32  95  34  73  17  85  54  80  25
   69  28  46   4   4  55  56  62  55   2   9  68
    1  90  12  52  31   8  84   5  45  99  58  78
   55  74  74  86  80  98  83   2  56   4  51  58
   25  77  50  53  41  73  66  42  71   2  94  44
   90  36  43  35  87  10  29  56  60  19  81   8
   18  19  40  51  80  26  55   7  79  18  89  60
   58  34  15  54  67  72  15  93  72  94  84  45
   48  22  29  35  80  37  63  51  65  82  17  43
   12  63  27  19  38  44  42  51
   72  57  38  89  28  82  78  43  29  53  64  14
   61  87  30  41  57  92  51  53  86  70  45  73
   64  15  73  16  46  11  37  87  31  36  81  86
   59  60  92   5  14  46  99  25  19  47  74  22
   43  11  29  64  95  74  19  12  27  70  42  15
   31  21  39  19  44  41  91  60  44  38  23  67
   52  13   1  60  30  56  33  52  81  51  69  49
   55  76   5  46  39  97  73  35  65  76  53  96
    6  66  62   4  77  12  63  24  37  49  60  14
   85   8  99  25  65  10  68  99  59  69  97  72
   95  90  61  70  42  72  71  13  10   6  87  11
   51  72   8  67  63  47  73  79  82  96  68  34
   88  79  19  11   3  47  91  83  89  43  97  15
   56   2  89  62  50  53  61  75  61  16  49  93
   24   2  33  51  13  15  33  72  44  53  14  76
   77   4  79  72  15  48  78  62 100  59  99  39
   20   2  76  90  99  34  81  94
   94  77   4   2  32  70  31  44  64  34  82  70
   86  70 100   7  39  77  77  74  16  51  54  94
   56  89  20  88  46  83  10  73  25  28  13  65
   75  13  61  80  32  28  37  32  77  60  73  32
   40  95  48  90  99  20  90  17  83  15  76  18
   67  63  30  98  75  44  25  64  79  36  83  18
  100  16  75  58   8  59  19  87  20  39  82   2
    3  27  79  97  71  95  75  70  88  12  81  13
   65  44  59  17  62  58  18  72  87  18  15  68
   97  86  56  90  99  25  96  26  45  92  39  57
   38  48  35  66  27  48  83  35  13  46  34  42
   43  96  82  65  12  52  74  80  65  61   4  61
   95  72  11  81  44  35  88  13   1  92  74  24
    4  90  55  83  38  69  68  58  40  72  96  14
   93  36  73  13  30   1  79  17  29   2  44  87
   20  72  46  83  80  47  12  61  35  58  16  76
   58  33  80  84  73   2  78  37
   59  53  78  45  61  75  91  56  10   6   8  40
   23  66  33  79  49  54   8  39  66  49  97  61
   81   9 100  72  32  73  42  72  83  58  81  45
   33  62   2  53   7  63  21  38  61  17  83  23
   79  60  66   8  79  10  72  73   4  61  37  82
   29  89  25  73  57  52  31  68  23  82  76  65
   90  95  17  46  53  85  35  68  33  27  43  70
   82  74  83  73  84  59  28  73  51  96  80  49
   25  78  70  58  75  77  59  38   4  46  39   6
   42  16  30  59  51  98  81  72  19  85  74   4
   67  48  18  88  44  37  51  41  30  81  44  58
   32  92  94  14  90  59  32  62  73  51  13  39
   78  19  26  57  33  89  89  11  94  71  49  72
   50  54  82  95  16   4  95  13  39  70  26  37
   95  78  38  59  90  36  28  52  59  31  21  67
   68  27  72  36  11  72  66  67  13  92  17  54
   27  90  69  65  39  54  96  50
   80  39  93  84  41   3  27   1  40  82  76  63
   53  94  34  79  42  90  81  93  54  59  82  86
   23  23  88  76  67  41  37  13  91  10  52  86
   89  60  42  22  35  59   1  77  93  12  12  51
   14  55  40  73  29  64  38  14  61  52  47  76
   18  64  89  99  90  84  77  61  58  31   7  72
   84  59  60  80  22  59   6  70   6  58  98  59
   59  19  79   6  88  39  73  99  90  54  93  68
   44  34  38  76  16  84  90  23  57  50  21  42
    8   7  86   6  88  69  28  21  13  88  73  31
   74  50  36  16  55  76  18  88  23  25   2   1
   32  89  61  40  22  99  53  29  18  22  21  26
   31  58  94  26  59  45  88  59  85  56   5  91
   79   2  31  27  95  28  39   4  76  14  88  94
   47  78  26  12  23  74  79 100   1  91  69  43
   67  55  95  57  91  25  48  97  32  98   2  54
   30  10  18  52  16  27  42  55
   86  62  77   7   9  41  90  26  65  71  51  88
   86  30  72  32  18  62  83  59  24  79  32  40
   84  61  83  12  99  53  19  80  83  69  37  17
   68  89  55  62   6  63   6  21  60   4  39  67
   19  94  25  42  80  84  46  54  64  89   6  77
    7  94  22  55  60  50  33  95  95  74  91  77
   98  52  69  43  75  37  53   5  47  48  49  40
   51  72  80  94  46  63  84  81   3  43  20  79
   13  99  60  36  84  88  96  66  41  34  37  51
   25  24   8  39  96  17  52  46  31  37  28  55
   22  75  15  17  80  91   5  47  34  11  12  32
   28  27  62  23  25  99   3  38   4  57  97  64
   61  93  25  55  12  71  84  30  86  20  89  77
   33  34  71  52  17  77  80  76  21  82  82  39
   44  45  60  96   5  32  15  73  36  74  63  59
   89  71  42  12  34  89   2  58  55  63  13  88
   55  94  61  64  55  49  51  11
   93   8  53  61  36  46  67  57  79  74  70  34
   77  94  49   7   8  82  19  63  67  87  16  63
   80  32  98  41  94  12  51   7  78  97  80  39
   26  32  17  93  54  30  12  99   3  83  45  57
   35  55  15  42  40  81  47   3  26  72  86  61
   29  12   7  12   5  57  99  25  35  39  84  41
   24  60   1  77  99  99  15  23  14   7  13  39
   40   7   7  62  76  96  31   3  44  48  45  42
   89   6  30  37  80  86  90  18   9  83  55  87
   89  60  76  22  61  55  30  72  85  81  14  61
   50  23  50  85  61  38  86  16  54  60  89  95
   82  93  53  43  26  18  93  48  88  85  50  74
   95  21  86  60  97  26  87  17  66  70  63  28
   98   3  48  51  15  41  97  19  58  79  92  35
   95  83  36  77  18  92  55  98  37  22 100  23
   92  57  46  49  43  58  88  49  73  59  49  68
   91  66  72  25  27  61  25  12
   50  73  46  76  31   3  50 100  27  88  50  54
   75  41  14  49  24  24  12  53  20  57  22  87
   18  15  26  28  77  25   9   7  60  70  61   8
   35  90  80  72  74  76  63  95  56  77  18  26
   63  93  51  70  80  82  78  85   1  55  19  85
   20  78  95  40  39  72  36  71  63  13  74  56
    3  31  47  30  72  10  97  77  92  88  72  41
   87  64  22  18  85  83   5  58  20  50  79  69
   31  23  14  11  59  15  77  97  54  93  45   2
   68  81  97  46  57  55  18  10  84  47  95  29
   16  42  26  90  22  83   6  38  79  66  38  70
   68  40  33  40  73  10   1  54  86  37  60  76
  100  36  32  22  16  74  44  62  35  77  27  25
   68  23  16  90  28  45  53  93  32  31  84  26
    5  24  58  32  71  21  30  12  66  74  59  19
   24  89  10  62  87  31  51   7   3  12  56  69
   21   4   3  25  96  32  75 100
   37  68   9  78  92  67  16  42  21  80  74  47
   92  13  58  75  39  78   5  25  50   3  11  99
   80  23  34  18  42  86  93   8  11  52  70   8
   22  89   5  67  70  78  98  48  16  11  15  23
   74  87  77  72  27  24  70  91  13  43  40  84
   34  79  92  66  51  79  95  65  87   2  78  18
   29  12  29  71  18  89  98  86  61  25  97  33
   25  19  99  91  38  81  37  56  88  38   4  27
   26  19  54  21  60  71   6  61  63  49  35  83
   67  19  78  36  66  58  36  75  14  55  67  70
   25  10  93   2  76  30  94  58   4  39  15  42
    7  68  56  66  44  59  83  54  35  67  23  40
   60  57  60  68  61   4  42  95  42  94  77  89
   64  27  35  28  55   9  45  98  97  60  97   4
   39  11  45  52  87   4   2  67  10  89  39  80
   37  32  92  36  57   6  59  89  23  94  93   5
   46  95  14  59  99  17  99  40
   20  28  92  48  63  61  44  44  87  82  25  16
   12  78  73  45  46  74  23  54  94  41  95  10
   50  90  10  19   1  75  71  31  27  91  81  40
   97  79  33  78  78  17  10  25  25  29  90  96
   84  78  42  54  97  73  28   2  96  63 100  84
    7  38   6  89  44  33  80  46  19  24  56  27
   30  27  55  46  72   4  90  59  31  56  70  65
   83  29  91   5   1   9  48  59  44  24  20  56
   68  46  84  60  19  88  10  82  35   6  53  73
   47  97  68  28  79   2  99  81  46   1  82  11
   55  20  45  38   6  24  10  25  90  23  87  76
   91  66  85  39  87  48  98   2  45   3  18  95
   24   9  25  95  79  83  92  15  54  90  87  14
   86  33  67  90   6  58  83  87  33  52  78  89
   81  47  85  23  57  15  33  57  59  70  39   2
   76  71  16  11  91  16  67  79  80  46  87  45
    8  45  65  87  34  39  81  29
   44   7  24  45  59  49  84  63  94  25  14  40
   69  47  54  88   3  78  51  70  13  29  44  95
   15  58  74  22  23  73  80  56  51  32  98  54
   10  37  65  20   8  42  13   6  54  48  75  12
   55   7  82  86  16  14  63  28  39  17  45  82
   28  12  54  45  80  42  16  56  96  98  52  10
   73  24  84  43   7   5  33  46  90  78  15  54
   16  33  48  53  75   1  46  76  57  65  25   5
   50  56  93  70  39  55  64  50  10  88  46  71
   44  34  45  12  25  15  67  92  31   6  18  88
   41  27  97  20  32  50   9  55  79  93  51  13
   56  23  22  60  35  56  17  10  86  55  31  26
   78  32  59  21  79  49  90  53  55  15  18  32
   70  87  27  15  86  71   7   6  66  23  41  58
   68  44  15  76  50  86  11  10  69  51   8  57
   80  84  86  66  37  83  25  33  90  94  96   2
   91  10  78  65  88  72  43  65
   89  88  49  78   8  36  41  49  92  17  68  47
   29  52  81  35  78  92   7   3  85  22  53  73
   71  49   8  96  39  17  37  54  69  94  88  56
   26  83  87  43  48  13  41  83  58  43  36  78
   55  62  35  55  22  91  86  75  17  77  13  25
   79  98  20  24  30  64  91  19  67  12  91  88
   69   9  64  39  96  51  33   9  85  67  99  64
   54  14  48   1 100  75  40  45   2  69  18  53
   15  40   3  10  75  64  97  30   2  46  81  60
   87  20  17  72  11  51  44  73  25  33  82  94
   66  88  33   2  48  72  74  86  66  67  66  72
   94  85  47  12  86  70  37  87  76  93  32  12
   75  57  13  26  78  91  34 100  57  60  36  37
   64  52  34  67  31  88  25  51  68  19  86  77
   70  25  73  67   5  15  22  70  24  29  48  65
   58  35  46  61  18  33  91  96  91  51  40  40
   50  47  23  88  41   9  57  70
   23  12  47  94  87  57  74  67  45  11  65  11
   45  47  61  71  72  30  40  79  47   7  16  50
   26  12  36  85 100  65  87  73  99  72  90  88
   86  27   3  90  63   4  18  26  64  69  63  25
   61  72   6   7  64  49  45  73  15  21  19  17
   94  94  98  10  19  64  94  17  38   9  50  82
   41  94  47  41  51  72   2  13  28  79  65   2
   67  39  28  99  99  60  13  83  92  38  80  17
   50  53  27  47  10  73  85  10  49  51  23  27
   76  25  44   5  41  20  88  35  25  46  32  96
   47 100  87  55  62  66   1  60  62  11  57  49
   71  89  76  43  54  42  14  52   9  94  60  68
   69  61  43  73   7  37  27  33  28   9  11  99
   73  46  29  12  24   4  54  91  90  24  92  50
   27  36  87  83  16  52  18  73  81  72  98  86
   81  83  81  78   9  55  52  86  94  47  34  38
    4   2  85  43  37  48   2  99
   76  57  38  76  18  57   9   8  20  75  21  87
   84   1  35  40  85  42  83   4  58  22  62  38
   12  81  35  16  16  79  34  31  13  92  58  91
    8  12  72  25  77  47  11  73  62  27  71  98
   70  94  24  77  78  13   3   7  30  58   8  96
   35  29  10  78  70  36  43  97  82  12  13  19
   80   2  89  23  46  72   9   8  25   4  77  89
   30  95  66  99  41  64  16  88   8  44  32  23
   45  83  87  87  33  51  25  84  24  33  50  30
   32  30  40  61  42  62  37  31   5  66  49  10
   39  94  54  84  29  19  95  59  28  28  85  55
   56  25   1  14  98  35  88  87  12  95  60  53
   16  65  95  97  98  17  43  32  16  41  15  78
   91  48  94  79  15  62  30  94  44  27  36   1
    2   1  96  90  80  62  61  75  39   6  48  83
    4  41  42  58  67  99  93  63  89  25  22  78
   99  81  14  99  90  49  23  40
   53  67  90  93  51   5  67  73  69  54  55  55
   58   3  15  11  37  56  78  36   2  47  51  48
   19  31  14  88  31  85  20  24  53  14  95  42
   72  41  40  55  52  15  29  99  26  10   7  33
    4  19  94  39  67  63  87  23  71  84  51  15
   45  50  27  66  91  48  29  54  86  91  44  78
   78  17  34  61  90  84  33  50  19  77  49  15
   33   3  63  48  76  89  30  67  65  91  77  13
   88  86   9  48  11  74  96  60  67  79  90  59
   70  48  13  80   2  51  59  80  20  84  96  41
   54  63  69  65   9  31  91  81  61  50  53  41
   63   9  17  19  38  20  18  13  82  17  65  43
   70  58  43  56  44  26   8  21  22  26  87  28
   95  84  87  92  30  55  82  54  63  14  23  74
    8  58  33  39  48  11   9  57  43  18  22  61
   25  48  15   7  98  94   5  73  44  73  83  63
   13  23  14   5  30   8  34  45
   76  16  58  45  91  50  41  52   7   3  17  80
   23  81  88  15  91  96  11  43  23  64  94  57
   78   4   6  57  77  41  62  43  90   6  42  24
   46  33  72  10  25  61  37  19  64  34  76  71
   54 100  82  92  41  14   4  15  26  31  43  71
   63  16  58   4  63  35  62  56  89  60  20  77
   62  68  54  21  55  41  41  47  97  64  12  18
   71  29  51   3  15  29   1  72  21  66  54   7
   38  45  62  85  66  74  29  96  63  68  13  32
   41  47  28  86  64  32  44  63  55  53  82  65
   88  42  21   4  95  38  93  94  59  81  86  56
   20  20  42  13  71   6  56  94  64  94  80  34
  100  48  22  70  39  31  39  46  92  14  48   9
   29  73  20  12  70  86  78  11  93  41   4  69
   31  23  28  53  68  28  42  32  48  54  88  84
   64   5  65  88  68  88  26  31  65  16  77   2
   15   6  82  94  32  79  56  10
   15  90  41  73  65  84   9  33  73  69  64   4
    4  28  52  27  27   5  23  99  28   5  42  83
   99  93  84  99  49  98  35  31  91   7  91  21
   55  68  62  72  76  92  63  51   7  49  27  83
    5  70  93  57  42  48  13  19  99  37  48  78
   72  50  73   6  62  63  72  30  84  14  41  45
   66  97  84   3  42  73  21  17  60  59  77  61
   80  37  92  72  70  46  18  46  12  89  14  40
   95  29  52  72  24  88  15  22  10  54  95  29
   77  69  99  95  63  42  43  82  12  40  52  14
   80  91  63  72  37  84  25   4  60  71  97  14
   40  62  51  69  77  30  66  97  83   7  35  87
   81  86  61  87   5  26  58  10  97  40  51  25
   16   6  76  66  25  60  79  25   3   3  19  57
   37  93  64  77  28  52  93  61  84  62  98  47
   29  63  80  31  92  61  51  74  17  20  35  94
   58  63  65  74  80  79  88  54
   88  41  35  29  88  40  40  71  50  59  94  30
    9  40  30  19  43  15  22  40  74  10  86  90
   66  42  84  60  24  22  17  29  94  51  28  69
   69  23   2  48  79  25  68  21  98  34  97  38
   44  23   3  42  73  53  36  66  88  80  96  36
   32  52  22  71  88   7  94  81  86  76  37  69
   93  84  16  31  24  48  38  51  29  74  54  12
    7  64  56  82  93  11  77  28  72  97  95   4
   63   2  30  58  33  93  40  30  87  33  30  53
   77  74  44  52  91  63  71  43  66  37  40  36
   75  26  22  31  38  53  32  21  13  32  27  92
    5  69   4  24  55  64   4  83  53   8  10  34
   27  82  46  31  47  64  81  19  27  21  24  37
   23  12  25  17  31  88  79  80  92  96  22  44
   89  71  32  14  45  41  29  91  27  26  74  66
   42  40  75  24  42  88  76  40  21  68  68  83
   12  67  81  14  92  69  89  84
   85  51  58  19  90  93  77  29  24  22  11  82
   68   2  41  20  57  96  99  78  71  68  67  93
   41  76  73 100  44  81  94  33   6  39  57  21
    2   6  34  95  56  36  48  84  39  81  70  15
   71  93  21  12  22  22  66  99   7  15  24  99
   93  17  57  32  93  75  80  17  70  32  55  70
   35  28  90  10  46   4  45  48  12  98  26  99
   88  49  89  73  79  90  37  80  38  56  23  29
   67  79  47  25  15  89  59  73  79  18  55  77
   10  89  82  39  97  31  34  58  89  68  54  35
   76  23  33  64  98  17  12  43  45  70  76  64
   53  99  65  22   9  23  62   6  46  55   1   6
   48  10  63   9  45  98  80   1  18  32  31  68
   92  19  40  91  47  65  86  54   6  79  91  36
   41  64  29  15  76  21  20  66  80  53  33  68
   73  58  87  91  21  34  47  11  38  78  29  94
   90  85  95  14  89  48  57  34
   19  31  77  97   6  29   9  72  71  95  46  86
   53  43  66  68  16  63  74  23  56  28   6  39
   98  89  26  81  97  77  30  96  40   4  41  10
   38  59  15  27  36  13  35  33   9  16  14  92
   58  96  95  50  19  64  53  30  53  10  89  35
   52  99  37  50  40  82  56  37  67  87  40  40
   16  22  10  80  97  72  16  61  52   7  40  63
   51  71  91  50  94  93  12  61  12  77  70  19
   63  11  65  23  38  59  28  54  55  66  15  71
   63  58  17  17  41  39  50   8  96  92  64  44
   67  84  37   5  21  56  73  47  54  33  13  11
   93  16  21  13  97  89  94  51  50  16  59   4
   69  36  71  26  98  72  16  54  15  26   8   7
   22  78  91  78  54  91  43  45  78   4  65  61
   85  36  92  63   2  89  88  65  79  42  46  61
    1  53  88  26  80  63  68  14  59  89  67  56
   10  30  98  68  35  64   3  42
   68  73  43  85  93   4  43  75  42  89  95  91
   72   6  29  50  29  61  57   6  43   4  77  47
   31  16  75  98  97  14  22  23  29  52  73  15
    3  23  73  10  76  49  50  74  99  94  18  15
    3  56  77  71   6  67  15  21  13  99   4  76
   13  56   1  86  83  80  51  34  87  48  85  42
   71  74  19  64  70   8  54  95   5  33  79  62
   79  72  68  29  87  83  80  96   7  57  62 100
   99  25  45  13  18  50  47  41  95  34  71  31
   54  14   8  60   3  62  32  45  34  87   6  38
   27  35  75  26  47  85  75  33  47  55  24  19
   62  95  27  77  17  96  76  42  20  81  47  78
   65  11   5  90  36  81  95  18  97  25  56  36
    4  10   8  54  92  40  56  21  89  54  94  19
    5  31   2  66  35  79  41  19  62  49  64  67
   56  23   8  37  70  21  93  92  45  98  30  32
    7  48  11  88  68  95  18  33
   75   8  97  77  44  57  63  30   7  99  67  37
   30  23  10  94  97  84   7  68  11   8  92  91
   85  83  18  62  57  69  53  47  79  90  82  81
   20  40   9  64  66  76  53  64  21  28  52  18
    7  86  61  27  59  16  51  60  36  42  11  56
    8  61  46  18  65  36  80  17  15  96  54  91
   81  40  26  48   5  31  68  58  44  99  75  63
   74  45  56  69  88  34  36  52  97  97  58  51
   28  38  84  77  23  22  92   6  45  84  77  79
   73  25  51   9   4  16  44  71  48  90   2  13
   38  53  87  43  20  74  84  42  59  91  89  57
   37  10  19   1  53   2   4  53  23   6  94  63
   80  29  59  46  75  44  80  82  76  92  61  23
   68  82  19  84  53  89  88  49  51  54  25  70
   96  87  96  64  45  66  92  16  66  34  16  79
   49   2  87  74  99  48  48  86  38  18  53  71
    6  25  75  48  58  48   6   8
    6  47  20  63  44  92  70  90  82  90  31  76
   98  46  69  86  96  37  75  61   5  14  63  13
   72   4  70  30  74   4  56  71   7  85   6  71
   90  95  26  37  70  52  47  48  14  47  25  59
   11  47  37  97  77  90  83  64  51  88  90  33
   93  30   5  51  88  72  97  41  45  49  66  96
   93  66  26  86  91   4  21  50  16  14  16   5
   68  25  98  38  75  36  82  11  85  20   2  58
   70  25  17  90  26  70  10  88  72  50  85   8
   51  32  74  78  29  56  29   1  95  37  26  52
   63  62  64  81  68  92  66  12  70  62  80  38
   54  78  75  31  24  24  44  34  12  53   5  61
   71  93  97   5  78  46  84  28  33  87  54  65
   61  66  18  30   9   3   8   4  46  93  81  44
   68   7  22  80  92  84  31  19  59  43  38  36
   35  71  93  81   5  31  72  81  82  59  73  32
    2  65  17   5  22  32  48  44
    217   213   193   184   180   190   206   223   205   197   216   193
    214   213   207   201   193   203   204   219   215   213   214   217
    197   206   217   191   214   202   208   190   195   217   206   212
    196   201   212   209
