 25 100
  112 101  91  34  35  58  37  69  86  77  77  84
   39  46  45  22 109  95  53  70  75  83  50  89
   50  66  17 102  55  43 112  66  49  94  31  62
   96  44  69  21  99  38  31   4  87  57  46 102
   96  13  34  49  90 106  20 113  34  37  79  23
   57  56  51  85 103 104  93  63  83  18  83  32
   39  52  39  74  47  98  63  38 108  96 105 109
   97  23  40  48  46  57  44  98  38  94  99  68
   50  51  54  90
   48  90  57  61  44  79  33  72 100  95  79  46
   47  70  63 103  88  31  60  90  95  31  68  87
   19  59  69  47  75  40  90  93 101  55  24  25
   72  52 101  30  29  12 105  66  68   7  68 100
   51  24  61 105  15  21  50  52  26  99  85  16
   73  81 105  88  59  91  35 101  44  57  62  29
   29  70  99 113  93  60  45  54  26  67 115  98
   92  42  13  11  51  52  83  78  64  69  95  65
   54  35  47  80
   42  56  31  15  97 103   6  63  77  67  84  92
   50  38  57  59  81  96  73  20  20  91  44  61
  102  32  53  35  34 101  98 102  65  29  68  40
   50  59 101  88  96  67  94  70  20  52  98  78
   84  65  31  85  42  10  47  49  69  93  53  92
   88  91  69  42  75  35  70  68  72  25  35  80
   50  17  59  45  45  79  69  73  74  53  12  42
   16  73  66  19  26  91  95  42  92  15  59  87
   74   8  76  50
  107 106  95 110  40  95   9  79  71  16  92  56
   46  39  85 111  90  37  97 102  17  91  48 105
   21  31  19  74   5  39  29  95  43 109  89 111
   51  32  12  89  76  36  51  98 114  73   9  88
    9  52  83  29  35  64  45 103  59  37  49  61
   89  57  20 103  68  65  24  38  79  99  65  51
   16  44  28  76 113  85 113  68  65  46  59  17
   18  44  66  25  74 103  26  94  47  63  97  95
   30 110  53  22
   20  90  50  82  93  62  84 101  82  96  99  91
   34  91  15  58  68  41  23  68  64 102  39 110
   16  83 110  61   7  73  63  70  93  96  29  44
   31  61  80  49 101  80  68  52  91  46  55  35
   49  44  81  62 104  94  20  93  78  49  60  96
   88  32  26   7  18  17  57  51  77 101  13  16
   93  34  95  56 112  53 105  76  44 108  66  60
   19  59  35 114  30  27 103  23  17  34 106  99
   94  12  62  98
   79  60  49  12  40  93  49  89  79  88  92  35
   28  16 101  38  66  86  47  68  66  12  98  44
   13  36  75  75 107 112  80 104  94  27  14  43
   45 101  65  58  67 100  34 104  16  64  81  27
   65   6  70  49  52  19  39  16  21  65  95  66
   18  55  71 103  71  30  74   7  32  82  63  52
   85  34  24  63  99 106  50  22  39 100  21  50
   69  34  77  22  96  71  95  72  67  29  32  80
   44  41  42 105
   67  67  66  31 107  18  42  88  22  66  92  53
   74  40  70  20  48  31  13  31  45  31  48  84
   60  99  78  63  71  23  54  83   7  27  40  46
   31  85  74 101  20  65 108  87  86  91  99  33
   11  81  87  40  15  24  81  32 102  26  92  16
   77   5 115  59  20  10 105  22  27  85  65 103
   97  26 103  52  30 107  64 107  55 100  79  76
   48  74   4  41  61  73  29  37 103 104  18  85
   21  98  86 107
   64  84  31  28  71  35  83  37  94  34  61  36
   75  74  73  77   8 106  76  25  91 109  40  60
   76  74  73  35  52  21  20  28  25  78  10  56
   65  48  44  89  41  83  97  61  48 104  30  26
   17  91 101  28  48  27  32  13  46 104  45  78
   53  45  87  33  29  22  39  74 109  19  46  36
   24  58  88  57  46 101  17  82  77  90  91  93
   82  96  75  57  22  51 102  91  73  56  92  62
   45  71  87  45
   46  91  52   4  86  77  67   3  25  98  78  64
   14  77  27  27 110  37 105  99  11 100  64  60
  100  12  52 101  82  32  25  20  48  39  17 114
   61  83  72  25  86  76  43  69  74  81   6 112
   66  87  28  92  42  83  77  55  36 114  26  70
   87  97  98  74  95  47  35  45  15  98  63  60
   89  54  69  72  18  95  42  34  14  17  98  80
   96  13  35  86  84 109  80  29  69  69  31 110
   28  98  76  41
   99  41  73  74  13 102  41  74  50  78  80  46
   22  25  96 110  43  50  84  97  23  98  30  24
   93  80 103 107  37  60  22  59  30  86  61  86
   83  57  79  86  80 105  80  41  32  92  58 108
   27  77  52 103  55  33  61  58  93  94  48  83
   98  67 105  91  53 107  49  11  61  18  34  76
   38  34  87  48  26  50  96  99  75  63 101  27
   77 105  33  17  18  80  35  72  42  35  38  28
   16  57  12  60
   34  57  46  40  70  68  68  69  62  59  79  54
   22  77  99  19  27 112 108  24  54  88  56  65
   78  42  53  50  25   8  75  99  84  17  77  35
   63  70  91  37  74  82  72  80  12  21  50  30
   82  19  88  54  38  46  91  23  81  93 101  16
   31  60  56  99  66  18  94 102 117  17  17  56
   79  24 100  67   9  78  71  18  75  23  15  26
   57  51  45 109  15  82 107  77  41  72  71  13
   20 107  28  76
   73  99  41  47  79  58  35  43 102 103  25  98
   78   9  43  31  49  39  27  20  11  25  69  27
   39  54  49  21  86  64 106  18  71  25  78 111
   86  60  49  98  16  89  54 110 109  76 106  39
   24  20  69  91  94  99  82  50  96  90  22  91
   78 102  94  21 105  65  34  75 106  69 110  93
   27  72 108  90  37  24 101  31  45  26  86  50
   56  79  87  42  22  38 101 106 103  83  89  46
   54  93  50   3
   90  65  29  36 104  23  95  62  53 104 107  77
   23  93  95  75  90  14  20  22  97  87  99  52
   21 105  18  19  28  28  63  24  85  29  41  73
   80  96 102  83  12  98  12  99 100  88  22 107
   59  31  91   4  77  59  56  42  55  20  57 113
   61  28  70  94  11  53  19 102 104  81 106  21
   60  97  31  65  64  31  89  90  47  44  70  64
   97  76  50  45  55 101  39  51  58  33  49  26
  104  52  97  40
   60  45  46  61  95 101  87  25  32  94  78 108
   38  54  15  76  22  94  50 104 111 102 110  56
   81  86   6   7  64  68  95  40  50  92 100  62
   36  86  19  37  84  37  48  93  46  69 104  29
   30  23  24  44  75   8  73  41 105  27  13 102
  101  31  35  95  99 106  44  77  98  82 103  97
   44  34  53  99  13  37  31  24  45  99 117  13
   65  66  60 104  49  95  52  67  78  37  43  62
   34  90  48  52
   50  31  48  85  82  55 103  14  17  67  86 110
   45  23  77  18  94  48  10  81  49  67  72  94
   76  22  97 100  51  37 101  43  99  78 104  75
   59  34  78  20  88  57  86  97  25  13  84  39
   63  58  40  43   8  56 115  69  47  42  83  39
   97  29  45  50  70  31 114  37  55  72  71  76
   60  75  29  69 116  14  17  35  70 114  77  37
  103 108  39  40 106  31  58  71  88  53 114  74
   38  44 107  69
  109  62  48  86  91 106  51  33  13 108  28  27
   85  71   9  53  96   9  74  24  34 107  52 105
   94  98  16  59  26  41  50  95 100  25  94  94
   85  53  75  98  25 106  52  96  33  67  16  82
   28  35  67  24  80  84  16  36  28  43  93  76
   27  91  47  87  22  92  20  47  58  16  32  82
   69  81 112  90 102  66  11  65  44  65  75  77
   71  33  90 100  55  41  68  40 102  89  84  64
   74  16  64  99
   59  49  64  79  41  58  31  91  48  66  63  83
   16  48  54  87  33  46  94  83  45  72  46  35
  106 101  67  62  67  19  35  49  10 104  52  77
   72  46  68  97  51  43  90  54  91 101 108  87
   47 100  37  60  78  93  92  69  24  73  22  28
   36  17  31  44  88  81 108  38  28  83  49  19
   26  17  95  40  88  28  42 105  18  14  98  59
   70  17 100  84  95  72  78  54  84  83  36  47
   59  62  76 107
   41  50  38  35   9  61  99  94 101  27  47  70
   39  50  36  88  76  24  62  62  29 111  99  72
   77  84  84  30 101  87  42 102  91  55  25  61
   16  74  44  65  29  75  91  42  93  62  10  43
   79  95  24  93 111  27  38  41 112  80  49  64
    9  63  75  94  58  72  82  74 102  92  81  63
   34  27  73   9  66 106  56 106  19  46  39  33
   46  78  27  56  51  18  29  19  79  97  15  30
   28  36  27  62
   71  43  23  13  59  49  73  86  79 100 107  22
  116  79  20  84  34  88  46  29  64  37  28  52
   50  33  89  34 100 103  59  52  62  34  96  61
   58  14 108  88  42  23  63  44  36 104  48  42
   40  94  57  53  76  68  45  73  98 114 103  56
    5  83  69  57  52  33 115 102 100  62  32  48
   90  73  69  84  30  96  46  54  93  41  51  83
   31  28  40  48  62  63  79  19 118 101  78  59
   49  38  91  45
   58  42  71 101  77  61  95  97  65  42  96  46
   22  82   3  84  96  88  74  43  65  86  38  58
   30  71  88 101  53  22  44 102  86  17  49  39
   88 105  30  41  54  69  58  81  98  18  36  97
   22  91  37  34  22  64  89 110  50 103  52  49
   99  84 100 109  61  85  61  29  72  59  72  13
   47  20  55  66  24  15  54  85 109  58   7  99
   66  17 107  98  91  80  51 103  16  99  34  32
   39  84 100  22
   57 108 110  61  58  35  60  97  72  51  96  20
    9  90  66  54  97  98  40  26  58  27  42  36
   27  88  91  87   7   4  50  27  18  50  78  48
   36  19  25  82  68  59  87  55  94  74  98  74
   40  47  43  65  89  17  39  44  72  84  21  43
   88  27  91  52  85  45  67  32  29  92  19  54
   32  32  75  23  30  30  87  35  98  83  41  55
   41  18 105  99  75  98  38  80  27  71  10  68
   66  83  95  13
   34  45  48  58  35  36  92  25  22  98  10  80
   18  50  57  66  51  20  25  83  41  64  56  65
   65  31  41  41  66  54 108  86  47  65  59  90
  106  40  59  92  56  78  99  56  71  87  34  85
   72  31  46  67  74  28  96 102  95  83  75  13
   85  29 104  52 104  56  60  65  95 116  27  30
   88  39  38  91  68 100  19  42  64  85  92  66
   51  30 101  18  80  34  18  82  91  46  82  53
   81  25  33  54
   59  65  78  29  77  18  45  92  31  85  48  42
   83  48  86  57  43  42  96  84  46 103  77  10
   64  82 116  25  99 102  93  71  35  81  27  37
   57 113  72  45  56  17   7  10  50  90  35  31
   82  64  40  36  53  50  88  43  57  57 106  61
   25  83  25  93  83  34  25  35  15  24 117  71
   59   7  95  20  13 110  57  94  66  99  23  29
  100  24  57  52  66  42 106  65  34  92  39  28
   33  34 101 109
   59 113  58  51  26   4  58  30 100  61 110  25
   40 111 102  53  79  19  82  51  78  11  75 112
   58 113 102 104  57  24  71  91  37  95  25 100
   79  56  87 102  44  58  40   8  23  93  68  95
   99 102  76  62  63 108 117 100  43  39  24  95
   69  91 110  23  60  48  29  37   7 100  47  30
   37 103  42  23  61  70  90  19  43  24  32  52
   23  41  17  71  28  68  44  41  91 113  84  27
   68  96   6  92
   80  86 104  66  40  26  76  80  83  64  28  49
   69  51  23  50  77  56 103  75  69  71  99 102
   28 103  38 114  65 101  63  30  78  32 101  35
   51 108  58 110  73   7 109  48  30  85  64  97
   83  98  95  31  91  11  23  39  91  77  95  41
   87  27  13  94  51  61  97  68  20  78  10  29
   95  79  67  91  54 107  74 107  32  78   6  26
   87  87  27  88  49  33  52  48  86  42  47  74
  107  97  56 104
    8   9  11  77  76  58  82  35  21  31  35  21
   76  58  62  94   8  22  67  32  44  35  53  20
   65  39  89   5  50  69   4  49  64   8  82  48
   10  75  45  91   4  78  76  98  15  62  71   9
   24  92  77  69  30   8  97   3  84  70  41  84
   54  53  65  22   8   3  19  52  37  98  19  77
   77  59  66  28  68  18  45  75   6   8   6   7
   22  88  69  54  61  48  62  16  65  24  20  40
   57  55  55  29
   63  19  56  47  58  25  79  39  12  13  32  62
   70  37  57  14  15  87  42  12   9  80  43  31
   98  51  41  67  35  79  20  17  19  61  83  82
   35  50  18  75  80  96  13  49  46  98  47  19
   67  87  54   3  92  81  60  51  90   6  31  89
   43  33  12  31  46  27  85   9  67  52  44  76
   80  41  11   4  19  52  74  50  78  41   4  21
   16  69  98  95  54  60  25  34  51  42  16  43
   59  81  70  25
   71  53  77  98   8   9  98  41  39  46  34  26
   66  67  62  50  28   6  39  88  82  14  63  46
   15  71  56  67  85  12  13  15  48  85  47  77
   65  53  16  24  22  44  26  48  89  58  10  25
   27  55  82  32  77  97  64  55  49  12  67  17
   32  17  51  62  42  80  36  46  46  79  69  32
   58  94  59  66  61  25  38  38  41  67  95  73
   91  29  43  93  79  17  25  74  13  88  61  28
   28  96  41  68
   12   1  19   9  80  15  93  39  31  95  21  55
   61  70  19   7  20  67  10   5  88  11  55  15
   90  89  90  31  98  76  76  22  76   2  22   4
   53  78  91  24  40  78  57  18   3  46  99  17
   96  64  19  78  68  46  66   9  49  74  63  50
   29  60  98   7  38  46  81  73  31  21  47  55
  100  67  88  32   4  21   7  46  44  56  47  94
   84  73  41  83  30   9  88  17  65  40  15  16
   76   9  50  96
   98  25  61  33   9  49  20  17  37  15   5  23
   86  16  98  61  34  79  95  41  39  15  78   5
   95  19   1  57  95  31  56  33  27  12  86  73
   87  46  30  53  13  30  52  51  21  59  57  75
   67  65  29  56   2  21  92  15  40  67  48  12
   24  74  77  98  91  94  59  64  27  17  97  95
   22  81  18  64   6  66   1  43  74   7  39  58
   92  46  77   1  85  91   8  89  94  77   5  10
   15  93  51  22
   40  45  67  97  63  15  55  27  38  23  16  85
   81  97   6  66  49  25  64  39  37  96   8  73
   92  81  33  39  13   3  26  16  12  79  96  72
   61  19  48  52  50  14  75  15  93  39  31  88
   37  96  35  65  67  96  65  99  92  37  13  52
   97  64  44  16  38  72  38  97  75  28  51  65
   24  73  79  46   4  13  60  85  71   3  96  53
   36  79  39  96  15  39   7  39  40  81  81  29
   76  67  67   6
   43  36  36  71   4  89  60  22  84  43  28  55
   35  66  48  98  65  85  91  71  67  87  65  27
   53  16  41  45  40  82  57  20  98  77  62  66
   84  23  29   6  91  51   4  24  17  28  17  83
   93  30  28  72  92  88  21  83  18  93  28  95
   27  99   2  46  82 100   4  89  75  17  39   7
   23  92   3  64  76   8  56   2  62  16  23  40
   58  30 100  77  56  42  80  77   6  14  90  20
   84  17  31   5
   44  21  86  74  39  76  34  66  10  77  47  68
   35  46  42  31  95   5  37  84  23   2  78  45
   32  46  40  83  55  92  89  75  86  40  98  59
   47  58  73  25  75  29  21  43  56  13  87  77
   95  18   4  75  61  92  78  92  67   8  60  35
   64  65  20  72  84  82  67  30   3 100  62  81
   84  62  23  60  65   4  99  34  28  18  16  27
   37  14  43  48  89  52   9  21  39  62  11  55
   59  35  33  63
   69  20  67  98  32  25  35 100  85  16  29  43
   95  33  82  87   8  70   5  18  98  12  52  45
   15  95  59   9  27  73  88  84  66  75  94   4
   55  24  38  89  28  35  68  34  39  34  97   7
   43  22  76  22  74  33  25  53  75   4  93  37
   24   9  21  29  10  71  79  73  94  18  55  49
   20  63  51  35  89  17  76  84  94  93   8  30
   12  98  68  17  29   2  30  86  41  43  75   7
   74   5  30  71
   15  69  41  39  95   2  69  33  65  34  33  57
   94  94  10   8  73  69  27  21  95  13  72  94
   18  40  15   6  66  56  95  60  72  16  49  31
   26  53  23  34  37   2  37  68  75  17  61   3
   86  33  54  14  57  72  41  61  26  26  66  20
   12  40   4  29  58   4  64  97  59  93  84  26
   73  69  15  68  85  61  24  13  33  55  17  89
   42  11  81  94  89  26  78  37  62  77  66  87
   97  46  98  53
   73  47  69  66  40  42  43  45  57  44  24  53
   86  33  10  88  87   2  10  94  51  15  55  55
   41  61  51  70  86  97  43  19  27  86  38  76
   52  46  26  80  32  26  45  26  92  93  52  75
   24  83  17  63  74  70  28  93  25  11  12  90
   87  49  50  14  36  96  14   4   2  96  88  47
   37  83   4  48  97  41  47  91  36  86  89  76
   50  54  74   9  92  34  10  32  79  35  39  97
   96  10  86  30
   31  15  67  67  37  45  77  62   6   5  90  10
   25  97  76  86  57  71  88  85  91  78  36  84
   75  66  69  97  27  49   4  88  49  87  37   4
   34  56  64  13  94  13  57  10   6  40  13  71
   86  93  33  15  17  13  38  58   9  22  90  24
   31   2  14  90  13  41  85  27  14  49   8  19
   93  41  12  29  65  80   5  86  72  93  30  54
   61  28  32  69  97  72   6   8   5  26  13  64
   52  16  61 100
   18  40  80  82  10  79   8  48  54   5   6  42
   83   9  22  35  26  90  87  97  16  28  18  52
   98  15  94  90  92  89  48  94  26  82  62  43
   29  15  15  32  97  14  95   4   2  19  96  10
   55  86  28  99  35  58  46  60  52  83  50   4
   56  88  43  23  98  58  93  15  11  36  14  84
   49  10  80  48  38  77  13  23  69  71  39  40
   12  35  64  69  52  15  74  68  46  85  71  81
    2  57   7  73
   43  68  65  47  10   3  26  81  81  23  33  11
   76  49  90  27  88  19  69  16   3   3  10  64
   29  16  97  99  51  44  18  68  61  17   6  43
   82  33  91  68  33  79  55  14  57  48  10  75
   72  87  94  67  37  96  29  62  11  93  90  12
    8  78  67  11   5  12  67  37  13  22   3  22
   75  84  64   3  94  71  83  85  57   9   2  93
   55  50  51  16  68  16  57  35  24  72  76  48
   78  29  63  66
   69  83  58  28  28  47  12  88  94  53  25   6
   61  92  30  91  17  57  96  24  61  41  38  11
   31  94   6  10  59  68   7  76   8  28   5  42
   58  72  40  86  24  49  21  10  81  91  22  67
   42  62  69  77  99  46   4  51  64  70  33  72
    7  82  65  64  42  83   4  76  63  34  38  29
   54  34  80  36   4  95  88  73  40   6  38  79
    6   7  65  66   3  77  56  49  19  54   5  45
   68  74   5  51
    4  57  56  27  23  11  68  80  92   8  91  85
   26  35  95  54  21  98  33  88  86   5  66  12
   24  13  96  52  87  68  63  11   7  93  16  17
   20  60  28  20  77   9  54  12  75  44  87  22
   86  76  41  93  35  25  92  73  84  62  18  30
   88  20  67  28  83  25  91  65  51  90  77  25
   44  34   8  30   3  42 100  43  58  51  33  29
   34  79  21   3  60  62  48  79   8  30  24  51
   43  88  55  20
   57  65  51  28  73  55  72  15  69  38  45  19
   89  54  52  31  85  58  24  23  71  43  62  85
    8  19  35  52  47  97  71  61  96   3  65  35
   38  56  35  23  56  59  23  61  19  14   6  30
   65   8  81  42  33  18  10  47  87  37  83  84
   83  85  81  73  31  27  10  73  75  28  63  89
   80  86  13  76  25  88  69   6  85  89   8  46
   33  96  11  32  13  41  26  52  19  29  78  57
   61  42  39   7
   66  70  67  78  96  58  13  11  17  80  73  49
   70  61  82  21  35  86  51  44  81   7  16  43
   38  26  36  84   3  16  64   3  20  54  91  54
   87  34  64  42  90  41  20  71  27  49  97  69
   41  24  87  21   9  84  77  76   7  27  57  53
   94  44  36  17  53  45  37  40  10  27  30  43
   72  82  44  99  42   1  57  14  85  59  72  75
   59  40  86  55  66  84  80  88  31  23 100  89
   74  80  92  44
   45  64  96  90  56  70  36  32  36  14   6  90
    3  23  95  32  74  17  69  73  46  75  88  66
   58  81  28  74  16   7  60  61  47  72  16  44
   58  88  11  26  67  82  46  60  77  15  59  68
   79  19  55  54  32  38  70  34  14   4  15  49
  100  32  45  46  58  81   2  14   2  49  76  63
   16  42  33  24  84   9  60  53  26  61  61  37
   78  82  75  70  41  40  32  86   2   2  24  52
   71  74  11  74
   58  73  38   2  42  42   7   9  42  71  22  72
   95  23  99  25  19  30  40  76  55  29  71  55
   81  42  23  16  50  95  67  10  19  91  56  66
   23  10  89  79  54  48  59  38  17  93  80  23
   88  26  74  80  87  41  13   6  65   6  68  57
   17  22   4   8  41  18  42  86  38  45  30  92
   70  91  62  41  83  91  63  35   8  59  97   5
   37  98  12  18  14  33  68   3  99  14  80  85
   80  34  13  86
   61   2   4  45  59  70  57  16  39  52   8  87
   99  22  36  53  14  19  65  91  45  93  63  75
   83  16  26  17  97  99  54  84  93  69  40  68
   80  95  91  35  45  57  22  53  22  28  11  34
   65  63  76  46  13  87  63  73  44  36  84  68
   23  80  28  59  29  67  53  80  73  12  98  64
   84  79  28  86  81  80  23  84  12  31  65  50
   62  86   9  15  36  22  74  26  92  47  94  35
   50  30  13  97
   81  63  58  61  68  75  26  86  92  19  98  22
   85  55  56  37  61  94  91  35  79  49  61  42
   43  79  70  63  40  55  11  32  71  48  61  18
    2  75  51  27  63  36   3  54  49  24  73  18
   33  82  72  43  38  91   7  17  16  24  27  92
   27  82   9  59  11  58  59  45  22   4  80  84
   27  71  67  23  35  20  88  63  52  21  26  49
   52  75   1  93  24  86  87  23  17  72  33  66
   24  84  79  58
   50  37  32  79  29  97  57  20  77  19  72  65
   23  62  33  47  66  74  18  23  65  17  38  93
   44  22   2  94  17   9  27  32  76  30  90  77
   49   4  36  59  51  99  98  93  59  18  83  75
   27  54  66  73  54  66  26  69  50  46   2  51
   93  22  78  27  27  71  81  67  94  91   1  34
   59  99  17  97  99   1  45  15  44  16  81  73
   11  89  60  57  39  76   2  40  75  27  69  78
   83  72   9   3
   48   2  46  51  94  99  46  72  15  57  10  88
   76   6   5  65  25  85  22  68  29  91  39   6
   48   7  12  13  55  84  49  25  78  22  86  20
   30  54  15   2  73  48  68  94  91  16  41  22
   13   5  35  41  57  10   1   5  62  63  79  23
   42  28   5  91  51  69  78  74  96  18  73  89
   70  14  76  89  55  33  30  92  70  78  81  57
   97  61  98  46  80  35  67  74  17   7  18  93
   39  11  99  10
   38  18   7  47  65  88  29  38  24  53  78  59
   38  56  94  57  28  47   7  45  42  36   7  16
   87  14  82   4  39  10  53  73  36  82   2  68
   53  11  56   7  47  95  11  64  87  24  43  17
   35  16  10  86  14  99  84  67  20  43  21  79
   15  78  95  18  55  50  23  41  95  31  96  84
   22  26  40  28  54  12  35   5  74  35  99  82
   15  17  80  14  62  83  51  65  25  66  64  41
    4   5  47   6
    146   157   161   152   154   162   165   162   154   154   168   147
    157   154   151   160   157   169   151   155   174   170   164   153
    145
