 20 200
  105  62  89  63  82  18 105  88  78  81 113  55
   47  19  97  14  21  33  87  45  26  38  44  96
   18  58  91  34  16  61  50 104  27  80  58  54
   75  22  48  67  36  91  35  32  82  81  42  65
   85  51  32  16  91  41  25  95  57  97  16 102
   81  33  22  51  94 100  58  87  54  71 108  97
   62  71  26  81  25  17  70  76 101  29  94  30
   91  53  20  51  58  94 108  92 116  91   5  49
   58  38  25  48 100 110  40  45  25  33 107 104
   19  89  72  97  23  60  76  72  73  37  77  69
   38  61 112 108  86  82  24  33  94  68 117  55
   76  85  66  62  40  15  18 103  66  88  54  98
   41  22  70  60  17  99  44  83  23  55  64  50
   89  31  67  73  75  47  54  11  48 101  77  20
  101  32  15 115  92  59 105  48  72  91  80  17
  105  86  73  62  13  55  40  54  92  62  23  19
   73  91  96  33  95   7  61  50
   31  58  44  24 100  39  27  85  19  50  53 107
   66  41  40  81  69  93  83  55  19  37  94 104
  107  97  96  85  38  15  73  79  40  83  84  75
   27  56  31  69  95  60  75  46  37  86  20  18
   48  83  72 109  54  25  62  62  20 102  69   6
   39  97  55  46  11  73  17 105  28  60  53 105
   88 100  19  65  28  79 101  41 105  57  76  56
  101  26  97  10  74  68  98  90  28  84  41  67
   93  47  91  77  38  86  75  87  89  52  59  29
   93  32 105   9  46  35  50  75  80  72  67  79
   17  36  38  81  63  46  13  58  36  44   5  97
   17  20  82 110  21  74  83  45  75  55  97  32
   80  17  69  74  63  72  52  29  36 104  82 106
   22  51  71  92  82  64  26  48  40  16  35  70
   75  50  68  78  31 116  40 107 112  42 101  98
  110  59  33  51  40  95  82 111  22  52  80  68
  103  11  67  57  47  40  36  59
   76  57  80  55  63 103  80  99  26  83  64  71
   57 101  38  32 101  84  43  99  89  78  38  49
   71  82 107  69  63  51  32  59  93  81  49  25
   21  74  40  27  75  96  82  93  71  22  84  97
  100  83   5  92  99 102  87  31  68 100  56  49
   25  64  36  45  65  77  23  91  34 114  61  73
   33  44  87  25  54  36  16  58  46   8  41  15
   99  89  93 105 110  72  74  57  18  55  71  68
   70  65  22  39  31  32  13  91  54  83  60  48
   34  89  23  64  49  48  71  67  13  67  25  27
   73  57  97  22  88  30 107  45  40  41  83  66
   92  51  85 111  70  73  79  66  52  72  93  50
    6  26  96  51 104  61  69  28  89  28  67  80
   81  95  33  25  69  60  91  39  65  99  48  85
   79  90  25  42  93  29  79  63   9  19  55  31
   38  77  79  40  34  65  83  97  60  60  19  42
   35  64  21  58  91  67  88  47
   13   6  73  82  41 104  83 101  76  66  36  79
   28   9  92  13  28  13  83  47  20   9  53 103
   49  36  94  75  74  22  63  75  99  44  62  25
   51  73  96 109  35  54  12   9  42  83  30  27
   12  56  52  86  44  59  48  33 113  28  66  97
   78  85  40  73  72  84  91  42  57  92  66  73
   68  68  23  64 112  66  48  83  80  75  56  51
   50  43  39  74  64  34  18  24  78  52  51  78
   93  40  33  73  52  29  53 106  37 104  21  88
   54  65  70  56  79  11  67  60  52  86  45  81
   83  49  19  59  25  64  33  24  28  67  92  62
   50 105  73  98 106  19  95  23  99  87  15 111
   73  74  70  96  66  17  23 102  15  32  41  66
   14  13  27  58  38  44  23  47  47 111  84  63
  101  71  70  66  44  94  57  64 106 106  77  82
   84  57  94  73  43  41  89  83  58  44  51  17
   70  45  50  14  55  75 110  69
   91  27  12  39  57  57  34  11  62  46  47  58
   17  34  93  96  84  37 106  48 100 110  23  69
   15 100 102  17  72  40  22  13 103  47 107  74
   92 101  76  34  39  58 100  93  90  67  21  99
   23 106 104 102  25  81  71  53  72  94  14  53
   89 113 108  40  59  94  80  58  75 107  65  69
  112  87  67  85  92  97  90  86  35  31  57  11
   34  63  65  79 108 103  63 105  22   4  71  34
  101  60  83  39  46  77  20  80 108  47  97  48
   34 101  23 102  29  35  32  25  86  99  45  33
   29  52 103  82  62 104  46  37  39  51  85  13
   34  86  23  65  52  40  24 112  53 115  82   9
   51  91  83  38  76  42  73  74  63  12  83  20
   89  98  18  33  18  37  37 112  79  73 110  54
   90  57  55  77  65  61  25  28  28  24  41  83
   81  32  88  68  72 107  74  30 115  80   5 102
   81  27  91  34  78  76  68  46
   43  50  43  95  78  98  42  73  31  26  97  72
   15  60 106  43   4  55 117  76 102  77  79 105
  117  95  68  99 110  36  32  51  81  71  68  34
  112  36  21 104  66  46  54  51  91  29  19  24
   58  95  24 116  65  24  36  41  32  86  57  53
   52  23  64  81 104  66  84  48  86  21  16  29
   73  49  25  94   8 107  39  14  75  10  31  29
   85  27  60  88  60  12  16  34  99  94  50  90
   85  15  90  30  39 106  92 102  21  56  26 107
   98  26  54  50  41  78 112  22 104  56  59  23
   72  88  42  28  75  65  32  95  90 100  78   6
   91 106  74  65  58  27  31  98  67 100  49  72
    9  48  65 100   7  24  16  85 102  64  30  62
   97  65  54 112 111 108  26  80  44  53  26  91
   96  47  37  56  35  82  48  56  66  38  85  76
   27  65  36  12  56  19  56 108  69  30  45  42
   78  97  45  26  97  96  74  40
   90  22  86  36  65  54 100  26  74  56  61  87
   37  65  48  23  60  35   5  78  25  18  84 102
   49  47 102  45  94  92  89  66  60  41  71 100
   93  79  83  84  53  27  72  85  80  99 103  61
  101  59  81  56  76  70  28  56  40  56  34  25
   78  81  82 100 100  77  58 110 100  90 104  95
   90 104  86  11  17  36  59  96  96  64  85  50
   77  60  75  74  85  47  23  89  30 108  74 110
   37  22 116  24  82  29  44  21  73  22  35  56
   40  11  95  90  13  85  50  89  22  28  74  22
   71  70  43  14  69  75  50  45  58  43  42  89
   59 113  21 107  92  65  68  20 108  63  34  88
   78  46  24  52  50  11  44  60  43  16  22 108
   92 100  89  64  73  31  85  68 107  45 101  79
  110  25  20  94  61  74  20  36  19  78  42  33
   36  28  84  36  70  53  76  75  39  43  94  34
   27  34 116  89  84  80  66  41
   42  33  26  46  36  93  51  93  41  47  80  80
   14  18  72  49  22  15 109  49  22  39   8  30
   66  31  77  45  76  85  91  49  71   6  43  23
  104  64  20  95  25  64  85  44  23  71  52 109
   86  33  69  76 103  24  46  24 105 108  39  55
  106  76  60   6 103  50 103  26  45  58  77  37
   56  47  66  50  61  55  83  26  67  73 100 108
   95 108  41  63  55  91  35  22  52  61  98  91
   64  84  41  95  51  66  25  94  79  54  57  45
   84  77  86 106  89  53  34  74  92  81  78  26
   39  95  52  26  89   9  72  80  80  31  89  79
   62  37  82  81  83 101  45  92 105  27  25  67
   80  34 102  53  31  33  56  26  86  62 104  15
   96  28  19   8  59  64  17  60  72  79  32  31
   11  12  44  55  65  73  37  23  47  50  57 110
   89  49  77  75 102  29  44  52  28  89  21  86
   44  66  75 101  42  83  74  20
   94  47  16 106  77 102  88  82  59  30 104  74
   37  24  52  48  20 108  54  57  45  44  74  47
   26  59  92  18  94 113  94  94  37 100  74  76
   44  20  11  75  99  41  74 105  62  85  98  16
   75  64  84  61  11  29  41  46  75  71  60  81
   79  21  74  49  39  18  73  72   8  92  99 104
  116  55  99  68  47  85  35  84 109  32  55  22
   59  62  80  39  31  86  16  56  55  92  38 112
   40  97  14  20  97 108  69  46 109  19  26  84
   17  76  11  33  62  15  31  66  39  14 108  84
   90  50  24  50  91  17  62  24  78  42  60  83
   82 100  52  96  56  86  37 101  43  65  24  55
   71  30  14  21  75  36  56  75  34  20  27  88
   95  29  15  97  12  71  94  51  70  56  43  11
   76  42  95  44  29  46 102 107 112  63  47 110
   60  60  20  87  58  96  29  16  38  77  75 109
   77  67  42  86  49  90  74   6
   36  77  92 101  41  73  84  92 112  72  84  18
   62  95  78  47  47  70  37  98 105  37  15  43
   99  25  63  18  73  55  86  20  38 104  29  95
   95  25 109  12  89  61  10  62  60  39  66  94
   52  22  46  59  48  53  25  21 100  56  19  15
   17  37  53  88  80   8  35  45  73  83   7  83
  112  25  48  80  41  61  42  25  73  31  31  51
   77  82 101  54  53  93  25  48 113  72  72  89
   34  89  90 102  56  63  85  93  73   8  56  38
   26  77  53  58  44  64  34  45  13  21  54  44
   70  62  39  48 107  21  71  45  94  40  51  37
  110  20  52  98  27  54  91  27  40  79  86  94
   96  45  12  91 101  44 106 109  85   8  80  85
  102  14  37  73  91  19  73  36  99  68  15  79
  101  90 112  79 103  47  50  74  62  38  20  98
   24  46  51  72  31  94  45  49  77  27  95  95
   79  72  97  53  41 102  62  57
   77 100  16 111  96  98 104  66  31  72  56  84
  112  49 104  22  43  86  68  57  16  39 111  78
   20  51  91  79  45  96  80  84  23  87  38  73
  102  40  94  46  67  83  54  20  33  20  68  33
   74  14  76  95  82  26  73  62  51  25  56  20
   81  21  30  77 100  82  38  45  84  97  16  34
   93  69  17  47  66  92  98  50  60  50  43  70
   85  91  57  40  20  41  99  45  26  87  65 112
   68  65  80  96  50  23  31  22  27  69  91  89
   83  65  51  33 116  74  15 104  99  32  39  89
   68  86  84  20  11  46  98  33 107  56   7  53
   50  65  69  49 108 109  39  40  36 104  59  35
   65  69  54  89  93 114  33  65  14  40  76  94
   44  31  26  14  57 100  83  23  73  58   8  93
   20  27  86  39  14  46  18  36  42  39  27  69
   35  55  53  46  77 104  81  33 114  72  61  12
   57  99  38  31  90  34  59 111
   30  10  99  80  44  78 112  83  24  79  47  12
   26  96  60 105  82  13  91  66  48  45  87 103
   73  21  62  88  15 103  57  92  89  41  80  58
   63  31  73  19  25  49   8  61  73  69 108  62
   33  24  96  77  78 101  83  92  37 101  62  97
   70  35  62  53  85 107  70  65  74  97  59  75
  114  22  54  53  13  55  53  47  64  68  67 110
   87  98  85  43  65  35  36  91  18  39  94  31
  109  88  49  26  32  12  35  32  80  17  42  76
   63 107  72  37  66 110  80  13 115  86  41  30
   84  23  95  99 114  85  17 103  28  87  62  51
   79  43  44  45  93  98  24  55  62  60  96  90
  108  72  70 108  80  99  30  32  42  48  19  45
   61 105 111  26  33 103  89  82  32  44  70 108
   80  85  94  36  52  62  24 102  81  52  31 107
   23  87  99 103  49  48  56  17  17  70 103  76
   12  22  44  30  50  26  58  81
   79  71  90  86  83  51  34  65  87  92  84  17
   72  91 102  81 104  67  19  68  73  57  86  41
    7  63  43  60  44  47  62  21  20  25  92  21
   74  64  72  67  31  40  86 105  92  10  26  39
  101  53  91  22  65  24  34  63  67  12  41  71
   89  50  17  98  18  64  66  98  96  31 118  56
   62  57  35  65  79 109  10 111  99  97   8  20
   59 107 100  37  71  55  40  41  20  69  95  89
   46  19  71  20  53  98  98  61 112  36  20  54
   90  38  99  89  54  16  78 117  38  73  35  49
   89  88  79  88  77  48  27  78  53   4 117  61
   44  46  59  48  34  31 102  72 108  74 104  80
  113  39  61  37 101  20  62  28  55  23  89  75
   24  85  53  73  11  69  46  41  90  40  44  27
   15  53  77  16  17  85  50  53  29  64  34  33
   70  75   8  24  36  92  31  16  95  30 100  83
   51  92  89  37  90  42  59 105
  101  85   6  83  32  33  91  56  78  28  31 115
  112  21  29  15  41  74  21  28  59  49  60  88
   80  59  67  86  55  86  88 104  69  23  62  22
   49  71  75  82  79  67  98  69  64  44  23  34
   17  83  29 109  89  28  11  86  96  97  58  45
   43  52  98  97  60  69  61  48  88  70  66  65
   19  76  98  25  30  18 108  39  56  64  45  15
   85  75  63  20  40  99  82  94  95  69 108 107
   51  32  37  74  58 105  33  69  93  61  31  95
   72 100  57  13  71   6  72  95  93  89  68  76
    6 107  56  66  18  34  23  34  54 118  93  13
   21  98  48  92  78  29  95  33  17  12  18  16
   18  33  67  65  57  87  96  16  87  75  65  31
   56  64  77  24  47  17  67  17  84  23  62 102
   69  87  51  34  10  48  62  52 110  38 112  56
  103  67 117  60  64  46  83  63  75  20  58  77
   43  53  43  16  30  38  44  79
   10  48  54  26  46  97  71  50  42  56  36  88
   52  80  83  63  97  13  90  83  80  32  60  26
   62  73  48  32 102   6  90  49  29  20  84  28
  101  22  83  67  21  30  50  60  71  23  20  20
  106 111  12  44 105  40  82  45  65  31  14  16
   55  37  91  68  22  21  42  94  52  87  85  56
   68  89  35 103  40  27 116  95  65  77  35 109
  107  52  41  41  43  80  19  39  72  61  48  84
   58  64  39  63  98  21 106  85  94  48  30  58
   24  53  64  64 104   5  80  77   6  51  62  23
   27  98  20  24  73  42  85  68  31 107 114  76
   24  23  35  28  72  82 107  24  43  49 105  14
   94  27  61  90  83  63  54  61  68  17  95  89
   43 103 113  26  31  82  26  31  30 101  96  49
   34   5  29  57  62  78  49  93  49  19  17  83
   41  34  42  25  99  32 100  72  61 112  36  10
   54 103  49  69  78  40 116  41
   52 101  46  27  72  54  87  23  62  72  15  63
   29  91  35  20  72 100  35  43  85  30 103  16
   40  30  30  78  38  14  83  65  61  52  38 113
   39  67  68 119  44  41  84  40  25  48  31 108
   66  83  49  13  78  39  47  95  54  48  64  33
   35   8  91  22  33  52  92  54  81  85 106  65
   30  37  28 105  38  98  46  59  94  33  74  79
   67  91  59  92  96  77  91  54  80  19  82  78
   32  30  28  53  23  84  25  17  69  23 102 112
   66  72  49  47  28  90 107  48  19  99  47  48
  102 114   9  29  94  26  42  73 112  86  77  80
   29  96  31 111  78  81 102  48  16  68 104  93
   99  58   5  90  52  59  55  18  22  69  88  26
   59  78  96  46  87  49  61  26  15  19  55  54
   45  58  89  20  83  78  37  16  59  65  61  76
   67 104  91  19  23  26  73  55 112  52  76  14
   46  80  90  77  67  79  36  18
   62 105  31 104  23  70  53  26  35  80  30  11
   52  75  35  68  61  50  98  45  43  51  97  68
   10  81  53  17 102 106  46 101  28  35  38  57
   30  14  57  80  28  27 107 107  78  89  94  12
   61  46  51  10  82  60  97  93  71  62  21  94
   76  74  90  64  52 113  26  32  74  66  68  19
   36  63  62  49  94  76  21  79  69  36  76  23
   33  86 104  72   7  46  29  90  44  13 107  35
   18  31  63  62  84  26   7  78  55  35  20  23
   74 107  70  54  32  47  46  17 107  88  57 104
   38  78  82  96  82  55  17  50  68  33  37  17
   76  67  27  44 113  69  69  65  70  45  99  57
   30  24  49  79  39  79 111  93 109  87  56  63
   64  40  77  74 106  80  59  67  82  85  52  16
   94  91  80  60  95  81  50  87  30  90 110  45
   23  36 109  76  84 113  71  41  62  61  27  45
   76  65 114  45 116  40  38  32
   93  36  22  24  52  67  54  73  56 105  30  64
   23  64  66  12 104  63  76 100  95  90  24  39
   93  24  42  16  32  71  78  41  39  13  55  82
   56  81  90  97  63  62  80  23  19  80  78  48
   15  34  97  45  30  61  71  76  61  99  94  53
  107  24  91  58  17  56  23  48  35  98  21  13
   99  77 101  35  96  83  51  37  15  98 103 114
   80  67  68  86  46  27  20  49  60  84  71  59
  103  19  91  76  73 102  58  66  44  40  94  75
   64  16  16  41  25  25  61 105  55  28  48  98
  107  77 116  82  97  53  31  88  40  90  60  82
   82  30  36 100  33  82  42  60 110  74  87  86
   22  67  33  30  62  83  45  35 102 101  30  47
   25  87  22  91  62  18 111  60  66  85  85  43
   26  93  26  82  42 102  95  20  42  13  18  65
   89  17  70  81  69  70  80  36  52  71  77 113
   67  76  90  86  34 104  39  40
   32  80  80  17  81  56  56  58  24 116 108  44
   54  59 104  78  88  32  85 102  58  75  98  81
   36  38  34 103  59  26  98 102  75  85  78  84
   33  99  27  68  62  64  67  67  69  76  68  35
   31  62  94   7  72  64  69  40 104  43  48 104
   18  72  40  96  79 109  30   8  52  65 112  81
   86 104  56  52  59  71   6  99  29  24  51  61
   91  50  94  83  41  25 116  30  57 103  23  14
   72  40 105  38  16  46  53  98  62  64  45  67
   18  40  36  37  47  23   8  80  13  71  75  31
   11  88  30  75  73  75  49  73  16   4  74 105
   56  82  50  83  32  69  20  50  42  19  78  49
   47  51  70  93  47  85  51  47  57  24  55  93
   42  49  58  20  54  45  26  47  48  69  60  36
   62  90  51  10  43  84  71  97  75  51  72  56
   91  69  22  12  26  55  82  51  94  78  86  72
   53  34  28  92  88  25 104  59
   85  65  46  94  94  38  98  53 104  87  92  99
   47  25 105  33  23  17  67 105  66  58  87  89
   23  84  57  53  82  23  87  51  60  79  28  60
   18  96   3  99 111  98  85  90  61  47  87  29
   45 109  21  88  66  53 113  79  48  36  18  38
   50  70  34  53  66  88  80  25  25  99 109 109
   99  71  82  57  41  94  42  56  22  59  45  65
  100  82  71 112  93  62  71  40  47  43  89  54
   36  35  39  56  18  24  89  42  82  52  44  47
   31   6 118  14  53  92  15  67  32 101  62  72
   90  11  40  76  37  56 100  19  45  29  26  89
   21  24  13 103  56  48  88  33  94 113 107 102
   28  52  30  45 108 103  41  77  52  86  62  12
   82  65  99  65  26  95  94  75  20  79 103   9
   32  85  57  27  96  38  98  88  83  31  31  51
   91  31 115 109  57  16  76  20  66  49 111  78
   73  59  71  46  38  63  97  62
    6  47  26  53  37  92   7  18  24  32   4  61
   70  96  11  99  88  86  31  67  91  66  66   7
   92  60  12  71  96  44  52   7  89  36  54  55
   39  98  56  45  82  24  69  82  26  31  66  49
   32  62  76  92  20  72  78  25  53  23  95   8
   38  80  90  57  15   5  55  28  51  45   8  13
   40  36  85  34  86  86  39  37   9  76  23  85
   25  52  95  54  53  15   9  23   2  21  98  69
   62  69  86  64   6   1  68  65  77  87   8  10
   84  30  33   8  96  47  27  38  37  74  25  40
   72  55   4   8  16  34  80  84  12  49   3  56
   33  33  42  45  74  96  91   2  49  29  55   4
   78  91  44  43  85   9  70  24  93  62  39  55
   14  86  43  46  44  63  59  96  61  10  35  93
   13  79  91   4  12  52  10  68  33  28  29  92
    3  21  37  49  94  52  68  60  24  48  92  98
   41  27  11  79  24  98  53  56
   86  49  62  81  11  78  92  20  85  67  58   4
   36  77  63  29  50  21  29  53  87  77  11   7
    4  14  18  22  66  99  33  39  76  32  29  38
   85  49  89  47  13  51  27  66  67  19  99  87
   65  31  35   8  48  85  44  53  99  17  42  96
   70  14  65  73  91  40  93   6  92  53  65  14
   26  19  98  43  80  38   8  74   3  58  26  52
   14  92  18  93  29  45   5  13  79  23  79  42
   25  57  27  42  78  22  41  29  21  54  44  90
   22  70   9 100  58  85  70  45  31  33  51  36
   88  82  77  31  39  60  96  52  75  66 100   7
   89  91  37   2  93  40  36  68  37  47  23  73
   27  96  40  46  47  39  65  90  73  13  30   9
   95  60  38  15  38  51  84  58  71  93  75  40
   39  60  44  34  72   4  71   2   7  76   7  13
    7  45  82  65  79  19  35   4  95  57  25  36
    9  95  52  54  70  62  76  53
   35  57  39  48  47   8  27   6  82  32  56  41
   53   2  81  80  16  32  74  17  19  30  69  54
   43  32   7  50  49  51  75  59  16  22  58  79
   90  41  74  93  27  13  25  13  32  92  35  23
   11  31  98  24   6  16  19  79  45  19  59  55
   83  38  78  65  49  38  80  16  82   2  57  47
   84  66  29  80  59  71  93  59  56  98  63  92
   15  23  16   3  10  47  33  63  91  54  47  47
   33  42  81  69  72  76  99  29  56  29  43  56
   84  22  79  51  53  72  44  35  97  37  84  84
   38  53   5  84  22  86   6  66  67  70  35  52
   10  52  26   1  41  38  40  51  57  33  18  61
   99  89  15  61   2  45  49  86  28  74  46  31
   23  23  79  83  51  59  16  75  43  15  59  25
   37  29  95  76  26  90  33  51  95  85  49  84
   76  35  34  71  80  45  34  14  45  49  91  60
   84  46  97  51  22  52  26  61
   93  98  40  22  77   4  27  16  41  48  71  32
   84  99  19  89  90  94  34  56  95  99  66  15
   59  81  26  36  29  80  44  44  15  74  47  86
   52  46  24   3  73  60  93  95  77  22  75  92
   97  52  59  25  69  55  69  86   1  85  37  10
   40  20  71  32  44  21  20  60  48  11  48  47
   35  38  97  56   3  47  63  29  33  44  57  54
   61  71  80  42  43  69  87  83  28  50  60  28
   21  65  73  46  57  73  63   2  67   9  98  18
   50  53  46  49  36  99  44  47  59  26  66  32
   26  60  92  58  82  51  78  85  84  37  22  47
   67  13  36  17  10 100  11  81  10  17  89   7
   47  44  34   7  54  94  91  11  88  84  66  37
   93  98  88  56  76  61  81  64  69   6  30  46
    3  39  50  50  70  17  58  54   5   6  41  33
   36  55  20  29  70  69  24  22  51  69  57  93
   35  66  65 100  53  30  10  42
   11  85  97  75  53  62  73  97  52  63  58  60
   94  74  16   6  21  69  10  62  15   2  94  33
  100   2  12  98  36  69  82  99   5  64   3  42
   11   6  35  80  74  62   3  19  22  47  84   4
   82   9   8  13  80  31  44  54  31  20  98  58
   30   3   7  71  51  17  31  47  40  10  46  47
    5  26  42  26  12   6  13  31  81  76  50  93
   77  48  40  25   3   5  52   6  95  99  38  86
   19  50  23  73  57  28  99  28  10  57  20  60
   82   5  94  17  85  76  79  84  21   7  74  74
   84  60  15  22  51  16  68  76  75  68  24  99
   82  17  87  55  59  63  79   3  52   2  22  93
   62  14  37  66  31  64  40  35  43  92  31  85
   15   7  91  72  89  77  75   8  32  32   5  56
   20  49  63  33  39  50  88  91  79  95  68  20
   25  76  31  36  47   8  43  79   4  28  99   5
   28  82  21  76  24  29  43  64
   65  61  69  12  33   7  63  46  77  80   6  39
   97  52  11  67  99  60   2  38  11  36  41  10
    2  20  41  12   6  83  83  59  37  43  42  76
    7  83  97  13  47  73  60  61  23  84  84  78
   57  14  89   3  46  96  77  74  79  30  54  51
   58  89  47  30  14  48  21  65  25  95  99  86
   42  56  86  18  98   7  77  95  36 100  86  89
   18  77  59  19  50  90  93  73   5  22  59  30
   28  97  14  74  70  14  26  14  96  50  90   6
   11  91  48  65  70  42   4  93   8  50  46  90
   48  25  66  75  28  50  77   7  16  12  31  97
   26   9  37  41  45  78  83  21  42   8  54  34
   93  59  48  12  99  86  95  34   5  51  81  52
   13  47  61   4   8  12  79  34  76  53  90  14
   19  59  73  58  75  27  55  47  39  73  28  39
   78  55  66  97  55  92  47   1  41  82  69  69
   40  20  69  77   5  16  44  78
   23  84  19  75  50  64   5  81  43  54  41  32
   65  47  61  86  58  83  98  29  81  97  27   5
   58  61   5  70  20  26  21  36  48  67  37   6
   19  32  31  25  49  75  41  24  35  12  10  58
    2  51  29  57  41  50  79  63  62  51  80  79
   28  27  29  10   5  25  44   7   3  12  13  12
   21  15  33  99  90  68  55  23  19  55  29  56
   33  51  45  40  25  70  80  22  90   8  40   3
   80  80   3  79  38  77  64  91  46  95  79  58
   69  91  10  30  98  19  61  27  95  74  35  84
   33  44  64  96  44  42  65  62  61  59  74  23
   61   3  95  13  10  43  43  99   8  56  84  29
   27  67  87  67  63  95  60  45  74  96  96   5
   26   6  18  38  34  84  21  35   9  63  19  26
    1  81  83  23  42  37  91  69  90  26  69  76
   75  88  34  72  36  51  36  43  72  71   8  79
   84  81   4  16  18  31  45  78
   62  84  87  70  75  24  63  15  79  64  23  22
   88  84  32  62  84  87   9  64  92  68  97  84
   42  87  34  75  41  35  13  57  40  99  60  82
    7  40 100   7  89  53  25  59  88  40  59   8
   25  78  36  30   8  89  59  81   5   5  77  65
    9  40  46  99  11  59   5  85  61  44  38  80
   48  65  48  61  57  49  25  93  45  47  11   7
   10   5  72  54  54  28  69  88  59  56  20  27
   51  28  73  21  68  49  77  26  34  65  46  66
   21  27  31  11  25  58  85  35  27  30  39  93
   70  22  61  86  20  98  34  31  39  71  18  28
   53  72  21  31  23  19  71  16   9  86  79  49
   40  75  13  55  87  78  61  87  28  51   7  97
   16  81  92 100  51  54  90  46  45  27  72  87
   94  90  75  49  46  45  73  97  68  65  45   6
   17  67  42  28   7  81  58  62  77  19  97  25
   65  41  45  15  69  28  33  83
   14  56  95   5  37   1  26  31  51  89   8  46
   73  78  55  72  93   2  52  58  62  68  41  70
   85  57  18  93  21   4  25  19  71   3  46  39
   75  93  99  42   5  63  33   8  55  30  15  94
   41  45  30  43  92  82  73  61  42  33  43  21
   26  99  35  53  72  91  34  43  99  14  11  16
    4  65  16  42  60  32  69  22  11  78  60  82
   60  43  34  73  72  34  91  56  57  18  80   2
   73  17  88  84  14   3  40  71   4  88  86  20
   94  26 100  71  56  93  73  44  71  95   3  25
   30  53  91  67  21  99  41  82  29  70  42  32
   24   4  68  24  59  27  74   8  63  55  87  61
   35  84  98  94  32  81  60  34  72  83  76  23
   23  87  99  12  93  46  23  53  35  60  75  94
   26  73  12  73  73  64  12  11   1  43  68   3
   46  45  86  19  53  19  74  90  67  27  34   9
   25  37  63  16  53  15  42  98
   81  33  14   6  77  37  27  21   2  31  19  86
   55   9  28  70  65  38  76  16   7  73  95  70
   21  79  43  95  36  48  20  92  81  16  90  16
   11  86   2  93  19  45 100  49  58  79  53  17
   65  98  64  58  68  52  95  89  15  47  84  89
   88  67  63  26  24  94  76  74  30  23 100  29
    7  81  63  31  64  51  63  83  42  84  83  66
   25  23  17  61  66  17  81  68   4  44  39  22
   78  27  16  14  55  54  18  10  39  98  55  66
   94  33  53  53  67  53  79  72  98  93  55  71
   46  47  78  66   4  84  43  63  17  71  55  69
    8  90  51  19  84  56  21  86  69  35  21  12
   13  64  98  11  10  72   7   2  26  96  24  19
    9  97  72  34  11  87  41  74   8  40  95  41
   16  12   6  28  11  63  61  40  48  75  87  15
   80  69  67  36  76  23  61  57  41  93  23  17
   31  34  19  61  78  11  47  59
   43  11  99   8   7   4  13  48  86  43  61  23
    5  62   4  89  66  28  50  55  99  77   8  25
   99  66  24  40  75   9  28  25  90  24  79  29
   10  79   8  73  40  34  58  90  73  82  35  73
   37  98  43  14  28  77  37  47  65  84  59  99
   28  92  86  29   2  29  73  70  20  20  95  75
   12  33  94  63  42  21  20  58  57  66  74  35
   26  25  57  65  88  67   8  57  93  26  48   3
   49  38  29  19  61  87  73  93  77  51  18  28
   36  40  58  78   2  45  93   7  17  79  68  16
   41  25  19  98  95  71  13  80   9  63  97  61
   57  45  42  63  11   1  78  69  77   2  49  73
   44  45  49  17  24   5  69  38  97  69  41  13
   58  88  79  99  54  16  28  84  33  53  99  21
   85  93  25  76  91  66  91  77  60  78  90  50
   73  61  58  66  34  13  24  84   6  41  47  97
   59   9  68  75  12  74  46   4
   81  97   8  30  60  29   6  26  86  25  63  99
   90  16  53   7  32  91  17  41  70  75  26  17
   35  84  57  27  92   6  59  18  16  62  22  54
   51  79  41  92  89  59  94  45  36  42   5  49
   72  82   9  41  36  13  32  19  78  13  48  13
   40  82  55  55  18   4  41  49  33  17  52  37
    2  83  66  66 100  56  53  64  39  52  52   1
   26  13  34  61  37  83  73  15  88  72  18  78
    2  26  54  92  71  93  79  84  37 100  68  42
   50  11  41  76  45   2  35  96   4  29  70  72
   27  97  24   9   6  28  88  13  83  29  53  60
   30  62  62  64  11  12  89  50  50  56   6  16
    6  34  47   6  35  12  83  77  63  57  88  74
   54   3   8  87  76  17  27  30  75  73  40   3
   37  21  21  67  63  47  88   8  36  52  78   6
   84  16  12   6  60  65  58  87  99  47  15  29
   96  90  64  79  70  82  53  28
   26  34  16  25  19  64  73  41  27  13  23  94
   40  15  12  35  10  51  94  51  43  46  30  72
   95  57  69  58  66  68  55  93  89  90  13  83
   29  46  44  45  73  68  22   3  28  95  82  78
   10  61  22  92  40  91  85  49  40  95  68  36
   22  61 100  17  86  49  48  22  12  87   2  46
   50  59  74  41  24   7  93   7  14  15  94  90
   55  12  13  74  36  59  80  72  82  49  21  26
   58  92  38  93  58  19  14  47   1  67 100  65
   21  78  15  25  64  92  32   2  82  38  77  53
   27  30  24  24  39  62  84  29  49  99   2  56
   64  72  48  55  68  71  17  31  12  42  13  39
    5  74  51  79  15 100  49  91  56  88  18  43
   86  33  58  30 100  51  57  65  21  76  73  75
   95  53  41  93  89  27  55  53  78  40  71  81
   44  30  94  94  66  14  78  88  18  89  12  34
   57  28  22  74  22  63  57  13
    9  18  99  28  87  74  12  46  38  78  76   5
    8  94  89  89  70  33  83  89  46  64  46  14
   22  45  39  16  63  28  19   8  44  88  50  80
   55  39  30  23  27  49   6  39  51  63  89  70
   94  22  83  10  20  77  92  24   6  15  48  71
   64  68  21  18  58  45  46  62  24  36  39  47
   84  42  14  82  73  88   3  66  51  45  72  95
   24  45  48  92  62   5  28  21  22  39   2   4
   59  83  73  43  52  12  74  39  18  53  86   7
   32  16  61  97  48  98  34  16  17  16  46  39
   99  13  64  37  96  85  96  86  56   1  14  96
   98  12  67  21  36  80   7  82  86  92  99  86
   95  78  50  43  57  33  19  86  27  33  39  89
   46  53  37  86  57  92  53  90  23  83  53  13
   48  18  58  79  95  63  51  53   2  80   7  48
    5  45   1  54  52  62  37  50  29  89  58  26
   70  55  72  99  82  72  65  37
   96  58  53  80  65   8  48  62  76  49  80  32
   62  33  21  49  14  89  19  28  28  79  51  85
   48  34  65  80   9  99  21  56  82  83  36  90
   19  90  28  35  90  77  62  56  38  88  89  87
   12   2  94  65  15  73  38  74  51  80 100  95
   63  66  25  46  82  82  63  22  66  33  18  46
   47  18  85   8  73  77   2  10  54  38  84   9
    1  50  77  64  76  39  95  75  33  41  66  31
   58  55  73  48  20  82   4  21   8  68  86  59
   79  50  43  38   3  97  24  35  98  60  56  79
   86   7  88  92  29  72  31  34  71   2   2  42
   89  89  71  82  34  29   4  85  68  54   2  97
   20  79  50  17  19  51  60  44  43  85  14  22
   63  11   5  80  83  20  85  80  88   3   9  56
   86  99  73  61  51  39  64  12  67  83 100  29
   74  73  77  82   8  72  11  38  47   5  76  94
   56   9  62  35  28  71   3  65
   55  13  62  89  40  61  32  94  44  34  89  50
   82  27  74  94  37   9  80  69  26  88  16  93
   69  84  82  28  65  93  37  45  50  59  65   2
   71  39  46   1  58  77  23  67  87  68  72  11
   50  32  71  98  28  74  69  24  54  65  52  70
   85  98  15  86  70  68  28  52  21  31   8  45
   75  79  85  14  72   9  74  43  17  86  37  24
   50  20  59  24  17  25  16  50  37  97  35  27
   70  79  78  56  90  27  95  91  47  81   6   6
   41  39  58  57  88  14   4  61  92  14  64  58
   10   5  98  82  22  80  77  30   2  33  43  29
   81  17  86   6  25  24  11  57  93  47   2  17
   17  53  99  24  58  47  59  92  86  44  31  82
   44  37  18  62  16  67  50  85  96  89  56  52
   62  45  26  84  35  24  82  87  55  44  50  28
   49   8  24  92  97  81  38  64   5  57  33  88
   66  24  27  40  39  37  84  95
   51  10  85   1  79  32  67  87  85  38  79  95
   65  44  71  36  43  57  17  58  66  65  11  41
   98  35  58  85  13   3  71  12  84  70  65  51
   87  96  45  39  85  92   7  11  28  15  26  91
   41  59  54  96  27  54  14  19  48  57  87  25
   32  44  15  50  56   6  86  88  45  41  38  92
   67  50  40  60  24  31  96  35  43  69  37  93
   78  33  10  45  96  67  75  21  75  90   2  71
   95  82  56  55  36  82 100  40  64  79  84  88
   35  13  39  58  79  55  70  91   3  17  54  13
   73  33  29  17  24  60  88  69  35  69  79  94
   38  39  89  74   5  49  46  37  40  75   9  54
   79  84  59  34  78  25   2  14  10  22  51  55
   56  71  30  37   4  34  60  50  33  29  59  89
   19  25  31  50  21  39  60  17  73  27  10  63
   87  75   8  41  36   3  49  78  55  42  81  67
   32  45   6  64   1  69  66  78
   24  84  90  84  55  51  64  33  56   5  78  51
   87  39  45  90  13  43  34   6  14  15  92  71
   11  84  69 100  81  31  25  67  78 100  59  22
   50  27  23  10  55  49  40  92  87  30  27  64
   90  74   8  71  76  50  38  32  45   5  20  53
    6  85  21  51  91  56  94  68  79  19  97  94
   12  30  11  83  11  20  54  72  99  12   9   1
   23  43  35  30  60  77  90  59  51  30  48  48
    9  84  17  33  42   9  59  45  71  78  12  32
   51  91  98  73  86  89  58   3  49  76  55  22
    2  35   2  27  12  49  78  18  76  19  48  23
   31  81  79  20  80  29  64  46   7  29  32  26
   95  40  76  84  51  34  68  68  15  13  75  64
   86  26  82  18  40  93   9  49  45  20  29  77
   84  15  88  35  73  15  25  87  75  96  85  55
   26  98  46  27  47  42  32  81  68  44  32   7
   46  41  21  18  79   8  79  75
   83  23  28  88  38  50  55  54  88   1  10  66
   66  50   3  37  19  82  30  14  55  45  20  23
   83  80  75  15  60  80  16   6  31  23  25  22
   77  19  89  45  55  55  49  53  44  39  34  68
   88  41  13  96  41  38  34  71   8  60  72   3
   91  30  67  16  33  11  74  94  60  46   2  30
   25   7  59  58  53  34  99  11  85  80  60  50
   21  59  14  21  61  80   3  90  54   4  89  92
   38  74   1  69  86  69  66  22  48  43  65  44
   93  70  72  74  60  89  97  36  93  43  32  82
   91  30  90  39  47  39  57  46  95  99  29   9
   55  25  57  31  72  51  91  70  64  86  28  71
   62  53  48  18  59  29  63  68  48  92  60   9
   69  70  44  89  54  74  82  72  66  49  48  71
   48  17  62 100  63  19  40  15  40  59  36  55
   16  51  82  90  80  58  37  64  21  36  25  35
   63  83  86  23  19  79  14  52
   22  39  64  24  13  81   9  55  15  15  14  12
   67  82   9  84  86  88  40   6  36  62  32  19
   95  30  59  49  28  79  17  66  49  32  84  59
   97  12  99   4   2  11  25  28  50  62  17  83
   58   6  92  18  39  58   2  33  71  79  92  66
   65  47  85  51  39  19  34  86  79   5   1   9
   13  33  21  60  77  25  75  54  89  56  57  47
    9  30  38   7  15  44  43  78  67  61  14  57
   82  77  80  57  96  87  27  75  37  59  66  63
   88  97   2  97  67  17  99  47  84   6  58  40
   16  99  74  35  72  49  16  88  68  83  85  25
   90  87  93   3  63  64  26  87  23   7   9  17
   84  64  84  70   6  13  75  38  65  25  52  90
   21  37   7  46  87  16  17  41  99  33  16  95
   82  28  63  86  21  80  12  14  28  75  77  68
   13  78   5   2  51  96  41  96  53  53   2  33
   29  52  37  58  64  51   7  55
    387   407   394   412   374   404   381   410   402   406   408   379
    420   411   417   412   404   392   417   390
