 25 100
   90  50  61 102  30  18  61  16  56  66  94 102
   37  89  76  60  21  77  56 101  66  97  12  94
   59  53  13 104 100  17  24  29  13 112  58  89
   39  31  14  18  89  46  13  49  49   8  45  68
   89  47  72  65  16  31  63  21  66 106  54  69
   30  28  77  65  95  86  99  84  82 105  94  77
  107  20 113  41  36  50  45  71  14  51  54  86
   90  46  85  31 105  87  91 103   9  83  81  61
   74 100  20  14
   61  57  58  16  90  66  73  51  28  16  70  61
   62  22  87   6  88  34  32  62  20  56  43  83
   99  10  13   6   8  34  52  68   4  21  44  98
   51  44 106  94 107  65  37 103  13  84  30  83
   43  25  69  29  85  24  16  71  24  32  13  61
   62  57  52  88 102  19  27  48 109  46  83  68
   81  43  54  83  29  37  53  61  79  16 105  14
  100  64  41  13  28  24  96  52   9 104  94  20
   91  82  71  13
  100  60 112  78 106  81  31  35  29  98  60  46
   37  94  36  23  82  46  32  22  38  54  25  89
   43  94  21  57  21  76  53  27  48  19  36  45
   83  64 104  52  19  59  37 109  68  50  50  52
   29  64  90  72  27 103  56  20  52  88  80  62
   78  70  35   9  23  31  28  51  96  42  70  45
   88  71 105  18  28  85  43  92 108  76  63 109
   22  23 105  96  85  18 105  42  48  84  94  52
   42   9  44  24
  101  95  65  86 108  96  96  94  88  80  23  90
   34  81 108  32  18  96  72  32  66  63  53 105
   67  42  18  79  18  26  68  17  77  56  43  27
   27  30  94  20  81  46 110  76  39  21  68 107
   85  31  57  28  71  60  78  11 108  69  88   7
   38  22  93  66  21  63  83  38  62  20  54  99
   62  45  50  32  52  17  51  58  86  61  72 100
   80 113 111  48  80  52  76  18  68  90 101  96
   31  29  34 108
   89  24  99  99  67 104  66  10  47 105  60  78
   70  92  78  39  46  27  51 110  91  82   6  44
   87  70  64  93  43  55  12  14 109  39  60  75
   44  28  53  98  58  76  21  63  76 110  60  69
   98 107 109  56  31  53  48  72  25  88  26  50
   22  75  16  80 101  94  95  51  21  91  60  58
   97  75  46 105  35  66  97  76  74  97  91  18
  103  50  74  30  31 109  59  31  61  81  56  87
   43  47  69  16
   60  96 106  30   3  77  13  59  21   8  78  60
   40  70  59  33  62  31  47  72  32  26  51  16
   80  74  65  54  58  51  68   6  85  66   9  72
   26  80 112  80  98  38  63  63  89  55  73  30
   54  82  41  20  70  16 105  25  57  15 101  59
   47  31  77  55  64  77  16  28  28  34  95  92
   27  39 100  88  63  60  56  50  68  42  72  72
   96  60  78 102  92  50  22  84  23  93 108  88
   25  35  31  57
   16  85  35 109  49  87  46  82  81  64  86  62
   38  82  41  72 100  88  33  87  52  63  89  38
  102  86  42  73  33  80  61  18  48  54  12  43
   57  66  79  85  67  61  30  34 103  67  14  78
   56  59  82  52  17  28  51  23  96  40  78  66
   53  44  55  66  96   8  91  38  59  36  45  98
   65  38  77  51  85  53  69  15  65  78  63  84
   52  25  65  47  42  55  51  76  65  78  41  34
   53  84  51  25
  103 103  97  15  24  83  94  28  41  30  31  73
   84  88  92   9  66  29  52  32  35  69  50  95
   41  78  73  47  59  31 116  44  80 105  76 105
   84  61  46  71  67  24 110   6  22  83 112  67
   40  22  34  46  45  26  49   8  98  61  91  96
   42  89  45 111  77  95 109  67 107  98  86  32
   21  95  61  91  15  20 100  26 117  19  86  71
   41  42  49  25  54  25  31  86  70  61 117  63
   74  66 106  55
   41 109  36  82  82  38  50  67  47 105  51  65
    6  66 103  28  42  94  25  60  59  91  78  50
  101  80  62  51  42  16  13  64  15  47  15  86
   50  73  79  69  80  93  98  49  88  74  60  90
   84  74  48  41  25  72  74 106  31  80  57  63
   65  49  88 100  80  35  86  73  28  47  60   8
   54  82  68  16  17  29  24  75  18  61  45  14
   29  49  51  46  45  29  62 103  37  46 113  24
   18  32  31  46
   59  76  38  37  42  44  83  59  98  25  81 104
   91  61  68 105  74 103  28 111  49 104 100  74
   83  19  16  86  41  27  89  42  48  89 106  90
   84  67  65  12  15 101  48  23  96  88  18  42
   41  24  76  81  74  39  37 104  59  40  35  65
   94 107  42  57 103  94  54  32  46  24 106  70
   81  83 114  30  10  16  65  96 101  71  24  92
   20   5  74  40 116  45  90  38  30  64  21  91
   51  21  47  95
   78  93  61  34  48  46  56  77  36  35  65  94
   49  76  24  16  84  98 108   5 105  44  31  35
   53  46  71  51  65  23  44  97  85  74  82  96
   36  55  17  88  69  53  21 113  73  85 104  91
   61  72  45  56  83   8  20  25  76  28 106  58
  106  96  35  96  57  30  57  47  84 105  97  75
   57  20  34  80 111  61  10  57  58  94  85 102
  104  89  51  68  75  57 108   6  47  23  98  78
   14  79  75  78
   93  13  45  35  68  44  76  55  35  53  79  61
   57  40  93  38  62 113  15  52  90  72  89  76
   79  78  82  18  72  49  97  86  76  94  12  65
   91 101  99  21  64  27 112  79  27  39  62  37
   94  45 109  76  66  51  81  63  96  90  60 103
   36  12  27  50  98  69  16  74  78  97  59  83
   36  89  63  52  19  21  80  62  76  85  81  59
  107  69 113  29  61  29 111  89  60  67  19  65
   77  84  56  86
   73 105  56  49 106  13  46 109  22  21  56  70
   15  47  90 101  41   8  85  56  81  42  27  72
   18  55  72  30  34  35  14 108  40  34  84  30
   69  21  91  89  87  36 104  70 105  98  31  72
   58  28  31  54  91  58  97  90  31  43  36  75
   49  48  44  58  42 107 100  87  39  34  70  85
   83  69  96  57  55 100  35  50  86  65  50  32
  105  14 109  38  20  32  58  63   9  86  35  79
   93  35  68 110
   41  24  36  61 106  36  78  50  34 108  23  71
  106  35  88  38  42  71  31  26  39  62  49  80
  113  55  83  27  12  16  16  35  95  65 110  23
   36  41  84  76  60  97 107  23  21  72  22  52
   25  61  34  99  85 102  83 115  96  70  75  54
   91  65  82  45  16  93  90  64  83  90  93 118
   89  41 106  97  60  61  82  29  20  87  51  58
   72  61 109  46  53  43 112  76  38  28  27  57
   69  64  24  25
   89  65  82  59  30  96  65  54  55  94  49  74
   30  86  20  36  47  83  19 114  89  68  47  33
   94  65  45  66 109  50  75  71  11   5  79  72
   33 106  95  89  20 104 110 108  53  35  67  18
   45  72  61  57   9  12 109  53  77  16  53  73
   67  53  18  89  32  21 107  37  29  62  23  77
   45  55  45  97 105  98  89  83  27  35  75  68
   28 103  36  48  35  17   5  81  95  90  86  75
   21  40 105  89
   37  47  62   9  47  11  67  12  17  26  32  58
   93  82  81  37  65 113  18  70  43  90  23  93
   53  58  12  23  98  77  75  29  75  74  56  23
   22  22  30  75  34  91 103  55  97  36  40  71
  108  69  53  30 100  57 113  69  93  64  60  92
   75  87  27  55  33 111 112 112  94  53  93  34
   28  71  84  93 102  50 102 102  80  24  89  64
   58  89  20 106  30  67  36  95  41  90  69  95
  101  82 109  72
   31  22  56  76  82  82  80  66  54  11  67   5
   87  25  18 103  58  75  87  32 101  43  84  21
   32  58  93  31  74  15  32  76  59  65  12   9
  100  84  89 108  71  65  80  22 102  40  69  30
   52  61 111  98 112 100  20  70  72  50  79  89
   28  66  23  95  32  61  29  73  61   8  60 101
   26  92  83  87 105  63 103  51  20 110  34  78
   86  87 105  73  18  66  66  57  56  83  17  57
   21  87  43  79
   68  62 105 101  74  77  91  95  37  40  46  18
   67  53  29  17  82  63  52  15  60  70 100  49
   56 102  49  63  40 104 115  21 103  70  50 107
    9 113  36  19  49  34  90  45  31  84  88  21
   34  55  55  80  41  96  95  92  84  51  66  64
   43  69  93  91 105  62  90  42  14  14  47  63
  100  26  16  61  17 108  35  60  27  20  74  83
   24  26  31  62  16  99  81  70  49  42  63  39
   41  27  21  89
   72  19  13  39  81  81 104 100  46  60 110  85
   77  83  59   4 106  33  22   7  81  28 116  85
   90  38  59  50  25  14  66  90  25  54 111  29
   84  80  72 107   9  85  83 102  96  54  34  20
   11  74  56  16  75  85 119  19  64  65  87  87
   26  91  67  30  89  57  88  88  87  30  69  96
  107  40  33 104  49  73 100  49 117  53  14  25
   54  16  89  90  72  54  69 106  45  47  90  57
   65  81  86  20
   28  51  89  94  52 109  88  96  71  89  33  79
  109 100 100  22  23  28  42  69  98  64  30  66
   30  78  41  17  89  41  50  39  76  24  97  95
   90  76  67  97  71  52  41  44  55  87  60  85
   66 111 108  91  89  49  57  20  66  87  24  79
   36  31  46  89  47  90 100  65  58  20  43  38
   49  56  55 114  67 101 101  18 105   8  81  28
   47  92  36 106  36  45  64  55 104 105  96  59
   72  23  47  66
   62  32  33  84  47  58  27 117  22  25 102  13
   48  27  87  44  89  83  40 109  60  59  81  26
   48  85  69 115  58  48  11  51  48  21  90  39
  115  76  60  33  41  48  49  58  98  20  25  72
   85  23  51 101  26  34  50  80 101  36  29  50
   74  58  92  86  31  63  44  22  60  75  92  42
   50  46 109  89 108  65  74   8  74  55  74  92
   59  89  87  43  41  35  26  94  29  88 112  56
   11  68   7  67
   74  78  73  87  96  79  45  33  44 100 111  46
   87  25 115  85  10  75  54  33  94  45  93  78
  100  94  77  19   9  52  48  63  42  58  28  69
   89  66 102 105 101 110  82  59  26  75  97  17
   82  88  79  25  81  95  85  70  48  23  74  12
  109  16  81  85  21  77  36  27  36  38 101  17
   52  39 107  35 111  17  88  89  94 103  93  53
   68  38 100  17  62  56  23 112  81  24  50 116
   61   3  37  43
   89  93  64  86  52  65  39  41  77  39  24  20
   53  18  76  76  74  65  16  16  82  30  43  74
   85  76  51  60  83  27  90  75  57  93  28  93
   83  65  38  77  68  38 104  46  66  69  11  10
   38  74  66  82 102  50  58  81  60  77  42  35
   51  73  16  97  48  13  38  50  20  93  35  50
   52  54  26  63  67  70  71  39  47  31 101  68
   59  27  97  98  55  48  62  63  98  21   9  75
    9  49  79  60
   98 102  13  74  85  94  52  19  53  62  93  48
   88  85  17  61  99 100  97  46  99  85  50 102
   77  39  79  26  25  51  66  20  81  91  35  66
   18  21  76  41 115 103  82  62  73  12  23 111
   21  60  47  20  38  17  66  45  81  23 103  64
  105 100  35  47  61  59  20  34  72  30  96  91
   23  18  41  61  22  78  76  40  18  69  19 108
   19  16  39  30  32  21  97  33  56  35  69  31
   17 102  95  78
   75  16  38  46  56  88  39 100  62   9  59  52
   33  38  17  11  48  64  29  88  44  96  82 100
   76  92  87  40  36  45 104  37  16  84  40  23
   12  50  13  82  75  35  44  90  96  75  17   4
   75  11  50  54  52  25  90  82 109  95  21  76
   99  19  87  79  64  65  69  45  40  47  64 115
   11  27  72  93 113  97  21  85  88  79  20  95
   57  95  56  61  74  73 107 109  58  93  82  81
   89  36 101  27
   17  57  52  18  84  95  55  97  50  52  22  16
   81  24  33  58  83  40  64  10  48   6  95  20
   51  58  91   7  11  98  95  79  93   1  53  17
   73  76  97  91  22  72  89  67  58  96  75  51
   22  56  47  47  94  76  53  81  39   5  64  46
   84  77  25  38  18  25  13  23  20  12  24  29
    1  91   4  74  68  54  59  42  98  65  53  20
   21  65  21  87  13  26  19   4  96  36  38  50
   32  16  89 100
   50  52  56  89  24  52  36  58  83  97  43  57
   58  87  27  97  21  71  88  57  91  55  75  28
    6 100  98  96  96  69  65  35 100  99  67  13
   58  69   5  21   1  41  65  11  98  26  77  31
   71  85  33  79  20  95  93  45  92  77  95  58
   48  50  53  27  13  94  82  72   4  65  32  45
   22  74  66  32  74  65  67  45  36  90   8  88
    7  38  65  94  84  95  19  54 100   9  17  82
   27  28  35  90
   13  45   3  28  11  36  72  72  80  17  57  68
   77  24  73  92  36  62  85  97  67  54  84  18
   65  13  81  47  84  26  65  75  59  86  70  65
   35  49   4  64  95  45  70  10  35  54  58  52
   80  47  13  41  91   6  61  83  59  27  26  46
   34  33  80  96  79  76  81  56  17  71  49  59
   26  43   6  91  82  17  59  10   8  44  46   7
   82  91   7  20  24  85  11  60  69  26  15  58
   71  97  61  87
   11  22  52  32   6  14  19  12  23  35  90  17
   75  25   8  81  85  18  38  74  37  55  65  12
   39  61  89  39  98  79  43  93  30  56  73  82
   80  80  17  90  22  69   8  37  77  98  43   7
   22  74  60  83  45  46  28  93   9  51  27  98
   82  90  11  40  87  42  21  73  44  87  57  10
   46  74  69  79  54  87  69  50  33  45  33  13
   34   2   3  60  37  67  30  88  48  27   1  21
   88  76  71   8
   31  91  10  21  50  10  54  99  71  12  59  38
   33  10  24  78  67  88  63  10  24  23  96  63
   31  42  41  12  73  51  91  90   6  65  45  42
   73  82  60   6  57  28  99  46  27   8  56  47
   13   8   2  60  74  58  65  43  78  28  80  65
   82  45  98  25   5  11  23  54  99  19  48  48
   20  35  62  10  68  42   5  29  33  20  25  98
    6  66  41  90  85   9  46  75  42  32  54  28
   75  70  42  95
   49  24   9  81  99  36  91  60  81  95  41  43
   71  38  51  75  50  77  66  40  73  80  51  89
   37  37  47  62  44  60  48  99  34  36  93  44
   80  25   5  30  21  81  44  45  22  51  43  89
   50  37  75  87  44  89   6  95  54  99  18  59
   66  71  26  55  53  33  86  79  74  75  15  13
   84  69  18  28  49  58  57  61  40  71  32  32
   13  51  27   9  20  56  91  22  87  13   5  17
   91  84  86  46
   92  33  82   8  64  24  64  32  28  38  25  54
   71  32  78  46   2  22  81  27  63  45  22  67
    7  22  63  45  71  23  55  93  57  50  91  76
   60  49  38  27  44  47  88  79  13  46  95  30
   64  52  24  62  93  92  58  79  10  76  40  52
   60  63  51  52   9  99  20  76  52  76  59  10
   47  74  34  59  25  51  46  96  39  37  41  30
   63  84  37  60  62  47  53  39  47  36  67  72
   61  20  62  95
    1  12  20  95  86  21  22  91  69  86  79  39
   21  31  19  96  42  87  50  83  70  33  54  16
   72  41  46  71  49  77   2  65  34   9  28  14
   27  45  66  36  40  91  10  99  98  29   8  39
   71  93  77  64  72  82  57  95  18  50  27  17
   64  25  61   7  31  15   3  36  12  18  34  75
   94  20  57  26  95  95  18  93   3  84  22  35
   74  63  60  91  50  92  89  34  37  53   3  48
   37  40   8  62
   77   7  76  29  29  81  52  46  63   3  64  44
   98  37  11  83  60  14  78  59  54  19  32  64
   15  22  52  61  73 100 100  44 100  64  93  28
   59  36  35  40  28  10   5  68  32  33  47  21
   27  35  62  67  92  45  45  10  80  26  61  48
   45  71  17   4  37  78  18  45  74  66  59 100
   64  23  43  86  98  74  81  42  87  54  67  97
   75  60  68  68  73  79  40   7  74  66   4  85
   84  70  81  69
   58  33  70  76  77  58  36  58  11  93  26   3
   28  42  46  13  43   6  87   2  68   7   4  29
   36  92  86  27  64  78  30  69  57  17   3  15
   21  46  40  99  87  16  57  89  14  26  98  78
   67  93  29  38  46  78  82  11  58  73  71  43
    9   2  64  61   7  22  53  79  56  80   3  37
   30  24   6  72  97  95  45  19  10  32  78  22
   98  99  46  74   3  66  21  80  88  56  98  15
   55  87  58   9
   42  21  49  82  57  65  49  30  67  73  40  10
   71  36  96  88  30  14   7  97  13  64  84  85
   50  59  39  61  43  81  58  22  18  37  32  23
   75  59  94  17  40  49  99   5  42  27   2  12
   41  39  66  52  34  97  83  89  37  84   5  51
    4  16  69   8  61  89  54  73  23   7   5  45
   61  97  84  25   8  44 100  55  53  16  35   8
   11  30  53  42  40  46   8  99  63  88  18  35
   92  38  29  42
   16  91  69  77  38  64  38  56  74  58  41  49
   47  80  10  71  46   2 100  52  30  33  31  27
   34  27  29  88  36  58  17  25  32  23  92  55
   11  11   8  87  43  93   6  32  82  78  40  70
   19  61   8  31  47  57  34  52   9  16  49   9
   75  98  78  67  17  47  95  41  30   5  50  22
   75  19  40  59  92  95  22  56  35  23  30  52
   10  42   6  76  56  83   6  24  43  46  88  48
   25  31  49  23
   35   7  64  61   7 100  61   2  89  86  53  50
   95  62  14   8  73  95  24  47  38  64  87  31
   89  60  31  87  80  67  91   3  71  84  36  78
   35  83  20  22  27  77   7  37  13   7  83  48
   49  88  77  49  12  62   5  14  83  63  76  35
   68  61  70  51  66   3  10  25  73  72  50  21
   23  43  14  56  53   2  80  67  18  41  66  73
    3  90   5  72  86  78  60  48  96  19  82  34
   12  74  43   6
   70  92  82  57  12  68  42  58  86   7  93  43
    9  82  25  73  60  49  87  90  68  50  69  32
    4  56  22  83  93  95  87  72  15  45   5  87
   77  61  20  31  60  22   6  92  96  45  98  56
   84  59  68  14  19   9  19   3  15  35  42  56
   23  49  26  66  95  26  24  44  30  24  12   2
   20  76  11  12  51  49  26  89  85  18  67  51
   44  52   2  74  57  60   7  36  81  92  84  54
   43  39  80  90
   26  50  23  52  80  23  41  48  52  20  65  37
   75  21  99  82  64  29  93   1  29  39  56  76
   21  48  74  53   5  68  32  36  95  97  32  39
   72   8  23  19 100  16   5   4  65  85  41  99
   73  38  54  53  97  99   4  49  31  89  50  46
   43  60  95  16  74  88   3  81  82  52  87  32
   70  63  73  10   8  11  26  29  83  80  35  51
   89   2  73  57  79  89  99  32   8  27  22  30
   84  73  11  22
   69  67  55  94  61  91  44  98  94  76  87  61
   26  30  25  78  43   7  89  48  61  12  88  21
   59  62  98  90   5  28  27  73  43  45  50  83
   85  89  82  31  84  20   2  54  22  77  67  37
    8  43  63  87  11  50   6  48  19  49  42  22
   43  16  84  58  77   8   2   7  23  64  16  81
   76  36  30  19   9  65  17   7  29  79  23  43
   53  30  93   9  77  47  78  17  73  26  43  20
   10  20   7  35
   84  87  53  27  33  23  25  45  59  99  44  98
   24  95  86   2  53  36  16  82   8  76  22  92
   79  46  22  80  44  92  75  32  45  55  95  98
   19  18  18   9  39  44  24  90   9  70  51  88
   62  48   1  19   1  10  88  32  38  61  25  30
   75  52  89  22  73  57  73  38  52  94  60   8
   85  23  28  22   4  54  16  60  96   2  72  38
   20  22   4  34  84  53  47  45  49  24  91  52
   94  20  66  32
   46  57   6   8  37  43  13  20  66  80  62  89
   35  50  85  92  33  55  60  90  60  45   9  63
   56  11  65  49  70  14   5  93   8  36  53   3
   93   1  67  96  68  68  29  61  82  34  25  91
   82  52  49  37  72  10  24  18  29  57  53  47
   61  46  16  14   3  58  14  66  99  91  67  53
   14  78  98  53  86   3  71  55  87  96  42  31
   87  78  80  42  90  15  30  36  59  62  47  72
   62  86  99  27
   35  92  90  75  32  22  10   4  72  45   8  22
   39  20  46  98   8  83  81  97  30  82   2  24
   20  80  55  61  82  98  45  25  87  51   4  74
   33  34  34  13  93  27  19  13   9  66  86  92
   94  45  53  95  34  19   1  86  49  40  31  20
   85  23  51  86  17  58  23  15  21  77  40   7
    8  80  71   5  64  35  11  56   3  57  95  84
   57  86  27  21  37  56  45  10  69  73  13  55
   41  24  27  95
   79  64  16  26  51  10  31   8  45  20  77  37
   10   2  16  90  83  80  63  45   7  41  90  39
   88  29  65  88  16  73  53  70  39  78  18  20
   13  32  50  21  34  64  75  61  62  24  51  30
   40   4   7  13  27  66  50  82  52  19  86  26
   84  87  67  14  65  20  18  46  53  94  72  82
   62  50  52   6  35   3  17  95  12  96  32  90
   71  21  76   5  76  61  39  64  10   9  13  60
   38  95  60  53
   58  87  71  31  69  62  75   2  81  93   5  93
   61  93  19  76  25  36  70   4  55  55  21  87
   65  29  41   3  50  54  91  66  65  84  30  67
    2  26  44  80  77  57  54  61  13  83  85  40
   22  88  54   6  84  73  70  25  17  76  88  56
   31  45  25  20  75  50  74  92  60  34  23  61
   64  56  10  28  12  55  31  96  28  63  38  22
   60  13  15  61  69  71  94  11  79  20   6  60
   96  43  97  50
   46  42  39  21  15  37  74  71  71  13   9  69
   27  94   3  21  95  35  56  77  14  74  18  32
    9   8  35  92  94  53  55  39  69  56  82  48
   22  53  12   3   6   7  31  59  86  44  20  93
   31  20  40  94  36  13  34  38  66  97  39  97
    8  94  27  27  85  38  78  80  76  64   3  89
   58  63   2  77   9  94  16  24  21   8  18  58
   34  73  11  96  48  64  97   7  26  84  69   1
   44  99  79  59
   18  21  45  28  63  45  75  67  33  69  88  87
   53  92  30  36  28  46  95  92  32  89  63  46
   32  27  68  52  28  85  22  30  47  27  83  19
   19  37  71  34  37  79   4  57  47  36  93  93
   74  30  54  28   3  61  50  24  54  38  64  82
   61  39  96  19  71  94  71  67  98  16  72  67
   53  54  83  49  52  42  44  74  59  72   9  41
   52  75  15   8  48  62  46  55  19  83  98  40
   97  62  37  51
   17   4  91  30  21  17  59  89  56  49  10  72
   32  19  93  59   9  11  14  67   8  32  55  11
   41  66  35  93  92  61  43  99  29  16  76  44
   86  90  27  68   3  11  38  53  43  91  80   3
   97  42  65  96  81  92  42  60  27  91   8  43
    6  17  69  57  53  52  83  72  44  75  20  15
   87 100  68  59  94  27  40  75  88  39  85  12
   89  99  66  74  81  98  16  83  61  76  34  78
   87   7  18  37
   36  88  81  64  61  18  81  20  54  99  46  51
   74  76  91  96  57  55  84  28  67  19  34  19
   30  13  33  71  66  63  10  68  89  31  70  79
   98  67  91  29  32  71  59  30  11  27  92  98
   32 100  58  56  50  90  12  23   6  11  83  30
   19  85  26  34  43  55  45  64  73  58  54   5
   95  91  37  17   2  21  84  17  29  37  92  20
   58  22  60  42  39  41   6  10  57  15  26  30
   29  69  10  82
    169   183   167   155   146   172   167   157   166   149   151   147
    159   162   165   153   161   165   151   150   167   147   171   167
    161
