 20 150
  104 105  98  35  94  29  92  48  20  63  34  80
   52  36  15  30  56  48  76 106 108   9  50  99
   19  24  18  58  43  95  80  55  35  86  95  71
   70  40  35  12  89   7  82  38  51  97  39  76
  115  63  58  55  44  56  21  61  45  69  21  19
   17  50  11  78  68 109 113  94  24  75  79  69
   64  61  40  16  44  28 105  45  86  69  43  95
   54  47  82  70  19  58  70  12 115  37  68  62
   78  57  35  15  30  33  84  70  89  90  82  34
   19  71  31  51  98  53  89  61  11   7  73  80
  108  53   8  66  71  36  57  61  71  33  74  70
  112  64 107  29  38  79  50  24  83  29  77  30
   37  76  55  69  40  58
   12  53  67  46  55  16  86  75   7 102 100  85
   38  76  23  34 116 100 104  98  82  65  48  67
   68  30  45  93  57  19  53  66  45  54  88  82
   38  16  42  47  28  57  60  11  77  92  39  18
   81  23  66  10 106  32  88  78  25  52  70  42
   80 104 112  93  42  47  92  58  24  91  57  61
   51  27 100  40  71  85  85  83  72  99  32  37
   31   7  58  59  45  54  91  69  33  61  55  91
   90  77  20 106  43  89  76  52  82  43  55  67
   90 101  85  26  60  15  41  76  44  54  99 105
  101  82  32  35 104  73  38 110  81  90 109 105
   25  75  98  16  75  86  32  27 105  85  58  79
  117  94 111  24  53 101
   53  28  92  88   8  62 103  36  85  52  79  68
  100  10 100  90 107  39  93 102 108 106  55  31
   28  53  66  25  73  17  35  60  94  85  33  28
   82  52  64  42  29  93  19  40  23  25  84  33
   36  46  89  90  39  22  95  46  30  49  28  41
   14  29  72  97  28  25  91  33 100  30  86  72
   58  58  75  83  61  21  89  20  94 100 114  45
   22  99  82  38  57  12  17  50  75  97  93  12
   50  38  90 105  43  45  18  50  51  31  56  39
   90  87  58  54  80  34 116  87  35  90  42  28
    5 109  46  53  36  13  43  41  38  56  99  68
   22  70  87  77  24  68   9   9  10  40  41  56
   69  21  20  21  56  68
   68  63  38  16  60  86  63  41  91  85  27  98
   63  21  34  84  37  16  74  53  98  27  64 104
   46  28  68  59  62 101 104 111  69  15 104  76
   58  30  34  10  44  60  58  92  32  96  48  36
   24  25  93  36  73  16  54  45  52  41  36  27
   77  62  78 103  78  58  53  76  23  36 113  90
   72  39  25  95  74  59  18  27  50  59  66  48
   58  88  73  38  92  12  45   9  46  28  44  49
   62  40  46  31  78 104  41  21  69  45 102  41
   33 111  98  47  27  83  71  76  16   5  98  73
   34  59  54  96  59  67  59  64  89  99  75  30
   54  40  13  33  61  43  86  17  81  56  51  94
   62  17 101  20  41 107
   42  71  43  30  43  76  32  19  96 110  70   8
   36  18  32  68  67  50  16  89  80  79  10  62
   61  77  60  68  48  58  98  95  40  43  93  21
   47  42 102  22  33  45  96  23  74  70  44  19
   64  77  83  54  19  12  12  46  91  17  40  34
  101 114  85   8  98 101  82  24  58  91  62  44
  106  16 104  70  70  33 101  20 105  59  44  59
   77  32  28  45  41  80  76  95  45 103  26  85
  103 102 104  13  58  49  80  95  82  97 108  41
   68  65  20  62  56  55  16  92  76  95  91  87
   94   8  86  44  43  80  33 100  20  87  94  92
  113  88  52  64  45  33  43  80  90 106  29  56
   20  24  30 102  63  62
   89  71  46  59  70  56  55  72 117  91  51  67
   30  19 102  51  70  65  38  50  62  52  74  59
   56  40  69  75  88  27  78  14  31  30  60  53
  101  71  14  31  25  20  33  24  29  93 108  29
   93  42  96 100  96  84  97  23 103 102  75 105
   86  90  27  87  13  69  39  24  91  41  72  39
   22  11  85  60 108  79  57  69  10  71  27  35
   89  91  78  33  76  18  21  78  31  86  95  22
   37  95  34   6 101  85  43 106  76  27   7 100
   19  54  64 101  81  55  62  66  68  93  28  96
   37   9  59 101  85  91  79  21  14  64 102  27
   78  65  24  86  70  86 108 100 101  38  45  58
   56  36  80  43  94  33
   26   3  67  21  57 101  99 105  53   8  39 107
   69  55  18  51 113  99  29  66  51  28  64  63
   14 108  83  42  19  68  58 100  85  22  82 102
   32  49  10 106  63  80  50  84  98  15  64  14
   38  29  40  97  26  32 111  58  38  39  67  91
   84  18  72  87  63  31  82 102  54  16  25 110
   57  69  95  57  32  93  45  88  77  68  67  87
   95  68  65  85  39  67  98  92  99  82 117  74
   51  94  51 100  14  46  67  35 104 100  76  40
   41 100  57  14  64 107  50  13 109  82  29 101
   70   3  38  45  98 106  98  21  64  59 105 110
   63  69  40  56  59  41  98  29  80  98  25  43
  107  92  72  88  59  21
   43  25  65  87  26  45  49  72  74  80 106  22
   52  19  30  29  97  79  43  11 108  36  59   7
   63 101 107  89 105  62  98  95  20  12  37 102
  105  22  35  74   7  75  35  97  28  64  96  98
   41  12  91  87  65  49  58  55  75  54  91  27
  107  95  16  32  30  27  96  97  16  47  77  81
   48  75  62 103  84 109  44  99  80  93  99  76
  107  81  54  53  76  52  50  28  26  97  18  42
   38  93  93  37  81  79  44  21  80  40  22  67
    9  32  66 102  56 103   4   6  33  89 103  48
   69  71 117  80 100  83  44  38  63  45  62  13
   45  95  68  83  68  46  66  17  19  89  56  72
   32  96  74 100  30  90
   27  24  64  44 100  19  86  96 111  80  40  14
  103  27  61 100  66  68  14  58  15  65  31 107
   96  38  45 113  58  61  39  83 112  54 119  29
   54 113  48  77 106  10  20 104 102  14  64  20
   70  12  12  14  31 101  93  68  41  99  45  37
   22  95  88  32  53  24  70  73  26  80  95  12
   69  66  97 110  53  52 109  25  68  22  41  28
   54  85 107  33  75  16  19  57  23  59  43  17
  108  86  45  41  76  88  55  83  23  85  43  15
   69  59 105 115 102  31  70  67  24  70  76  67
   37 100  94  97  61  48  11  21  38  37  17  34
   43  36  16  36  64  80  84 103  53  69  60  40
   46  37  89  96  82  68
   72 108  67  63 117 106 112 100  30  90  23 112
   94  78  65 109  77  59  75  65  27 115  68  33
   92  60  84  71 111  27  52  52  49  25  72  34
  101  49  71  70  79  35  19  25 110  46  93 108
   20  40 103  45  52 115  71 105  38  40  68  83
   16  45  12  83  27 105  12  80  72 102  84  79
   39  36  30  44  15  55 115  54  64  21  41  32
  111  97  75 101  30  34  44  52  93  11 108  44
    9  25  54  84  48  24  43  92  46  92  27  70
   44  41 102  31  51  19  78  89  49  74  33  65
   70  20  81  26  50  61  17  79  51  21  92  91
   71  49  99  40  40  96  81  34  20 100  45  46
  100  30  24  84 101  41
   85  70  56  51  67  26 103  37  53  28  92  48
   65  55  96  61  58 106  24  53  79  29  69  47
   58  40  22  46  74  31  63  32  61  66  59   4
   24  26  29  27 101  31  99  35  20  69  63  44
   98  85  76  29 108  20 107  71  81  32  82  54
   62  28  96  52  25  13  24 109  59  81 102  48
   89  63  90  39  42  89  70  97  43  19  99  35
   64  17  33  73  40  72  34  54 101 117  29  69
    6  51  48 103  82  15  99  74  26  62  78  92
   59  38  98  91  36  44  88  23  89  59  42  85
   79  62  52  19  19  67  38  55  68  66  47  55
   42  26  37  36  74  31  58  86  57  34  59  80
   24  67  21  46  33  33
   34  28  19  14  78  84  31  15 103  99  38  52
   63  77  37  96  10  26  45  32  75  77 102  28
   82  20  19  83  53  10 104  71  79  36  85  63
  109  27  96  27 101  53  73 108  50 104  22  26
   12  95  15  92  42  28  26  75  80  32  70  15
   56  92  97  19  83  32  41  55  48  39  33  67
   94  16  54  65  58 113  49  35  79  79  19  95
   72  40  50  65  63  75 112  63  19  17  26  77
   59  48  74  88  71  73 104  82  60  54  89  40
   27  58  84  70  88 110  83  24 107  32  87 100
   88 104  72  15  81  71  96  32  28  39  34  30
   57  80  80  12  58  88 106  17  52  89  96  51
   99  24  19  98  45  94
   85  25  20  63  85  26  92  92  68  45  61  42
   17  15  38  99  73  31  50  48  83  37  83  60
   68  70  22  33  24  99  34  21   8  94  52  78
   51  96 108  50  37  34  57  46  29  58  75 100
  100  47  19  15  32  22  76  87  24  26  80  87
   87  83  43  60  95  88 101  16  96 102  80  42
   68  37  53   3  89  39  25 105  71  32  38  78
   68  76  26  56  99  56  70  97   9 118  83  74
   67  96 114  89  18  94  90  45  75  60  13  53
   34  67  70  73  80  95  71  43   7  91  97  88
   46  34  74  39  39  77 103  59  53  10  75 101
   86  57 104  99  30  75  38  55  93  31  13  81
   80 106 102   4 100  93
   79 102 111  62  63  34  82  38  71  14  18  22
   38  36  79  32  50  13  72  63  99  35  94  43
   56  77  35  68  56  18  42  53  82 100  99  92
   44 105  32  99  48  59  66  34  28  68  76  57
  101  69  43  87  82  25  78  44  85  58  51  69
   32 100 115  17  27  26  37  76  29  39  89  67
   25  40 118  25  97  42  33  71 105 113  46  83
   88  88  86 103  86  99  73  51  83  23  63  57
   32  86  86  17  14   4   3  62  79  25  24  34
   98  31 113  15  74 102  27  55  89  81  79  61
   89 108  31  90 103  35  47  96  30  34  97  91
   31  30  73   8  28  21  83  84 108  42  46  45
   25  42  49  62  42 108
   55  32  56   7  18  93  87  75 107  36  50  54
   81  80  90 116 110  99  85  64  79  67 101  73
   92  97  62  75  49  64  60  45  17  11  73  54
   62  26  57  23  84  30  93  13  47  76  45  20
   72   9  90  30  11  39  53 102  73  49  72  92
   74  52  62  58  23  22  79  94  98  20  78  84
   45  80 114  14 100  49 114  44  49  88  13  20
   71  77  49  27  71  36  86  66 104 106  54  93
   96  40  48  72  66  49  38 106  54 100  85  66
   60  79  67  54  61  34  60  42  47  41  43  77
   86  13  95  42  26  25 106  41  55  81  49  15
   50 110  72  16  51  72  95  34  12  81  75  58
   74  23  47  62  59  47
    9  71 103  69  79  85  63  94  43  13  81  26
   78  58  11 110  73  60  41  67 112  26  73  41
   99  76  47  36  34  84   9  69 100  46  19 100
   43  94  33  70  23  84  68  38  81  76  74  58
   35  80  37  87  97  57  37  77  37  18  90  31
  101  70  59 109 100 100 102  54  11  31  72  67
   74  35  42  91  44  61  82  23  63  93  53  20
   30  43  32  55  41  34  53  56  53  86  55  86
   62  79  58 108  71  87  44  46  31  73  70  66
   99  42  99  82  47  45  72  41  63  50  82  54
   28  51  40  71  44  43  63  78  20  91  85  40
   40 108  71 103  66  26  89  36  20  25  46  94
   83  25  35  27  30  66
  106  60 104  71  36  76  32  90  28  63  70  25
   76  73 111  92 106  36  43  78  79  54  42  22
   56 103  58  28  82  26  64  84  40  41  91  74
   84  31  89  64  94  71  99  97 104  19  24 109
   62  13 102  63  69  76  21  49  28  97  84  52
   21  98  92  57  56  66  47  96  47  31  91  39
   93  50  16  23  55  92  55  98  15  18  99  63
   37  78  44  66  45  26  86  67  44  67  75  26
  101 100  47  74  52  58  74  31  18  47  78  14
   17 114  62  92  91  33  11  74  73  58 107  27
   81  88 103 104  44  79  76 105  48  30  14  57
   70  98  98  73  74  60  44  88 115  12 106  23
   63  25  77  48  87  65
   74  34 105  70  96 111  24  20  67  77  52  88
  107  60  34  13 105  43  16  50 115  29  96  31
   82  79  40  57  40  23  92   7  43   8 106  48
   19  96  64  76  17  55  75  84  11  73  50  92
   54  44  30  22  34  48  73  90  82  80  87 102
   85  23  74  79 105  42  28  60  84  13  30  77
   56  57  89  52  44  94 116   9  53 101  72  55
   39  63  76  71  84  39  13  27  68  78  25  48
   18  65  48  58  43  28  40  37  91  47  53  28
   76  53  36  99  32  15  65  44  84  21  47  48
   43  36  40  27  16  71  50  28  84  61  89 101
  104  48  19  70  97 109  87  83 101 110  85  56
   44 115  30  24  76  24
   98  50  44  24  69  79 101  46  76  12  97  77
   20  89  53  82  88  69  55  66  72  90  42  38
   94  65  46  36   4  18  82  65  44  50  77  67
   53  66  64  75  89  42  54  82  68  65  35  17
   70  49  92  73 100  66  73  92  36  35  12  39
   94  93  25  46  38  85 102  46  76  26  41  56
   20  38  78  41  39  84  42  77  89  75  23  67
   27  25  33  99  21  65  27  30  46  56 105  36
   97  42 101  99  73  33  40  90  83  72  15  56
   71  38  23  66  80  20  55  69  27  73  46  61
    9 107  18  46  17  80  91  94  96  92  67  93
   84  18  25  99  59 112  92  50  99  95  22  24
  102  16  53 118  36  28
  116  80 100  15  71  44  32  95  68  38  11  94
   49  96  18  85  39  77  17  83  67  36  90 109
   93  58  97  34  98  37 106  32  23  17  31  76
   40 110  75 110  35  77  47  98  82  83  37  97
   69  65  92 114  10  55  71  20  67  37 102  64
   96  99  73  35  92 104  39  50  79 105  22  80
   34  94  22  76 103 116  46 104  89  86 100 116
   52  52  12  32  54  93  66  46  58  60  35  57
   14  27  17  68 114  49  17  78  91  91  93  80
   64  81  57  57  44  62 118  40  86  49  25  76
   64  14  65  93  13  21  71  53  15  89   6  85
   55  25  54  36  36  52  39  29  49  95  92   9
   23  79  66  37  39  28
   14   5  20  73  18  80  16  58  82  50  71  37
   59  82  91  88  51  65  27  10   3 100  59   3
   83  87  93  62  77  13  40  61  69  34   7  41
   35  72  82  99  27  97  29  73  61  14  64  33
    5  50  52  64  64  48  89  56  75  44  95  94
   85  64  93  40  44   7   7  25  90  30  38  34
   41  44  62  95  75  91  12  65  26  42  65  21
   63  72  33  41  85  62  48  97   5  74  48  44
   36  47  70  98  81  78  31  36  22  15  21  74
   99  40  84  59  13  62  15  54  96  98  38  30
   12  66  98  46  35  67  51  45  44  78  44  35
    7  38  10  79  67  32  52  84  34  82  30  86
   66  36  50  37  63  49
   93  53  47  68  54  86  21  36  98   9  18  22
   73  44  82  78   2  11   5  19  26  51  63  53
   45  73  61  22  51  90  62  42  65  54  31  34
   77  90  69  68  85  46  52  98  28  17  65  97
   24  88  48  99  12  75  22  33  85  56  36  61
   31  14   1  20  67  69  25  51  79  22  55  44
   58  85  11  73  39  27  27  33  36   3  83  76
   83  97  51  52  70  61  22  46  77  46  51  11
   19  43  94  11  75  22  44  56  34  67  64  40
   24  16  34  77  56  95  79  42  58  60  17   4
   16  31  84  67   7  29  81   7  37  16   9   6
   84  33   4  95  31  34  77  89   1  27  53  23
    1  10   4  89  54   6
   64  86  18  14  97  53   5  69  31  50  28  44
    3  97  20  26  13  74  18   9  10   7  56  72
   81  53  48  78  41  98  76  53  13  35  81  76
   23  50  45  69  84  18  84  79  86  85  32  73
   78  58  28  18  63  87   7  71  79  61  83  71
   90  88  44  22  74  87  28  78   8  74  22  39
   54  49  40  27  55  85  20  85  14  14   3  59
   80  14  23  82  48  99  99  69  32   7  18  99
   60  80  21   7  60  62  93  63  51  80  56  71
   22  33  45  50  28  78   3  20  73  23  66  91
   99   7  56  57  75  91  59  72  80  50  19  46
   94  50  24  29  85  46  93  99  95  63  67  52
   33  86  89  84  51  49
   48  52  77  93  54  20  50  73  29  26  84   6
   54  81  84  20  69  91  36  56  13  93  39   8
   57  92  50  55  51   6  15   6  49  89   9  30
   56  85  76  97  62  55  62  20  81  17  56  82
   84  82  24  84  44  97  51  74  66  76  74  93
   30  41  25   6  25  59  60  38  87  78   6  21
   42  69  91  21  32  55  88  82  65  58  46  61
   45  31  32  67  11  96  66  95  73  83  62  69
   55  67  60  73  28   5  70  96  46  71   3  62
   87   2  13  73  91  24  32  44  95  99  12  40
   69  57  54  16  60  36  56  51  22  18  40  90
   57  66  98  79  55  67  26  99  26  61  58  10
   42  85  13  84  73   7
   69  47  61  84  75  33  87  87  18   2  37  98
   81  93  87  36  35  53  98  19  22  23  95  58
   49  25  59  39  67  57  12  13  68  70   9  81
   65  63  18  85  80  68  15  94  39  37  68  91
   50  29  25  58  94  99  99  70  18  87  63  77
   12   3  27  94   6  10  33  87  51  24  40  61
   12  88  14  50  50  71  11  98  14  45  66  55
   25  79  84  59  66  28  26  24  70  13  90  27
    4  15   9 100  57  61  30  13  35  12   8  61
   37  45  87  56  51  51  95  10  38  12  23  23
   19  94  20  75  66  37  75  10  85  33  10  20
    7  25  60  39  72  84  70  28  23   7  74  62
   83  93  85  18  55  44
   20  45  65  56  43  47  60  38   2  21  69  36
   76  91   9  62  50  44  64  63  45  65  29  49
   63  78  46  39  21  79  39  93  84  79  55  54
   15  36  98  81  95  94  71  90  78  26   8  89
   18  60  15  19   6  31   7  86  15   5  45   4
   30  25  76  28  90  45  65  96  25  70  38  65
   89  91  17  43   6  23  55  36  96  42  81  77
   27  26  30  70  38  88  83  24  85  16   7  89
   79  10  86  99  18  19  69   5  27  78  95  11
   99  50  43  17  30  56  56  54  51  19  92  20
   75  95  53  18  30  21  24  95  92  40  13  80
   34  47  85  18  50  23   3  11   4  75  62  52
   59  69  31  67  21  75
   87 100  35  86  58   5  19   7  51  98  80   8
   36  56  90  59   5  20  84  48  57  87  52  57
   94   3  22  61  98  40  53   7  24  91  20   4
   86  58  98  14  48  32  59  36   5  89  47  91
   75  74  74  19  88  85   8  53  67  69  53  19
   24 100  45  16  39  74  36   6  53  91  77   1
   56  47  15  51  71  18  72  31  42  50  38  29
   25  44  55  34  70  48   6  20  15  37   1  38
   66   9  68   3  93  66  40  77  12   5  35  64
   70   3  54  88  40   9  62  90   4  25  79  10
   38  99  64  73   6  11   5  83  43  57   6   6
   45  43  72  56  51  65   4  86  38   6  77  75
    6  12  33  14  60  88
   64  89  52  17  79  70  59  39  40  38   8  95
   50  94  77  80  21  34  72  97   8  78  58  97
   49  17   4  18   3  45  15  18  83  95  76  17
    1  84  82  33  97  42  80  21  83  53   6   5
   79  93  21  22  48  70  50  56  35  54  20  77
    6  22  94  77  83  92  15  10  86  61  33  25
   62  44  56   9  32   7  75  21  23   9  13  29
    4  39  49  51  31  53  68  89  76   9  93  69
   70   9  22  76  39  31  66  93  40  72  89  41
  100  84  42   9  54   8 100  99  80  16   7  63
   42  44   2  35  18  36  65  73  48  74  54  95
   66  22  38  19  35  58  36  94  92  17  58  48
   79  22  40  13  82  29
   76  83  55  61  18  86  22  20   8  31  77  90
    5  80  41   9  40  43  97  50  99  55  83  11
   16  73  75   1  56  56  75  27   5  56   1  83
   58   4  70  36   5  99  90  14  18  97  48  93
   41  94  90  88  74  16  19  36  66   7  72  81
   96  15  20  74  65  80  40  45  80  26  16 100
   46  40  21   8  49  64   3  83  47  85  74  79
   55  19   1  71  35  96  86  45  80  57  60  87
    6  31  69  70  32  28  59  37  79  24  67  96
   47  53   5   2   8  89  49  45  90  37  30  40
   70  18  14  14  55  60  97  91  74  81  88  81
   62  80  98  70  53  26  27   2  61  37  51  71
   72  78  13   9  29  44
   45   9  43  48   1  14   8  16  76  17  94   6
   17  31  43   4  40  53  37  51  78   1  40  78
   12  51  34  43   7  77  55  68  57  86  35  78
   15  56  35  40  34  73  84  95   4  72  18   3
   89  69  14  71  67   4  31   5  64  71  47  28
   90  65  94  36  85  15  99  24  46  17  18  28
   73  79  75  60 100  56   2  50  39  83  70  78
    9  21  36  15  82  86  70  59  18  92   3  74
   96  87  53  27  63  89  73  22  62  27  84  43
   74  74  12  89  54  87  25  13  68  46  71  53
   35  89  21  79  55  49  95  26  58  95  12  29
   33  65  19  64  69   9  30  85  92  18  66  63
    4  72  93  18  15  71
   31  33  49  51  53  82   4  83  58  79  12  54
   48  63   7  55  57   2  94  51  38  78  46  65
   49  79  81  71  43  83  57  72  54  45  57  98
   87  86  77  85   1  83  13  69  98  51  47  68
   17  34  38  74   9  91  10  37  35  88  31  54
   50  77  13  59  89  92  88   7  59  30   7  60
   20  44  14  79  77  25  45  13  68  93  10  76
   47  87  83  47  77  47  86  51  15   2  81  45
   96  61  54  12  30  99   3  41  76  47  26  21
   45  70  12  24  71  68  21  93  15  53  78  34
   38  41  59  95  99  41  74  65  37  37  63  50
   60  81  75  66  32  78  61  29  61  74  59  37
   88  42  82  61  72  72
   77  85  84  88  25  20  79  99   3  14  80  57
   48  33  72  16 100  80  62  87  43  36  16  77
   36  92  97  26  57  93   9  41  38  72  22  39
    3  87  20  78   4  60  34   5  60  13  81  77
   94   8  99  19  71  81  89  41  36  85  49  91
   48  22  11  87  22  79  79  51  64  75  72  52
   11  89  53  40  62   2  70  84  26  32  97  14
   48  75  65  50  56  40   6  48  94  85  83  31
   58  60  37  31  39  38  16  24  52  57  17  68
   84  54  22  41  25   9  35  78   3  71  22  11
   27  10  47  99  26  40   7  77  77  70  74  82
   55  31  31  99  59  17   5  94  57  26  13  52
   21  90  91  18  63  24
   26  94  82  40  28  76  20  14  38  74  51  71
   95  96  70  14  44  80  69  62  20  77  27  44
   40  41  93  84  87  14  81  90 100  14  52  40
   60  24   5  68  78  81  58  56  81  58  45  20
    4  56  96  91  71  91  30  16  87  80  35  31
   26  29  64  57  15  22  18  86  23   5  31  69
   51  76  66 100  17  77  92   9  40  71  80  42
   38  37  86  58   4  57  40  10  99   2  32  31
   41  17   2  28  88  15  24  65  30  59  98  51
   72  51  36  29  26  22  45  61  95  13  21  20
   63  70  32  69  81  28   8  60  54  97  28  13
   31  55   6   4  88  27  80  57  24  80 100  30
   35   8  14  98  16  17
   36  10   8  46  51  71  29  75  45  93  93  86
   67  80  32  71  62  92  38  43   9  80  10  75
   56  28  84  45  64  86  75  64  38  14  15  19
   67   8  82   7  60  52  53  75  87  43  26  60
   14  37  66  20  38  81  41  76  31  55  57  48
   72   4   2  93  86  79  73  44  82  78  26  43
   92  76   2  83   6  68  70  46   6   4  67  34
   14  26  31  15  20   8  40  53  24  91  48  52
   71  25  28  88  91  99  99  51  36  85  79  78
   14  73   6  95  32   9  84  52  28  28  25  59
   16   3  73  29  13  68  58   9  85  68  18  20
   85  88  47  98  81  96  29  27   6  76  74  75
   83  68  59  40  74   8
   57  83  51 100  90  15  28  34  13  69  57  63
   23  28  18   2   6   8  26  42  29  51  19  47
   21  13  43  36  67  48  43  73  94  99  46  52
   54  85  54  86  18  86  26  95  56  34  70  93
   33  96  28  76  91  68  62   9  39  55  48  10
   35  63  55  45  83  88  38  11  13 100  24  22
   70  31   1  99   4  62   1  60  55  15  93  99
   42  34  68  84  48  78  26  36  11   7  63  22
   10  63  62  38  51  70  75   3  57  13  17  38
   54  23  46  61  58  73  59  71  64  61  73  35
   34  95  14  76  81  87   5  63  60  33  54  94
   55   7  42  88  64  42  10  71  90  26  42  59
   28  82  62  53  46  58
   98  40   8  41  28  28  40   9  74  93  25  88
   28  50  97   8  29  44  62  43   7  94  32  65
   17  32  65  74  78  35  99  36  11  66  96  20
   72  12  71  38  96  18  35  81  32  30  32  57
   77  28  74  26  19  62  83  42  70  98  24  87
    8  46  43  11  10   2   9  65  91  83  44  44
   45  71  69  23  75  43  35  89  40  11  62  90
   83  59  79  60  76  84  60  64  54  31  58  34
   50  26  49   6  40  24  65  56  73  34  33  41
   12  68  12  35  72  72  31  64  55  62  26  48
   90  69  77  33  70  67  48  35  87  20  22  71
   73  11  38   3  36  85  31  68  97  86  67  24
   28  92  84  79  88  54
   10  52   6  40  71  30  71  23  83  43  50  94
   35  29   3  24   2  82  69  33  38  50  62  87
   60  15  53  81  38  80  56  29  80  63  20  46
   24  80  14  44  17  32  15  12  11  92  96   6
   47  98  14  39  42  35  92  65  78  22  18  68
   90   5  18  51  49  39  57  20  55  78  18  72
   22  64  91  87  64  10  64  13  88  89   7  48
   74  28  58  37  69  85  18  52  70  45  29  85
   14   2  67  33  63  48  32  80  97  64  27  97
   94   4  54  18  25  79  96  33  34  55   8  75
   30  29   2   7  76  24  35   6  72  74  98  59
   47  13   5  43  42  56  71  14   1  98  14  96
   56  91  31  69  17  38
   35  74   1  39  14   2  95  87  37  25  56  28
   10  51  79  91   6  68  98  55   3  79  24  80
   24  36  73  48  71  84  19  98  65  96  14  71
   83   8  41  36  94  59  44  35  99  29  63  19
   66  74  78  86  70  68  44  17  27  35  24  14
   35  88  34  39  12  71  76  48  27  90  76  34
   47  56  23  59  67  19   4  94  52   4  41  57
   70  55  37  49  34  67  99  93  37  25  90  72
   90  41  56  61  62  92  69  74  13  59  61  92
   32  62  66   9  79  99  55  61  20  82  69  70
   61  76  67  79  92  37  53  91  20  47  20   4
    7  55  84  48   7  10  26  29   9   4  21  56
   65   3  85  89  37  91
   17  52  69  90  49  29  13  60  35  99  15  40
   87  23  55  24  22  50  54  46  40  20  68  70
   20  41  69  74 100  84  36  41  73  67  42  44
   65  38  42  33  31  72  60  25  36  52  76  91
   46  57  14  44  15  52  29  21  71  73  96  77
    9  17  95  73  67  26   4  57  27  78  74  57
   92  73  35  67  81  21  66  34  13  27  93  45
   89  82  73  17  94  51  83  80  69  56   6  72
    9  65  16  18  43  83  71  21  30  38 100  53
   36  64  85  36  33  94  53  36  76  47  63  44
   98  12  92  69  94  38  25  24  10  21  39  10
   27  91  93   9  53   3  18  67  10  18  94  84
   18  96  55   2  84  81
    4  22   7  97  38  58  80  21  35  72  94  23
   71  19  94  19  70  34  95  27  44  75  13   1
   26  55   6  71   7  81  11  84  80  94  83  35
   72   6  31   7  82  31  55  10  20  32  83  18
   43  54  12   5  94  61  40  83  41  74  10  43
    7  10  41  85  19  14  71  65  34   7  91  24
   85  13  84  28  16   1  62  10  17  24   4   2
   62  54  90  73  52  20  47  72  45  45  77  59
   97  85  99  43   3  66  90  26  25  22  13  33
   40  29  63  51  70  48   2  73  27  57  94  27
   39  94  48  16  98  92  49  58  96  13  99  23
   57  89  57  68  79  64  69  77  70  22  14  96
   85  30  36  74  68  76
    318   279   322   320   292   305   278   300   309   299   320   303
    299   304   297   302   290   308   314   293
