 10 250
  110  87  30  50  25  52  92  80  31  65 110  16
  114  92  51  56  52  18  31  93  45  68  51  30
   66  63  24  89  57  30  27  21 116 101  90  94
   41  23  65  66  59  87  78  35  76  43  45  37
   87  52  16  39  54  26  14  85  20  36  53  46
  111  83  46   5  87  76  12 114  73 108  75  11
   58 103  63  26  51  78  12  50  46  98  50  22
   81  56  77  15  29  47  12  28  10  91  43  29
   95  37  41  21  16  29  58  14  86  90  59  67
   20 104 107  43  41 111  80  26  21  71  71  74
   29  83  51  88  44  96  72 100  62  77  81  51
   38  54  99 106  37  48  93  82  37  61  85  77
   68  85  79  60  75  17  75  89  85 104 112  27
  107  50  79  53  22  24  78  29  35 103  88  89
   65  70 103  84  71  71  26  98  57  78  75  91
   53  84 114  17  15  78  34  12  78  51  81   9
   97  31  74  72  54  64  91  14  66  20  96 100
   91  91  79  66 104 100  60  85  38  20  53  83
  100  42  70  62  85  15  43  21  42  44  61 109
  111  35  62  60  97  29  71 103  65  32 110  48
   36  74  62  69  61  99  17  42  61 102
   78  19 106  96  76  52  44  89 109  78 105  64
   90  58  89  80  41  50  85  54  80  48  34  49
   45  62  78 108  40  70  77  18  30  88  25  26
   41  63  51  93  54  10  25  85  75  29  23  81
  103  33  95  72  28 103  27 100  56  84  56  66
   50  39  95  53  79  99  66  47  38  16   5  54
   58  11  19  74  30  42  21  92  36  92  47  19
   77  41  37  38  18  60  44  13   4  58 102  33
   28  37  27  46  83  10 101  26  41  86  99  13
   91 115  31  86  95  46  92  91  61  51  51 110
   22  48  51  48  67  20  67  87  87 115  91  99
   66  46  83  55  87  88  47  76  68  71  36  82
   43  69  49  43 105  93  69  39  52  78  93  61
   85  40  83 113  94  46  94  94  70  43  46  94
   58  85  76  49  95  78  69  74 117  21  50  95
   84  59  62  52 101  29  99  31 109  46  57  58
   63  82  20  45  61  81  31  11  81  26  67  82
   84  62  29  64  28  73  32  96  60 106  86 109
   33  88  85  24  83  19  47  17  94  52  65  99
   78  62  35  76  35 100  95  81  85  57  29 104
   63  48   8  32  92  30  88   3  59  57
   28  24  11 101 100 113  29  48  24  83  61  74
   74   9  27  68  96 108  72  20  46  95  47  42
   94  97  18  96  98  82  43  24  93  77  84  20
   96  92  66  70  66  21  57  76  27  56  23  60
   67  17  28  54  83  90  38  82  30  77  44  87
   41 107  95   8 110 106  71  12  52  87 101  43
   73  73  34  45  73  25  31  66  11  76  53  43
    7  74  24  32  63  91 102  50  78  89  51  11
   67  50  37  44  67  46  18  75  40  83  82  96
  102  48 102  64  85 102  93 108  89 103  45  58
   23  43  25  93  92  32  18  67  41  83  43  74
   30 103  29  51  47 116  91  98  50  69  38  85
   27  45  44  84  19  89  25  21  67 103  11  60
   56  93  89  62  18  63  51  54  84  45 114  80
   51  96  38  82  24  40 106  49  18  36  84  31
   29  74  64  24  66  58 111  60  89  62 109  51
   72  63  87  58  36 102  87  87  16  85  45  18
   44  99   9  23 103 104  91  63 105  84  25  26
   98  59  89  32  50  35  55 114  31  25  35  16
   49  65  29  41  34  49  87  37  14 104  32  28
   49 104  46  86  43  61 109  13  73  93
   87  98  81 111  39 111  94  23 108  14  65  70
   62  39  27  25  63  20  70  75  30  73  80 102
   62  64  76  78 107  99  21 106  66  13  62 109
   34  35  34  63  90   8  54  59  94  68  78  39
   57  95 107  82  75  80  36  70  73  89  93  93
   74  91  89  54 112  68 106  46  74  92  51 104
   60 102  90  71  96  27  73  19  78  71  39  86
   89  91  48  16  97  93  92  11  65  18  33  65
   97 100  32  75  86  99   5  41 106  69  85  20
  110  63  92  77  89  14  32  38  50  51  96  30
   82 117  81  55  11  62 105  27  44  69  95  43
   78  89  87  99  53  47  96  86  65  73  45  15
   50  22  62  36   4  53  83  74  81  41  54  26
   36  16  91 113  86  27  54 105  53  98  19  90
   28  65  36  64  38 106  47  43  28  79  79  13
   87 103 106  54  42  24  14  13  56  62  62  94
   85  53  47  87 102  42  11  22  53 100  61  98
   57  20   9  26  82  44  95  69  47  95  14  54
   97  79  17  52  57  13 102  28  55  81   8  45
   47  73  84  25  57  82  83  20  46 100 106  94
   78  59  45  55  60  54  37  60  35  33
   45 108  98  74  54  93 104  22  31 113  41  15
  102  14  68  83  99  43  32 114  42  38   9  84
   72  73  82  54  27  66  53 100  22  73  24  98
   54  24  38  35  61  34  54  86  70  76  55 114
   98 104  24 112  18 101  43  23  71  41  47 104
  100  61  86   6  93  36  55  92  42  73  81  92
   76  61  39  77  49  26  93  45  55  68  57  19
   97  45  66  68  99  51 101 107  45  17  14  67
  111  31  18  37  34  69  19  71  39  51  99  58
   46  32  55  37  37 116  51 107  69  25  75  55
   95  15  49   7  42  93 101 101 101  94  55  84
   95  39  20  15  74  94  95  46  14  75  82  22
   22  86 107  84  74 108 116 100  22  15  97  32
   97  12  46  19  31  75  29  77  43  32  74  99
   25  27 110  13  37 106  84  26  74  42  42  89
  104  18  33  55  35  64  53  91 110  33  69  35
   28  77  48  85  42  58  49  31  83  72  23  92
   87  88 102 117  75  75  76  65  82  37 107  99
   80  63  85  97  89  76  52  38  41  84  90  70
   88  61  68 102  23  54  99  38  48  89  45 102
   89  93  46  32  17  87 100 105  30  86
   61  93  58  21  32  11  44  90  92  20 106  22
  108  57  25  59  94  29  31  79  70  84  38  57
   64  53  95  81  92  96  21  19  77  30  31  71
   75  36  37  12  15  86  67   8  65  64  13  64
  100  26  26  43  78  12   8 105  76 100  14  81
   15  49  82  21 102  66  92  58 110  24  64  26
   83  73  37  42  19  48  63  42  91 102  58  89
  104  72  55  35  29  16   9  44  97  20  73  52
   24  98  19  66  26  39  37  90 103  95  66  93
   28  12  64  41  30  94  76  75  28  91  90  80
   22  87  22  12  55  50  55  23  98  39  28  35
   97  78  55  11  71  35  74  74  73  70  35  51
   45  23  57  20 101  20  69 101  23  60 111  92
   60  69  41 110  95  65  15  14  48  71  88  64
   29  90  31  72  13  30  63  23  82  42  86  80
  106 101  34  89  96  21  40  11  30  98  75  24
   52  23  62  17  18  15 100  18  35   9  54  21
   43  85  86  24  73  36  42  73  72  86  44  46
   30  93  81  94  52  85  71  44  74  56  18  54
   12  74  57  86  30  44  95  68 108  58  74  26
   80  77 109  40  81  19  22  66  24  68
   53  70  70  69  71  27  29  24  79  86  23  58
   12  34  62  96  12  47  61  51  48  85  31  11
   93  72  79  40  17  95  94  20  88  93  13  32
   51  42  24  17  25  17  35  39  91  39 105  29
   62  67  85  36  76 104  94  14  54  43  63  50
   64  84  12  20 102  92  77  75  89  88  14  34
   49 104  86  99  73  63  94  45 115  73  22  42
   41  27  25  56   7  24  68  25  85  26  61  80
   46  77 108  87 109  17  34  12 108  63  26  73
   51  29  88  22  76  51  67  10  42  98  75  23
   86  88  98  51  69 101  78  89  81  88  19  44
    8 112  12  29  53   4  17  47  47  27  65 106
   21  97  49  13  47  61  89  12  52  39  49 111
   74  59  97  16  79  17  72  93  27  10 100  56
   37  42  64  55  51  60 104  42  91 115 103  53
   78  43  35 107  82  49  26  93  84  31  74  50
   20  40  98  14  59  32  92  55  33  69  34  82
   48  40  64  72  10  85  83 103  82  84  94  87
   38 101  25  58  40  47  57  56  35 112  43  70
   16  75  79  77  57  20  93  44  67  67 106  77
   35  25  61  86  79  34  61  37  33 108
   39  46  96 106  43  83   8  41  40  78  37  79
   84  44  39  46  36  49   7  95  79  82  79  98
   82  53  59  21  58  49 101  79  92  22  31  46
   59  99  19  92  70  28  35  31  25  65  85  39
   76  40 101  24  84  61 118  86  11  14  77  93
   97  46  63  60 113  84  86  16  62  89 109  23
   54 106  85  95  79  20  81  76  59  52 105  47
   43  28  52  65  53  55 108  41  52  15  77  96
   88  22  94  82 101  38  64  13  11  38  27  75
   23  74  67  76  44  47  65  84  80  46  78  28
   70  41  98  78 105 110  58 104  71  89  80  76
   83  85  77  94 114  80  36  18  94  85  54  90
   79  21  40  62  60  64  43  46  25  41  65  92
   54  65  92  44  45  40  78  21  61  36  30  68
   70  77  85   7  67 114  81  74  66  35  60  96
  107  47  24  94  15  54  54  79  83  98  14 109
   26  26  70  68  37  50  13  64  66  66  78  30
   99  18  43  78  53 102  64  96  21  27  51  96
   72  15  82  79  90  78  86  27 118 100  13  80
   47  30  32  47  26  73 106  85 102  79  14  22
   80  66  99  98 109  62  40  92 109  21
   69  51  22  75  32  35  66  42  34 106  56 101
   32  60  51  98  72  31 116  62  41  79  29  84
   92  38  70   4   9 116  73  64  62  36  30  19
   63 102  73  83  56  55  58  76  83  83  16  64
  108  41  35  93  44 101  90  88  47 108  75  13
   51  45  25  79 104  75  50 104  89  36  94  30
   56  88  37  92  82  66  42  96  63  25  93 111
   74  94  22  29  89  77  63  56  17  92  39  88
   39  14  62  24  62  52  53  15  41  59  95 100
   81  75  22 101  48  21  82  93  92  72  43  84
   41  70  76  82  66  57  21  40  15  45  74  47
   33  42  20  93  90  11 109 108 103  67  50  38
   32  59  47  12  87 116  81  96  99  26 105  30
   44  72 103  78  92  93  85  23  50  58  14  62
  114  11  69  47 101  82  19  91  92  97  81  65
   83 100  49  59  69  87  72  86  34  57  35  53
   46  74  84  68  47  73  94  92  72  24  68  60
   80  98  69  22  77  85  68  49   9  46  60  79
  101  73  68  89  95  43  68  12  98  30  88  29
   90  23  99 101  91  98  72  60  10  23  12  94
   20  43  81  99  23  26  47  51  82  12
   49  83  94  16  31  12  36 103  95 100 110  53
   16  33  74  42  90  54  30  86  91   7  55  47
  114  56  75  91  75  91  69  17  74  73  19  61
   31  53  84   8  64 103  60  46  57  16  36  95
  101  25  43  81  46  13  23 103  15  23 101  80
   32  88  14  73  13 100  71 110  62  38   8  19
   26  31 111  83  60  34  98  44  32 118  68  41
   37  41  54 103  31  15  50  63  89  86  46  47
   14 104  36 105  33  60  61  47  43  79  25  78
   62  35  54  89 100  97  98  81  63  93  23  50
   17  42  50  11  26 106  97  60  68  94  39  71
   90  96  55  89  48  78  38 100  77  37  11 110
   58  83  79   5  31  88  12  16  45  71 102  61
   83  22  87  42  83  31  60  70  63  93  84  55
   22  86  73 106  24  86  61  74  24  93   4  48
   42  46  31  82  88  93 103  53  82  91  64  14
   72 103  88  93  83  75  79  42  77  88  57  63
   15  96  50  32  48  90  53  93  20 101  65  89
   35 111  88  25  84  71  51  86  80  55  41  19
   90  87  56  77 114  45  44  70  68  18  17  95
   68 111  66  59  67  40  26  76  61  78
    3  25  81  63  86  59  25  25  78  39   1  95
    5  20  55  62  65  87  80  10  61  49  54  78
   40  46  85  23  47  73  82  93   2  16  23  26
   68  91  43  44  60  15  37  73  36  63  66  73
   24  64  89  70  52  91  94  18  89  75  52  57
    3  20  73  97  25  40  90   4  36   8  38  99
   59  13  55  87  60  29  97  68  71   4  64  89
   22  52  30  91  76  63  97  78  98  29  61  89
   13  70  78  96  87  87  58  99  29  19  61  49
   86  11  13  68  73   6  25  93  90  33  35  33
   79  21  54  23  70  19  32  15  56  31  29  56
   67  59   4   3  71  67  13  25  75  50  25  42
   44  18  40  60  31  89  34  23  26   8   3  81
    3  56  24  67  95  93  37  84  74   3  25  15
   41  45  15  27  34  40  93  11  49  38  28  14
   65  27   3  96  93  36  72  92  29  58  24  93
   21  83  46  34  54  47  21  93  39  88  24  19
   24  21  34  43   5  15  56  33  64  99  64  34
   11  65  47  45  33  90  69  88  73  72  49   4
    3  73  43  48  20  82  46  16  52  84   6  61
   76  46  44  42  50  11  94  69  55   7
   24  84   1  22  27  53  70  20   2  32   6  46
   30  60  22  33  72  57  21  57  28  66  85  55
   58  48  33  11  71  49  33  96  72  28  82  84
   70  42  53  13  56 100  93  18  31  74  92  35
   14  79  16  48  92   7  89  14  55  30  60  45
   66  68  12  53  27   8  40  56  72  97  97  48
   55  92 100  34  76  76  89  23  82  28  65  83
   28  69  74  68  99  59  68  91  98  61  18  79
   91  68  93  70  19  93   6  92  69  16  12  91
   15   2  78  25   8  74  17  23  45  55  68   8
   86  66  65  71  43  91  42  28  23   5  16  14
   47  56  30  62  15  27  59  37  44  39  72  21
   71  36  64  77   6  14  49  74  57  33  11  57
   22  71  22   3  26  59  26  20  42  61  72  24
   59  32  28  68  16  28  36  38   3  82  55   7
   21  47  42  59   5  90  11  72  10  65  49  57
   55  28  96  74  42  35  85  93  21  89  50  34
   27  55  85  56  81  34  84  21  52   5  25   4
   72  23  26  87  31  84  62  96  17  54  47  12
   33  52  71  36  67   4  10  30  27  58  84   5
   39  59  98  78  11  87  26  99  52  60
   78  90  95  18  17   6  86  59  87  19  49  28
   42 100  91  48  18   2  44  93  69  23  56  73
   22   8  95  17  21  34  64  88  13  34  27  99
   23  13  50  41  53  90  56  28  91  48  86  55
   35  90  81  64  22  23  69  25  77  36  69  29
   74   5   8  96   5   4  44  93  63  29  13  62
   43  37  74  65  45  92  81  41  98  31  58  73
  100  35  87  70  53  20  15  60  31  31  65  93
   46  62  68  65  37  73 100  45  63  34  37  16
   13  65  17  39  27  11  21  12  30   4  62  57
   80  59  89  14  26  70  99  38  77  21  67  31
   90  15  88  60  67   4  26  10  57  47  79  33
   85  65  63  20  83  22  95  82  38   4 100  42
   46  27  25  40  91  44  64  54  24  70   4  31
   60  24  73  24  87  68   9  57  90  83  31  88
   83  33  38  90  54  54   7  48  27  58   6  58
   30  42  27  52  84  11  24  27  95  17  63  85
   64  12  93  95  11   3  19  57   4  31  91  80
   11  60  14  85  54  70  55   2  86  77  76  89
   70  52  73  71  78  59  28  74 100   7  73  83
   63   9  72  17  67  59   7  97  35  20
   20  16  35   7  67   6  20  81  12  95  42  38
   56  74  76  86  44  91  47  37  85  30  31  15
   48  54  29  29   5   9  96  10  50  89  42   6
   77  71  82  46  12  97  60  61  17  40  33  71
   59   9  12  30  27  37  69  41  29  20  13  24
   37  20  17  57   3  35  14  69  37  24  54   6
   43   2  28  46  22  92  42  93  33  47  73  23
   22  22  66  87  12  18  11  96  46  91  70  48
   14  15  78  29  16   9  97  72   8  33  34  84
    2  41  26  28  28  97  85  68  64  56   8  90
   21   2  36  62  91  56   3  81  72  45  16  63
   33  23  21   8  55  69  21  21  38  44  57  97
   59  98  54  74  98  60  28  36  32  72  57  91
   78  98  12   6  16  89  53   4  57  11  84  24
   86  38  79  47  64   9  57  77  87  40  30  94
   19   6  13  62  71  83  89  99  64  51  46  21
   33  63  69  30   9  69  99  81  52  16  51   5
   61  94  99  90  27  61  20  35  68  14  96  54
   14  35  98  56  54  98   3  75  61  30  94  72
   56  44  24  92  53  31  28  88  60  11   7  11
   41  53  74  50  43  55  65  49  85  81
   68   4  13  32  48  11  16  94  80   5  75  99
   11  94  43  33   6  61  84   3  63  73  94  33
   40  37  30  55  84  42  51  18  89  33  78   8
   54  81  64  85  55  77  66  31  40  36  48   3
   21   9  81   7  89  12  66  86  40  66  59  14
   11  54  18  98  26  78  59  13  66  43  25  25
   36  46  63  42  56  76  21  71  60  35  54  92
    9  58  39  43  12  60  10   9  66  86  97  39
    8  76  87  65  71  42  88  36  64  60  12  61
   57  72  65  74  79   3  60   3  34  83  29  51
   21  95  56  96  75  23  19   2  16  17  49  31
    8  73  96  90  36  22  10  68  94  32  33  98
   84  26  11  29  28   7   2   9  89  96  18  81
   15  95  59  95  82  39  77  28  62  81  37  13
   92  82   3  93  66  13  28  78  32  69  62  13
    3  97  72  64  83  42  67  18   8  86  47  83
   86  31  56  23  71  61  53  76  28  43  88  17
   24  23   3   1  27  45  27  47  20  78   6  17
   22  56  26   9  29  30  59  74  61  33  21  32
   25  59  34   4  87  55  14  66  66  20  60   1
   26  19  62  73  92  18  18  13  74  17
   46  26  57  87  73  98  70  18  10  87   6  94
   10  54  93  58  19  74  88  24  37  30  74  61
   47  67  16  31  13  21  91  88  27  87  71  45
   31  79  68  93  92  26  46  98  49  46  98  51
   12  83  78  73  32  93  98   3  30  11  90  28
   87  59  31  90   3  43  24  46   5  85  52  93
   35  39  82  64  89  54  44  68  21  16  62  16
    6  30  56  85  76  90  96  67   8  91  37  64
   79  14  88  53  83  71  77  14   9  12  50  15
   85  94  47  69  80  19  39  41  74  17  27  29
   82  17  97  99  53  57  53  92  18  73  89  80
    7  41  51  97  35  80  37  29  37  34  74  58
   73  89  57  85   1  82  41   2  95  49   4  26
   50  48  71   7  25  43 100  89  65  47  27  40
   83  30  78  30  97  87  45  93  34  76  17  39
    1   6  79  24  11  98  77  95  74   6  36  89
   59  96  45  95  98  94  10  84  76  94  61  93
   68  22  26  81  45  76  65  38  39  16  71  65
   73  24  30  10  55  21  38  71  30  54  97  60
   95  37  57  26  83  58  23  46   3  54  36  78
   40  36   3  71  30  91  98  43  80  36
   63  45  44  34  33  81  76  88  31  18  90  53
   98  77  46  10  96  65  50  60  68  31  83  96
   18  32  27  71  99  19  16  84  21  24  92  87
   60  73  79  87  89  97  68  80  20  69   8  82
   51  43  20  80  37  11  17  97  63  74  39  62
   41  21  97 100   5  20  35  33  29  26  97  86
   59   2  20  21  45  45  16  65   4  32  94  64
   72  76  80  46  98  94  42  93  19  87  45  31
   71  35   8  25   5  99  73  96   8  47  92  43
   51  76  24  82  36  61  37  92  66  11  41  82
   17  32  11  61  34  15  40  28  29  23  97  71
  100   3  97  79  57  98  86  66  62  84  37   9
   82   9  57  95  55  48  15  90  65  76  67   6
   36  48  11  90  34  86  39  27  79  95  14  48
   77  72  50  57  57  43  10  68  25   3  17  55
   28  72  70  10  37  69  85  23  29  85  37  67
   95  79  18  97  57  85  13  64  87  33  79  36
   60  71  47  38  94  19  25   2  25  19  24  27
   78   2  88  56  62  72  48  60  70   3  70  41
   95  33  37  41  59  95  24  70  49  42   3  41
   76  88  43  17  35  70  42  79  84  12
   66  63  13  13  77  33  95  71  73  33  82  32
   32  68  68  73  71  60  97  12  35  32  28  18
   33  53  57  95  52  53   9  24  24  94  87  63
   59   6  88  19  40  82  76  71  78  46  26  70
   40  68  17  86  21  55   2  28  92  93  34  24
   15  68  52  60   2  28  34  88  54  22   9  89
   55   3  35   7  29  82  36  33  56  56   6  69
   62  89  67  38  60  64   3  65  54  91  42  20
   16  81  11  20  12  81  47  98 100  74  75  34
   90  38  49  39  59  67  46  20  34  61  36  87
   39  70   8  40   5   8  53   5  31  23  24  41
   28  33  39  10   4  28  68  98  26  25  65  16
   41  93  70  46  56  43  73  65  84  66  43  19
   51  55  12  67  65  69  29  87  50  76  74  39
   42  43  33  97  43   4  36  40  43  78  59   7
    4  59  91  12  99  58  54  23  29  19  93  10
   83  90  35  40  77  59  90  50  46  50  38  75
    3  87  60  40  57  15  46  11  96  83  53  16
   37 100  33  24  23  37  24  84   2   3  97  33
   55  81  75  58  93  30   3  29  15  36  90  90
   23  45  12  15  10  41  71  18   2  99
   41  68  97  40  79  84  41  62  68   7  50  12
   75  42  52   5  39  76   2  44  65  39  86  32
   28  69  33  99  94   4  33  45  51  71  85  85
   47   4  39  28  55  55  58  40  31  37  96  45
    4  65  85  21  63  18  30  19  67   6  28  90
   61  61  86  25   7  28  63   7  27  75  18  76
   62  17  69  10  37  45  75  10  43  79  14   7
   30  23  89  76  14  34  40  63  91  12  63  26
   78  93  56  85  45  59  58  96  74  58  22  16
   35  39  80   2  54  97  38  12  19  39  69  18
   76  44  30  38  53  54  83  71  89  72  38  55
   79  67  91  26  27  96   4   3  14  41  57  71
   83  51  58  90  32   4  26   8  14  78  11  85
   60  36  15  40  12  19  33  96  59  60  99  55
    2  99  50  65  15  26  98  20  28  17  24  53
   23   2  66  60  36  29  45  25  77  55  76  56
   65  38  18  43  61  47  12  22  35  83  49  50
   28  17  48  98  34  27  34  55  93  68  46  39
    2  38  44  28  22  60  37  97  22  83  17  78
   14  89  10  16  11  16  39  51  94  85  98  10
   97  59  39   6  97  90  70  58  20  96
   65  23  18  88  81  93  82   2  17  10   8  49
  100  70  35  75  26  60  85  23  24  96  65  71
    2  50  36  27  36  12  39  85  37  38  89  47
   73  51  33 100  49   3  58  70  63  94  76  22
   10  77  68  29  60  94  82  13  90  94   6  32
   84  16  90  39  93  16  47   5  58  77  99  97
   94  71   2  28  43  83  12  60  77   2  44  74
   79  68  63   8  72  91  57  44  22  25  65  71
   93   5  67   4  78  51  41  64  76  30  77  27
   46  81  62  26  14   8  15  25  49  26  90  52
   97  77  56  91  79   9  10  42  50   8  76  36
   28   6  63  24  69  40  77  19  27  81  99   4
   56  21  32  97  88  23  98  94  64  41  17  55
   36  86  19  61  26  74  52  41  48  24  28  48
   96  16  40  10  91  28  43  29  91  16  98  58
   63  68  71  33  21  20   3  61  23  27  40  88
   30   6  22  11  32  36  41  60  33  21  54  52
   95  17  65  86  55  20  66  23  92  18  40  13
   68   3  30  90  20  49  67  34  25  51  63  86
   24  24  62  33   3  66  60  49  43  91  85  11
   35   8  37  58  44  77  89  32  53  28
    990   976  1013   958   941  1079  1063   961   959   983
