 20 150
  107  55  33  68  51  65  51  95  98  66  87 107
   23 106  89  15  84  16   5  26  90  78  35 103
   57  97  46  65  33  24  68  75  45  71  94  79
   51  40  69  25  15  83 108 115  19  86  21  22
   35  13  11   4  77  78  41  66  51 105  96  86
   20  77 108  61  31  42 107  76  23  16  79  43
   62  25 100 112  43  13  56  61  65  32  93  48
   15  98  93  27 107  86  42  41  32  94   8  27
   12 103  83  80  27  66 112  34  22 106 111 106
   93  38   8  73  38  30  43  45  86  31  25  55
   24  14  13  72  52  48  18  41   3  32  71  99
   46  31  98   6  71  24  54  20  34  38  43  47
   72  61  13  97  71  94
   99  48  91  42  37  26  74  54  62  23  69   8
   92  51  57  99  80  90  95  28  71  55  42  55
   93  98  42  71  50  40 107  18  31  62  16  61
   49  19  79  75  27  36 104  81  97  88  93 102
  105  31  25  84  12  73   5  82 114  94  18  31
   53  46  63  99  32  52  18  49  74  25  62 113
   18 107  42 107  67  14  42  83  82  77  30  15
   78  86  32  99   6 115  15  68  95  40  81  17
   47  79  96  32  38  44  58  79  59 115  16  99
   68 106  24  54  79  91  67  64  58  73  58 101
   90  68  67  58  61  64 100  80   5 106  24  24
   87  99  22  84  19 104  66  69 106  93  74  28
   99  55  54 110  36  96
   83  41   7  46  88  38  78  49  77  49  20  61
   93  47  38  17  58 103  37  25  87  34  58  23
   40  76 105  98  53 102  26  62  56  52  73  22
   81  35  94  79  91  24  58  72  26  85  19  17
   52  27  59  35  82  23 103  30  67 108  79  13
   36  51  75  26  51 106 107  62  34  28  82 110
  102  99  76  95  85 105  79  44  66  14  42  58
   84 110  48  35  28  15  47  51  75  85  89  95
   20  61  76 107  79 105  13 104  62 105  59  57
   68  99  50  57  54  74  52 100  32  93  76  66
   38  70  54  78  30  84  95  34  46  28  85 102
  101  84  53   3  72  97  96  17  95  44  34  81
   36  83  79  23  22  62
   24  71  99  76  23  99  43 113  40  58  94  59
   57 100  22  69  86  19  58   9  53  43  26  21
   74  26  95  49  86  86  56  19  20 113  49  13
   58  62  89  31  57  63 104  50  86  18  74  49
   85  90  30  52  60  62  27  26  98  98  38  33
   61 108  61  39  65  50  57  90  76  51  36 102
   61  92  61  80  74 105 107  59  38  29 104 104
   70  71  44  66  57  72  89  85  48 107  79  88
   51  30  48   4  14  76  27  29   8  77 106  68
   93  77  65  97 101  86  26  25  92   3  32  59
   82  56 110  63 105  14  32  65  34 102  47  75
  101  63 102  89  87  85  66  91  57  82  52  65
   66  29  17  51  46  40
    9   6  73  20  17 115  36  47  60 100 101  21
   43  49  85  17  72  62  71 109  78  19  45  30
   63  35  88  43  55  90  24  84  41  86  44  11
  117  12  79  46 104  77 100  23  98  82  39  33
   98  18  30  55  75  87  78  29  44  84  33  15
   85  31  64  53 100 103  83  33   5  14  52  28
   88  55  79  21  46  61  46 107  90  84  69  43
   65  89  23 113  99 107  35  31  75  42 100  84
   43 106  62  51  91  58  79 114  69  62  47  31
   22 115  94  42  23  93  59  95   5  37  81  64
   72  37  55  91 102  35  42  55  63 108  20  42
   94  71  82  47 100  31  88  34   4  59 108  99
   48  74  25  70  65  77
   73  10  72  56  26  23  88 113  90 102  41  37
  106  97  37  19  90  52  37  21  27  95  34  44
   49  30  38  46  65  69  49 103  66  91  75  78
   74  64  44  98  77   5  25  56  92  48  18 114
   33  40  14  55  85  93  47  49   2  36  24  86
  103  64  89  20  69  58  79  24  50  70  10  78
   16  59  20  69  23 106  98  39  63  60  62  73
   23  75  78  63 107  44  95  67  82  67  52  39
   79  46  93  77  52  78  18  61  50  65  38  30
   44  90  87  76  65  88  96  42  78  97  57  51
   87 110  46  38  98  35  14  83  21  72  66  26
  104  45  79  14  59  98  89  22  13  40 100  15
   97  26  28  51  52  57
   80  42 101  90  31  34  80  60  74  94  92  93
   62  87  53  95  58 107  30  36  34  49  82   8
   57  40 102  21  48  59  26  92  51  57  80 100
   82  43  77  36  13  22  37  12 107  47  45  83
  110  68  93  92  70  48  12  89  70  90  75  68
   91  60  51  85  10  10 108 106  24 106  95  95
   77  26  70  21  36  76 107 105  41  91  70  65
   34  76  91  22  80  59  38 104  74  84  57  80
   71  85  34  46  47  57  76  59  61  72  92  55
   42  22  66  98  76  45  24  90  35 105  29 107
   16  95  14  70 107  19  71  95  26 115  96  55
   45  81  63  60  40  28  89  17  53  53  42  60
   76  16  77  85  69  99
   67  76  33  74  34  61  62  20  61  45  43  62
   79  86  54  48  63  34  32  13  73  79 102  82
   43  86  36 102  96  21  67  29  14  32  68 100
   94  95  82  74  54  94  69  61  53  84  49  69
   37  10  79 101  41  17  46  28  66  64  21  80
   48  79 100  79  78 101  76  94  68  65  55  46
   20  87  94  29  72  23  94  18  36  30 101  44
   96  51  73  62  69  62 105  32  22  42  36  76
   91 108  79  11  44  96  78  26  53  33  37  59
  103 108  94  50  24  62  15  79  10  88 100 104
   80  59 106  31  80  32  73 111  99  61  54  45
   48  91  54  68  38  70  97 103  60  66  25  39
   34  88  20  38  45  91
   91  16  45  53  60  63  42  77  27  58  44 106
   28  82  30 108  97  98  78  64  22  33  57  51
   79  20  36 105  50  99  41  24  96  92  62  45
  102 102  16  92  59  19  45  82 107  28  98  15
   77  52  66  48  13  27  44  17  14  30  55  26
   23  89  88  11  80  25  71  22  10  88 103  83
   40  73 100  17  12  48  82 105  78   6  66  19
   22  61  58  63  22  77  10  45  78  49  63  29
   92  98 111 102 108  26  87  42  37  45  54  67
   55  70  41  94  94  81  78  28  79  58  18  28
   51  85  81  95  45 103  82  33  44  21   5  78
   33  39  47 106  59  21   6  89  83  63  58  59
   94  49  41  71  38  43
   97  64  43  28  26  53  25 104 116  25  63  70
  105  69  27  49  57  90  63  61  98  74  64  80
   27  68  87  40  12  87  96  94  17  64  48  83
   41  38 106  49  28  61  63 104  33  38  34  35
  106  78  43  74  97  16  93 100  49  86  97 101
   72  74  93  52  34  83  68  67  80  36  26  90
  110  56  42  92  53 113  52  19  73 108 111  97
   69 106 100  69  63  68 100  96 112 105  43  17
   49  71  92  79  96  37 103  90 104  36  85  95
   19  87  47  59  73  76  78 109 106  59 110  45
  104  24  42 106  29  11 113 108  34 101  88  42
   28  76 107  49  43  96  81  75  49 109  26  38
   44  12  10  73  26 102
   90  27  61  45  55  39  96 106 106  54 106  16
   34  23  64  86  40  47  46  56  42  93  75  57
  105  44  25  48  67  34  13  14  58  57  77 105
   70  24  22  65  30  14  40  72  67  79  52  20
   47  94  94  96  45  49  95  74  55  95  64  30
   52  72 110   5  69  66 103  87  23  31  40  78
   42  32  81  52 115  32 107  38  52  51  40  64
  110  25  28 100  68  37  83  39  38  88  92  18
   76  77  76  65  83  39  84  37  28  52  71  85
   88  25  65  95  45  59  65  15  27  66 104  28
   49 111  19  87  29  26  76   9  44  51  95  70
   17  93  75  53  40  37   7  43  90  37  45   5
   75  27 104  99  61  96
   96  36  64  77  72  70  94  31  99  32  80  91
   67  27  55  81  10  85  18  91  60  16  94  82
   60  56  53  38  17  22  43  22 113  89  97  52
  100  91  90  58  30  69  55  96 104  72  88  43
   55  68  78  79  31  90  76  75  71  15  51  89
   19  98  84  71  49  59  54  33  51  50  19  55
   73  74  77  25  74  80 112  68  99  98  99  78
   18 102  14  15  57  88  53  88 101  37  63  61
   66  43 108  32  48  66  91  73  14  25  59   8
   59  69  60  27  68  95  54  57  98  51  64  49
    4  60  34 104  75  58  92  75  85  25  33  34
   33 118  62  43  16  59  55  50  26  21  44  67
  101  56  36  46  42  37
   95  62   8  19  25  90  82  37  58  42  39  23
   48  57  51  24  56  26  71  10  53  94  21  53
   48  20  80  73  66  94 101  38  30  19 104  27
   84 107  45  71  79  65  53  41  51  82  99  83
   27  59  68  90  81  49  37  69  71  78  79  43
   41  73 104  95  43  22  46  89  44  48  13  77
   60  86  32   4 109 115  27  77  88 107  98  30
   53  46  57  32  46  85  12  60  96  22   7  44
   41  72 106  19 108  51  22  82 104 103  31  39
  111  79  89  16  27  16  19  62  75  86  74  69
   98 101  70  57  58  20  99  30  27  31  26  66
   67  60  49  21 101  60  25  58  62  91  44  67
   67 100  98  35  69  14
   28  47 108 107  78  52  45  51  94  37  83  69
   96  54  17  81  23  54  21  65  89 105  72  87
   12   8  60  21  47  35  32  75  76  18  57  28
  111  90  49  79  50  28  66 104  65 110  97  64
  100  49  99  39  82  22  25  40  54  80  22  22
  100  75  20  20  51  67  41  53 107  89 100  69
   15 104  15  21  35 109  70  96  60  86  63  97
   44  29   7  79  58  43  82 101  81  88  59  81
   83  86  23  83  79  93  80  93  79  54  12  35
   18  56  59  13  33  34  37  17  88  97  16  84
  101  42  22  19  77  25  16  96  65  76  62  92
   76  50  33  92  57  64  98 101  26  57  64  53
   31  78 101  33  62  51
   46  88 106  92 105  72  90  60  66  81  38 101
   83  17  39  28  62  76  50 115  18  25  57  66
  104  45  77  22  19  55  20  40  88  60  90  24
   35  37  34  18  86  59  53  76  28  77  40  17
  110  85  45  34  91  95  95  72  99  47  61  58
   35  47  11  69  72  73  47  33  63  37  30  34
   37 102  24 109  52  93  15  99  43  54  51  41
   16  70  75  61  86  52  18  26  60  62  61  37
   23  47  88 107  69  12  55  57  60  52 103  51
   36  82  36  46  41 102  97  68  30  69  88  99
   45  62  58  94  59  19  65  75  99  20 107  93
   78  76  82  74  36  24 104  85  22  64  15  25
   30  48  39  20  59  25
   41  88  14  48  23  71  50  75  48  90  27  40
   30  35  33  16 101  80  41  29  72  48  27  55
  111  54  37  53  97  40  61  92  92  27  12 108
  102  89  26  95  16  44  86  41  22 106  53 107
   76  23  69  65  31  77 100 101  55  70  42  32
   27  52  80  21  90  68  55  82  94  99  96  45
  103  30  38  30  93  79  67  60  97  18  99  57
   49  17  92  28  19 106  95  43  66  21  20  21
   15  49  77  93  16  40  74  83  92  60  47  11
   44  61  61  33  27  76 100  67  47  44  35  37
   84  58  80  27  35  16  64  55  64  61  47  65
   65  21  43  20  82  74  65  12  56  90  48  33
   97  54  24 101  23  29
   74  46  86  71  13 110  29  90  37  16  36  55
   54  45  35  27  29 105  44  30  62  18  67  46
   24 114  68  64  23  84  22  20  98  93  25  15
   59  89  75 105 105  42  73 103  76 108  64  74
   23  49  47 106  77  21  65  84  96  33  41  44
   23  85  11  43  63 102  30  32  36  23  36  48
   52  92  69 107  77  24  74 104  37 110  89  69
   89   9  99  11  84  16  66 109  51 108  23  31
   28  67  48  45  41  45  39  58  93   5 111  53
   39  47  34  61  51  29 103  21  43  91  82  69
    9  95  94  29  70 108  72  68  73   6  94  24
   37  95  16   9  90  72  92  83  61  17  37  12
   47  76  38  53  57  70
   36   8  16  90  67 107  30  30  12  99  15  72
   33  93  29  21 101  60  15  57  36 106  81 108
   82  28  41  39  83  83  75  99  16  42  37  55
   76  42  55  92  37  37 115  75  18  73  44  50
   37  61  82  47  35 106  45  85  45  24  64  74
   27  30  89  55  28  71  94  40  97  64  75  45
   44  23  36  61  20  90  28  44  99  37  56  34
  109  26  39  77  82  69  94  29  32  43 110  62
   95  74 107  77  19  54  26  38  81  57  69  42
   10  25  17  77  91  47  55  10   8  43  64  14
   45  25  84  55  87 104  54  34  68  30  34  78
   26  72  61  62  92 102  94  31  91  20  85  81
   20 111  50 104  55  19
  100  32  90  74  73  87  72  31  13  36  64  60
   31 112  31  53  42  19  92  28  78  70  80  22
   61  27  53  73  44  67  74  62  23  13  22  52
   32  88  55  14  49  72  62  48  56  90 111  69
   25  43  46  64  54  25  52  79  76  75  41  39
   43 103  31  29  59  73  27  60  11  64  86  70
   67  74 101  53  45  83  83  23  87  52  94  76
  103  72  27  25  22  77  13 102  22  75  91  62
   43  26  51  42  63  51 112  28  66  39  67  56
  115  53  51  91  68  25  27  60  90 105  91  99
   36  28  54  27  82  76 102 105  95  28  84  42
   71  99  21  26 100  38  30  82  83  24  44  84
   66  68  91 104  68  18
   73  96  46  86 108  49 103  55  91  43  10  59
   65  35  84  87  57  17 106  40  32 109  76  41
   69  93  53  29  94  23  30  13  68  12  57  25
  100 101  49  48  42  12  37  72  79  75  83 107
  105  74 101  55  37 101  26  78  17  64  13  41
   14  50  68  47  75   6  62  36  95  39 101  65
   35  46  20  30  46  47  11  81   8  15 101  79
   96  54  45  71 106   4  75  17  73 101  32 106
   88  25  83  54  32  93  50  26  91  74 100  56
   42  97  26  50  51  26  49  75 102  98  22  57
   16 100  48  57  28 106  10 108  81  21  26  45
   81  14  54  13  40  82 102  44  20  94  15  91
   13  18  32  79  28 101
   13  58  87  47  60  48  64  22   5  42  33   7
   93  12  26  88  31  97 100  90  12  38  76   8
   62  17  72  41  80  90  43  40  64  33  20  38
   58  71  45  87  87  22   9   3  93  27  90  92
   76  96  92  98  27  41  78  36  67  13  15  28
   87  40   1  43  84  67  12  35  95  89  37  77
   43  95  11   4  63  97  58  43  50  75  26  59
   91  11  26  85   4  25  67  66  72  17  94  90
   90   2  30  31  90  46   7  84  88   6   5   2
   19  66  95  34  68  76  70  64  21  88  85  47
   88  94  95  47  53  63  92  73  99  79  42  19
   59  81  22  99  42  94  59  88  77  75  70  56
   48  42  91   7  33  17
    9  72  14  78  78  93  36  54  51  87  42  96
   25  53  63  12  36  25  12  83  45  57  70  61
   26  18  76  49  53  68  11  90  87  55  87  58
   66  98  39  40  89  77   4  27   6  18  14   3
    4  79  84  27  94  46  98  26   5   9  94  79
   59  57  56   9  71  65  99  62  30  79  56   5
   85   4  68   4  40  91  70  20  32  30  76  87
   25  28  71  13  96   5  96  49  24  74  38  95
   71  40  11  77  79  71  50  35  51   3  98  14
   38  12  92  49  31  12  47  54  46  40  51   9
   13  40  45  45  58  56  16  38  98  14  82  89
   27  12  80  18  95  10  54  42  11  13  41  76
   13  61  59  10  71  18
   23  79  99  56  32  67  31  56  30  54  83  57
   22  67  74  92  49   8  77  85  24  80  55  85
   71  38   2   4  63  12  77  55  56  56  44  91
   30  80   9  40  25  90  56  42  79  24  86  91
   67  86  54  67  34  92   9  77  37   2  24  91
   80  55  42  82  54  13  12  58  71  92  20   5
    5   9  34  23  26   6  38  60  40  97  69  58
   28   7  59  79  77  99  64  53  27  26  13   8
   98  53  31  11  38   9  92   7  51  12  46  52
   42  17  58  55  49  44  51  12  85  26  36  45
   73  35  55  40  81  28  17  85  67  83  32   5
    8  33  56 100  42   6  22  86   7  62  78  30
   73  33  29  84  87  55
   89  41  21  38  80   9  76   3  68  58  18  58
   59  16  81  49  19  92  59  97  61  68  84  90
   36  84  22  65  19  23  53  99  94   2  62  98
   46  58  31  79  45  40  15  62  34  86  41  58
   18  24  90  51  51  46  86  93  22   7  80  86
   45   3  44  72  44  67  52  19  41  51  73   9
   47  15  53  26  43  14   8  44  73  85   7  14
   32  41  62  49  46  45  17  17  68  12  29  23
   61  86  63  98  88  34  76  90  97  30   6  47
   11  43  54   8  10  25  81  84  27 100  87  56
   30  49   5  54  11  98  80  48  71   8  69  34
   12  57  16  22  21  35  47  26  59  24  54  45
   49  91  86  60  59  74
   99  98  38  85  85   2  72  56  57  10  12  87
   68  63  30  96  47  40  49   6  42  92  72  80
   48  83  26  68  56  28  95  32  79  25  60  93
    1  98  37  65   2  37  10  92   6  25  74  85
   15  85  72  64  43  17  28  88  59  27  87 100
   23  75  55  60  19   7  34  82  98  92  57  76
   16  62  32  81  62  49  73   6  12  21  43  62
   48  21  85   7  12   2  68  76  30  68  16  27
   59  13  49  68  22  48  25   6  41  53  69  73
   80   4  18  74  80  14  52  16  99  70  37  51
   46  74  61  13  18  75  67  50  43   8 100  69
   13  34  34  71  20  75  16  84 100  54   1   7
   64  30  92  44  40  34
   31  96  39  54  94  97  32   5  30   1  70  75
   12   5  68  99  13  51  79  99  89  11  84  70
   70  77  80  70  44  48  70  11  46  15  44  37
   45  51  71  21  34  99  89  47  15  58  87   2
   85  71  93  56  29  13  68  58 100  74  83  19
   16  56  18  98  35  53  40  95  57  40  95  34
   98  59  97  49  88  12  11  77  51  43  43  44
   96  29  29  48   8  62  18  51  25  45  64  65
   36  73  14  41  66  24  89  53  58  41  79  89
   67  27  27  38  46  28  14  75  31  21  52  51
   29   3  69  78   9  75  94  23  85  37  52  84
    8  64  39  91  49   5  22  81  89  62  19  95
    7  84  90  59  65  50
   28  72   5  13  81  80  35  51  40  17  19  15
   53  23  64  20  50   4  83  72  80  71  24  99
   53  78  12  86  67  54  83  20  59  49  30  19
   32  63  29  77  96  91  82  99  10  57  59  36
    8  48  27  24  49  58  91  22  49  24  38  51
   17  58  59  29  94  92   5   9  93  12   9  17
   33  91  34  88  77  38   5   9  70  25  46  48
   79  26  24  96  27  60  78  10  29  25  63  36
   37  34  82  62  69  55  31  47  54  46  28  61
   60  97  54  19  44  63  96  25  77   3  74   4
   90  16  88  40  10  84  49  19  92   3  19  58
   65  23  49  50  63  85  18  95  64  63  65  46
   32  93  32  35  46  19
   41  38  78  42  82  53  42  96  57  64  75  51
   39  20  50  62  45  85  79 100  29  32   2  34
   61  22  68  17  24  98  36  77  92  72  47   5
   24   8  23  37  49  12  48  49  56  23  59  36
   75  95  33   9  74  89  70  74  39  56  89  25
   64  27   8  30  39   3  35  15  36  37  54  59
   99  26  16  74  30  95  19  97  75  90   4  76
   15  59  38  58  48  42   2  73  85  61  78  31
   29   5  39  96  66  15  34  85  55  78  74  51
   11  10  25  69  93  42  91  27  97  14   4   8
   38  54   6  85  37  74  46   5  12  50  59  71
   64  15  59  40  65  43  23   4  45  39  78  75
   77  25  93  82  72  28
   14  93  67  55  49  46  78  40  78  60  62   5
   89  33  84  10  16  21  34  42  80  77  51  54
   29  87  72   2  70  12  62  78  14  14  57  57
    2   9  94  28  54  92  58  28   3  83  13  89
   27  59  39  69  95  90  73  89  99  86  48  78
   93  25  24  98  29  91  31  93  96  22   3  22
   62  31  19  94 100  58  37  11  38  99  36  99
   87  50  47  54  86  37  96  69  33  57  41  82
   27  19   6   5   3  76  20  66  69  66  59  47
   50  47  75  18  16  36  42  77  24  48  87  88
   56  30  33  19  59   1  30  72  75  87  98  34
   84  65  64   2  44  90  96  27  19  43  44  51
   26  60  76  43  69  76
    5  47  72  78  85  63  86   7   4  92  48  37
   10  41  76  67  60  19  39  42   7  28  42  40
   83  46  19  64  90  20  11  24  87  48  63  28
   75  68  10  68  87  50  54  10  78  75  69  77
    6  32  73  41  22  96  25   8  62  27   8   4
   31  42  15  68  85  20  45  36  31  73  79  25
    3  49  78  26  54   7  62  90  47   9   4  17
   34  10  11  37  53  42  19   6   8   5  75  85
   60  48  27  39  15  65   8  12   9  77  31  21
   98  21  66  44  45  35  40   7   5  51  10  65
   16  78  64   4  83  91   2  10  72  19  20  73
   87  29   6  65  68  20  22  31  71   4  92  74
   61  97  92  45  94   9
   30  84  50  64  51  67  21   3   3  59   9  92
   84  81  46  34  74  69  66  55  66   9  36  59
   11  75  95  54  47  69  95  90  45  54  33   5
   42  95  92  51  78  96  80  42  35  36  64  82
   73   9   8  13  71  57  12  40  61  15  48  81
   65  39   1  97  37  52   2  29  94  77  65  40
   61  76  33  50   4  84   4  73  63  54  74  55
    3  87  77  14  35  73  21  72  66  30  19  97
   33  34  35  42  37  69  20  74  83  53  45  23
   20  80  44  10  74  61  45  89  88  54  16  85
   61   7  92  29  80  94  27  96  65  54  14  48
   99  24  36  58  72  81  97  65  14  78  65  97
   35  82   1  18  59  11
    8  78  56  27  39  46  12  83   3  84  32  11
   45  81  55  22  95  26  92  29  46  95  20  23
   48  47  57  70  92  98  63  90   1  20  22  51
   13  24  24  53  72  45  62  17  15  36  15  70
   58  50  32  39  85  28  28  29  35  90  63  19
   86  20  35  44  53  51  65  85  61  60  85  58
   44  45  26  95  28  24   4  42  18  13  11  34
   85  18  97  94  60  23  65  15  11  74  49  44
   37  71  10  78  57  53  19  46  92  84  46  95
   57  44  48  83  46  14  53  62  21  64  52  67
   98  42  85   6  38  59  28  39  28  78  79  78
   75   2  50  66  89  59  48  64  76  93  68  44
   18  51  81  71  65  65
   21  50  96  84  92  12  27  69  54  62  69  94
   64  59  52  92  53  91  42  92  58  14  82  59
   65  87  33  37  43  19   7  75  80  92   6  79
   27  12  59  37  27  37  62  62  60  20  11  31
   76  44  44  17  34  59  75  34  39  25  36  67
   79  40   7  16  66  84  61  27  67  58  99  34
   49  16  85  98  11   5  87  40  22   5  14  78
   63  60  48  71  58  25  91  51  17  93  95  60
   69  43   6  93   7  67  89  29  13  16  82  71
    8  32  25  87  82  90  91  42  36  32  41  39
   14   4  41  54  46  98  16  77  84  85  79  46
   37  56  70  86  10  54  95  47  44  19  63  40
   49  19  22  76  46  91
   83  67   9   2  37  52  68  53  17  82  28  43
   13  50  97  34  79  57  98  42  24   9  48  29
   95  94  47  88  70  81  70  32  43  99  51  77
    8  28  70  38  53  83  44   8  43   9   8  48
   10  58   9  78  37  88  91  63  50  40  85  95
    3  33  88  89  65  48  63  65   9  15  16  36
   97   3  88  97  74   6  44  15  45  31  57   8
   72  84  96  40  57  60  20  10  29  29  52  31
   36  22  80  26  25  23  40   9  38  51  96  76
   92  53  43  96  72  85  77  89  16   8  98  22
    2  65  86  92  36  79  95  18  41  34  40  19
   43  64  78  15  58  40   6   4  82  59  40  52
   76  33   8  85  54  68
   61  18   2  27  11  33  25  51  40  32  81   9
   21 100  75  86  51  36  58   3  89  83  59  39
    1  73  32  83  83  60  84  64  14  56  19  90
   83  74  72  86  32  60  50  30  87  35  64  91
    8  27  72  71  11  16  14  35  15  64  48  52
   79  59  91  34  39  45  56  73  40  69  84  75
   82   9  89   3  52  18  92   9  63  58  59  74
   92  42  35  49  16  65  87  86  51  46  43  80
   88  64  18   4  36  96  65  48  47  56   6  56
   69  29  66  65  72   9  22  40  90  41  27  12
   59  55  55  17  52 100  41  32  20  91   9  13
   25  37  20  34  81  82   2  21  93  47  90  93
   88  58  67  99  59  93
   79  23  95  67  93  43  58  27  66  24  84  75
   85  71  70  89   6  29  72  75  31  63  92  57
    8  50  65  63   7  67  46  14  13  76  96   9
   14  13  77  18  86  74  28  62  84   7  62   9
   26  90  49  51  78  33   5   4  53  49  78  81
   83  55  38  96  20  51  61  37  14  13  21  61
    6  77  72  79  14  27  41  48  19  84  13  50
   55  94  17  87  95  12  15  66  39  89  91  86
   98  70  37  25  91  67  37  30  22  55  64 100
   70  57  56  81  83  35  13  46  59  71  76  83
   34  60  25  91  71  96  54  56  49  57  71  46
   46  97  76  96  33  31  53  97  53  21  55  82
   19  65  95  12  89  87
   40  67  16  48  90   9  74  21  68 100  73  54
   56  72  76  89  81  10  59  88  52  86  44  72
   92   3  43  56  85  27  91  91   4  27  87  99
   52  13  28  14   6  70  45   8  41   2  49  44
   81  62  59   5  30  94  46  31   7  71  64  59
   88  29  96  61  44   8  83  77  75  86  70  61
   50  22  33  10  42  87  28   3  68   7  19  42
   28  93  21  91  36  91  36   7  65   8  90  80
   80  51  72  73  77  72  68  58  19  97   5  51
   75  70  79  56  59  84   3  93  63  27  35  46
   99   8  24  91  35   6  41  41  30 100  19  78
   74  13  90  93  30  39  27  26  58  93  70  97
   70  40  78  50  52  35
   78  97  91  30  49   2  85  77  97   8  96  37
   73  27  76  92   2  44  96  48  72   1  36   9
   24  87  64  70  33  29  36   8 100  71  73  61
   41  71  55  26  70  81   2  35  88  41  69  52
   75  59  30  55  69   5  63  28  61  95  42  41
   79  81  21  48  77  37  24  65  20  44  31  62
   74  82  67  50  93  17  85  70   8  83  63  76
    8  79  79  27  36  47   9  73  71  64   9  41
   19  30   5  25  96  55  76  72  22  45  51  69
   99  90  85  34  11  55  56  96  99  61  44  94
   58  79  27  51  18  13  61  72  36  88  75  28
   81  41  51  42  22   6  17  78  16  97  31  29
   95   9  70   4  55  86
    4  75  23  39  34  24  40  78  99  84  49  55
   79   4  86  65  73  88  26  83  41  39  23  95
   42  86  50  39  68  35  31  41  89  92  84  52
   80  15  56  89  66  37  58  69  57  16   9  47
   86  64  65  53  48  91  66  32  33  36  66  79
   67  10  72  79  51  29  84  42  93  56  34  41
   53  35  14  49  72  30  25  81  17  62   9  26
   14  47  86  85  86  33  93  12  93  39  22  49
   69  88  54  63  55  52   3  85  41  81  46  49
    5  49  65  25  43  84  86  58  16  10  13  11
   79  81  62  92  27  26  11   4  23  75  23  69
   43   8  93  79  11  82  83  24  34  80  60  30
   45  37  28   4  35  84
   45  13  66  32   9  65  11  55  24  62  92  48
   51  74  26  17  52  88  13  80  73   5  41  62
   35  15  62  73  18  94  83  99  51  91  54  94
    4   9  53  62  63  96  79  45  31  39  34  13
    8  38  10  50  77   7  81  42  99  50  91  64
   96  61  36  69  35  97  52  71  22  79  11  40
   85  70  95  81  65  68  98  30 100  89   4  33
   16  59  73  41  10 100  37  94  41  16  82   7
   19  80  35  60  86  27  54  85  13  33  14  53
   76  11  94  63  55  90  69  27  13  13  88  57
   86  13  72  59  75   8  96  12  26  87  76  59
   22  98  59  96  70  33   9  61  89  15  95  14
   95  90  78  31  92  15
    334   291   283   292   298   319   290   293   314   260   312   304
    308   303   309   328   320   315   304   322
