 20 400
  113  56  49  21  71  48 109 108  95  30  80 102
    7  21  36  35  79  16   5  86  24  32  43  47
   52  37  57  63 117  68 109  61  39  49  41  63
   47  46 106  35 104   3  53  97  22  96  88   9
   94  99  69  44  75  84 102 101  81  73  21  85
   35 104  77   6  69  33  20  59  48  47  96  83
   70  39  94  32  77  91  82  69  81  26  33  52
   29  37  95  99  89  76  58  31  77  86  94  28
   27 111  92 101  45 102  16  35  57  26  55  19
   85  59  71  82  86  98  44  22  93 101  75  37
   37  12  95  73  79  88  16  89  71  71  83  37
   32  52  59  46  82  64  38  82  98  54  53   4
   13 104  70  98  26  57  39  78  27   3 102  77
   71  26  37  69 107 115 103  97 100  65  29  19
   92  43  54  75  49  31  26  51  38  29  94  13
   54  34  85 116  25  53  62  55   8  71  60  45
   95  49  56  90  42  79  76 109  10  82 106  86
   88  26  45  68  68  12  66  77  33  88  51  96
   64  50   6  17  98  80  16  79  77  57  89  65
   31  30  63 101  93  52  26  84  27  11  70  50
   44  23  53  37  71  76  52  36  76  94  36  11
   34  69 107  51  77  81  71  33  76 107  45  54
   85  90 115  41  40  20  55  60  28  84 102  86
   45  49  67  73  17  94  82  67  90  31  47  60
   54  70  48 103  50  30  17  64 109  87  86  25
   19  30  97  56  40  80  99  70  44  44  51 109
  109  53  14  93  39  98  73  63  33  65 107  27
   65  70  98  12  88  24  62  43  54  55  98  58
   25  16  93  21  59  34  83 104  78  74  14  22
  108  29  45  23  33  51  76  29  74  64 103  57
  101  27  53  29  56  68  89  24  24  95  68  48
   84  36  99  37 103  25  31  61  54  73  36  37
   20  35  61  22  68  66  34  79  53  79  44   9
   61 105  91 115
   63  89  63  26  47  12  71  45 102  84 103  76
  105  45  16  26 101  77  50  35  65  33  77 110
   89  82  33  67  92  41  61  13  36  76  83  16
   93  44   8  59  36  98  36  64 113  63  84  74
   21  21  87  90  87  87  94  78  27  79  53  25
   41  48  50   9  12  56  53  42  50  30  35  97
   95  99  68  84  51  59  66  74 113 105  59  21
   34  48  92  52  92  76  87 106  81  19  31  88
   32  23  62 101  90  77  32  24  20  98  65  38
   41  58  79  57  20  83  70  26  78  42 106  60
   63  29  40  91 103  93  98  81  37  30  73  37
   44 106  73  30  73  27  96 101  62  25  77  66
   83  30  67  83  14  69  53  50  64  90  59  95
   21  56 110  99  88 111  74  84  99  24  54  85
   75  43  44  56   5 101  40  53  83  97  37  53
   47  36  30  36  54  16  11  96   5  32  46  10
   27  44  30 100  34  33  95  17  88  99  60  98
   97 111  20  29  22  40  47  55  72  46  93  81
   75  94 100  58  84  25  57  40  94  78  90  70
   75  56  10  54  73  87  46  10  13  21  18  21
   80  14  44  47 101  25  58  78  89  47  74  79
   53  38  63 102  35  88  78  88 115  98  54  46
   51  44  70  85  62  73  85  94  80 108  52  28
  106  72  61 113  38  62  20  54  81 113  98  63
   25  49   3  17  26  82   7  22  85  23  78  87
   37  71  23  64  83  44  98  75  96  16  80  78
   42  95  84  63  81  20  42  33  70  74  88  90
   20  75  40  92  15 115  58  95  12  19  64  74
   50  10  89  90  83  56  89  40  82  83  72  67
   64  78  66  58  50  58 102  32 105  38  35  42
  102  39  95  46  31  23   8  57 102  59  73  32
   41 100  67 106 101  15  50  83 103  11  72  70
  103  54  91  77  74  55  46  45  70  84  38  59
   54  23 109  40
   29  98  50  43  80  83  83  85 105  13  32  83
   10  35  42 107 102 106  62  63  74  23  49  57
   60  81  97  57 104   9 110 109  83 103  93  53
   27  34  90  36  79 105 105  92  32  24  94  61
   88  38   7 114  48  17  68 105  76  67  17  55
   67  90 100 108  70  57 107  21  78  48  72  41
   53  41  62  97 110  79  99  70  32  95  91  26
   98  59  78  38  72 104  56  39  89  89  46  61
   78  13  34  89  97  93  62  55 100  18 100  80
   52  25  43  47  44 114  95  94  87  36  29  62
   36  28  20  50  75  12  76  57  65  88 105  16
   87  58 105  47  76 108 100  60  78  24  35  64
   60 110  39  26  80 110  67  89   6  56 100  70
   66  23  39  27  18  20  87  85  71  23  52  69
   72 112  59 101  11  46  24  69  71  39  16  39
   38  73  23  33  90  24  81  21  87 106  80  80
   76  60 110  97  54  75  48  71  60  83  74  80
   94  76  58  35  34  18  87  34  64  26  61  81
   27  67  77  97  40  52  33  91  50 106  22  70
   77  84  43  25  76  37  45  59 111  19  85  72
   38  79  92  91  84  36  93  65 104  21  68  10
   48  24  43 106  73  97  70   8  44  51  65  59
   14  11  50  60  88  41  36  13  39  80  88  73
   20  68  87  57  81  21  51  70  36  45  60 102
   39  85 100 108  97  45  82  85  62  56 106  62
   64  25  94  62 106  99  92  20  92  29  90 106
   29  83  26  85  27  46  29 104 100  68  49 115
   24  31  22  94  40  74  94  28  44  42  52  98
   19  28  84 111  90  85  50  84  19  46  70  51
   42  31 101   6  32  21  75  68  62  33  16  99
   55  19 109  96  51  95  95  48  27  66  80  70
   72  40  96 104  25  59 101  93  68 102  23  36
   24  56  93  47  39  99  47 108  65  22  52  32
  109  69  34  22
   44  94  66  21  39  22  39 118  78  84 103  35
   87  27   4  89  52  86  99  37  12 114  89  68
   26  81  12  68  96  73  23  30  46  74  65  11
  118  76 104  28  26  84  67  24  77  52  69  77
   17  35  32  25 110  75 105  14  38  61  50  73
   66 109  96  28  74  67  87  47  33  50  40  92
   11  84  44  21  66  15  86  59  58  96  51  90
   23  19  61  95  54  51  76  88  25  99  63  52
   93  31  25 111  19  89  85  34  83  63  84  11
   15  65  58  12 106  88 111  37  44  94 100 109
   58  90  45  80  69  53   7  71  53  27  46  73
   72  87  67  84   9  83  44  81  57  74  67  68
   28  52  85  52  75  71  43  29  62  60  48  37
   80 118  87  84  20  35  48  75 111  54  25  18
   36   3  54  15  91  89  96  46  71  50  83  23
   48  84  16  70  69  19  58  77  90  67  11  66
   40  16  82  62  15  38  62  51  13  21  65  20
   99  23  88 100 103  59  62  29  46  77  58  89
   91  48  66  70  83  49  17  32  82  30  43  42
  100  11  42  20   5  79  53  78  14  84  86  85
   70  41  92  80  63  26  74  40  13 105  65 101
   90  55  31  55  57  74  20  16  65  41  65  96
   62  39  89  77  34  85  11  17  21  57  85  79
   37  58   8  38  64  54  91  94  92  34  92  52
   67  73  67  71  26 100  96  80  33  78  86  20
   39  55  85  68  25  83  94  92  49 101  98  39
   10  55  54  14  88  75   8  77  44 105  77  93
   81  19  18  44  81  78  95  93  46 102  35  56
   26  84 112   5  92  70  71  78  20  85  26  66
   94  12  35  67  54  51  24  66  29  25  73  22
   39  60  94  82  71  41  99  35  73  18  93  41
   88  72  47 108  20 106  80  18  10  50  81  57
   43  69  96 114  84  31  22  68  90  40  88  73
   14  96 103  23
   53  29  53  35  49  48  91  30  48  71  43  22
   42  18  74  55  54  13 100  32  89  72  96  55
   19 109  28  33 106  53 102 105  77  86  33  77
   64  63  93  31 103  15  88  27  20  86  56  61
   40  74  25  34  37  20  44  97 101  71  60  38
   96  18  85  45  21  79 113 100 102  35  96  58
   19  68  26  98   9  67  57  82  71  60  41  70
   60  58 106  63 104  99 107  49  18  78  69  25
  100 107  76  29  52  12  92  68  32  45  19  18
   49  23 104  87  66  88  29  83  47  33  76  28
   82  30  50 109  74  98  66  55 109  65  99  85
   16  78  10  88  96  46  63 104 107 104  27  53
   98  75  48  14  99  32 102  59 105  24  82  41
   71 108  83  90  63  92  62  49  19  81 116  74
   84   4  20 103  89  78  75 106  21  19  95 102
   23  83  93  72 112  52  50  25  92  93  71  23
   34 101  24  24  25  90  84  37  15  39  68  37
  117 111  39 102  69  54  53  73   5  89  81  57
   37  96  66  44  26  40  59  63  58  73  67  51
   41  70  63  48  57  46  70  47  59  51  48  34
   99  80  78  87  64  84  91  68  72  73  75  79
   12  76  74  82  91  64  87  93  87  70  79 100
   69  45  42  93  36  82  50  91  83 112  53  67
  109  30  37  35  33  79  75  72  35  71  12  93
   85  70  27  72  52  74  66 103 102  51 105  81
   54  74  37  66  38  51  37  36 103 116  85  29
   75  69   7   8  82  88  35  50  97 106 101  11
   38  14  48  13  75  61  77  69  16  53  77  52
   35  49  47  73  73  88  28  45  53  24  86  85
   57  15  38  62  61  74  57  69  51  91  22  39
   62  13  21 101  90  26  78  39  13  85   6  64
   20  94  73  53  21  76  77   8  65  82  67 102
   50  89  68  91  75  55  51  54  34 103  94  19
   18  21  53 100
   99 112  83  37  76  56  72  32  96  89 100  67
   19 112  59  75  74  72 113  27  64 101  44  63
   45  54  68 106  38  69  43  58  67 105  45  61
   83  73  11  51  85 103  21  98  57  43  79  87
   52  60  34  36  95  80  96  80  85  15  53  89
   50  18  87  40  52  43  66  19  70  78 113  41
   19  90  36  40  16  21 110  36  29  33   9  54
   34  90  34  64   5  79  96 104  78  45  34 102
   57  26  55  74  88  97  40  90 103  10  56  32
   67  90  52  32  28  28  85  20  31  34  73 104
   64  80  27 108  58  38  79  77  87  69  61  31
   12  17  27  94  61  73  47  15  66  59  62  83
   56  61  94  95  60  63  73  94  31  35  94  27
   81  43 104  55  66  26  95  67  95  22  14  61
   95  99  38  52  68  93  80  65  35  30  64  21
   78  43  35  61  45  62 107 117 100  29 105   9
   79  78  25  24  75  61 102  83  32 105  41  83
   43  59  26 106  87  88  43  22  36  77  54  61
   93  77  16  26  54  97  45  67  69  97  77  65
   60  39  87  53  55  27  21  71  47  24  36  81
   80  55  42  75 108  15  91  22 100  17  67  90
   14  98  37 105  20  65  82  92  50 101  33  79
   86  81  90  18  35  53  90  80  55  44  28  25
   33  40  65  38  67  14  71  92  52  19  44  32
   35  32  70 104  54  37  51  38  50  84  95  22
   79  34  29  32  16  74 108 109  96 101  15  79
  101  69  94  36   6  22  63  39  59  97  70  25
   27  11 105  55  32  72  85  27  34  51  90 110
   68  80  18  75  39 104  59  77  42  19  30  99
   66  75  75  38  75  98  47 112  85 108  75  24
   54  42  52  35  53  35  32 108  35  80  20  78
   31  95  77  22  57  58  62  25  69  48  78 100
  107  51  95  92  41  79  76  17  42  48  80  45
  110 107  54  54
   11  18  75  46  48  62  20   9  59  44 104   4
   17  82  25  30  72  86  99 106  25  83  73  10
   41  11  35 107  12  91  41  80  83  93 105  19
   79 102  72 104  58 105  22  29  99  69  27  75
   12  83  27  36  23 108  62  90  36  97  59  28
   69  68  53  30 109  86  94  61 105  12  42  52
   73 100  42  27 101  44  16  73  56  79 107  82
   91  89  71  95  31  53  13  97  38  35  41  36
   74  43  50  49  44 103  53  33  92  80  74  70
   43  65  73  30  74 104  52  18  31  62  59  84
   31  89  63  27  89  25  66  39  46  93  86  54
   66  77  62  14  80  92 110  31  75  52  37  86
   68  87 109  80 113  88  87  44  83  90  63  53
   24 100  70  26  29  85 108  49  54  93  36  53
   25  65  82  66  99  98  51  49  90  95  32  78
   37  82  17  95  76  68  43  28  94  95  33  38
  106  67  32  69  78  87  49  56 110  49  79  83
   86  87  94  38  40  58  51  49  57  45  90  83
   31  88  13  63  18  72  95  97  30  86  28  27
   58  38  25  27  22  70  11 100  34  96  28  95
  104  41  93  81  89  53  65  28  75  81  83 112
   29  28 100  12 100  72  63  75 107  24  46   9
   27  16 109  28  98  61  93 108  52  57  34  33
   70 106 105  16  17 113  47  33  66  78  27  19
   24  74  91  87  82  64  50  24  30  97  45  20
   76  44  50  18  66  70  83  93  53  83  70  88
   57  93 114 111  42   6  34 106  30  57  44  17
   17  36 100  76  97  79  51  50  60  60  59  28
   34  31  51 100  36  21 119  71  46  90  95 106
   15 105  66  16  42  52  29  57  31  39  74  69
   33  92 114  73  29  87  82  62  21  65  68  43
   74  78  95  64  68  53  80  70  18  75  82  69
   44 105  40  60  38  69  97  65  85  85  48  61
   18  26  61  62
   43  45  58 105  87  87  19  29  31  43 100  64
   53  57  33  30 110  97 105  24   7 112  23  73
   56  53  80  18  84  53  65  33  52  95  41  54
   49  90  20  28  29  16  34  50 112  78  18  84
   70  53  14  85  19  14  34  25 104  22  27  46
   34  37 105 105  93  50  64  60  56 115  43  58
   85  81 109  58  21  37  19  46  58  32  71  38
   97  79  83  11  77  53  75  42  37  35  44  58
   61  29  63  92  34  30  55  82  31  79  43  38
   72 107  42  58  84  57  33  31  66  82  91  84
   84  70  76 110  57  42  90  85  99  76  74  98
   58 110  42  52  56  15   8  36  30  45  53  73
   80  52  33  33  23  16  46  27  54  93  68  64
   53  90  44  90  83  94  52  27  91  47  27  28
  109  49  40  20  34  58  38  53  55  39  26  71
   27  33 112  33  96  87  85  68 104  14  74  84
   80  28  31  43  93  33  77  29  81  84  57  19
   84 102  39  52  37  62  30  31  59   6  97  40
    6  36  64  87  73  61  84  87  62 115  48  80
   63  21  96  69   2  46  11  18  39  69  86  29
   21  23  97  43  42  47  83  10  47  80  58  73
   36  29  62  78  78  63  55  19  40 103  70  31
  102  92  57  47  61  51  19 101  32 101  65  73
   92  30  76  76  92  62  22  54  36  69 107  55
   19  13  71  91  89  54  83  48  52  29  33  54
   29  82 105  70  84  65  87  88  51 105  80  37
   74 104  53  14  52  93 110  52  14 105  69  45
  104  64  42  98  22  79  71  25  64  92  32  67
  104  94  98  99  79  69  44  73 100  50  44 101
   46  54  37  50  75  44  83  65 109  88  30  82
   82 102 109 106  86  38 101  55 106  90  36  92
   76  12  88  38  21 103  92  66 115  27  26  65
   30  92  32  80 103  36  33  36  82 104  82  29
   54  88  99  67
   98  11  58  69  90  71  90 109  59  38  91  45
   77 103  78  46  67  54  82  57  74  72  91  77
   93 107  61  48  88  60  79  75  45  58  28  27
   37  81  40  61  88  97  70  36  84  25  76  50
   49  28  79  55   5 115 105  53  66 110 117  33
   54  62  27 109  59  55  99  13  48  15  48  53
   46  85  59   9  15  93  87  49  62  15  42 107
   44  51  31  21  99  57  64  17 103  50 106  59
  106  50  64  61  75  52  20  88  96  32  71  55
   85 106  56  48  92  46  24  35  71  98  29  86
   79  58  27  51  51  23  46 109  20  34  14  12
  100  53  17  93  11  28  60  14 113  24  20  68
   71  51  20 105  23  99  85  52  36  60  64  55
   95  22 104  65  99  56  40  34  58  14  80  32
   71  41  18  36  97   8 105  94 100  38  56  59
   96  33  96 104  54  56  83 100  72  62  22  30
   76  27 115  65  46 116  13   9 107  81  54  78
   53  73  71  32 109  57  69  48  28  96  50  67
  100  13  59  42  61  88  22   9  36  92  32  60
   63 101 114  47  87  76  41  92  98  64  43  87
   86  18  88  45  96  50  24  24  25  23  83  15
   16  78  29   6  45  65  83  71  62  66  71  33
   95  42  73  97  49  57  40  62  76  69  69  68
   37  56  23  99 108  33  47  92  17  30  21  25
   33  74  58  53  42  91  43  71  81  20  41  83
    4  33  44  24  47 101  39  89  67  12  27  60
   85  53  23 110  98  86 103  33 102  47  33  43
  101  57  52  64  10  25  17  88  97  90  58  14
   66  64  34  45  84  95  20  10  58  33  22 104
   59  62  36  73  86  96  16  12  55  21  59  99
   49  84 112  62  47  72  26  19  80  68  82 106
    5  51 101  89  55  63  36  47  34 100  42  29
   68  71  98  96  23  64  87  79  64  28 100  45
   33  72 105  43
   42  93  49  97  14 105  44 104  23  56  61 104
   96  63  94  67  18  52  90  99   5  16  43  37
   46  88  41  62  53  23  41  46 112  36  98 102
   12 111  99  48  19  79  52  39  21  75  33  32
   13  63 108  32 109  97  98 104  37   4  83  30
   80  40  50  45  24  96  86  48 109  61  45  18
   59  74  70  31  61  96  46  51  99  82  92  25
   53  57  93  24  94  51  70  85  13  50  71  57
   80  36  82  35  23 101 101 103  31  59  28  62
   34  13  15  80  46  71  32  79  89  21  53  86
   64  27  54  52   5  20  68  55  11  34  80  26
   85  42 112  42  98 112  79  57  73  35  58  70
   20  27  37 103  36  99  75  47  16  94  64  36
   92  60  63  93  18  26  72  68  18  52  19  86
   49  96  72  20  98 109  39  77 104  49  81  19
  107  44  63  62  33  49  93  21  52  19  16  43
   71  36  86  22  35  40  98  31  50  26  61  74
   44  49  98  75  68  95  94  10  41  99  78  64
   82  89  32  67  42  24  69  62  37  98  78  55
   71  55  78  26  66  62  74 105   7  19  97  19
   77  83  49  20  35  96  63  65  32  77  74  42
   78 106  82 100  80  73  94   9  46 107  96 109
   82  85  86  35  43  49  60  78 116  56  38  53
   25  64  95  81  66 107  48  89  75  15  79  16
   88  43  90  87  74  64  15  56  50  12   6  89
   31  51  46  90  35  49  89 111  45  31  79 104
   52  64 105  91  51  75  39  81  46 100  76  93
   91  52  94  36  54  20  45  51  43  89  96  30
   37 102  77 102  14  65  96  70  56  41  79  74
   61  39  84  49  83  48  63  54  96  86  59  86
   77  71  76  45  60  75  73  49  70  35 110  29
   28  58  85  52  47  21  42  38  82  16  76  92
  104  45  22  50  43  30  66  98  88  62 109  92
   36  59 116  21
   74  62  97  81  29  77  72 112  22  12  97 103
   87  56  54  24  63   8  62  41  38 106  98 102
   88  67  35 103  37  45  28  69  51  99  23  45
   50  63  60  82  55  87  69  45  94  48  38  51
   23  91  79  67  97  23  40  46  39   7  98  42
   34  82  27  85  57  62  76  84  76  42  43 113
  109 102  76  56  96 108  66  77  53  53  66 101
   67  26  21  89  16  25  53  52  42  70  47  12
   55 110  22  66  94 101  11  82  80  99  45  22
   42  46  11  39  15  71  27  30  92  27 111  49
  101  63  37  82   9  83  98  78  43  68  24  75
   16  75  15  47  50  56  97  12  79  90  64  70
   41  87  83  21  85  36  69  63  91  82  56  58
   97  32 118  44  36  94  44  97 106  35  15  23
   32  33  35  30  55  17  61  70  96  63  43  59
  112  45  67  82  84  43  16  43  43  43  77 104
  116  89  85 102  78  28 116  82  27  72 103  41
   99  52  14  11  96  77  43  29   3  66  76 107
   80  87  74   6  70  92  68  95  61  75  73  89
   15  28  41 104  93  35  86  49  60  89  58  11
   19  54  91  18  44  27  90  91  75  93 101  50
   48  25  46  72 106 110  28  29  46  63  94  45
   67  80  27 104  87  39  82 102  63  51  11  10
   24 101  24  70  50  24  56  61  25  16  64  51
   14  40  36 105 101  27  35  57 109  52  46 110
   26  30  45 107  28  51  24  72  12  37 108  60
   81 100  61  87  27  76  33  68  98  61  77 103
   49  29  33  39  38  27  68  52  26  35 115  75
    9  92  50 108  74 106  59  79   8 100 101  34
  105  34  89  58  22 113  19 111 114  79  63  26
   31  50  78  78  35  83  70  25 105  58  99  68
   23  21  87  98 106  88 101 103 107  81 104  55
   19  23 101  93  51  89  78  74  87  97  39  31
   63  69  61  72
   66  66  58  97  89  39  24   7  32  85  54  13
   74  23  15  30  80  61 108  74  96  82  39 105
   81  86  82 110  39  47 110  25  43  15  51  65
   61  61  71  45  66  77  42  23  14  56 100  14
   25  29 104  62  43  13  82 106  45  35  68  67
   49  20  30  73  70   7  34  56 106  40  94 105
   97  33 101  33  64  15  94  29  36  22  77  68
   64  47  35  55  51  98  47  68  43  77  39   5
   79  47  86  43  30  48  58  52  18  55  14  52
   52  54  25  34  87  46  27  86  85  18  61  24
   91  80  55  63  25  74  48  36 105  82 105  92
   75  20  31  42 117  31  13 109  97  88  41  92
   51  86  73  62  30  79 111  97  21  69  88  24
   56  63  43  91  39  54  28  78  64 110  40  74
   33  82  76  99  46  76  25  82  37  48  91  89
   56  51  32 115  49  46  28  98  22  81  74  67
   74  12  31  29  37  19  72  73  93  56  24  48
   97  70 108  46  84 114  19  97  52 104  90  40
   32  20  10  79  81  45  69  25  63  96  34  74
   19  37  58  36  55  59  53  68  17  85  39  79
   98  56  16 112  77  55  35  68  60  72  31  95
   59  26  13 104  99  38  32   7  33  79  44   5
   88  94  60  88  24  78 103  45  38  92  37  12
   73  78  32  40  87  91  88  76  76  61  54  88
   73  77  27  73  19  84  16  75  67  49  45  19
   23 101  29  85 111 110  43  58  26  70  91  38
   26  62  82  14  78  67  22  53  40  81  32  65
   82 103 102  93 102 106  42  88  58  72  65  95
   54  77  67  47  96 106  20  20  46 107  29  54
   85 117 101  61 109  55  48  14  84  74  52  18
   47  52  32  89  70  46  96  19  95  16  92  86
   88 100  62  49   5  75 106  73 102  27  42  71
   38  84  71  27  11  50  34  45  76  91  11  33
   81  57  53  17
  103  63  38  37 110  31  96  74   8  78  82  54
   12 108  77  80  94  56  35  73  85  93  43  10
   53  82  47  47  98 103  25  13  56  46  43   7
   98  58 108  53  34  74  37  99  75  87  92  54
   84  32  39  96  22 107  25  55  29  16  50  96
   35  28  10  37  86  51  62  67  13  58  22  77
  104  89  47  64  95  60  69  66  91  49  21 109
   51   5  36  37  38  21  78  18  62  44  51  22
   75  98  43  82  23  85   8  66  81  65  36  14
  101  42  80  16  16  32  85  44  39 110  45  92
   61  77  38  38  89  43  85  41  20  70  29  21
   18  51  21  97  62  43   9  16  24 102  42  38
   98  40  38 102  77  82  91  19  60  69  15  62
   46  56  48  52  44  50  84  49  47  27  97  46
  107  28  48  35  89  52  27  13  37  95 100  17
   94  13  28  32  12  76  30  20  64  17  11  13
   82  18  51  33  40 106  92  72  96  98  81  22
   31  65  90  91 110  61  41  50  23  88  10  50
  116  22  70  77  69  37  29  18  76  96  98 102
   87  80  59 110 108  78  90  61  74  34  67  58
   79  39  80  91 108   6  90  87 115  45  40  21
   74  27  37  68   7  11  48  62  40  39  33  60
  104 107  81  82  31  31 112  46  25  91 106  86
   61  56  25  47  87  73  43  97 106  22  91  97
   70  36  66  59  24  77  87  75  81  13  39  88
   50  65  79  72  23  41  22 103  92  30  47  60
   31  66  66  57  16  69  26 103 108  62  95  61
   69  66  77  15 119  52  86  11  23  30  23  33
   38  48  32 107  33  81  14  25   5  44  32  83
   94   6  33 105   4  66  22  18  88  97  19  35
   60  29  11  34  97  99  79  29  84  34  40  48
   28  41  78  60 108  69  24  42 106  61  30  19
   69  71  48 110   9  83 103  14 100  25  33   4
  102  44  21  13
   47  22  51  85  75  74  63  84  53  74  84  48
   26  59  41  67 102  18  29  66  97  15  87  91
   45  26  16  54  92  66  35  36  30   8  68  37
   33  61 104  67  76  16  76  94  35  86 102  26
   64  25  31  41  29  33  61  24  31  90  96  56
   25  50  39  64   8  69  41  95  68  74  26 101
   64  81  76  82  64 100  89 101  46 107  64  55
   47  22  35  84  94  30 113  82  35  99  22  37
   70 109  59  26  61  89  67  42  46  74  58 114
   91  94  10  52  37  90  40  94 111  96  12  90
   49 105  21  20  84  60  88  73  27 109  97  95
   28  34  15  87  32  55  57  23  96  58 101  91
  106  73  76  87  23   9  16  96  59  40  92  34
   51  71  79  27   5  90  72  72  29  99  74  90
   71 104  48  29  79 105  33  18  80  58  63  58
   75 107  33  82  18  74  81  11  53  77  80  93
   74  15  75  41  44  77  84  50  90  23  65  62
   35  27  46 105  72 106  56  35  50  63  85  21
   90  89  61  35  50  35  17 110  25  23  62  86
   90  61  16  82  40  94  19   8  26  12  46  32
   49  78 108 104  28  72  79  90   8  27  68  37
   21  90  71  76  24  75  84  59   9  42   7  43
   66  39  27  52  51  92  36  34  19  96  74  50
   84  41  54  27  97 107  74  41  83 100  87  46
   82  14  19  22  35  48  63  29  63  17  61  62
   86  22  20  30  50  23  29  42   3  64  77  47
   11  94  36  73  96  72  68  15  65  81 114  82
  110  35  89  57 114  72  95 101  15  12  21  52
   34  16  25  62  97  32  73 105  55  48  22  22
   43  21  99  39  85  19  12  86  34  51 108  63
  112  65  83  43  32  71  44  39  39 101  15  61
   47  55  63  82  99  88  90  88  36  15 106  97
   90  86  21 101 103  48 104  83   6  35  62  67
   18  91 111  68
   29  84  68 115  38  64  87  97  90  40  96  71
   90  53  65  73  82  82 105  68 101 100 101  90
   87  36  85  60  24  60 102  35  37 111  32  73
   25  86  80  42 100  77  24  79  84  29  73  53
    6  80  84 105  85  47  83  83  90  71 106  85
   94  69  58 100  51  77  65  45  26  53  52  41
   98  49 101  40  59  90  24 105  98  94  42  58
   56  59  77  75  16  66  56  54  67  33  59  55
   44  73  84  13  85  69  68  22  14  26  85  54
   73  60  83  60  37  17  12  84  74  24  68  34
   54 114  69  82  99  56  53  43  64  34  44  73
   63  76  17  32  58  64  73  17  69  58  36  66
   28  20  29  24  99 101  42 104  18  32  62  50
   72  82  25  98  83  72  58 104  19  98  80 103
   22  36  38  29  45 109  52  52  84  56  30  93
   56  94  66 101  14  46  72  74  27  11  78  85
   34  40  66   7  33  39  65 101  17 113  75  68
   24  18  52 102  16 100  32  91  60  27  26 108
   38  95  53  16  25  68  62  14 103  94 100  95
    9  22  19  56  51  54  42  51  84  26  65  29
   33  27  88  15 115 103   7  36  17  51  20 110
   24  76  99  69   6 105  98  50  46  86  27  14
   37  64  54  57  50  36  14  80  27 105  97  45
  102  47 111  33  43  68  91  18  70  41  37  65
   50  48  77  69 103  23  94  43  86  63  66  85
   19  54  67  22  29  94  33  97  63  99  90  83
   27  57  21  36  38  84  63  65  48 112  70  32
    6  50  86  54  88  62  76  33  14  41 109  64
   11  82  93  33  76  46  29  80  80  54  43  82
   73  47  79 101 107  38  34  54  48 109  88  94
   56  14  38  96  16  81 106  74  20  24  12  69
  101  47  29  89  94  48  58  35  36  34  36  38
  105 109  66  16  58 108  89  31  98  91  87  59
   82  99  66 100
   46  47  75 100  81  44  51  42  19  45  98  73
   79 107  75  27  22  99  68  61  40  83  87  71
   86  87  80  41  31  58  75  27  32  67  80  62
   62 113  89  96  61  43  99  14  39  84  18  37
   61 101  26  31 108  43  49 101  89  16  10  92
   60   9 108  35  87  58  91   4 113  44 103  95
   14  52  21  64  57  55  98  62  29  57  61  94
   33  53  99  79  48 103  17  83 100  31  26  29
   50  84  69  53 102  71  24  28  30  34  42  82
   22  55 110  27  81  52  53  45  14  48  52  28
   78  82  46  86  21   4  41  53  16  35  76  86
   35  75  41  52  64  41  24  60  96  81  84  90
   13  96  44  55  23  30  53  72  35 100  75  74
   22  62  79  90  78  19  89  55  94  72  22  91
   50  39  25  48  89  17  29  41  99  76  31  97
   78 111  76  33  72  42  46  22  73 103  55  21
   53 102  52  35  85  41  40  69   7  57  27  61
  101  91  72  35  76  39  57  63  31  74  71  52
    6  18  55  38  80 109  58  30  93  52  62  52
   94  18  24  27  26  42  89  69  21  90  29  79
   77  33 100   9  23  36  28  55 109  32  65  77
   44  94  55  79  21  16  60  26  26  83 102  67
   85  80  74  28  32  26  87  34  40  25  24  42
   99  92  93  81 100  96  18  14  51  76  21  90
  102  44   8  83  45  51  69  36  78  20  58  48
   18  98  17 104  37  63  85  39  68  43  43  36
   15  75 109  38  70  53  82  88  58  82 102  81
   39  21  53  53  20  91  83  83  88  24  87  30
   67  78  65  52  33 102  43  60  24  38  83  42
   22  22  70  95  43 116  85  91  49  11  83  79
   65  77  50  27  24 100  31  36 100  52  23  91
   76  89  66  96  27  14  18  80  93 100  94  32
   90  59  38 105 104 115  50 101  34  92  98  49
   14   8  75  44
   68  50  89  53  96  57  14  19  17  68  87  99
   20  91  74  67  78  30  34  30  28  89  91  58
   60 105  82  47  66  32  81  47  23  20  42  54
   93  54  37  97  48  51   4  56  54  30  10 113
   90  70  90  47  96  15  71  60  52  38  65  58
   63  26  68  65  98  34  72  24  20  92  88  22
   87  62  51  81  85  72  53  44 103  29  19  54
   18  21  63  70  18 106  71   7 108  63  78 101
   88  43 117  23  20  16  36  97 105  38  91  33
   55  31  91  27  24  44  81  31  50  76  36  98
  107  85  93  91  44  64  98  84  65 103  71  11
   51 106  49  95 116  49  78  92  85  86  34  54
   29 105  33  37  16  20  36  75  17 110  73  72
   13  35  74  63  20  53  54  89  57  71  72  86
   71  34 108  55  21  45 104  70 107  14  51  71
   59  23  48  47  34  16  85  11  74  42  94  11
   44  61  80  33  42  95  73  37 100  26  82  66
  100  12  15   8  51  77  72 111  39 103  23  24
   72  93  67  22  34  27 103 111  30  66  51  87
   65 102  38  39  58 100  54  21  49  88  65  76
   52  95  14 102  41  52  25  18  66  61  19  49
   50  57  70  40  53  20  98  67  51  76  94  42
   74 110  81  80  45  81  89  25  86  39  72  39
   45  69  24  95  64  90  72  71  66  55  62  63
   20  78  42  15  57  23  50  72  83  90  22  45
   73  93  71  45  60  66  84 101  92  79  82  30
  102 100  28  86  86  24  44  88   5  76  60  28
   13  45  31  45 115  77  71  71  16  93  76  81
   50  10  30  69 106  50  52  86 107  80  99  36
   90  33  64  30  20  88 105  87  53  30 104  86
   25  62  47  42  90  22  54  68  26  43  61 103
   11  83 116  77  37  50 108  18  99  22  92  35
   18  47  59  52  24  98  39  44  40  80  66  16
   27  64  90  32
   91  67  30  27  16  30  87  47  83  29 102  21
   79 100   8  41  90  19  45  18  36   5 111  64
   97  35 101 102  95 105  98  70 111 101  30  33
   31  75  56  30  79 109  79  20  92  54  63  71
   51  96  72  35  19  28  52  95  55  82  39  81
   24  47  46  42  65  83  63  27  85  11  59  70
   93  11  99  68  45  63  56  68  58 110  58 103
   63 116  59  71  74  72  95  25  61  90  52  81
   80  52  80  19 104   7  80  62  36  54  77  95
   77  20  72  74  83  45  38  55  30  26  37  90
   86 105  86  77  49 108  46   7  29  94 101  78
   66  21 107  87  96  44  50  66  33  78  80 103
   79   7  30  17  22  47  35  52  65  88 112  71
   49  37  33  95  23  54  23  30 111  24  86  27
   90   4  53  75  89  74  63  38  76  37  30  39
   39  36  38 116  20  42   9  54  84  48  79  29
   36 113 100  87  67  51  86  76 105  38  84  85
   51  99  89  55  27  19  93  50 103  27  14  61
   43  90  10  35  34 115  52  85  96  80  49  98
    9  78  10  15  53  50  59  31  79  90  25  55
   20  96  38  96  57  92  28 104  44 101  34  45
   39  76  17  62  76  91  67  12  78  57  24  24
  106  63  16  17  34  18  36 114  30  35  79  91
   42 106  66 106  98  16  95  50  23 101  60  41
   88  19 111  55  99  61  77  97  58  82  87  14
   76  38  29  96  67  78  53  82  37   6  94  65
   33  56  32  79  46  65  48  97  23  19  76  58
   35  27  56 100  55  93  93  49  11  24  31  15
   21  10  58  96  64  79  81  59  23  90  41  45
   70 100  68  34  89  61  99  51  43  44  44  48
   35  36  29  53  15 109  47  52  25  72  30  84
   87  45  93  70  57  79  76 110  17  84  67   7
   64  68  98  80  65  50 107  19  43  18  49  56
   33  69  44 103
  101  52  61  46  19  97  50  59  56  10  35  68
   88 102  49 118  54  99  49  34  58  23  46  78
   60  61  66 119 101  67  45  49  72  98  21  21
   16 107  96  14  92 100  73  82  76 100  43  75
   83  88  95  50  77  92  60  69 104 116  73  62
   62  48  88  46  42  36  17  68  42  63  43  74
   72  55  74 102  17  77  25  70  41  52  56  66
  104  55  14  19  93  69  27  59  24  85  48  85
   11  72  42  78  50  83  67  99  16  75  86  74
   86  69  94  47  54  98  95  10  10  89   4  24
   68  41  36  85  40  15  83  43 104  53  61  61
   16  21  69  36  48  31  19  87  58  49  66  64
   62  91  46  90  67  68  30   8  35  99  68  52
   84  70 110  64  28  84  24  29  29  12  46  59
   91  24  59  38  64  94  19 100  69  36  53 102
   50  90  71  71  31  29  72  67  31  88 109  25
  101  32  77  92  45  72  95  92  49  23  16  52
   20  62  54  80  81  80  84  55  13  28   5  16
   64  95  58  44  50  86  79  87  69  80  52  43
   17  38  96  36  65  11  56  23  94  85  64  84
   38  11  52  77  28  61  68  39  39  87 111  91
   99  99  36  75  36  36  94 107  38  45  66  12
   43  75  11  61  25 102  35  52  64  29 102  42
   68  81  22 104  95   8  41 102  50  62  57  67
    4  45  71  79  80  29  67  96  22  82  44  76
   83  27  59  63  62  24 102  61  25  67  82  32
   56  22  17  85  75  13  25  24  35  32  95  71
   97  26  32  37  91  37  68  78  64  15  39  41
   58  60 100  64  18  74  47 102   9 117  67  72
   47  84  53  86  95  26  32  72  64  51  22 108
   73 105  69  62  17  63  87  82  73 105 107  39
   72  39  77  57  14  60  58  52  41  94  24  16
   46  49 108  31  35  40  56  35  27  73  57  54
   39  48  69  13
   37  57  32  77  27  97  85 106  54  35  21  59
   66  40  30  27  25  96  18 108  43  46  63  59
   50  93  84  24  75  69  53  88  41  87  60 105
   29  51  15  39 106  69 107  73  54  60  37  53
  103  39  37  47  83  58  10  36 111  20  81 100
  112  70  67  48  58 115  72  70  85  75 106  69
   47  71  57  51  86  98  35  79  53  41  93  99
   81  95  94  77  33  10  96  66  89   9  18  60
  105  51  54  24  63 112  18  65  38  49  46  44
   26  52  76  29  74  16  91  20  65  54 112  85
   51 109  18  56 107 102  60  30  44  22  87   4
   10  26  39  13  32  34  62  71  87  62  56  68
   43  91  91  42 101  78  99  67  43  92  23  26
   81  92  83  40  27  41  57  65  93  11  43  35
  110  16  66 103  73  27  62 101  16  79  99  84
   39  27  85  87  27  26  99  10  93  40  60  79
   15  17  23  40  61  12   5  80  70  45  59  77
  112  71  69  96  51  70  73  20  25  78  23  32
  101  82 106  44  92  43  86  49  44  99 106  49
   41 104  32  70  29  31 104  10  54  88  51  75
   69  13  21  83  45  14  84  25  63 109  67  81
   28  23  13  37 111  60  16  62  40  33  63  91
   83  64 106  74  65  45  80  24  84 116  60  11
  109  93  65  50  31 100  86  42  47  79  51  28
  117  46 108 116  48  94 104  27  50  94  88  87
   92  78  48  26  74  74  38  37  86  59  35  75
  100  84   5  95  14  54  55  25  58  52  89  30
   69  51  34  67  11  14  90 101  84 106  28  51
   59  35  93  18  61 106  68   5  89  70  84  60
   81  45  99  17  51  24 101  72  34  43 102  14
   81  49  35  55 108  54 111  40  55 107  31  87
   43  80  74  44  77  70 109  91  95  93  92  85
   75  54  66  82   9  69  23  71  76  14  66 100
  111  98  53  41
    7  60  57  90  45  61  10   2  14  85  39   9
   97  86  66  74  41  99  97  18  92  86  62  57
   50  82  58  53   3  38   2  56  73  61  61  44
   66  62  10  72   7  99  63  12  88  21  28  96
   14   7  40  68  42  19  14  14  27  35  82  18
   67   3  43  99  45  76 100  59  71  62  10  23
   33  65  21  81  29  28  22  43  24  79  85  66
   81  74   9  13  18  39  57  86  37  16  13  78
   82   6  13  10  73  11  95  76  52  82  47  92
   31  59  38  36  30  16  72  86  23   4  33  78
   82  94  20  34  25  27  95  17  48  48  34  69
   82  57  56  58  29  50  79  20   7  63  60 100
   94  15  37   4  77  54  74  33  85  99   7  34
   41  85  80  39   4   4   1  13  11  50  75  92
   23  68  54  36  66  88  77  61  81  76  17  92
   57  77  20   3  85  55  54  60  97  40  51  69
   11  71  51  14  70  40  42   4  95  35   9  17
   23  84  75  42  49  99  46  25  74  21  54  12
   47  58  99  88   7  40  97  32  31  49  21  47
   72  74  42  16  10  50  79  35  88 100  41  67
   62  83  64  77  40  34  65  82  30  11  79  91
   80  35   4  51  26  38  46  87  29   4  61  52
   27  14   3  66  73  86  60  60  80  27   7  23
   66  66  41  41  96  10  31  44  30  73  58  50
   57  36  64   8  52  77  88  38   9  23  16  83
   89  90  22  47  66  29  11  37  64  67  66  11
   10  55  89  20  66   6  47  54  87  43  13  82
   53  43   9  97  18  79  55  62  49  62  10  50
   81  90  12  91  46  86  28  16  29  46  93  94
    3  79  57  87  78  58  27  86  44  52  10  54
   14  80  57  75  64  51  13  94  86   9  48  63
   24  71  14  80  17  81  78  41  50  46  75  74
   90  79  44  93  37  51  77  34  59  26  59  98
   47   7  17   5
   55  26  51  87  63  90  42  64  11  27  13  37
    5  74  92  82  15  40  63  84  51  75  26   2
   25  38  72  35  24  65  51  99  75  41  37  91
   18  65  99  54  71  22  74  53   2  45  27  39
   92  96  27  21  15  23  12  29  93  33  59  91
   74  64  55  95  99  48  61  62  68  83  83  10
   11   4  43  28  56  44  45  41   2  13  43  81
   76  58  12  55  18  37  18  14  35  84  80  19
   80  84  50  16  16  33  70  96  83  13  47  75
   73  59  23  51  93  29  38  80  36  69   5  44
   51  87  74  16   8  18   6  34  71  90  33  65
   63   5  38  79  40  90  14  12  53  81  38  37
   21  85  40  35  97  48  67  61  45  26  57  14
   95  52   7   6  23   8  36  27  15  88  64  22
   35  74  70  50  98   1  69  61  35  22  76  58
   63  84  76  70  53  91  93  23  99  78  61  98
   89  73  87  16  70  73  25  89  19   7  43   7
   12   7  92  88  90  78  73  65  35  66   9  38
   27  25  11  56  23  86  47  78  22  30  13  45
   33  50  99  48  45  26  61  95  95  89  84  85
   38  94  59  70  15  84  44  28  18  64  36  29
   67  65  41   9  72  15  41  31   5   8  64  61
   65  71  50  32  51  38  25  17  31  10  61  89
    5  30  57   5  79  51  96  57  36   6  21  55
   94  69  99  87  89  37  95  93  32  84  39  31
   83  42  88  45  21  63   8  38   9  90  27  34
   64  25  20  55  31  96  63  82  40  34  15  30
   87  27  73  11  97   4  54   7  91  93  54  38
   60  96  24  29  28  57  31  80  25  25  33  38
   54  29  47  56  61  46  14  73   3  68  72  77
   15  69  23  74  80  79  99  58   1  49  38  78
   64  20  45   9  12  91  63  20   8  92  47  40
   11  48  25  32  37  49  70  58  35  22  72  49
   50  91   1  71
   74  19  65  72  24  24  24  30   7  94  83  28
   98  75  71  10   1   2  40  50  40  89  61  57
   56  34  20  59   3 100   5   6  31  17  10  54
   93  70  18  70  33   2   4  16  77  94  21  46
   30  73  99   3  70  94  39   8  41  43  99  54
   45  23   2   7  41  54  12  88  30  63  43  78
   58  78  46   5   6  26   3  36  78  18  20  79
    8  53  25  71  39   5  55  71  29  17  57  57
   35  98  76  18  14  18  53  47  13  92  16  36
   63  86  71  71  76   5   7  23  33  83  74  42
   82  87  90  54  32  99  28  51  43  20  11  86
   25  53   6  68  27  11  18  55  32  95  83  45
   53   1  64  76  26   5  43  13  99  59  11  44
   36  88  69  79  97  83  19  35  45  88  54  36
   31   3  58   3  91  70  93  51  41  74  99  81
   67  33  85  75  23  87  22  85  21   4  37  36
   27  58   8   9  53  40  56  42  55  35  42  24
   22  29  57  82  69  93  18  83  38  86  59  24
   82  41  30  22  67  60  85  14  61  14  80  49
   31  26  65  80  32  76  75  59   5  88  30  31
   69  26  23  24  18  84  18  50   8  87  40  93
   56  78  71   7  34  16  45 100  58  65  37  44
   88  94  63  54  19  68  67  89  70  40  22  46
   87  44  18  49  30  94  57  46  67  75  49   6
   72  33   6   5  16  74  28  26  58  58  11  50
   47  86  25  53   5   3  20  92  28  83  14  12
   79  31  86  22  81  68  75   6   9  34  67   5
   83  73  93  18  70  34  24  90  67  60  58  13
  100  83  23   8  19  21  62  32  86  63  35  63
   78  76   5  97  72  85  36  44  43  78  88  14
   56  90   8  19  62   7  22  61  89  49  35  33
   41  73  18   2  82  61   7  13  40  17  92  76
   94  57  18  65  73   8  69   7  44  96  68  76
   11  45  73  93
   62  19  45  81  63  87  70   1  27  23  13  76
   31  83 100  27  53  23  17  70  92   6  28  47
   84  29  95  38  22  36  97  80  73  39  48  91
    2  37  14  82  82  35  35  79  26  60  42  43
   89  84  77  85   1  41  10  89  77  44  58  29
   43   4   6  83  45  51  21  64  78  54  76  25
   99  35  68  84  46  89  33  47  59   6  67  17
   95  87  47  21  54  63  44  25  86  15  48  53
   25  89  83   8  90  24  30  85  22  57  36 100
   88  53  45  96  10  20   9  74  74  26   9   1
   60  21  73  37  51  53  96  48  57  87  59  31
   34  29  44  24  97  34  58  35  48  36  48  51
   86  60  23  65  31  43  68  87  41  51  68  71
   31   2  23  27  89  78  67  41   4  53  90  98
   71 100  55  97  22  22  15  69  36  60  31  97
   64  20  95  40  44  86  49  38  22  45  96  48
   68  95  29  49  97  79  41  67  89  89  50  95
    5  93  15   9   4  53  52  82  67  42  61  16
   15  61  37  46  21  65  89  70  38  73  66  61
   11  92  66  89  99  34  62  39  94  35  19  28
   37  73  10  26  39  91  38  73  99  10  54   3
   24  48  73  52  45  45  99  88  39  75  37  24
   46  68  14  36  85  29  99  86  81  54  24  37
   74  53  95  73  44  64  20  17  28  75  19  52
   37  44  50  37  79  11  24  28  74  26  25  95
   74  60  28  43  81  29  17  26  68  10   6  72
   94  58  56  97  27  32  96  29  58   4  39  17
   27  84  99  61  33  40  18  26  58  12  73  55
   85  32   8  99  19  45  39  30  96  26  85  54
   19  99  78  41  56  57  87  37  78  78  34  82
   66  45  12  34  32  67   9  82  39  96  19  67
   21  43  67   4  97   2  26  93  98  64  35  47
   76  40  17   5  30  76  98  50  21  74  30  31
   91  11   4  82
   65  81  59  74  69  71  19  83  60  35  73  89
   72  96  36  56  57  97   8  85  26  35  20  56
   90   8  76  72  11  57   3   3  35  17  83  27
   47  50  10  80   8  97  24  93  99  19  60  42
   68  37  88  83  71  83  61   7  18  41  56  73
   12  85  17  62  99  32   1  11  10  78  20  62
  100  48  87   7  98  36  58  28  48  49  74  43
   51  50   9  48  13   7  10  64  84  27  43  78
    8  13  36  86  57  92  23  41  86  75  87  90
   69  87   5  27  46  20  89  26  64  71  36  92
   26  90  61   7  28  21  54  63   8  46  13  17
   87  30  92  29  15  63  48   7  11   8  75  50
   12  37  59  93  11  83  17  52   7  79  36  62
   42   3  26  28  50  19  56  63  99  27   4  38
   35 100  92  17  22  35  42  10  93  87   8   9
   89  24  26  38   4  61  57  91  26   9  32  84
   84  18  90  87  94  20  30  78  95  72  47  82
    3   5  80  17  42  57  58  32  99  30  37  61
   66  21  50  58  77  76  46  44  59  30  39  51
   69  46  45  63  47  67  34  65  51  54  64  82
    5  33  36  26  41  36  26  35  44  46  38  23
   97  43  44  20  23  41  26  16  25  42  25   4
   38  70  78  27  67  21  68  20  32   3  64  52
   11  81  65  70  86  24  45  48  84  43  97  23
   26  39  76  43  60  45  42  12  18  69   5  30
   50  40  66  41  72  51  67  71  11   1  29  79
   41  41  96  94  38  16  82  63  17  11  15  94
   74  90  72  98  36  50  37  35  99  50  32  55
   76  66  70  46  38  32  92  72  58  82  16  24
   57  96  73  55  45  41  63  33  65  17  87  76
   40  99  98   5  13  85  41  76  91  34  96  38
   93  12  30  63  87  37  27  98  41  22  44   9
   60  19  48  19  34  59  64  57  81   6  15 100
   91  85  66  16
   10   4  28  78  43  57  33  77   9  14  14  35
   85   8  43  32  32  33   5  90  51  12  65  47
   63  57  40  14  72  50  63  54  35   3  57  46
   30  29  99  56  26  11  92   4  53  73  33  32
   66  46  80  75  21  37  24  31  33  96  54  24
   58  93  29  77  51  74  45  84  41  40   4  70
   95  13  83  67  92  99   3  80  87  70  96  55
   84  17  78  51  99  29  13   5  36  60  82   2
   49  94  56  45  17  21  62  23   6  94  51  78
   44  14  67  79  85  82  19  83  81  79  44  11
   51  31  81  10  45  78  37  28  19  42  56  79
   96  96  88  16  47  36  61  90  46  43  42  33
   48  59  13  13  54  51  36  12  79  80  24  90
   26  75   9  58  48  93   9  41  21  95  98  51
   10  13  77  54  40  15  40  42  67  79  41  95
   39  59  67  57  73  55   6   1  19  78  13  96
   29  26  79  82  28  45   7  32  82   4  66  24
   65  56  77  10  31  19  70  82  78  32  54  49
   23  31  92  91  62  15  62  44  49  18  33  54
   59  72  27  59  55  84  91  49  62  94  69  37
   31  56  64  28  12  95  12  89  17  85  47  16
   96  13  74   3 100  45  34  11  53   5  74  38
   19  33  18  84  69  58  30  28  56  68  88  83
   77  78  54  80  47  97  36  26  61  97  62  75
   72  86  48   4  51  70  65  67  62  27  11  82
   27  73  74  83  96  33   9   2  17   8  96  25
    2  43  24  73  97  98  42  65  53  18  39  84
   92  94  14  52  76  43  35  93  76  67  17   8
   42  27  87  34  69  10  54  25  71  99  75  12
   44  43  27  73  35  18  73   7  17   7  34  93
   50  60  54  71  55  67  73   1  81  27  91  34
   75  14  41  83  46  45  55  92  40  57  33   3
    6  63  14  22  63  33  41  94  72  54  35  68
    5   2  57  66
   93  92  28  66  64  45  98  93  45  69   3  99
   96  36  85  72  45  28   9   7  86  23  46  92
   70  96  74  12  99  11  71  31  25  10   6  92
   33  11  34  16  45   3  89  82  11  37  84  34
   96  20  92  67  87   9  54  25  74   7  60  89
   49  52  54  81   1  16  19  46   9  93  75  53
   33   3  73  87  11  69  87  44  52  29   9  20
   29  16  40  12  73  60  89   5  67  77  63  69
   40  67  61  56  58   2  66  85  24  24  46  45
   65  40  38  81  29  11  50  95  79  50  47  35
   86  13  54  87  24  94  42  76  59  19  24  54
   51  38  51  93  39  22   2  85  41  53  80  28
   46  22   9  24   6  16  19  73  32  21  48  67
   86   7  33  81  77  27   3  70  53  10  70  58
   93  53  32  38   7  16  56  62  20  16  79  35
   76  20  97   9  26  38  64  76  22  21  79  66
   13  46  88  35  34  22  68  59   7  71  31  35
   30  33   9  66  69  50  53  60  59  66  26  21
   88  22  94  44  99  41  25  11  81  33  74  78
   60  79  88  78  97  33  91   7  79   9  81  21
   13  78  25  30  22  61  48  90  36  26  33   2
   87  74  11  94   4  42  54  31   2  88  72  94
   82  94   6  82  22  50  17   5  68  56  86  74
   33  11   6  98  87   7  72  78  52  26  81  99
   96  29  21  24  25  54  64  88  79   9  68  93
   26  62  58 100  52  41  31  24  60  20  42  25
   60  20   5   6  63  99  78   5  77  49  66  87
   98  82   7  41   7  34  69  70  60  50  48  86
   84  85  51   9  72  93   1  49  72  21  24  14
   87   3  46  92  64  58  84  52  89  77  43  33
   83  24   5  42  91  20  29  45  81  48  40  60
   35  37  25  54  42  64  24  34  93  40  27  42
   76  12  68  48  67  47  15  45  26  35  66  41
   88  77  45  55
   65  70  47   6  33  19  91  82  85  75  15  44
   51  62  78  88   8  14   6  95  99   2  93  33
   59  51  38  87  24  59  48  72  53  17  65  56
   53  21  86  75  88  99  77  52   6  29  92  19
   49  51  97  33  83  91  84  95   8  81  89  69
   76  73  15   4  20  63  47  43  59   4  74  56
   28  30   6  46  90  71  89  74  61  75  34  80
   20  24  22  93  34  54  35  60  77  73  69  57
   47  82  52  12  83  90  64  21  87  37  59  70
   41   9  78  51  27  56  71  82  42  20  16  25
   23  39  36   6  61  78  19  31  21  44  37   9
   61   1  65  67  51  93  96  71  90  62  67  45
   29  67  69  85  83  99  74  84  57   9  49  50
   59  12  73  19  24  21  62  79  25  56  84  90
    2  68  75  96  72  54  64  52  52  77  86  35
   78  85   7  69  21  33  33  41   7  92  40  19
   39  82  86  71   9  78  31  85  24  35  54  90
   19   5  78  68  80  58  81  79  59  98  20  75
   96  83  47  25  37  44  29  26  50   1  66  28
   46  86  14  51 100  62  92 100  66  36  18  90
   95  81  13  62  61  59  24  98  69  31  49  47
   83  84  47  37  41  46  63  98  71   4  41  80
   15  23  49  71  46  67  92  15  83  18  38  31
   17  87  27  34  23  47  98  53  80  38   5  47
   95  90  33  27  16  50  22  71  52  87  80  49
   91  22  10  36  26  38  17  31  60   7  38  79
   39   3  53  90  60  23  10  54  97   5  36  60
   16  47  64  20  93  27  48  81  39  19  78  51
    8  14   9   9  25  37  64  30   3  69  72   5
   57  62  69  52  29  60  30  44   4  16  77  22
   25  13   8  14  19  80   8  56  11  16  70  10
   44  99  16  81  96  17  14  41   4  76  94  38
   75  27  73  25  13  77  69  72  28  16  21  91
   66  28   6  47
   20  94  55  48  20  45  21   9  50  64  23  59
   36   9  42  58  47  55  24  57  43  41  25  41
   13   8  56  72  23  48  26  35  62  49  83  76
   78  34  67  56  30   5  40  83  25  89  41  66
   67  85  24  50  99   2   5  66  44   2   3  73
   53  48  83   2  45  49   9  94  54  98  70  58
   72  21  44  97  91  15  25  66  48  98  76   7
   67  51  72  95   8  58  41  87   3  54   9  59
    7  67  41  52  36  63  92  15  16  86  46  50
   22   8  55  57  25  66  92  75  33  13  89  28
   39  52  84  65  60  91  60   9  82  79  93  96
    9  52  95  24  95  77  58  89   3  94  93  39
   35  65  83   8  84  11  18  64  75  58  43  55
   11  83   1  48  11  59  76  78  59  90  40  85
   48  66  91  66  21  98   3  11  15  69  62  51
    7  69  20   2  54  49  30   6  43  55  92  77
   27  79   3  46  74   1  89  99  11  28  58  29
   63  44  43  72   2  51  39  55  86  13  56  41
   11  99  55  67  42  30  97  94  68  17  84  49
   41   9   4  64  21  37  71  27  16  54  76  21
   32  86  27  69  12  66  88  80  82  84  32  88
   95  33  76  99  71  44  32  37  47  38  45  78
   14  66  40   9  66  55  66  57  42  48  37  43
   69  52  79  20   7  78  71  19  89  87  91  92
   73  35  58  58  77  13  75  42  27  91  78  25
  100  70  72  80  69  13  81  25  44  95  90  58
   19  54  85   8  11  18   5  71  11  65  73  62
   19  56  56  55  97  86  96  23   6  23  57  89
   50  52  71  64  25  22  82  94  56  86  85   4
   47  49  76  35  20   8  90  99  60  94  50  15
   61  25   7  54  69  38  82  83  22  41  20  11
   97  53  18  29  56  50  84  56  83   5  70  83
   37  37  22  18  85  51  19  23  56  82  20  66
   76  40  10  61
   72  14  71  10  93  14  74   2  86  61  54   7
   13  39  20  47  97  53  30   3  97  96  59  71
   72  16  67  42  51  85  69  64   2  71   5  16
   99   4   3  68  97  41  55  63  93  45  83  72
   98  44   7  72   7   6  11  12  65  99  19  80
   38  75  56  74  80  24  25  71   6  48  66  93
   52  32  33  79  55  11  58  52  13  37  22  86
   55  51  24  81  15  51  47  23  94  57  31  60
   36  84  36  67  88  12  17  17  78  47  88  46
   76  98  94  28  67  45  79  37  18  99  51  19
   49  84  56  61  98  94  44  61  95  69  39  93
   27  61   8  78   4   3  25  53  34  76  47  40
   89  84  79  11  74  16  43  64  95  15  46  84
   28  52  49  18  87  92  38  39  96  59  90  18
   54  12  44  90   5   7  67  27   7  69  27 100
    2  63  54  57  81  57  20  81  60  96  97  70
   38  68  34  94  75  72  18  74  57  91  49  46
   66  55   8  29  46  15  22  94  76   8  36  38
   35  27  81  44  71  91  42  57  74  13  29  49
   40  65  41  89  41  55  41  12  96  87  21  85
   36  37  68  82  76  15  40  46  81  38  31  61
   39   2  36  20  24  40  26  93  69   2  15   2
   34  18  24  77  72  67  58  38   4  48  67  55
   78  47  20  22  50   7  71  22  42  91  30  96
   15  64  28  17  39  47  89  51  61  94  98  31
   71  59  72  25  75  65  22   2  61  72  28   5
   68  46   6  17  56  28  77  28  74   3  36  10
   28  67  18  77  50  99  68  64  70  29  16  86
   78   3  34  13 100  53  15  35  62  71  37  35
   59  73  31  54  29  67  53  60  13  25  52  21
   30  49  35  66  47  42  41  62  41  74   7  77
   74  54  35  52  59  97  65  68  29  93  42  15
    7  74  82  61  70  86  45  21  27  57   2  27
   78  61   1  92
   38  58  17  36  84  27  44   8  94  94  16   2
   33  54  51  86  51  95  57  74  79   3  16  18
   28  45  84   3  73  71  83  40  54   7  94  63
   68  40  53  20  62  24  40  64  25  65  79  54
   87  20  27  42   8  86  71  70  71  98  18  64
   84  22  92  26  61  43  28  27  28  67  61   5
    8  14  28  55  19   2  51  25  66  54  43   6
   38  81  90  31  96  85  54  64  74  44  61  97
   64  10  96  45  19   4  99  32  39   8  58  93
   69  57  99  66  93  40  84  83  27  81   6  66
    9  47  74  20  98  31  21  25  68  50  81  36
   95  40  99  67  59  48  13  95  32  25  53  46
   75  21  33  91  30  78  47  44  14  28  59  48
   14  76   1  74  78   8  63  17  14  71  89  80
   75  78  72  79  63  96  43  32  16  40  68  50
    3  66  44  33  18  69  87  68  74  72  33  15
    1  24  22   6  29  88   2  38  91  42  16  64
   18  66  99  93  21  40  71  75  99  37  29   2
   24  15  42  97  37  13  46  14  41  43  38  22
   96  85  65   9  15  81  25  68  51  26  53  96
   96  64  22  85  76  84  30  17  40   9   2  54
   55  90  72  39   4   9  92  82  72  56  13  60
   50  40  80   8  19  69  35  11  48  56 100  99
   89   1  79  47  70  92  46  56  85  98  42  58
   94  62  66   5  12  92  72  61   3  59  61   2
   76  89  74   3  80  57  87  35  94  79   7  60
   21   9  58  22  84  30  84  40  20  47  38   8
   69  86  75  78  77  84  49  68  79  79   3  41
   99  12  65  10  45  14  43  24  96   3  17  68
    6  76  31  52  83   7  90   9   3  34  52  81
   80  56  24  25  82  32  50  94  11  62  12  42
   97  95  19   8   4  15   4  14   5  32  12  63
   92  83   2  26  64  25  34  36  17  20  66  89
   42  39  47  30
   45  43  60  14  16  67  79  96  85  22  59  93
   39  83  92  74  30  44   4  35   7  30  65  11
   25  19  23   2  70  59   9  84  76  90  60  39
   42  59  43  60  53  40  66  81  96  52   2  89
   84  82   4  48  68  99  29  11  61  72  49  44
   53  94  78  45  34  97  85  60   7  70  17   4
   14  81  10  74  48  93  20  79  75  85  29  49
   54  67  75  55  52   5  61  34  65  32  80  97
   38  72  34  62  81  60  47  59  89  56  88  56
   63  65  93  78  24  60  75  23  35  93  51  80
   19  24  55  53  77  28  62  75  11  24   2  28
   36  87  80  60   2  71  97  11  15  27  68  19
   51  16  38  51  80  36   3  18  81  38  28  87
   60  43  68  12  73  60  83  41  41  10  62  42
   71  37  33  20  72  35  91  35  79  60  14  20
   64  53  76   2  62  57  75  19  85  35  45  41
   46  90  77  84  69  86  39  37  19  61  90  69
    9  50   9  59  27   4  98  10  55   4  18  65
   81  88  92  32  24  62  39  95  50  24  77  43
   91  75  56  78  65  52  67  41  92  30  66  28
   18  53  88   8  25  47  73  43  60  41  77   9
   47  84  95  10   7  67  81  99  77  37  61 100
   32  19  58  20  96  33   9  72  71  18  79  94
   46  40  88  68  21  23  24  35  26  59  61  18
   38  30  83  38  99  27  98  37  41  69  60  88
   92  19  84  26   9   6  68  55  87  43  11  73
   82  44  30  92  31  45  82  52  63  21  81  42
   29   7  16  21  12  12  69  31  50  45  38  24
   52  27  50  73  22  14  84  94  68  12  90  66
   33   1   6  47   5  49  71  94  36  33  59  85
   67  57  81  31  40  70  16  99  22  88  21  32
   19  11  57  62  97  35   3  38   5  85  75  36
   82  22  48  80  91  65  72  66  27  12  92  72
   35  54  64  85
    1  48  72  65   2  83  18  37 100  39  20  58
   90   1  43  23  18  54  73  44  19  26  59  98
   67  28  62  70  19   4  92  93  54  66  59 100
   20  46  11  57  77  37  78  16  40  33  25  52
   26  79  78  14  91  11  88  61  82  97  58  12
   76  91  96  83  23  64  58  40  90  56  87  34
   12  18  62  50  23  54  40  47  11  66  96   8
   53  98  75  74  68  81  29  97  53  72  60  81
   30   5  69  22  87  26  97  54  30  44  70  97
   14  73  38  95  96  75  26  61  78   2  71  24
   49  40  73  66  25  59  31  75 100  48  90  81
   85  65  90   5  54  76 100  95  85   5  69  82
    8  69  65  13  42  31  24  96  48  37  89  53
   66  62  58  52  58  57  23  57  58  87  16  72
   10  77  54  81  14  59  81  95  68  10  15  96
   18  98  83  79  91  32  79  95  49  94  92  98
   28  93  64  85  79   4  22  43  21   9  28  89
   71  47  25  22   3  57  72  52  79  17  98  60
    2  88  39  30  51  68  82 100  34  19  14   2
   25  26  58   4  11  31  24  59  34  82  48  47
   36  75  39  14   2  96  19  24   3  68  70  93
   43  92  77  45  99  94  71  44  67  66  74  42
    5   8  39  26  75  75   1  58  90  24  12  20
   58  49  92  57  20  32  70  23   2  81  26  20
   50  83  36  48  81  35  19  43  27  98  74  26
   69  38  32  42  92  66  92   7  24  87  70  48
   77  41  39  54  99  46  77  11   9  45   7  51
   42  45  41  95   1  67  28  97  89  82  91  86
   64  63  78  11  72  23  99  83  99  58  76  24
   12  98  81   5  99  43  82  89  23   9  90  84
   51  74  98  75  12  20  28  76  31  77  69  68
   78  67  32  48  10  45  81  70  13  49  86  87
   48  38  63   1  97  36  17  97   3  81  86  98
   10  62  89  99
   57  95  53  23  30  37  55  19  63  37  27  66
   77  54  76  38  15  96  73  49  13  99  17  21
   71  87  97  49  20  48  78  79  89  97  50  66
   80  50  12  50  27  87  31  23  74  27  17  94
   39  91  88  65  82  76  41  93  77  19  19  63
   80  67  80  55  95  49  67  12  46  42  77  10
   43  38  28  26  52  17  28  10  67  13  43  47
   73  83  70  33  18  76   2  38  80   3  95  79
   39   3  44  86  42  14  43  73  74  41  57   4
   27  25  96  61  67  13  77  22   3  21  93  16
   57  13  87  99  34  59  16  29  84  11  21  19
   83  68  96  19  87  49  59  81  14  54  15  28
    1  42  31  18  84  93 100  19  60  80  15  76
   56  37  30  80  98  26  37  35  84   9  29  25
   46  14  72  88  25   7  72  85  35  55  44  61
   34   2  81  21  91  32  24  95  61  39  28  13
   44  99  32  62  60  36  31  67  17  89  37  51
   78  84  58  11  34   4  56  79  65  49  26  97
   17  19  55  84  65  68  98   3  86  84  46  29
   25  53  90  24  62  26  93  97  87  90  62  83
   62  39   8   1  92  37  23  28  99  93  47  70
   82  27  33  27  91  34  20  61  94  63  98  71
   49  77  82  54  66  27  74  79  84  15  38  52
   33  69  64  88   7  10  41  79  28  16  21  63
   23  99  91  88  84  67  45  88  41  95  41  49
   32  95  84  75  66  82  86  60  99  46  38  56
  100  18  75  41  17  40  52  88  46  33   3  35
    8  68  19  52   4  33  12  10  96  99  83  50
   72  95  94  54   8  71  35  10  47  71  91  81
   62  99  16  81  26  87  92  31  79  68  11  39
    2  41  33  62  77  40  59  79  66   5 100  59
   73  47  45  25  12  23  29  29  81  97   2  18
   27  16  99   3  16  70  11  27  99  73  45  35
   87  21   4  42
   91  33  42   5  71  38  24  14  19  80   9  34
   19  56  46  32  35  25  12  35   3   8   4  30
   29  78  31  51  79  57  15  80  74   8  76  33
   83  25  31  60  20  34  86  34  32  83  31  50
   97  34  30  13  19  61  22  37  16  39   8  33
   20  42  45  11  65  34  46  63  88  64  66  66
   16  60   4  74  60  21  85   6  16  12  68  45
   48  58  28  32  93  38  57  57  46  78  54  55
   58  44  19  98  28  38  48  89  98  89  28  59
   47  50  28  54  81  86  92  36  34  78  40  71
   55   6  49  29   4  46  60  71  46  68  62  45
   46  26  93  84  61  52  29  94  34  51  77  50
   88  91  73  90  20   4  74  11  92  71  51  54
   33  25  81  12  21  36  46  10  84   9  22   7
   97  79  73  85  66   4  50  50  29  55  77  16
   47  14  50   5 100  67  31  38  78  97  36  34
   75  78  37  96  87  67  50  11  99   2  30  38
   85  90  65   9  96   9  72  16  60  89  85   9
   70  23  56  86  81  43  42  93   5  25   4  12
   97  80  96  53  61  48  66  58  35  89  41  82
   84  82  27  96   3  12  97  78  96  69  95   4
   87  42  17  45  99   8  13  60  56  31  79  89
   75  51  50  50  57  83  95  25  85   7   9  64
   16  60   6  69  71  36  16  96  37  74  79  44
   54  56  34  47   9  96  16  74  34  40  50  20
   95  51  45  93  91  12  85  23  43  15  26  37
   87  54  86  69  75  22  46  46  60   2  34  78
   96  60  25  64  31  45  34  72  93  73   9  43
   96  29  25  78  27  57  77  37  38  54  75  29
   43  64  36   7  13  73  80  60  64   2  24  14
   58  97  69  15  92  31   6  29  93  88  96  37
   12  67  78  25  16  66  49  79  84  82  67  81
    3   4  43  97  52   2  30  78  10  27  24  50
   37   4  51   7
   74  57  44   4  25  75  61  69  92  72  15  46
   38   2  36  77  92   3  37  55  77  21  28  36
   23  30  37  61  86  46  32  79  71  51  31  57
   45   5  31   6  59  71  18  94  67  32  91  73
   44   9  82  87   4  76  68   1  20  89  96  11
   42  96   1  68  17  55  19  98   5  60  15  18
  100  54  92  49  51  50  20  49  73  48  46  19
   74  56  16  27  71   9  95  26   7  81  85  74
   69  18  42  50  14  39  96  75  76  69  73  31
   97  52   6  76  38  68  61  70  98  57  54  84
   36  31  66  29  88  98  68  66  87  82  34  31
   79  35  61  51  45  61  93  60  18  34  32  27
   98  15  62  62  83  73  66  45  73   4  44  41
   97  44  34  17  30  96  27  64  12  46  91  15
   65  76  86  60  17  91  82  70  13  34  82  16
   40   3  36  79  41  72  61  82  41  14  65  96
   55   7  57  69  19  68  71  38  95  61  86  49
    7  22  41  79  39  71  55  53  74  41  46  60
   98  84  52  74  28   3  46  77  23  58  55  68
    9  96  83  91  94  61  27  50  93  20  90  24
   37  73  14  94  96  83  81  56   4  85  50  39
   67   9  60  29  89  97  57  82  89  27  13  48
   21  24  40  83  86  82  15  76  63  86  91  61
   15  27  26  39  16  20  88  96  67  27  90  24
   15  70  95  32  72  57  42  76  33  93  62  70
   95   5  97   6  77  56  24  73  38  67  61  80
   92  36   2  68  36  53  22  32  58  23   4  39
   63  82  55  49  89  17  25  32  27  84  23  84
   38  28  42  54  73   1  72  52  93  79  22  75
   83  84  37  24  76   2  17  23  71  97  35  37
   49  41  61  88  91  16  73  84   5  50  81  23
   32  24  43  24  76  94  84  38  17  16  19  73
   30  52  66   7   6   2  66  11  69  10   7  63
   96  96  34  75
   45  52  27  63  10  46  95  97  97  48  29  20
   97  20  36  37  28  74  78  81  79  22  14  50
   60  12  36  57  39  79  23  68  86  85  78  51
   25  62  74  16  65  59  99  58  55  81  96   7
   22  41  12  64  15  92  35  51  50  81  44  50
   55  89  50  49  11  72  41  86  95  12  23  92
   30  49  66  37  21  39  49  67   4  86 100  57
   86  94  43  49  93   5  40  95  12  43  36   8
   29  64   1  92  84  91  76   5   6  67  15  80
   58  89  28  92  87  60  30  83  57  28  75  18
    4  31  13  19  70  41  18  18  54   8  46  95
   53   4  71  24   3  63  32  14  29  34  71  56
   82  12  86  68  89  92  68  31  91   9  46  43
   92  81  32  55  97  54  62  17  63  45  46  25
   34  86   5  60  93  70  16  34   2  89  59  34
   43  85  59  64  69  88  29  92  40  63  15  91
   71  51  37  83  76  16  37  83  11  85  20  44
   14  97  96  99  57  43  32   7  81   9  83  91
   48  19  48  92  74  86   4   4  86  48  56  18
   55  15  79  72  44  10  63  90  53  17  52  27
   60  22  93   9  66  59  79  86  39  49  88  66
   58  50  35  64  54  95   7  45  60  41  12  66
   46   8  23  23  71  25  19  89  22  75  30  66
   57  37  81  23  55  29  38  38  52  53  45  48
   88  42  75  89  54  94  69  40  29  30  84  65
   31  23  32  62  55  51  28   3  19  41  29  75
    8   6  83  32  18  95  71  30  98  36  48  74
   97  74  89  66   5  25  35  42  93   9  31  21
   70 100  73  43  11  70  57  20   9  31  12  73
   18  75  51  82  97  27  14  24  53  79  10  20
   83  42  62  78  22  82  50  37  80  71  55  10
   95  26   3  28  68  52   9  85  14  92  19  80
   96  65  57  63  82   9  65  76  78  31  51  96
   75  43  27  86
   23  35  78  87  91  86  23  64  23  75  16  89
   36  15  98  66  16  85  60  93  71 100   3  42
   14  77  10  18  20   6  20  34   3  14  88  78
   79  41  60  83  41   4  40  92  20  66  56  32
   60   7  35  74  84  88  63  16  65  29  64  37
   91  64  61  73  37  25  46  89  32  98  52  40
   27 100  19  44  68  44  63  50  60   6  46   8
   39   1  43  34  37  43  13  85  55  20  65  24
   30  60  31  85   2 100  27  49  84  55  31   8
   35  87  47  36  21  74  72  56  87  76  69  12
   31  11  33  31  63  12  60  99  82   9  18  29
   41  85  11  24  15  58  53  50  71  37  34   5
   41  99  89  87  81  56  68  63  48  21   2  36
   67  79  72  16  97  59  85  87   3  93  32  80
   21  98  62  34  31  33  53  71  26  72  76  64
   73  78  68   3  92  64  95  65  20  63  30  86
   76   3  11  25  38  66  17  33   4  66  36  26
   65  14  31  50  75  83  10  52  16  84  95  47
   66  30  93  85  74   3  59  27  23  28  71   6
  100  41  94  96  67  52  52  89  27  21  94  56
   93  22  67  17  61  14  78   9  70   8  71  60
   81  37  88  53  39  27  44  94  42  58  90  85
   14  45  86  91  68  93  71   5  82  77  25  22
   61   6  44   5   9  87   8  54  94   8  45  77
   26  86   7  56  15  59  33  16  44  35  19  94
   42  71  88  10  44  40  62  32  69  99  20  48
   82  60  79  33  66  52  56  17  87  99  37  57
   71  82  48   2  62  12  24  64  98  93  74  87
   81 100  54  14  38  37  33  55  94  15  63  60
   47  13  48  85  26  54  12  60  63  68  65  58
   69  66  81  66  93   2  55  51  95  47  80  30
   18  57  11  40  48  40  38   3  92  28  49  98
   42  40   8  32  44  57  11 100  68  86  67  64
   76  34  59  17
   13  59  59  59  88   9  59  55  55  98  83  42
   25   4  59   2  58   8  53  68  56  95  71  26
   54  48  54   1  17  36  63  55  30  12  82  82
   95   6   6  97  26  20  35  35  35  18  73  39
   37  23  17  61  35  11  48  49  16   3  34  43
   46  57  15  72  65  68 100  43  77  56  63  36
   47  60  33   1  91  38  88  47  75  50  53  38
    4  62  88  89  18  35  87  56  86  19  69  30
  100  45  69  34  66  26  38  15 100  40  32  33
   24  33   8  66  52   7  18  92  94  18  98  90
   43  65  71  32  68  88  31  72  15  62  43  50
   91  83  34  74  66  75  88  26  62  70  39  42
   49  12  65  18  37  45  83  96  69  10  40  63
   22  36   8  41  89  35  79  82  83  97  58  60
   25  84  57  70  39  19  87  16  47  83  53   6
   61  13  48  48  80  87  48  44  78  27   3  80
    6  83  32  24  73  36  16  15  57  85  94  60
   82  45  56  31  25  39  35  49  98  89  99  89
   54  17  53  67  68  32  23  33  42  25  56  68
   91  67  12  79  43  96  55  88  25  19  54  30
   65  95  66  43  79  41  42  64  71  15   9  25
   21  17  73  41  80  77   9   9  68  57  52  98
   62  36  95  49  95   7  83  57  47  73   4  78
   34  37  80  14  14  99  72  10  67  50  59  47
  100  59  45  38  33  76  41  16  97  21  70  33
   26  77  52  54  51  87   2  49  93  45  22  82
   61  89  97  17  38  99  86  96  83  87  19  48
   19  90  85  71  27  70  35  35  45  98  64  65
   57  59  16  47  86  34  71  13  93   3  40  37
   64  34  60  30   9  80  87  33  53  69  90  12
   32   1  45  47  85  39  26  33  47   4   3  67
   46  69  33  48  91  56  56  64  75  21  86  91
   58  56   6  85  68  80  61  77  93  32  56  62
   75  64  42  98
   67  49  79  33  90  19  23  11  58  72  87  47
   51  71  73  82  93  15  84   2  73  56  48  57
   61  24  31  82  28  36  61  14  61  27  46   9
   91  58  89  65   3  42  13  38  57  57  70  60
    8  69  71  61  25  52  99  84   8  99  28   7
    8  50  39  59  45   5  45  40  28  42   7  41
   73  44  49  60  22   8  84  24  59  66  26   4
   34   9  13  36  77 100  23  42  20  96  95  44
   14  65  48  84  47   6  95  47  66  64  70  73
   93  58  38  82  44  87  19  88  48  61   8  23
   66  10  86  47  12   9  51  77  63  93  24  99
   93  80  76  90  77  84  45  34  17  41  51  43
   59  18  22  74  14  42   6  51  72  12  90  79
   28  21  28  68  91  72  46  45  14 100  71  81
    2  89  45   3  38  90  46  16  98  41   6  20
   75  84  27  31  90  89   6  98  15  66  47  24
   93  85  84  79  54  99 100  27  37  61  43  37
    3  39  44   8  61  40  41  82  81  24  94  70
   16  27   3  63  20  77  28  55  64  16  11  61
   61  12  85  37  78  84   8  96  58  23  65  29
   41  98  99  23  75  92  28  78  47   8  53  32
   87  90  94  69   2  48  94  49  80  70  47  20
   22  43  12  38  50  72  31  87  34   1  53  97
    6  24  48  63  77  15  28  62  64  37  65  74
    1  66   9   2  57   9   8  84  64  20  25  22
   24  24  62  92  38  30  71  67  17  52  77  34
    5  32  98  14  97  51  62  80  58  52  24  76
   39  60  86  38 100  98  20   7  27  10  80  51
   48  69  25  88  55  12  36  98  25  43  36  45
   31  66   7  94  69  90  10  34  71  59   6  90
   28  63  67  49   4  62   7  73  59   3  87  21
   68  34  46  65  34  32  11  14  13  16  20  26
   31  65  40  31 100  39  85  49  42  97  38  10
    2  18  61  66
    797   801   764   820   786   794   787   808   817   808   800   812
    865   831   782   838   819   815   829   790
