 15 150
   92  86  86  13  43 100 111  89  54  59  74  54
   96  51  96  10  86 100  30  61  74  25  93  57
   36  20  53  77  38  48  88  91  41  16  92  12
  105  76  37  52  24  92  61  62  51 111  20  55
   27  83  49  70  96  76  27  54  51  35  89  61
   68  54  96  80  45  67  94  44  24  31  22  37
   95  55  43  64  78  96 101  84  27 101  47  32
   18 104   6  83  39  31  37  47  92  18  73  23
   54  92  79 102  85  66  42  82 103  10  44  21
   22  55  57  64  46  37  94  58  47  15  49  59
   34   7  20  82  49  60  78  89  51  46  97  60
   88  93  59  48  43  35  87  91  70  42  38  86
   93  67  30  13  87 103
   84  53  66  46  80  36  29  74  58   9  38  23
   44 108  40 101  31  50  83  32  97 107  23  34
   89  93  29  88  87  42  96  45  62  40  39  87
   70  65  83  11  85  42  41  48 106 102  95  71
   85  58  21  65  67  29  70  84  95  34  61  55
   78 100  55  30  85 104  90  99 117  81  45 108
   64  78  61  82 109 108  33  62  28  60   7 109
   45  24  78  55  40   8  56  51 108  42  89  97
   82  89  35  89  85  96  59  76  86  82 104  25
   74  21  89  27  90  13  18  34  29  90  37  48
   85  76  81  90  13  59  93  25 109   2  39  70
   91  72  57  37 110  32 116  25  18  67 113  67
   89  84  52  78  12  32
   20  70  58  51  38  83  64  53  86  21  50  32
   91  86  32  39  18  97  50  94  48  98  42  33
  106  11  16  46  58  92  44 106  50  95  86  81
   56  79  49  74  90 105  30  21  94  62 102  54
  110  51  94  87  88  72  91  86  46  77  41  31
   54  30  78  26  28  55  83  75  56  25  32  55
  102 114  83  31  52 106  60  84  43  79  90  55
   54  25 104 100  63  97  40  70  34 105  92  47
    9  61  74  62  60  33  53  39  13  78  21  56
   91  85  35  42  19  56  72  54  33 102  43  42
   74  92  21  60 101  84 111  89  83  74  61  27
   85  44  90  64  31  85 110  87  36 107  42  62
   22  41  89  96  44  10
   32  62  37  24  48  58  47  96  29  65  58  69
   77  65  64  59  85  75  67 100  91  80  12  59
  101  55  88  52 101  18  98  71  53  21  17  67
   27  87  68 107 103  97  27  88 104 106  80 104
   47  83  71  33  43  35  40  78  58  58  62  60
   59  65  60  53  69  67  39  97  89 106 109  82
   99  12  91  30  87 105  27  95  84  92  62   9
   60  18  64  72  91  22  54  85  83  79  95  27
   62  71 101  99  41  43  91  41  86 102  16  50
   26  58  29  36  99  63  44 100  95  60 105  23
   76  26 115  26  36  93  92  88  33  79  48  87
   61 106  65  88  77   9  43  66  96  98  38  76
   81  53  16  31  59  82
   85  92  68  36  25 100  76  48  62 112  14 105
   42  29  16  99  78  23  20  34  30  22  78 112
   96   9  71 102  69  50   4  64  91  45  25  26
   74  92 109 114  72  20  11  37  98  82  33  61
   79  17  44  69  37  30 115  71  67  21  58  69
   99  59  47  51 102  84  13  36 101  14 115  59
   29  15  65  61  13  45  37  62  25  40  48  87
   25   9  92  65  34  81  21 112  36  37  93  62
   66  32  38  69  68  20  61  31  97  27  18  94
   52  80  54  22  50  49  46  95  80 108  77  60
   22  84  58  98  21 107  50   7  68 115  43  54
   50  52 101  90  44  52 107 115  39  75  69  55
   75  25  69  58  47  17
  106  55  18  23  99  39 100  73 101  87  89  47
   18  13  86  34  78 108  98  67 110  89 101  78
   52  86  60  54  16  18  84  55  59 105  33 104
   96  10  79  82  50  17  56  22  58  80  64  54
   74  57 112  78 106  73  36  38 117  30  34  67
  108  41  57 109  17 104  87  99  33  53  81 108
   49  32  49  40  83 102  90  25  87  13 102  32
   53 105  92  75  82  71  28  45  63 101  21  36
   93  11  93  65  77  28  25  40 100  56  95 103
   64  73  78  50  78 103  52  15  41  53  18  81
  103 102  58  39  99  95  64  68  32  22 109  59
   22  88  23  52 112  41  36  22 110  83  63  38
   37  84  55  38  20  37
   97  51  91  16  26 102  27  45  63  41  62 103
   78  79  48  19  46  74  21  85 103 111  45  26
   49  77  18  66  26  63  73  97  15  49  23  64
   61  44 116  24  33  34  85  43  35  53  60  96
   60  23  28  59  93  43  73  83 103  61  69  54
   17  85  53  19  69  58  51  31  13  75  28  65
   16  80  49  44  95  51  69  86  80  49  40  49
   80  92  62  29  95  84  15  48 116  49 107  59
   20  33 104  81  92  68  56   5  62  70  43  40
   54  93  20  68  57  53  41  89  49  35 117 103
   60  78  81  24  36  45  56  38  51  57  20  85
   18  18  77  33 107  45  21 112  80  29  30  19
   34  88  56 106  44  82
   59  88  39  78  72  90  48  96   8  18  20  19
   98 104  12  71  93  62  17  48  96  50  93  22
   63  38  72  88  62  76  27  40  73  55  73  77
   23 114  24  22  93  57  85  28 115  84 101  46
   75  65  21  60  89  43  15 102  64  31  72  89
   62  69  61  42  11  24  89  56  29  34  80  99
   77  33  86  86  28  65  68  62  39  22  77  84
   82  95 109  51  61  18 106  39  74  70  61 118
   34  40  98 117  44  19  53  45  31  91  21  27
   65 100  28 108 110  78  48  33  48  68  60  68
   50  53  87  51  16  61  72 100  13  16  67  30
   31  74  60  67 102  68  61  85  90  50  82  94
   96  44  61  10  97  59
   49  80   6  73  90 100  71 109  90  82  66  55
   77  58  74  66  77  41  75  73  43 108  35  42
   96  64  83  65  90  72  57  94  53  27  61  71
   86  91  88  76  75 115  92 102  66  39  83  48
   62  78 108 100  17 111  50 115  16  84   8  66
   28  79  57  60  28  22  96  54  35  18  63  86
   59  67 106  94  93  41  66 102  95 106  60 100
  104  22   4   7  34  61 104  91  61  75  98  29
   58  25  85  95  69   9  83  38  37  85  75  37
   94  25  63  82  62  62  36  69  12  54   7  33
   28  53 105  41  64  78  45  65  19 106  75  16
   69  97  71  73  52  54  96  93  30  33  58 102
   34  54  23  36  71  42
   51 111  38  43  44  96  96  75  85  16  51  63
   49  46  91  47  89  55  17  80  21  79  19  32
   87  63 101  66  59  73  94 100  59  82  53  89
   47 105  67  30  48  17  21   8  79  19  21  62
   97  31  73  26  18  57  96  56  13  22  28  37
   29  71  53  95  25  26  31 116  83  71  95  61
   14  24  43  33  24  33  57  54  17  48  61  41
   96  57  31  97  22 100  96  52  17 109  42  59
   58  34  31  96  40  83  20  70  87  91  60  30
   37  26  60 110  86  15  40  71  74  20  92  27
   59  16  84  82  18  31  22  86  59  50  14  45
   63  72   6  77  74  24  75  54  85  74  34  20
   41  51  29  45  79  68
   23  31  56  88  12  71  66  81  59 112  21  80
   84  50  85  57  83  13  36  77  64  41  32  68
   32 114  49  54 106  13  63  36  87  68 110  33
   86  49  96  38 111  53  31  94  70  99  77  68
   91  90 100  41  42 103  43 110  70  31  71  78
   40  28  79  85  50  86 100  78  68  97  55  38
   46  46  73  59  86  97  33 112  61  97   9  74
   92  22  36  56  20 116  38  50  27  79  55  76
   89  36  19  76  74  25  23  71  96  64  36  15
   80  67  51  49  24  91  51  62  31  51 106  47
   89  66  66  74  83 105  71 108  15  49  82 108
   12  75  48  95  37  15 101  38  70  28  93  64
   72  94  57  89  97 102
   26  27  79  46  28  88 106  51  32  21 107  85
   88  92  62  46  53  57  87  45  35  43  65  98
   27  90  66 113  24  34  26  89  48  92  15  45
   94  88  48  58  14  25  36  19  54  54  69  95
   37  51  52  29  72  35  57 115  65  22  67 104
   44 113  58  49  46  77 104   9  84  26  23 104
  101  86  52  71  80  55  54 100  30  18  57  91
  103  81  92 108  98  88  39  42  15  34  69  67
   96  56  32  78  70  48  38  41  36  58  50 107
   67  82  17   5  34  74 100  35  28  46  86  61
   84  51  95  99  82   5 105  47  22 109  63  94
   44  93  96  68  86  92  21  71  28  34  21  32
   17  24  17  37  31  20
   21  71  80 100  79  94 109  58 114  34 106  78
   93  65  25  80  21  44  33  41  39  66   6  79
   87  78  79  32 112  86  59  35 106  16  75  31
   86  50  81  32  48  89  80  40  17  37  35  79
   44  80  19  20  15  95  28   8  65  95 101  48
   37  14  19  77  98  76  70  64 102  96  57  71
   71  20  76  93  18 109  87  81  37  87  49  98
   55  47  74  50  83  20  74  57  13  71  66  20
   78  36  92  20  81  32  18  28  94  40  80  72
   40  35  29 107  83  86  93 108  90 102  95  18
   79  18  72  14  29  41  51  78 114  56   4  34
   28  77  49  60  67  87  76  78  85  81  56 115
   92 104  90  19  44  59
  105  18  75 102  27  75  61  66  68  41  32  73
  101 107  74  42  94  79  92  84  84  55   6  16
   40  74  18  72  27  24  50   6  24  33  26  32
   91  63  91  41  70  23  54  95  80  91  59  94
   19  84  36  86   8  54  17  77  48  28  31  23
   60  78  65 101  91  24 100 108  71  76  79  16
   22 105  60  57  95  16  94  13 103  24  78  19
   89  81  68  48  72  73  25 103 112  61  38  24
   65  54  58  23  99  34  91  99  64  93  92  63
   27  25  50  22  86  44  63  88  90  16 104  69
  103  81   5  48  90  60  63  64  75  95  26  23
   52 113  95  48  20  84  63  11  52 112  30  25
   64  60  25  27 115  90
  101 101 104  48 101  10  93  22  57  98  89 102
   69 108  81  98  65  12  94  93  47  24  42  80
   76  79 103  92 117   9  65  72 105  55  81 113
   23  20  48  32  44  80  61  70  98  73  97  63
  104 103  37  34  18 108  52  28  88 105  48 100
   98  98  52  31  73  96  30  78  86  17  62  76
   25  78  32  32 108 105  93  50  46   6  60  69
   39  32  22  89  44  51  53 104 105  40  88  42
   67 110  62  43  48 106  42  51  37  23  15  44
   99  51  68  89  17  18  94  98  28 108  59  60
   92  31  44  19  46  21  21  61  99  35 109  59
   99  93  93 104  29  64  26  94 107  56  55  83
   36  34  16  80  19  62
   10  18  21  89  72   2   3  16  62  50  32  52
   22  68  21  98  19   6  72  44  44  93  10  62
   80  90  56  33  73  69  24  19  79  98  15  93
   13  38  79  61  87  16  51  53  62   1  91  55
   80  34  62  39  23  40  77  54  65  77  21  56
   51  50  18  25  74  42  17  58  85  86  81  78
   16  48  63  47  28  20  17  25  91   6  71  73
   92   9  96  29  73  87  75  55  15  85  35  89
   48  23  32  10  25  45  60  21  17  98  71  93
   80  60  58  55  63  71  23  60  68 100  63  52
   81  97  91  27  57  60  31  23  67  69   5  50
   27  13  56  67  73  70  17  28  47  62  65  21
   21  37  82  94  31  15
   36  52  46  65  34  75  88  30  53  94  72  88
   72  10  76   6  80  69  24  70  23   5  93  69
   17  17  78  17  31  60  18  64  51  78  70  16
   41  46  33  94  29  74  75  61  12  17  17  40
   22  51  92  55  44  75  38  31  19  76  52  59
   30  17  59  84  19  12  26  15   2  21  62   6
   49  39  56  25   3  11  78  51  83  49  96   2
   66  79  38  55  79  98  59  65   7  69  25  15
   32  25  84  21  29  24  46  42  27  23  15  86
   41  97  20  78  21  90  85  86  88  23  68  65
   27  27  25  12  93  51  25  89  10 100  72  34
   11  45  58  74   1  78   2  91  97  44   2  51
   20  19  61  31  91  79
   99  38  56  64  64  31  48  66  25  95  55  73
   20  25  74  71  95   9  68  20  70  21  78  85
   11  94  89  61  44  14  64   2  54  16  32  30
   58  36  60  31  23  14  81  98  26  49   9  61
   10  64  16  33  30  48  11  27  60  33  79  75
   48  82  33  93  78  52  27  32  50  83  88  52
    9   5  27  76  55   5  60  31  69  27  25  60
   51  82   8   9  54  14  74  46  74   1  22  55
   95  51  30  41  53  69  49  75  92  42  93  53
   19  21  74  63  92  64  40  51  69  10  70  77
   46  26  86  47   6  36   8  23  21  44  41  82
   23  72  24  46  74  27   1  29  67   6  61  43
   89  72  21   7  58  94
   72  42  68  88  68  47  63   6  77  52  55  38
   25  47  49  58  26  32  44  10  27  35  94  56
    6  49  15  63  16  84  13  46  59  83  97  49
   84  21  46   5   5  21  79  31   7   5  28   4
   72  23  31  84  73  72  68  27  49  49  44  43
   49  47  43  57  34  46  74  20  30   4   3  24
   12  93  12  81  27   3  85  13  35  26  46  95
   53  85  48  38  20  98  57  26  25  28  13  78
   53  33  15   5  74  61  18  70  18  10  86  60
   83  56  86  71  19  39  65   4  14  60   8  82
   35  82   4  89  66  12  27  31  72  38  60  24
   43   6  53  19  42  97  66  51  23  22  77  33
   33  52  97  86  53  28
   26  17  35  74  91   7  38  57  43   7  95   1
   69  83  93  10  36  89  84  84  74  91  31   6
   16 100  39  16  47  67  98  48  11  65  82  85
   38  19   6   6  35  94  96  72   5  30  83  58
   27  94  59  38  81  75   4  48  41  82  48  43
    7  47  57  52  17  27  99  66  15  91   2  55
   91  87  38  45  89  65  66  52  90  76  59  21
   77  98  23  42  73  27  83   3  69  69  14  55
   41  80  70  42  43  94  49  76  14  75  89  14
   60  36  63  93  59  64  62  21  40   7  32  46
   95  26  60   5  81   6  58  98  47   5  68  65
   59  51  10  17  67  53  11   1  72  38  33  62
   28  91  40  57  65  97
    6  54  92  84  18  70  19  45  19  20  22  57
   96  95  27  72  33   8  21  44   7  21  17  26
   60  20  57  57  93  84  25  51  61   3  71  14
    8  97  34  22  55  97  50  92  60  27  46  65
   37  48   4  40   2  31  76  64   3  74  70  52
    6  66  53   6  96   5  15  11  69  53  31   6
   65  75  57  79  24   4  19  89  24  90   2  72
   58  11  21  33  37  43  82  75  54   8  87  73
   12  98  23  37  40  75  77  76   4  47   9  17
   44  31  38  68  31   7  65  99  76  58  93  28
    7   2  59  68  11  19  47  48  83  90   2  47
   83  19  93  50   5  71  72  93   5  28  50  68
   74  36  53  71  86  82
   10  51  15  93  87  14  82  71  49  71  52   8
   33  40  70  92  74  43  84  31   7   1  72  93
   66  40  93  46  92  43  35  20  96  55  85  42
   58  67   1  84  74  77  17  61  76  67  55  18
   55  85  77  56  18  75  47  32   5  49  38  63
   97  26  63  98  36  53  57  80  90  28  75  39
   98  23  60  69   7  51  37  24  38  66  67  58
   26  28  53  87  16  34  94  66   3  59   9  60
   88  80  12  34  27  43  60 100  53  49  67  71
   49  10  85  51  54  61  68  14  67  69   3   3
   51  25  33  95  81  72  51  72  53  49  97  30
  100  88  27  87  11  75  88   7  23  87  88  95
   72  20  60   2  72  38
   46  21  72  36  41  23  65  23  98  87  93  94
    8   8  99  41  17  57  97  72  20  59  10  98
   44  74  47  17  56  35  87  69  44  65  32  34
   89   2  83  85  17  54  34  85   2  31  15  68
   30  46  83  45  18  64  93  18  49  72  48  22
   56  42  58  70  99  92  20  48  80  83  26   9
   25  69  25  24  77  44  51  45  63  96  35  25
   32  23   4  58  43  94   4  80  30  45  48   2
   78  67   6   3  62  91  51  66  84  20  92  86
   46   6  86  11   9  42  60  69  61  52  60  49
   67  50  29  52  91  46  48  10  94  95  37  86
   84  38  46  47  14  35  43  18  24  63  26  20
    8  58  48  99  10  60
   68  37  97  36  18  19  37   1  14  36  46  55
   35  57  43  50  38  67  27  33  63   9  72  63
   13  53  28  37  12  34  60  24  50  83  54  32
   23  17  23  26  39   5  21   4  49  63  32  57
   48  26  12  13  90   6  57   3  97  27  95  40
   85  25  56  51  81  92  11  57  74  85  51  24
   60  48   6   9  22  79  41   5  17   9  50   4
    2  82  98  96  71  49   2  19  43  30  18  73
   58  77  35  18  39  96  24  65  67  27  42  82
   23  89  55  33  50  54  82  50  97  63  95  77
   82  58   7  77  38  36  74  43  96   2  38  99
   49  23  35  46  66  58  12  16  86  81  55   9
   69  55  86  76  41  73
   69   5  79  73  58  22   9  33  17  89  61  43
   56  73  24  59  15  60  86  34  92  25  85  83
   22  51  13  53  60  30  17  18  57  24  62  13
   64   9  50  81  54  87  87  95  23  96  95  49
   18  76  46  88  89  54  24  63  99  89  91  78
   81  39  66  11  86  94  75   4  22  41  16  59
   96  96  60  79  93  79  55  59  89  62  48  76
   12  61  83   5  94  14  18  63  97   5  69  60
   44  82  80  18  73  27  99  50  24  23  42  89
   70  83  60   7  30  91  78  39  41  87  11  81
   50  90  27  27  96  73  85  26  44  69  90  69
   39  39  99  25  44  88  45  63  28  38  72  98
   67  53  76  63  37  40
   92  76  63  18  99  40  54  33  56   8  85  32
   18  65  17  45  28  96  66  25  53  70  83  36
   84   6  64  51  10  94  40  77  19  36   6  74
   31  53  24  79   6  54  85   8  44  16  43  40
   22  29  14  67  67   3  59   4  36  73  35  37
   78  86  36  31  63  17   7  42  48   9  53  78
   70  69  38  43  32  16  72   2  59  14  95  32
   27  95  73  58  97   2  69  55  92  35  55  28
   25  66  99  31  31  86  92  49  12  44  68  96
   32  51  58  62  87  14  54  54  80  66  10  69
   26  45  49  42  21  15  33   3  98  58  32   3
   96  42  57  13  82  96  15  81  36  83  22  55
   44  17  46  23  17   9
   77  84  41  62  82  29   7  59  87  82   9  26
   18  19  55  64  63  55  21  58  81  76  46  11
   85  12  39   3  79  77  85  13  54  27  92  68
   24  24  70  60  93  79  77  96  49  65  41  23
   71  52  67  90  37  76  55   3  37  92  38   4
   58   5  59  60  63  43   2  93  22  76  87   2
    7  25  60  42  40  64  66  20  76  88  60  29
   10  21  28   9  17  31  72  72  94  70  46  36
    9  64  76  39  33  69  73  74  70  59  57   4
   49  22  99 100  82  43  19  79  81  61  19  56
   19  62   9  10  22  99   8  69  96  11  51  21
   67  26  20  38  29  14  99  38  85  83  91  78
   97  80  94  67  88  93
   82  47  37  16  40  25   6  45   5  81   7  33
   12  44  91  40  90  65  74  71  69  37  96  23
   18  33  33  86   7  21  45  83  12  94  39  81
   29  62  25  72  57  20  30  75  89  74  81  23
   73  32  92  95  96  13  74  94  42  17   8  71
   75  92  96  34  10  43  45  48   4  14  58  36
   47  96  31   9  93   3  24  26  70  25  70  15
   53  61  29  54  24  96  34  50  96  34  40  98
   33  69  15  83  29  85  92  83   8  77  31  46
   80  84  81   8  19  24  13  11  13  14  19  91
   32  89  30  98  87  78  55  26   3  55  98  85
   90  35  56  45  40  32  43  27  25  31  53   4
   26  10  18  94  67  57
   10  86  31   2  82  42  55  49  39  66  74  29
    6   7  28  65  16  41  20  30  25  53  98  98
   64  36  89  33  87  93  53  99  83  79  87  79
   12  39  25  67  43  89  61  14  40  20  61  21
   88  24  71  33  94  64  98  33  58  82  72  97
   54  35  55  17  14  87  14  12  43  39  30  90
   81  14  44  55  24  88  19  91  10  87  30  86
   14  31  41  62  33  46  95   9   6  42  77  88
   55  59  62  89   6  77  24  11  42  14  11  52
   81  86  57  93  23  64  49  27  26  96   7  51
   14  38  97  60  27  49  51  51  40   9  85  93
   55   4  14  63  87  34  53  98  65   7  82  80
   50  50  83  81   5  19
   13  19  16  71  19  94   9  82  45  10  19  13
   42   6  25  12  39  94  12  15  65  94  71  29
   43  35   8  18   2  95  41  47   9  56  25   5
   81  92  65  70  75  22  55  33   7  39  18  40
   12  10  81  82  85   3  58  82  27   5  64  11
   13   7  52  76  34   6  88  30  23  97  49  28
   86  40  72  81   4  14  25  59  70  96  42  39
   72  72  83  13  60  69  64  13   9  73  21  66
   38   6  45  70  63   3  61  56  77  83  87  71
   13  64  38  21  86  84  16  13  89  10  55  48
   12  87  59  86  67  92  98  45  12  76   2  52
   15  25  18  13  85  55  85  15   5  54  65  31
   68  79  91  29  93  47
    408   382   382   358   410   368   435   395   368   444   379   410
    392   405   370
