 20 150
  106  28  39  65  82  46  97  38  37  73  70  15
   44  28 105  20  62  96   4 107  62  27  15   6
  100  23  96  16  33 115  17  95  88  93 112  90
   36  98  87   3 103  94  85  64  87  47  64 112
   45 109  57  80  12  74  28  47  39  50  39  32
   68  75  98  50  87  62  66   5  25  59  18 108
   95 101  89  73  70  15  13  71 110  39  46  31
   12  14  89  87  47  92  93  95  37 101  77  50
   32  77  73  42  42  75  66  50  21  55  44  56
   62  31  49  48  67  66  91  31  71 107 100  37
   52  36  98  78 108  57  96  23  13  43  95  80
  114  30  53  80  87  43  89  83  71  61  93  38
  103  95  89  57  43  41
   89  79  95  40  66  91  38  30  88  93  57  40
   74  90  39  66  23 109  16  88  12  60  17  86
   99  65  61 102  71   6  64  29 103  99  62  49
   35  83  49 110  24  85   8  83  35  84  20  67
   21  83  24  91  67  99  22  54  64  81  99  29
   85  37  25 108  97  44  59  81  85  10 112  40
   82  95  51  42  40  60  53  68  42  79  81  54
  100  85  51  42  60  79  32  89  39  65  89 114
   96  75  46  13 108  31  33  97  16  31  90  32
   99  66  44 104  15  47  48  91 102  21 105  81
   95  24  99  40  25  74  19  24  56  59  26  74
   75  17  48  17  16  77  68  30  66  85  68  70
   92  30  27  99  41  32
   36  74  47  75  39  83  54  81  27  10  44  45
   95  32  84  69  87  18  95  76  74  65   8  42
   54  38  34  62  60 108  63  97  22  41  66  73
   24 100  76  37  16 112  18 111  84  80  59 109
   46 101  27  62  46  97  33  90  95  50  94 100
   60  70  21 102  85  37  49  27  46  56  37  53
   28 115  90  91  71  32  80  23 103  23  38  86
   84  47  59  31  98 105  85  73  26  29 105  50
   24  15  45  40  24  85  81 112  60  88 105 107
   11  17  93  48  75  70  75  87  46  62  54  84
   78  58  32 100  54  98  45  79  16  44  80  14
   32  57  37  36  90 101 110  76  21  10  41  89
   57  78  83  71  46  99
   86  84 106  90  89  31  74  66  39  39  25  66
   54 111  47  88 103   4  68  38  23 107  16  80
   83 106  22  95  70  19   7  56  28 107  17  85
   36  60  53  68  27  97   9   9  46  84  14  65
   97  45  96  92 105  54 109 105  98  72  66  90
   30  90  68  86  99  53  26  65  56  44  61  35
   26  61   9  88  85  86   4  57  33  21  93  56
   45  56  53  89  21 110  18  33  83  73  74 106
   89  85  72  96  78  47  58  56  27  32  86  23
   84  21  94  75 103  55  34 100  49  79  23  65
   56  89 115  72  59  72  82  33  46  46  36  76
   28 108  21  45  74 112  98  63  68  34  27  77
   52  48  81  20  27  43
   95  43  48  80  56  52  35  20  87  62 104  23
   18  38  11 102  65  72  72  41  81  89  45 105
   94  71  32  41  59  96  74  56  99  84  71  44
   59  95  23  16  72  93  55  81  37  18  52  76
   34  87  17 102  45  62  14  87  82  33 103  35
   64  89  84  39  66  99  55  35  10  18 104   9
   62  19  97  74 104  90  76 108  64  47  97  73
   89  55  20  97  57  77  25   9  51  75  64  96
   93  48  89  80  73  98 111 106  22  58  67  12
   68  79  95  28  21 107  86  25  80 106  41  88
   84  24  31  89  66  34  85  17  31  67  52  70
   16  40  77  98  17 106  97  98  28  40  60   6
   89  12  60  65  99  74
   24  33 109  78  59 108  96  97  67  54  34  39
   57  64  33   9  43  33  56  53  65  36  26  78
  114 106  69 111  18  58  18  89  93  61  85  67
   80  26  40  20  99  75 117  68  88 107  90  11
  100  19  10  82  90  37  81  21  82  23  97  60
   75  66  12  27  46  96  64  70 108  63  47  88
   96  33  22  98  84  97 105 103  57  78  94  52
  104  43  57  86  67  65  92  36  59  22  18  33
   31  39  77  38  91  24  11  59  27  67  82 100
  109  39  73  79  78  17  81  50  54  29  29  48
   96  55  32  10  56  84  52  97 111  47 105  61
   90  49  48 100  34  37 111  47   8 105  26 107
   26  71 110  30 104  80
   27  46  59  28  58  47  38  60  47  46 100 101
  105  62  65  73  24  95  88  14  80 106  60  63
   70  83  48  96  55  77  15  56  39  10  13  84
   41  54  54  81  61  56  42  82 103  81  82  93
   19  54  46  41  47  77  84  78  77  42  75  93
   14  83  92  26  55  44 116  49  20  47  85  55
   30  93  14  16  83 100  53  86  12  28 102  12
   34  49 105  56  93  54  66  81  80  22  26  20
   64  41  34  98  28  53  97  60  84  51  37  78
   99  65  98 112  76  28  43  27  93  49  27  35
   94 104  79  57  27  21  52  71  20  44  43  46
   53  22  28  75  19  88  16  83  40 104  58  67
   81  35 108  79  97  23
   61  35  61  31  26  41  54  10  20  85  58  22
   18 104  88  91  91 103  86  29  99  51  52  39
   76  50  60  50  83  96  48  37  52 104  52  64
   46  28  35 100  27  99  27  18  72  94  26  50
   26  40  44  41   6  90  69  85  45  67  21  67
  100  31  65  14  81  58  65  78  65  43  52  84
   77  60  99  94  27  50 115  77 117  79  82  66
   64  44  28   9  79  69  24  63  50 100  43  42
   49  71  34  22  69  80  55  30  93  23  89  83
   47  45  14  22  13  34  70  34  20 106 100  38
   78  94  23  81  16  79  72 114  59  20  29 101
   22  96  60  25  57  30  33  72  37  22  70  55
   51  47  43  33  14  23
   42 101 106  46  24  70  42  79  48  72  63  13
   52  58  94  61  93  71  82  40  43  21  92  12
   38  12  32  23 100  32  47  54  42  36  47  53
   20  47  11 104 107  79  23  11  13  42  21  51
   20  13  15  68  72 114  93  30  61  70  82 110
   36  44  71  93  63  46  29  36  25  95  55  26
   13 101  53 109 117  90  27  98  22  74  84  56
   78  35  94  59  86  68  84  82  68  97 103  43
   79  84  43  77  77  28  43  86  60  70  30  56
   72  36  66   6  23  51  99  65  22  17  84  97
   75  21  44 104  39  25  51  85  35  65  97  25
   36  78  66 109  88   2  80  34  51  14  66  57
   82  81  32 100  59  74
   82  23  75  52  62  21  28  56  78  51  15  74
   72  60  30  52  92  31  58   9  49  80  64  59
   81  13  89 101 105  65  24  16  25  85  55   9
   62  42  84  53  56  23  58  93  33  14  40  30
   74  47  81  31  55   6 100  72  53  35  48  83
   82  78  43 100  27  26  60  84  70  56  15  23
   70  15  39  94  71  98  47  53  36  62  25  66
   40  70  54  79  18 115  58  80 107  48  84  96
   49 101  97 104  26  94   5   9 117 104  84  42
   88  47 104  71  38 105  95  98  43  48 114  67
   79  54  10  55  80  69  20  87  31  64  41  56
   32  75  66  17  80  27  49  21  44  37 102  67
   99  75  49  74  65  56
   50  88  81  88  45  49  56  94  77  33  37  25
   98  90  67 106  93  85  21  77  94  51  51  21
   45  98  66  56  23  93  58  30 105  61  36  14
   20  72  42  27  50  41  78  77  70  26  46  33
   30  39  51  92  21  23  20  36  16 114  73  40
   32 110 116  32  48  46  36  77  82  17  62  39
   94  67  34  81  85 102 104  91  88 105  14  22
   98  66  62  38  90  51  22  51  84 101  93  27
   29  26  75  31  57  85  95  43  56  51  80   8
   89  83  20  66 114  86  24  38  71 102  72  77
  113  65  47  78  90  86  85  47  89  40  33  46
   29  17  55  32  81  76  33  27  11  46   6 114
  116  84  42 108 106  52
   82  85  38  29  74  99  72  46  88  47 103  53
   89  99  73  40  59 102  12  95  13  50  51  33
   24  57 100  70  32  26  15  55  58  66  34  67
  107   8  82  74  97  25  17  67  59  57  49  31
   48  58  84  91  70   8 102  18  97  46  90  29
   31 107  90  47  74  28  76  70  38  40  65  23
   98  90  66  51  87 102  80  81  49  58  48  52
   63  66  43  95  69  32  98  42  90  35  34  32
   72  42  94  21  43 111  66  53  68  77  96  12
   17  50  74  94  37  98  31  45  51  59  75  66
   80  63  33  49  89  41  54  12  46  23  93  24
   82  94  57 109  64  18  16  48  24  71  95  34
   91  33  61 108  90  20
   36  85  59 113  94 104  21  60 100  68  85   8
   23  15   5  68  16  89  41  94  98  56  88  34
   82  68  60 100 104  47 101  95  97  26  60  38
   31  52  61  49  51 106  21  95 104  72  76  80
   81  12 100  45  79  34  88  32  43  13 103 102
  106  47  53  89  20  75  53  84  83  99  54  80
   24 108  96  49  41  42   8  53  65  87  82  58
   84  90  44  40 104  85  19 111  71  74  84  34
   71  57  99  95  84  38 102  13  90  63  60  93
   46  36  21  27  37  23  69  34  28  69  19  19
   77  76  74  27  12  22  61  51  50  46  87  26
   51  76  72  83  28 100  32  21  35  41  62  80
  111  27  32  90  80  24
  103  64  78  35  26  29  40  68  18  61  68  81
   78  26  58  23 102  82  70  97  99  69  66  24
   54  93 101  84 110  66  94  15  55  26  64  44
   40  29  81  56 101  22  95  76  87  82 114  10
  114  78  16  22  37  75  13  70   8  71  16  18
   91  70  22  20  21  38 100  84  53  98  58  56
   87  33  78  98  58  23  69  76  46  50  92 116
   12  47  27  16  88  46  50  96  90  56  77  74
   33  32  31  16  77  31  15   5 107 101  65  85
  103  58 102  63  52  67  27  84  75  95  52  63
   92  42  68  44 103  28  46 100 107  36  23  59
   29  95  36  46  41  19  18  61 103  56  81  72
   89  22 106 103 105  52
   21  63 100  84  43 114  32  34  43 102  78 101
   94 102  82  33  82  57  31  20  94 107  93  40
  100 107  34  24  17  28  78  59  82  21  94  68
   88  21  45  68  97  70  45  85 111  78  98  48
   43  40  88 105  71  29 104  84  50  73  66  37
   63  97 102  55 102  47  58  61  84  51  10  42
   64  22  19  24  89  64  80  75  98  29  39  14
   21  79  64  69  59  59  31  77  88  26  50  48
  104  37  61  93  17  17 100  82  63  12  88  99
   64  18 118  46 103  39  57  75   5  36  23  84
   53  41 100  49 113  50  29  47  71  69  74  89
   24  59  68  72  96  39 107  25  38  37  28 105
   45  12  29  17  84  78
   90  84  36  63  21  79  22  79  29  66  74  53
    7  33  12  58  68  61  89  62  19  70 100  76
   98  12  88  99  78  24  76  41  87  42  42  49
   94  50 104  62  91  58  47  25 111  49  80  36
  101  55  59  43  94  50  54  22  12  93 107  68
   34  37  36  19  77  30  34  41 100  88  81  38
   60  33  38  54  20  43  49  33  87  76  30 102
   46  80  85 116   8  49  95  83  56  90  15  73
   96  58  96  59  92  24  16  86  90  60  50  98
  101  56  20  64  98  86  40  95  73  70  74 103
   41  73  56  21  59  28  78  81  18  71 112  21
  105  82  30  82  97 105  83  36  89  81  95  69
   66  59  55  98  64  29
  104  14  35  79  48  14  47  96  24  59  68  75
   76  50  99  59  82  55 116  70  52  68  82  58
   88  62  88 101  11  36  75  44  13  96 106  11
   96  57  77  96  63  24  23  97  24  81  63  90
   35  43  85  50  28  32  39  67  61  46  89 109
   79  88  87  65  99  71  66 108  81  38  13  15
   26  57  35  33  27  98  61 115  61 106  31  37
   81  85  24  59  88  79  56  89  66  61  90  70
   71   6  92  72  88  21  15 105  57  43  81  95
   12  51  50  13  68  12  31  83 105  73  74 109
   62  31  27  73  80  39  85  91  22  99  59  53
   11 107  22  80  47  29  21  19  85  59  87  52
   49  76  24  84   8  98
   54  94  29  18  31  57  53  21  57  43 108  71
  110  60  29  15  34 111  54  91  27  51  63  75
   18 106  49  21  40  45 101  10  80  77  96  81
   95  53  70  28  56  70  84  36  93  73  52  73
   34  16  16  29  94  88  90  57  87  95  52  36
   98  77  71  60  43  78  97  86  87  46  91  91
   54  47  92  30  60  27  36  52  66  70  81 113
   35 104  25  72  70  85  59  52  67  34  58  68
   31  63  50  47  58  36  55   9  60  39  54  31
   44  65  75  29  19  40  67  26  17  81  21  98
   56 103  87 100 117  57  83  52  36  56  95  40
   98  51 103  13  44  90  27  71  72  56  58  37
   63  50  16  15  16  67
   64 115  26  27  37  80  64 100  27  76  49  69
   93 103  98  49  22  34  29  60  73  35  33  78
   57  85 103  61  61  47  53  14 105  61  60  29
   39  71  87 103 103  70 111  18  20  54  16  14
   80  56  40  41  83  20  58 101  69  83  71  66
   97  28  89  47  26  29  79  81  56  95  24  80
   61  32  65  86  36  77  28  96 108  59  18  42
   27  64  92  20  86  47 111   5  64  25  35  96
    5  55  30 105  64  43  82  69  15  33  57  58
   39  61  64  15 100  96  91  48 101  59 100  31
   70  25  55  36  74  90  17  68  56  11  57 105
   43  48  46  74  42  26  34  55  25  41  49  57
   55  57  86  96 103  55
   47  36 102  63  42  79  76  54  28 113  34  70
   19  57  19  57  73  63  83  60  48  21  58  40
   97  10  86  82  69  59  14  33  31  56  63  51
   79  50  64  81  85  42  15  21  18  67  97  82
   91  55  51  37  16  76  25  95  52  24  87 103
   83  85  22  23  49 103  56  55  54  66 103  92
   69  73  23  82  52  72  79  63   9  58  53  69
   19  11  15  60  80  40  53  75  63  78  41  75
   46  61  23  72  40 111  55  26  71 107  99  89
   67  57  42  69  86  88 103  10  64  43  23  54
   87  25  28  87  99 101  10  61  50  48  40  93
   83  87  95  13  18  11  39  75  51  27  62  17
   98  15  26  29  63  58
   12  87  64  52  20  62  14  71  65  37  48  99
   75  80   7  83  51  14  99  11  58  89  97  99
   15  89  12  87  78   1  92  15  32  15   5  15
   75   4  25  99   7  18  24  51  16  66  56   5
   68   6  46  37  94  33  77  56  77  63  76  87
   37  28   5  61  21  53  45  98  92  54  85   3
   15  17  13  42  41  90  93  43   3  72  67  71
   91  95  31  23  56  18  27  14  79   6  29  60
   75  28  34  76  69  36  45  52  88  57  62  46
   51  78  66  72  52  36  12  86  48   3   9  74
   50  74  13  39   7  59  13  88  94  61  20  23
    4  73  52  23  27  61  21  37  44  51  24  66
   16  20  28  57  61  76
   15  33  22  70  37  16  64  85  29  17  61  73
   32  18  63  51  91  11  97  25  96  42  98  16
   18  50  56  10  43  96  42  84  15  13  54  53
   71  29  54   1  79  17  99  21  75  26  87  51
   99  20  88  18  37  17  86  63  53  23  12  91
   31  72  84   3  10  63  47  30  22 100   6  78
   29  24  64  61  63  53  65  38  60  23  24  52
    2  22  69  69  46  25  77  14  73  37  14   4
   17  29  66  94   5  73  85  11  94  80  23  86
   13  42  63   2  92  61  69  20   7  97  14  27
   14  96  20  66  85  35  97  79  52  51  79  39
   37  88  62  90  92  29  42  89  42  34  49  36
   11  77  92  13  71  87
   77  41  70  44  64  33  55  27  84  99  63  66
   15  79  27  34  18  95  11  28  31  44  99  63
   56  81  83  58  46  10  46  21  86  65  52  39
   94   8  38  66  95   7  94   8  18  27  56  11
   74  19  88  51  56   5  78  21  16  66  17  14
   56  35  90  15  18  71  65  88  67  62  77  63
   81   4  21  24  39  87  31  92   8  90  76  22
   28  62  44  80   5  11  26  38  92  91  12  56
   82  94  68  77  91  33  34   6  51  28   4   2
   91  98  14  66  29  49  36  26  58  54  56  27
   35  49  72  16  63  16  71  32  89  71  23  92
   80  55  68  78  18  15   3  28  84  95  65  16
   50  29  27  49  57  15
   32  35   3  30  17  77  37  44  75  70  94  37
   60   8  67  30  14  98  52  81  95  11  87  30
   32   9  90  22  41  85  95  59  81   8  89  30
   80  46  53  49  79  18  95  93  64  21  90  45
    8  75  19  19   7  57   2   9  16  36  38  23
   89  15  45  19  16  66  93  42  58  70  47  67
   88  52  96  28  27  17  98  62  78  92  18  46
   71  62  57  30  94   4  99  78  36  29  44   9
   16  17  45  23  30  56  47  54  82  79  26  93
   28  99  21  38   3  52  78  19  69  29  84  46
   49  16   5  43  61  31  22  82  60  63  71  27
   74   7  83  64  41   3  14  46  47  73  86  25
   62  61  29  91  80  64
   17  61  58  32  55  53  76  91  29  41  15  85
  100  73  93   6  43  33  39  70  31  21  66  12
   24  46  75  64  52  16  29  51  13  18  49  73
   45  11  96  95  30  13  63  33  69  84  60  41
   76  23  99   4  63  43  88  17  28  69  15  77
   42  22  32  75  38   3  48  73  99  84  15 100
   43  98  14  37   9  23  42   3  51  64   5  44
   21  55  96  22  54  32  93  97  62  29  38  24
   18  63  28  29  41  22   5   5  89  49  38  96
   42  36  15  88  91   7  28  89  27   5  62  26
   26  82  82  22  38  86  21  95  74  49  63  39
   93  71  41   8  93  12  11  11  91  74  52  96
   20  98  44  39   7  41
   89  86  10  41  46   3   9  22  35  53  79  70
   62  46  77  96  66  79  53  66  46  70  92  38
    6   3  51   3  89  57  93  15  18  52  33  41
   27  79  63  84   5  44   1  35  32   1  22  96
   13  89  97  29  19  75  33  88  25  85   5  58
   44  47  97  91  68  24  45  46   4  53  62  26
    9  84  84  11  33  19   9   3  53  40  26  57
   10  59  63  24  48  50  16  82  52  84  90  82
   83  70  39  75  19  90  97  60  86  41  22  14
    8  66  30  32  28  97  33  67  60  91  76  62
   18  64  77  93  55  35  63   6   5  57   6  45
   15  58  61   7  82  80   7  62  99  12  78   4
   81  31   9  76  12  37
   84  73  53  88  48  68  80  59  68  73   2   2
    9  40  44  29  81  10  26  88  33  10  44  53
   32  32  60  11  56  29  90  46  80  92  92  34
   66  50  49  24  43  46  62  29   5  32  36   9
   87  53  64  65  65  35  21  24  34  73  44  21
   96  22  27  94  56  74   2  71  98  58  31  52
   81  22  90 100  25  16  62  30  91  88  17  91
   81  66   4  62  18  48  38  32  30  86  89  89
   47  78  68  13  82  54  11  54  20  60  72  28
    5  52   9   2  28  77  68  75  17  65  77  79
   19  16  29  54  90  83  66  41  89  67  77  68
   52  96  76  40  92  23  92  24  80   1  61  35
   34  80   6  30   7  92
   53  80  48  72  89  69  52  98  84  25  61  92
   96  12  21  22  18   9  27  89   9  53  67  71
   41  69  52  55  25  15  57  73  59  12  57  47
   57  84  68  18  92   3  79  88  33  14  94  60
   78  79  70  68  96  19  48  22  66  41  98  41
    8  84  53  90  25  54  47  26  42  59  52  20
   37  50  17   9  88  57   3  26   2  27  21  41
   54  59  75  94  31  47  91  39  61  11  60  75
   56  39  73  86  48  23  60  82  23  97  29  31
   66  73  96  98  91  81  35  85  85   5   4  68
   39  17  85  31  90  24  31   6  57  95  89  11
   80   7  47  86  55  73  69  36  71  91  33  56
   54  72  66  83  95  83
   76   3   2  72  82  45  69  41  63  32  53  91
   63  44  20  41  21  32  28  67  60  99  13  98
   74  92  71  97  15  87  57  51  77  78  58  55
   92  65  91   9  12  37  88  92  91  65  81  63
   87  89  92  39  36   2  21  84  44  38  29   3
   77  64  31  20  46  62  81  70  95  20  61  92
   89  18  66   7   1  16  91   9  96  41  24  54
   29  77  26  48  18  47  26  33  44   6   1  72
   32  26  69  42  40  83  77  17  46  48  82  58
   38  68  46  99  96  61  19  37  86  97  27  14
   44  91  61  11  63  86  65  32  82  44  21  92
   74  29  37   5  30 100  37  69  52  95  45  60
   35  21  76  11  59  37
   24  96  32  63  56  89  77  47  29  63  92  41
   47  47  89  60  12  78  47  97  65  40  51  60
   22  99  29  11   7  44  90  97  95  23  62 100
   53  77  27  61  64  85  60  27  79  95  70  81
   46  65  30  89  51  98  20  30  53  81  64  32
   24  24  67  17  84  93  51  34  43  53  94  95
   33 100  67  19  47   5  73  59  80  43  80  50
   63  40  65  40 100   4  47  31   9  61  26  14
   56   2  18   7  94  10  97  93   2   2  31  61
   18  67  16  35  81   6  17  20  69  59   5  35
   32  56  95  51  31  48  82  29  78  40  78  59
   73  38  53  95  38  80  67  93  58  75  15  51
   17  43  55  42  38  46
   57  29  29  15  60  66  55  24  26  71  76  90
   10  14  39   2  20  21  87  43  11  57  57  84
   68  17  54  64  94  11  52  86   2  52  72  96
   94  44  72  77  58  70  39  34  47  78  68  80
   73  70  57  27  92  88  91  70  90   4  32  77
   73   2   1  76  54  74  71  41  37 100  53  79
   12  40  85  25  33  18  14  16  14  12  88  91
   13  41  46  73  16  54  98  55  32  12  21  91
   73  82  37  83  49  22   9  67  48  67  26  98
   28  19  86  46   3  33  92  72  32   3  31  29
    5  54  66  34  30  26  24  69  22  62  80  62
   91  94  50  74  29  38  71  90  93  68  97   5
    2  18  78   7  12  59
   22  31  77  78  46   4  31  61  23  60   6  57
   27   7  32  75  59  17  93  11  89  63  55  73
   91  56   7  34  79  84  97  57  47  48  75  39
    6  98  24  46  20  77  97  52  44  49  63  75
   66  45  34  16  36  94  11  94  11  67  14  87
   87   8  26  68  43  76  29  41  71  80  37  79
   19  20  39  65  25  17  35  24  58  61  70  65
   52  39  76  15  47  79  11  60  23  83  86  80
   39  69  17  88  71   3  51  64  50  40  11  99
   97  64  28  26  65  20  80  61  68  52  34  41
   31  48  76  57  16  66  56  98  64  82  20  85
   36  21  46   7  44  95  92  59  92  46  21  86
   16  75  45  11  15  88
   70  34  44   1  22   7  94  46  17  46  30  98
   85  87  97  45  89  14  69  17   7  50  28  77
   20  48  53  13   5  71  12  15  17  89  45  72
   78  57  54  56  67   8  90   8   4  39  39  28
   37 100  11  61  34  78  27  85  68  90   8   2
    3  64  58  14  82  32  58  27  20  14  49  24
   80   7  20  62  74  72  96  55  40  24  27  62
   33  13  73  76  15  20  93   9  40  38  32  82
   41  61   9  12  20  75   3  97  30  42  42  10
   72  84  92  76  72  82  42  69  76  51  89  96
   35  34  33  84  90  89  56  67  66  74  18  77
   51  40  37  27  89  11  80  99  69  75  51  38
    8  75  77  30  39  91
    3  53  41  76  87  82  76  41  86  42  34  28
   39  81  46  84   7  32  33  10   7  41  47  87
   55  15   3  27   1  51  17  98  64  77  48  73
   75  90  30  58   9  93  15  35  24  31   4  96
    1  30  89  87  80  33  93  36  96  42  99  97
   20  49  97  88  90  77  14  23  57  21  54  55
   18  74  40  12  50  81  42  31  56  61  26   2
   94  55  81  98  22  56  63  23  27  55  31  34
   72  70  81  93  27  88  91 100   7   3  51  26
   12  49   5  54  63  44  85  20  42  24  53  43
   23  77  35  67  16  88  58   2   4  73  92  51
   75  12  83  59  67  94  92  44   1  52  33  34
   16  95   9   9  14  56
   90  45   8  32  60   6  77  74  67   5  35   5
   17   9  30  86  28  50  74  89  24   8  23  77
   17   2  68  96  98  76  26  60  28  86  17  39
   16  90  62  49  14  32  68  35   2  30  12  62
   76  68  28   3  36  79   2  22  70  32  51  66
   50  23  17  51   8  60  49  50  31  51  94  78
   48  92  84  83  16  56  23  34   8  74  73 100
   98  33  45  51  56  52  84  34  24  80  57  67
   14  76  41  24  89 100   9  23  56  99  19  12
   46  97   1  60  11  79  45  42  99  80  89  26
   58  74   4  62   7  59  82  69  34  47  28  24
   78  49  41  43  24  63   7  79  78  66  81   3
   69  93  81  88  24  32
   25  23  81  40  86  35  87  39  74  43  37  52
   96  84  93  44  38  54  21  53  95  48  11  37
   18  94  28   9  42  96  41  70  32  67  67  53
   14  68   2  57  15  45  63  85   2  66  25  81
   16  61  57  69  12  57  60  88  97  18   5  35
   68  77  70  93  43  81  79  79   9  25  37  74
   48  85  67  63  86  65  53  74  24  27  72  13
   72  30  32   4  97  70  13  22  51  16  99  38
   13  44  24  49  24  83  97  19  28  45  54  17
    6  62  84  52  17  32  71  15  31  45  33  11
   70  31  55  99  46  91  33  33  93  36   4  90
   14  25  88  21   8   3  29  75  15  37  22  46
   50  55  59   5  42  82
    4  91  67  34  64  88  66   7  78  55  40  28
   33  58  10  56  28  47   2  32  63  48  38  61
   31  47  25   7  97  79  39  73  95  14  14  94
    8  47  29  22  57  83  97  13  93  27  52  14
   80  69  35  57  83  74  81  36  57  65  13   3
   34  19  18  50   8  42  45   3  28  70  89  99
   81  48  76  86  80  18  54   3  53  10  77  65
   30  27  96  59  29  33  46  25  46  41  30  44
   41  99  11  30  25  82  96  12  50  73  27  25
   92  53  64  95  46  90  77  31   2  30  32   5
   44  71  75  47  33  69  25  29  92  11  59  51
   96   8  97  34  62  81  96  99  30  56  32  65
   55  37  85  27  97   7
   56  23  91  99  72  51  55  86  47  66   6  43
    7  56  75  91  72   9  56  24  92  55  41  40
   87   2  58  88  80  70  12 100  38  36  18  28
    9  63  41  81  59  43  32  69  11  35  67  33
   79  96  86  84   9  29  26  46  15   9  59  84
   15  29  37  51  73  34  19  19  33  58  16  20
   55  65  25  82  56  82  66  66  48  40  25   6
   70   7  83  41  33  32  61  62  50  76  52  40
   80  57  63  66  61  79  49  95  51  74  52  73
   60  42  40  83  96  80  40  77  95  31  82  19
   60  13  31  15   3  57  25  58  75  50  16  62
   12  68   6  98  64  13  80  36  41  54  53  76
   42  61  98  94  99  45
   51   4  82  77  83  31  56  14  79  30  64  44
   16   3  13  69  96  71  75  57  38  69  81  27
   55  26   7  42  52  56  54  89   9  46  50  75
   66  42  25  10  17  37   4  90  89  59  91  95
   39  57  65  69  33  91  56   9  40  19  38  50
   15  78  21  61  87  85  28  24  52  11  93  22
   52  74  44  33  68  32  85  10   7  58  96  74
   87  40  10  98  29  59   2  98  38  85  81  15
   97  56  77   8  52  71  23  38  96  78  45  58
   64  56  54  99  12   9  29  58  11  48   4  85
   32  84  56  72  34  12  98  36  50  95  58  14
   77  61  72  42  61  83  68  51  87  68  59  49
   64  45  24   8  15  54
   64  84   9  51  72  36  42  48  89   6  86  39
   92  53  98  56  32  45  30  60  67  94  58  74
    7  94  30  23  42  60  94  69  89  62  43  52
   25  66  47  23  24  70  92  86  94  44  22  34
   20  60  65  83  92  40  87  15  52  84  16  13
   25  17  82  95  60  15  62  61  66  53   9  20
   50  37  90  32  54  43  33  47  93  52  50  42
   93  94  88  55  28  78  58  27  55  34  74  35
   56  48  95  34  73   2  56  92  46  10  10  29
   50  55  62  51  33  28  14  92  52  64  89  49
   15  81  85  20  12  17  99  41  58  66  71  24
   28  18  19  95  93  93  78  32  63  84  40  98
   17  89  84  87  47  52
    289   301   301   298   298   286   306   322   320   320   303   308
    298   296   289   293   294   307   303   326
