 10 300
  104  47  16 109  50  15 103  46  31  29  68 108
   61  48  96  65  92  86  13 106  10 105  52  68
   98  42  39  29  32  48  46  56  41  31  83  69
   68  28  73  22  29  64  74  87  55  48  92  26
  100  84  76  93  19  71  46  41  71  69  44  72
   31  95  42  31  12  41  57  82  30  82   3  98
   19  41  73  18  29  38  39  64  26  95  76  59
   56  87  97  15  37  57  90  25  31  92   7  53
   22  69 117  97  79 100  27  14  40  49  22  71
   25  74  88  58  48  63  48  29  56  32  63 101
   13  83  92 106  31  91  49  92  25  34  92  56
   89  68  77  74  88  64  83  43  55   6  49  51
   97  67  53  97  33  69  22  68  67 103   6  14
   53  94  51  33   6  86  17  46  64   7  87  83
  104  74  78  21 114 106  53  21  53  49  27  31
   20  31  28  46  18  60  45  66  16  52  39  45
   59  65  85  68  77  45  88  85  99  41   9  99
   81  86 106  93  45  25  74  40  46  64  42  98
   48  27  51  95 105  66  57  47  68  24  34 111
   88  98 116  20  94  67  92  89  31  19  46  64
   53  20 105  54  31  98  21  59  77  64  34 103
   74  89  73  93  89  80  71  98  53  41  19  57
  103  32  16  27  95  32  75  61  24  49 108 103
    3  63  21  90  52   7  56 105 108 100  10 100
   46  24  96  34  95  11  93  54  67 105  94  77
   26  28  23  46  34  81  44  29  50  33  22  99
   82  15  67  21  37  38  34  71  16  98  90  54
   39  81  16  55  71  77  40  17  97  50  96  60
   62  47  37  97  83  49  99  96  81  73  88  97
   96  32  45  18  43  98 102 106  86  80  88  31
  114  31  50 106 105  30  93  65  20   8  94  38
   97 105  22  27  21  94  86  97  45  33  87  71
   56  90 107  63  40  12  70  37 111  53  42  58
   58  51 100  18  90  48  44  85  93  93  86  90
   33  14  74  25  44  18  51  18  78 100  90  18
   34  62  55  47 106  91  22  28  39  87  63  96
   70  11  62   8  37  56  84  96  37  17  35  90
   71  18  12  93 114  82  40  50 111  31  88  45
   59  69  49  25  54   7  33  93  21 100  13  96
   48  67  72  26  85  23  84  98  90  93  95  63
   85  75  56  50  26  64 105   7  12 116  91  49
   25  99  31  33  94  58  72  83  51  86 102  64
   80  33 104  42  98  91  79  28 101  20 111  19
   77  18  30  53  61  56  46 103  83  35  69  25
   99  54  67  56 104  68  94  34  54  48  26  26
   38  56  55  92  78  74  86  65  81  22  95  22
   75  36  62  32  69  85  52  31 106  81  75  67
   98  73  76 102  43  91  96  58  85  54 111  71
   29  55  71  32  20  92  28  55  91  82  39  37
   71  17  10  41  24  75  58  87   9  95  28  50
   62  99  27 117  50  92 112  93  76  12  54  56
   50  91 108  46  66  52  50  67  10  40  66  92
   59  12 100  84  38  89  65  92  59  60  16  39
  106 105  37  83  78  76  62  90 103  73 107  62
   59  21  72   4  54  12  58  47  96  33  61  99
   26  62  88 104  88  93  64  26  32  73  51  46
   63  49  94  73 114  77  53  31 114  15 110  78
   21  73 115  80  30  50  18  54  95  94  39  59
   28  56  68  22  53  88  63  17  82  21  47  42
   46  16  46 102  47  77  78   8  13  37  60  86
   16 109  92  59  82  54  76  82  85  53  68  95
   81  55 103  40  42 117  23  42  32  49  19  48
   93  75  15  35 114  39  97  51   8  12 110  56
   98  75  45  39  37  37  28  24  45  44  21 101
   94  12 112  14  57  50  54  21  71  34  71  94
   33 108  29  65  97  41  76  18  97  46  64  54
   11  77   8  19  58  65  89  64  85  81 105  22
   49  97  24 105  78  17  68  11  34 106  62  70
   25  77  31  26  89  99  62  53  79  63  85  61
   29 105 110  27  30  65  28  81  95  84  73  39
  106  70  40  38  40  18  82  24  56 106  79  31
   13  87  33 102  91  65  69 114  87  53  44  40
   90  40  47  64  28  73  69  89  98  37  22  80
   20 104  93  65  53  26  64  98 112  79  65  29
   85  35  70  25  44  82  69  98  62  61  77  83
   61  95  72  14  27  81  60  17  82  92 106  66
   52  45  90  29  32  29  74  70  29  36 108   9
   48  34  15  36  90 112  96 114  13  36   4  90
  101  90   9  92  26  10  80  36  88  62 109  23
   95  72  83  50  35  24  94  35  51  71 104  36
   93  18  13  65  83  23 112  54 100  25  82  81
   63  94  21  99 101  27  83  37  50  16  42  88
   52  67  15  48  26  44 112 110  22  88  35  44
   26  68  86  50 101  13  66  56  61  70  39 107
   77  51  85  54   9  84 104  22  50  65 108  99
   91  28   9  69  19  99  91  53  90  55  18  74
   36  45  41  90  48  66  78  45  12  79  20  98
   31  80  82  20  19  32  34  17  77  51  64  87
   55  69  47   5  30  78  47  88  83  95  31  22
   90  23  67  24  75  25  23  29  10  28  93  85
  112  88  87  49  81  26  65  35  93  86  68  40
   32  42  48  72  53  74  32  39 101 110  85  45
   81  36  55   5  24  86 101  27  16  85  44  46
   70  78  47  10 107  90  31 108  93  37  27  67
    7  75 112  81  84 112  24  42  82   7  14  72
   48  28  90  25 101  87  64 116 105 105  97 115
   38  50  50  94  39  87  91  91  13  72 108  38
   93  97  64  99 110  18  61  89  59 106  24  71
   56  46  19  28  54 113  52  75  59  87  22  48
   64  67  49  69  10  72  69  48  53  69  17  48
   57  61  25 104  85  99  99  26  55  19  89  22
   33  38  22  78   7  20  81  85  23 106 108  42
  101  20  84  69  71  80  92  93  24  80  69  66
   37  29 102  64  44  88 111  29  62  55  16   6
   24  21  25  76  91 105  23  60  95  97  50  12
   62  45  45  37  76  83  32  63  22  84 107  48
   30 104 107  16  67  79  55  45  13  36  64  83
   14  75 114  30  56  85  65  38  20  71  38 102
    5  70  68  49  55  57  67  43  24  86  51  89
   16  60  50  34  41  24  73  69 112   8  95  63
   23  95  62  73  50  27  39 101 108  56  63  26
   93  30  23  56  23  85  64  88  24  58  43  81
   80  92  69  93 103  34  62  86  51  93  72  70
   48  23  47  99  43  60  54  24  69  72  92  88
   77  59  38  84  58  76  26  43  61  36 106  62
   14  43  27  95  66  74  31  73  70  61  64  67
  106  97  26  66  62  85  99  12  84  61  98  35
   19  78  59  27  39  27 100  91  75  50 104  36
   19  99  31  78  73  18  92  50  70  87  33  82
   99  41  97  45  54  29 115  10  70  12 116  74
   79  75  27  85  95  78   9 103  34  49  25  87
   99  16 115  97 113  45  43  77  25  39  92  57
   25  69  98  65  13  73  39 109  19  75  65 105
  107 106  35  43  86 103  27  74  40  29  31  76
  112  70  90  18 106  31  56  52  24  67  53  56
   72 109  66  71  65  22  35  87  90  21  77  80
   75  30  32  31  25  60  22  95  76 100  59  76
   28  86  15  17  25  28  84  16  26  33  85   9
   45  84  23  40 111  51  79 100   8  53  36  53
   40  57 117  80  36  35  91  14  33  89  41  76
   24  55  78  98  81  54  34  44  24 102  35  91
   48  47  81  45  20   7  74 111  11  15  41  92
  104 109  56  71 101 103  98  94 105 102  24  88
   52   8  33  87  26  93  53  94  23  47  33  90
   84  78  87  12  24  84  12  82  63  58  47  80
   29  25  58  63  83  52  21  62  64  37  64  99
   92 104  89  16  44  66  62 105  32  22  96  83
   83  44  83   4  45  61  11 101  21  60  76  90
   15  32  84  26  33  78  50  75  13  35  58  49
   38  44  83  71  55   3  31  14 114  24  55  43
   17  35  40  83  38  88  43  64  51  64  98  77
   21  35  69  92  42  50  16  78  14  74  95  33
  101  96  45  30 101  22  78  15 107  78  84  84
  105  15  96  73  95  17  12  64  41  80  48  44
   71  33  80  40  95  17  77 109  26  70  49  57
   50  66  56 108  83 108  17  19  98  36 107   8
   96  16  89  24  23 102  63  87  58  66  40  38
   95  62 110  91  94  59  98  85  81  40  39  58
   56  87  20 100   9  58  34  91  95 106  83 103
   97 109  40  20  90  12  97  29  33  55  91  17
   51  56 108  49  23  54  20  56  14  88  54 102
   27  68  90  69  76  93  62 102  57  77 105  77
   96  71  30  79  95  56  57 105  52  44  23  82
   64  55  55  87  22  33  42  28  66  77  25  91
   79  31  85  54  83  63  48  85  49 109  91  91
   65  73  65 115  97   3  60  81 108  71  51  33
   82  68  56  74  44  97 109  31  72  82 110  64
   30  71  90  31  49  82  86  17  62  30  80  67
   73  40  95  86  93  91  69  61  22  58  71  64
   58  61  92  93  96  98  32 110 111  27  99  60
   97  32  87  37  58  69  21  77  59  64 101  59
   65  99  67  27  18  47  13  53  71  64  68 108
  106  95  71  69  31  44  40  17  47  95  14  16
   72  45  93  15  43 101  34  42  80 103  56  33
   14 101  16  62  58  75  35  62  63  59 103 116
   39  30  80  66  36  76  35  35  93  18  22  95
   44  93  41  14  46  66  45  35  88  81 104  67
  105  72  74  63  83 105  68  27  98 100   9  35
   96  49  72  41  44  41  91  67  88  18  39  79
   41  96  25  20 104  38  57  72  87  24  65  55
   30  83  42  81  82  61   7  84  68  97  95  96
   91  40  61  48  98  31  38  73  52  75  73  23
  100  27  18  69  85  10  23  12  35  31  64  70
   69  47  45  45  64  96 105  86  57 106  82  85
   99  46  93  48  76  94  34  66  42 101  21  43
   77 113  30  47  11  56  30  14  24  51  52  86
   22  42  59 110  66 115  39  69 106  23  82  71
   46 106  44  27  84  49 105  29  36  28  77  63
   27  38  93  12  56  42  50  82  81  34  56  39
   62  43  65  26  32  79  43  87  75  27  51  36
   81  85  95 111  37  68  38  40 100 101  23 103
   46  28  86  90  50 102  92  23  61  47  40  15
   16  77  37 108  46  23  78  24  18  66  56  74
   68  20  34  47  57  33 104  38  64  57  92  70
   28  53  60  34  24   9  62  21  98  73 106  94
   43  66 112  62  38  37  97  60  83  44  93   6
   80 100  72  45  56  22  46  28  19 104  85  55
   58  60  97  19  19 111  44  68  28  74 105  31
   67  28  39  67  49  65  24  24  97 104 112  88
   93  52  60  40 101  48  19  74  27 104  64  91
   96  51  29  52  84  19  64  66  98  67  88  20
   39  42  33  20 107  79  25  22 100  96  13  34
   99  22  87  74  61  37  29  35  70  38  34  54
   13  20  23  47  91 106  82  95  21  63  28  47
   39  45  32 106  67  27  53  65  93  34  42  27
   37  57 108  14  80  27  57 112  61  48   7  47
   19  89  34  39  47  87  17  82  73  35  50  58
  100 110  24  62  68   3  46  69  32 100  34 103
   63  66  92  36  46  23  50  46  61  51  57  45
  105  39  45  56  58  68  48  41  91  25  71  63
   64  93  58  21  53  70 110  23  54  70  81  31
  106  58 101 107  25  87  74  31 101 116  23 104
   25  56  70  30  18  37  92  40  93  91 109  56
   28  19  35  36  35  79  74 100  60  92  81  65
  104  72  66 105 113  79  40  25  24  43  69  21
  115  54  46  26  79  90  29  83  73  13 114 108
   43  82  63  68  50  66  61  12  35  81  98  87
   91  72  57 108  66  95  91  88  63  28  62  57
   49  55  37  86  39 102  58  33  66  24  45  34
   78  32  40 118  58  33  28  33  97  65  71  30
   15  71  75  14  95  85  50  81   4  97  11  99
   58  72  12  52  21  93  14  48 100  48  65  88
   13  19  63  51  23  34 107  98  77  78  27  39
   86  58  78 111  27  65  27  67  99  35 115  76
   11  72  65  52  59  46  17  28  57  75  60  79
   11  69  64  88  34 113 116  41  71  54  56  93
   80  88  41 101  80  90  45  10  73 113  11  59
   69  66  44  56  45 111  48 107  52  28  27  92
   78  82  94  64  44  71  89  22  49  32  78  24
   68  56  98  82 111  19  32  25  57  58  44  44
   22  30  46  75  90  36  31 101  87  80  50  69
  101  70  34  79 113  92  66 111  80 112  49  97
   26  19  56  86  74  62  29  31  58  34  17  90
   35  33  43 108  75  17  54  18  90  47 110  25
   23  33  89  47 100  93  58  70  37  55  26  40
   54  84  49  47  58  20  65  95  48  26  12  38
   13  67  77  15  62  56  71  70  77  12  60  46
   60  36  27  55  36  71  46  40  61  15  59  17
   41  79  94  85  93  96 111  95  33  71  81  25
   81  27  42  24  21  64  33 110  44  47  92  11
   32   8  36  93  85  83  80  51  25  12  30  94
   65  88  37  98  58  64  63  41  35  79  37  97
   35  45  43 116  49  66  65  53  34  51  27  54
   34  67  23 108  71  53  19 110  23  42  43 116
   61  31  55  54  74  62  96  86  93  83  10  61
   90  26  61 105  90  58 107 108  66  84  66 102
   33  50  74  85  91 106  19 107  78  26  42  44
   44  75 101  39  25  83  22  92 105  16  81  21
   93  46  74  73  33  95  84 110  74  42  24  26
   48 105  41  58  82  53  75 103  76  28  77  27
   48  39  20  74  11  70  40  62  88 108  33  35
   92  99  94  46  47  54  99  23  20  67  80  85
   73  69  34  56  19  57  37  18  10  11  54  70
   43  37 100  81  71  39  61  10  32  11  31  48
   31 108  46  64 100  17  94 101  40  58  75  12
   99  90  89  67  46  70  62  43  35  89  95  41
   88  56  67  84  91  32  32  85  44  86  78  99
   79  81  91  42 103  75  94  31  51 108  47  60
   68  42  35  40 107  77  88  76  52  48  27  38
   60  19  31  62  85  88  41  58  71  26  91  35
    7  63  86   6  60  94  13  69  71  89  37   3
   58  58  17  49  24  18  92  10  92   9  52  37
    6  63  63  89  87  55  65  55  61  89  23  35
   41  76  39  82  75  49  42  16  58  59  20  85
    8  22  30  10  92  33  62  63  36  48  70  43
   77  13  63  80  90  72  58  29  72  30  99   5
   89  75  38 100  91  73  68  47  80  16  40  53
   48  30  21  95  74  63  23  80  87  16 100  57
   86  42   2  10  28  17  84  91  71  61  95  42
   93  28  15  50  60  57  57  89  59  86  41  13
  100  30  16  11  78  15  56  28  91  81  12  50
   31  52  32  46  24  50  36  75  51  96  60  60
   15  52  63  15  73  41  88  43  45  17  96  93
   62  10  55  82  99  23  97  72  56  97  33  21
    5  39  30  85   2   6  58  94  61  59  92  77
   90  80  77  64  87  43  59  39 100  51  77  62
   52  47  17  49  28  66  26  22  17  69  98   8
   30  30  11  18  68  84  28  74  60  44  72   7
   59  77  51   9   4  41  48  59  43  86  77   4
   20  22   2 100  18  38  13  26  74  96  69  48
   53  83   4  53  80  20  88  48  39  40  68  11
   35  28  45  14  15  23  38   7  56  77  99  61
   11  87  93  76  20  80  36  50  84  65   2  12
  100  46  90  18  59  99  55   6   5  15  94  18
   59  88   8  82  10  95   9  58  52  13  12  43
   77  88  85  74  80  26  62  91  67  72  89   6
   30  99  44  93  68  77  82  33  98  17  19  65
   78  35  92  59  35  29  64  92  19  64  17  47
   56  70  69  14  23  59   9  11  30  44  24  14
   18  80  65  99  66  13   5   3  16  39  16  84
    3  84  64  12   3  87   9  51  93 100  18  74
   23   2  97  80  95  21  31  19  67  74  31  41
   57  17   7  51  63  99  39  76   4  51  73  46
   58  59  20  88  28  72  70  32  10  14  28  29
   75  99  41  81  72  86  63  86  32  10  14  94
   86  53  56  73  12  22  91  91  63  29  56  12
   45  93  42  95  74  56  19  23  67  99  81  22
   37  89  94  14   1  22  64  67   4  87  14  67
   49  42  71  95  50  96  77  25  81  19  94  24
   59  41  41  76  20  87  27  13  15   9   7  51
   26  37  48  54  80  40   6  97  90   3  14  54
   95  12  88  79  23  55  43  26  57  32  14  56
   31  82   4  76  11  20  33  75  16  83   3  87
   35  97  77  56  58  49  70  14  31  75  50  80
    4  57  52  62  10  41   9  77  48  54  90  82
   79  47  55  15  34  43  18  53  33  97  24  81
   27  75  43  72  35  35  67  78  11  33  34  41
    9  30  44   6  72  20  12  54  26  65   8  48
   88  47  33  84  92  28  91  65  18  23  81  75
   37  92  99  78  78  36  53  22  95  11  91  55
   45   6  81   1  70  19   4  18  40  99  49  55
   65  25  10  73  52  51  60  42  97  64  43  26
   58  99  13  31  70  21  44  17  43  56 100  69
   10  13  66  36  37  35  44  21   7  37  10  53
   50  93  32 100  52  96  58  62  13  70  55  13
   76  49  20  15  16  23  48  90  86  37  65  59
   40  62  23  32   1  25  58  77   3  95   9  38
   90  44   2  23  87  58  89  49  15  22  69  56
   86  55  40  81  58  23  46  87  38  96  64  69
   69  86  65   9  61  35  33  98  96  65  45  32
   93   4  21  44  30  58  26  30  33  57  44  10
   31  55   9  71  69   2  97  63  79  66  92  58
   26  37  94  74   2  67  12  63  95  96   1  55
   15  31  75  70  78  80  74  93  63  67  98   8
   20  91   2  92  51  61  48  86  46  81  36   8
   86  10  74  42   6  76  35  86  16  59  52  65
   99  26  98 100  60  42  14  46  30  33   4  88
   54  16  92   7  25  92  47  92  84   1  55  41
   86  33  75  92  26  15  42  51  23  48  32  48
   78  14   3  86  86  39  84  32   7  28  36  79
   11  50  69  70  76  98  26  84  53   5  28  80
   89  18  79  14  23  47  41   5  26  65  61  76
   27  74  71  52  79  41  39  16   6  79  94  35
   94  12  10  46  66  83  44   4   2  41  49  89
   25  76  43  87  60  29  39  17  41  55  43  30
   53  23  41  98  89  26  45  93  21  16  12  38
   58  62  18  83  72  91  33  32  82  78   9  96
   58  69  87  68  26   8  21   6  99  70  99  28
   14  27  96  25  76  99  25  79  26  45   2  97
   13  40  34  61  81  89  10  82  68  36   4  75
   23  93  96  41  21  83   5  65  11  87  23  25
   57  15  84  13   6  78  24  66  58  86  60  21
   57  45  92  62  89  71   4   2  93  24  75  61
   87  39  28  65   5  90  52  55  44  48  76   6
   33  58  26  63  99  33  10  88  62  55  12  20
   26  89  95  40  99  16  24  64  16  64  90  33
   70  70  61  25  69  41  33  75  96  30  98  10
   82  30  29  94  94  75  68  92  35  54  38  32
   55  41  56  98  76  34  64  23  32   8  79  96
   14  80  40  87  33  88  81  81 100  79  14  20
    5  14  17  65  22  78  42  70  20  19  37  62
   86  75  72  39  65  37  82  79   8   7  30  61
   30  79  65  99  95  33  12  91  92  28  58  73
   43  28  66  95   8  21  84   4  15  65  84  37
   95  39   1  35  32   7  89  62  25  96  91  39
   62  90  19  90   8  26  47   4   5  15  19   1
   81  65  61  21  80  29  23  20  95  47  12  73
   19  22  50   7   5  86  49  22  44   5  82  45
   50  65  86  91  62   4  59  28  52  24  84  63
   52  44  60  42  92  45  42  56  49  38  97  63
   45  58  90  16  31   5  10  92  53  93  20  87
   75  79  84  39  96  93  27  18  89  10   2  70
    7  83  34  35  49  40  11  23  89  37  49  49
   71  81  13  39  60  14   2  90  58  50  97  97
   86  93  78  44  26   2  86  51  21  20  65  91
   47  73  60  68  42  31  78  48  90  18   8  68
   88   3   8  96  52  41  54  59 100  83  50  28
   97  43   3  73  54  30  52  77  96  49  73   9
   98  50  39  62  65  54  38  62  96  34  62  21
   97  57  57  70  61  96  29  47   7  97  20  45
   89  13  43  30  62  93  80  14   6  54  44  92
   24  82  96  51  93  29  40  25  85  51  63  24
   39  19  50  26   8  83  55  23  62  14  39  39
   56  87  62   3  59  53  53  88  42  42  26  19
   37  61  65  22  53  28  77  65  54  84   1  40
   99  66  76  13  53  31  86  40  45  59  48  45
    4   7  79  52  47  27  19  95  36  51  11  75
   92  39  55  88  78  78  18  15  37  61   3  72
   98  13  86  24  44  87  19  59  37  26  83  33
   17  75  18  63  48  73   2  97  41  90   2  37
   32  37  87  27  21  37  98   8  79  56  86  26
   16  99   5  16   5  69  77  32  78  80  17  55
   81  50  11  53  90  34  72   7  86  44  46   1
    5   8  85  75  31   9  86  37  76  76  86  34
    2  48  23 100   8  83  57  52  95  52  64  53
   39   4  54  31  51  92  71  24  28  84  43  28
   40  74  79  88  87  47  84  17  37   8  57  29
   75  25  96  93  77  87  27  92  79  74  28 100
   73  30  83  65   7  63  40  13  99  52  80  57
   71  59   2  26  80  67  19  95  80  16  68  44
   79  64  33  10  23  57  75  66  82   5  82  15
   58  73  26  74  91  99  34   5  98  99  74  22
    6   6  51  40   5   8  15  19  15  10  82  29
   65  94  72  22  81  13  50  22  88  68  86  21
   31  25  33  93  91  32 100  24  40  46  59  36
   81  79  47  50  24  56  91  40  51  76  40  12
   20   3  13  87  58  49  57   6  80  88  19  36
   19  72  28  99  59  59  97   9  94  59  27  17
   93  88  27  78  75  42  53  28  99  69  53  60
   72  70  23  37  56  99  82  93   2  86  56  67
   88  67  71  32  74  23  64  51  64  42   6  33
   83  83  34  15  73  61  98  41  89  34  21  69
   19  16  68  79  10  89  33  96   6  41  33  33
    6  99  19  33  24  99  95  40  71  40  56  65
   41  72  29  79  17  93  36  10  85  48  66  54
   62  47  56   5  37   3  89  83  20  68   4  95
   13  95  13  87  82   2  42  24  54  52  74  75
   13  52   5  15  18  54  20  33  31  73  74  61
   58  24  93  11  99  55  77  19  18  14  25  12
   13  10  66  83  15  95  14  77  84  62  12  88
   59  50   8  60  88  52  83  58  90  19  54   1
   86  51  30  42  28  20  50  17  54  31  14  36
    8  42  86  37  23  55  61   2  66  60  88  37
   48  48  59  16  85  80  60  82  44  30  85  15
   26  72  17  61  26  54  55  25  61   9  27  24
   41  46  47   4  23 100  45  21  12  39  53  79
   33  38  55  39  67  15   6  82  42  27   1  40
   89  35  21  88  68  24  29  97  43  86  35  52
   33  76  24  33  15  13  41  50  98  59  46  56
   53  54  27   9   8  13  71   2   5  84  12  53
   21  79  24  65  50  50  87  36  49  42  17  43
   43   5  49  79  97  61  90  65  49  48  38  10
    1  11  48  41  80  65  80  98  59  20  93  87
   34  61  18  95  75   5  70  72  31   2  51  71
   97  12  94  51  53  45  78  49  50  51   1   4
   77  87  25  49  74  36  71  70  19  93  88  19
   66  19  76  92  64  39  75  76  15  30  16  47
   11  44  34  42  34  15  48  86   5  13  96  84
    9  71  37  74  75  71  14  47  26  88  81  24
   76   6  95  97  14  81  59  36  22  94  44  53
   81  31  60  35  23  53  96  30  52  20  24   7
   27  69  56  69   6  71  79  38  54  36  38  86
   13  86  84  51  33  94  96  96  70  80  55  44
   43  70  74  63  47  23  13  26  46  10  29  26
   12  70  15  54  31  17  77  45  76  11  95  76
   33   3  79  70  96  62  79  94  94  51  59  32
   89  76  48   8  50   5  72  41  11  87  29  34
   57  13  72  81  20  62  15  77  77  83  39  49
   77  73  19  92  64  73  64  30  26  81  61  71
   50  71  44  93  86  27  59  31  36  89  62  76
   38  17  12   1  78  51  81  74   8  10  88  13
   74  74  26  25  62   7  17  82  53  63  73  96
   89  35  72   6  59  92  41  79  87  41  59  36
   43  97  70  67  56  70   6  79  48  60  20  49
   77  63  46  81  94  97  49  95  11  36  11  10
   75  49   7  46  74  70  14  46  33  63  18  96
   35   4  39  71  55  84  71  85  97  13  28  56
   59  43   9  85  89   2  69  45  79  41  11  85
   49  92  81  45  55  41  85  82  12   9   8  14
   18  51  53  67   3  65  95  46  80  15  38  11
   18  57  90  63  20  96  53  54  15  41  19  97
   70  73  86  95   2  32  80  82   9  15  92  75
   20  82  29  40  41  79  76  67  35  73  68  65
   91  95  82  61  26   4  32  17  86  51  82  56
   69  73  74   5  49  81  62  44  26  73  60  76
   78  56   9  99  32  75  47   2  42  67  98  63
   85  15  75  67  64  17  86  34  30  79  60  57
   10   4  87  56  50 100  69  44  73  10  73   3
   49  36  19  75  68  91  52  67  44  60  57  62
   12  63  59  49  50  49  54  65  14  86  44  43
   51  24  54  85  63  39  10  85  61  44  27  84
    2  44  16  11  86  29  40  80  14   2  90   9
   86  63  34  76  88  65  10  66  18  24   3  54
   83  97  71  70  69  23  37  15  55  17  39  43
    3  40  53  11   3  25  71  79  87  62  40  88
    2  54  68  85  40  24  90  22  43  96   2  12
   60  37  41  51  70  48  54  99  68  37   7  23
   16  41  61   8  46  16  24  23  41  85  43  58
   68  59  82  17  72   5  44  71  45  86  66  86
   38  70  71   2  58  84  89  70   7  45  32  75
   97  49  36  94  25  18  67  32  99  21  91  17
   52  40  96  57  85  21  89  62   4  64  49  22
   95  93  42  56  82  81   4  20  30  37  78  70
   20  57  25   5  85  44  84  52  12  74   5  31
   93  43  39  67  58  63  94  83  54  29  53  35
   96  43  47  24  79   5   4  66  45  61  49  24
   24  19  74   1  33  26  64 100  30   2  91  45
   45  47  67  58  59   3  63  11  56  75  83  25
   32  29  14  49  67  35  23  86  64  83  26  91
   44  63  21  28   8  98  73  86  57  50  75  69
   83  78  60  36  15  73  83   6  24  36  61  34
    4  36  79  39   5  25  54   3  27   7  70  22
   86  83  62  32  37  52  76  89  52  70  86  15
   78  79  68   3  42  99  48  87  25  72   3  80
   94  81  25  63  11  25  58  42  79  57  85  73
   60  22  62  70  58  96  49  20  72  81  93  75
   95  36  35  87  44  58  42  38  31  99  48  56
   51  82  90  53  74  47  57  63  59  91  61  97
   70  41  10  18  15  19   2  13  86  35  23  92
   28  82  70  96  99  55  71  10  63  67  28  91
   81  95  71  24  25  21  23  65  92  99  73  17
   47  32  76   7  61  51  46  79  78  25  74   8
   78  62  62   3  70  43  53  53  81  55  91  62
   68  40  85   8  40  58  84   8  91  63  70   4
   49  86  60  51  29  42  19  28  12  32  92  51
   21  78  42  10  27  53   2   5  49  32  40   9
   81  56  39  31  23   6  85   1  30  89  73  60
   68  40  17  68  89  29  81  22  14  90  21  84
   24  61  33  31  79  25  23   3  32  78  80  76
   63   5  72  45  32  60  43  10  30  74  33  86
   55  63  99  28  95  49  66  47  27   7  69  67
   19   3  24  73  59  65   5  85  86  53  32  33
   36  49  78  52 100  52  79  93  99  97  66  37
   65  73   4  21  40  63  42  92  79  94  82  56
   81   1  57  47  16  94  17  10  71  54  35  91
   16  29  22  48  65  44  53  62  72  30  11  76
   17  55  35  34  21  82  87  34  64  25  33   4
   24  22  28  74  17  28  22  80  60  11  73  58
   44  66  79  71  13  38  14  37  63  59  79  70
   54  97  76  42  25  23  77  44  35  78  16  72
   1219  1203  1191  1230  1222  1232  1159  1292  1198  1229
