 15 150
  104  99  35  30  45 105  97  13  47  54  57  19
   34  44  28  91  53  53  74  46  54  33  61 106
   34  19 108  94  92  89 100  71 106  72  33 104
   52  35  61  93  76  42  17  79  51  50  45  54
   27  62  38  49 107  21  25  74  79  84  79  74
   93  95  24 102  78  92  37  64  62  37  16  67
  103   8 107  57  80  90  25  82  89  69  37  75
   86  84  56 102  42  87  67  13  54  87   8  63
   41 119  27   9  16  50  63  47  92  62  18  31
   40  78  65  51  56  75  68  73  67 101  99  13
   65  53  48  82  36  99  42  13  46  49  53  86
   60  45  20  59  90  53  47   7  95  67  18  53
   41  92  12  22  90  91
   38  29  26  60  75  59  20  72  19  51  33  66
   41  35  20  34  95  51  97  50  58   5  93 117
   91  65  28  70  14  47  31  30  30  72   4  92
   33 106  94  16  63  55  78  50  63  72  91 104
   47  19  41 105  16  77  11  80  31  89  55   4
  102  85  70  38  93  53  51  33  50  86  30  38
   43  42  76  45  71  91  99  24  16  93  17 105
   40  87  42 100 108  15  52  85  28  98  71  18
   87 101  94 110  66  89  76  57  23  74  17  57
   52  37  35 109  47  57  47  56  73  21  16 101
   24  13  36  33  14  54  92  26  49  96  59  45
   75  20  54 100  47  58  47  86  58  39  58  60
   68  68  35  31  56  31
   99  49   9  97  67  95  29  65  30  51  67  91
   27  70  42  81  41  68  38  53  96  59  99  64
   71  52  60  49  96  98  62  24  32  50  40  46
   24  42  19  69  81  48  38  51  88  90  48  33
  107  63  18  75  41  95  99  66  96  87  74  96
   43  90  98  84  70  49  35  76  84  35  73  85
   87  57  68  49  73  92  72  44  43  72  29  59
   26  43  22  39  65  90  92  57  75  74  21  36
   56  33  91  42 110  77  19 100  94  47  83  25
   26  51  39  48  93 111  23  17  11 103  65  59
   55  31 104  81  91  20  99  38 115  93  97  55
   49  19  31  43  51  47  83  24   9  51  57 106
   44  25 106  56  15  75
   16  43  78 104  61  36  56  65  25  58  45  15
   17 115  86  22 100  14  67  52  72  30  83 106
   75 100  50  92  60 108  86  16  87  11  77  24
   29  48  26  57  24  69  88  85  23  10  36  62
   57  29  50  21  45  88  62  84  32  59  43  99
   70 105  12  32 110  75  21 101  91  87  78  25
    8  80  60  80  18 116 100  46  67  24  55  67
   59  65  27  55 101  91  70  44 102  39  92 106
   19  91  71  65 108 108  29  25 110  37  95  42
  104  50  83  56  67  32  35  46  95  45  24  53
   90  89  84  42   6  61 107  12  46  85  96  47
   98  66  50  45  77  20 108  27  81  83  60  52
   76  22  67  54  25  40
   89  41  21  37  23  86  71  57  78  61  80  43
   37  20  12  68 106  83 102  40 109  57  95  48
   16  60  53  21  37  83  36  46  55  66  25  35
   39  44  30  17  30  24  55  63 108  39  23  25
   16  89  28  31 100  16  63  22  44  46  97   5
  102 111  38  72  30 102  93  39  70  37  38  63
   31   9  24  61  60  65  33  19 110  28  25 100
  100  37 109  43  33  22  97 107  28  85  66  93
   64  85  83  31  45  32  77  53  16  22 107  78
   94  80 112 103   4  72  94  34  94  84  12  13
  108 106  26  85 103  67  14  61  31  73  86  65
   88  73  59  57 100  77  18  46  83  77  81  40
   30  48  88  44  24  40
   86  16  61  62  97  45  76  35  99  75  96   8
   49  84  29  87  33  72 102  26  34  30  13  68
   27  25  86  30  68  53  48  28  67 102  89  50
   46  76  27  65  94  73  26  86  14  92  44  67
   64 101  64 106  93  65  54  16  75  12  76 105
   11   7  88  60  11  57  71  85  72  62  92  36
   48  72  90  48  67  62  63  74  50  96 102 102
   99  37  65 102  25  52  98 109  46  16  79 102
   79  93  65  89  46  61  70  18  71  98  31  43
    9  90  99  21  15  47  80  77  36  64  79  36
   76 104 108  46  98  48  44  88  50 110  69  84
   23  28  65  69  16  84  90  84  59 108  24  45
   51  35 100 108  87  14
   92 100  50  45  53  86  33 106  78  52 109  54
   57  98  39  31  37 103  97  40  95  87  36  21
   58  90  23 103  84  40  42  95  22  62  13  37
   60 104  29  62  96  31   8 103  65  83  91  63
   21 110  86  13  96  23  79  52  94  61  85 105
   53 103  91  21  60  82  75  75 108   7  42  84
   64 104  82  31  66  95  40  74  74  23  32  93
   17 101  58 106  78  25  72  22  55  17  76  76
   32 113  92  42  67  73 117  33  78  93  77  26
  107  58  77  75  25  69  98  66  81  21  81  55
   63 107  53  18  65  47  97 103  94  27  28  56
   61  17  36  42  31  59  97  43  21  58  17  37
   97  13  84  53  56  21
   41  72  44  12  44  15  41  39 108  76  52  58
   66  62  62  91   6  12 102 114  55  53 106  32
   72  86  84  33  83  53  55 101  94  46  20  93
   59  87  50  70  67 106   9  86  76  83  44  65
   35 113  88  45 105  55  33  70  97  90  34  74
   77  20  50  47  27  84  38  49  18  57  89  87
   61  58  27  29  60  63  35  48  15  88  81   6
   26   7  36  22  98  25  68  37  94  67  41  18
   55  57  44  74  21 113  42  65  36  22  40  39
   20  29  38  37  75  23  26  93  78  21  25 101
   79  75  48 103  90  49  60  95  36  97  35  34
  111  92  87  69  36 100 113  91  26  42  44  63
   61  80  88  97  52   7
  102  49  71  16  89  63  45  34  24  75  22  62
   66 109  38  20  32  12  73  69  47 104  81  33
   96  41  80  11  68 103 106  62  97  18  39  61
   78  22  34  69 107  53  25  40  37  40  74 114
   23   3  61  21  96  98  51  86  27  60  54  54
   77  33  36  41  66  45  75  55  62  72  24  61
   45  63  42  97 102  85 104  48  53 102  53  35
   23  47  43  54  78  32  89  53  37  54  13  67
   73  30 101  88 105  17  51  45  58  59  72  25
   86  85 101  31  19  96  22 100  92 113  90  58
  111   8  43  49 103  29  45  89  61  23  59  87
   32  59  71  35  41  71 105  52  60  19  50  34
   45 101  29  58  33  46
   50  41  33  54  81  34  12   7  95  64  20  93
   98  49  36  64  27  45  62  27  87  85  80  19
   40  16  72  78  28 104  89  58  22  95  42  94
   15  55 105  60  64  64  84  86 104  82  59 110
  105 103  97  70  19  72  45  66  52  88  46 104
   84  80  22  18  40  93  39 110  46  57  84  78
   40  53  81  53  89  26  81  35  93  40  54  37
   25  77  80  77  90  87  20  83  82  23  56  31
   23  19  34  35  60 102  83  65  13  61  47  79
   87  37  48  51  66  80 108  77  22  88 108  35
   95  22 109  38  41  45  30  84  25  90  60  80
   89  83  35  59  50 112  40  71  20  59  11  53
   99  75  20  74  21  17
   90  73  34  34  20  42  28  43  61  17  71  16
   70  13  37   5 112  40  53  20  30  98  50  79
   25  20  29  35  50  83  40  36  91  56  68  38
    3  55  40  36  45  71  86  28  61  90  77  66
    9  62  47  96  65  83  49  94  61  94  55 101
   88  96  51  32  72  40  82  89 116  58 108  30
  104 101  88  77  39  60  29  55  12  94  47  45
   73  61  68  16  84  55  26  92 111  38  45  38
   32  65  15  59  92  59 100  31  30  45  70  32
   26  34  47  88 112  56  58 102  26  60 100  68
   37  12  51  30  79 107 105   5  71 112  81  14
   44  85  28  28  70  70  86  31  52  95  24  88
   44  86  27   7  65  37
   50  63  61  61  33  81  42  46  98  45  51  77
  104  85 109  50  33  38  17   5  47  26  74  84
   80  44  64  51  60  24  42  28  90  94  99  41
   26  90  95  96  90 106  27  86 106 105  76  43
   43 102  45   7  61  46  80  67  32  73  51  28
  105  82  29  34 102  19  46  66  34  20  17  21
   49 100 106  62  73  36  30  68  66 101  44  85
   58  90  39  84  79 100  76  19  29  40  29  43
   20  50  60  76  82  96  46  45  36 116  31  93
   37  10  84  31  11 100  98 105  88  75  23  46
   48  74  87  45  79  63  34  88  44  63 109  84
   51  58  14  47  84  72  32  77  65  66  58  75
   88 105  31  89  26  18
  112  86  53  62  26  68   7  20  76  26  52  56
   10  16  59  82  32  17  95  40  29  98  19  31
  105  92  87  10  80  27  63  40  54  40  41  55
   29  84  35  43  75  59  88  61  75  92  61  57
   81 107  45  74  14  12  29  17  50  89  63  18
   32  80  54  55  11  64  71  20  89  54  32  87
   93  13  80  79  53  47  52  71  66  43  81  91
   99  22  30  61 102  33 105  64 117  45   5 105
   46  26  32  63  25  79 105 106  45  51  64  61
   93  62  39  72  67  99  65  59 112  35  94  26
   78  10  34 110  50  77 112 106  12  17  53  74
  105  39  95  58  27  12  41  98   5 106  29  45
   60  47  76  26  90  61
   45  70 107  47  72  83  79  24  64  62  27  37
   99  27  51 105  14  82  70  84  36  84  52  23
   61  30  72 110  16  48 103  75  98  46  86  66
  104  23  43  85   3  55 114  82  56  41  98  17
   66  80  70  11  31  62  43  99  70  76  61  69
   92  53  54  51  21   9  99  40  26  24  62  79
   46  60  39  47  57  76  98  24  67  35  20  48
   61  91  18  92  79  17  40 114  82  92  37  67
  115  91  48 111  25  24  98  30 113 107   9  52
  109  16  76  45  48  97  72  53  76  75  22  74
   41  67  93  91  98  24  57  28  36  98 117  51
   93  49  46  40  98  21  16 101  39 109  15  78
   49 101  83  23  55  46
   11  56   9  53  85  36  77  38  22  84  46  36
   80  94 101  26  55  42  88  94  32  82  99  83
  100  41  42  24  88  10  55  29  27  98  88  49
  110  38 109  36  31  77  78  80  63  10  93  69
  109  71  32  38 109  81  56  64  77  57  70  26
    5  13  73  98  76  50  59  84  96  45  75  51
   73  39  39  50  98  98 115  90  69  78  22  66
  107  35  46  19  32  22  19  21  49  68  54  43
   12  92  11  50   7  50  47  95  20  77  66  92
   52  39  58  17  75  87  18 100  20  27  90  68
   32 102  29  39  91  25  85  33  49  21  36  85
   81  30  87  24   8  88  83  86  94  52   5  42
   22  98  68  37  37 106
    7   9  79  73  61   2   8  94  58  64  62  99
   84  65  81  25  67  67  36  67  62  74  54  13
   86  93   3  25  11  25   3  31   5  39  69  13
   56  67  42  24  38  63  89  36  60  52  58  51
   81  40  68  64   1  88  89  34  26  25  34  31
   23  12  81  18  40  25  70  53  42  70  95  44
    5  96   8  61  27  22  89  36  22  42  82  43
   23  36  50   2  77  26  53  95  57  21  99  41
   71   1  85  97  95  55  53  72  10  49  94  84
   64  30  44  65  55  33  52  44  37  12  18  95
   46  57  55  20  77  12  75  99  72  53  58  29
   57  66  91  52  17  58  66  95  18  37  85  53
   63  25  92  88  16  15
   77  82  86  47  29  45  94  46 100  52  87  48
   63  67  91  69  18  68  20  62  53 100  22   3
   20  46  83  42  91  61  86  77  79  31 100  28
   72   7  23  91  47  61  25  68  48  33  29  10
   64  98  73   1  99  34  91  24  86  19  59  99
   11  25  35  82  19  66  52  78  65  27  81  75
   68  67  35  59  48  12  16  86  98  13  86   8
   68  15  73   5  12  94  67  26  84   7  36  99
   29  12  23   6  47  25  36  62  90  38  99  51
   59  76  82   1  67  45  68  61  38  93  87   7
   88  98  66  71  95  58  20  78  69  11  50  59
   36  82  58  12  69  54  55  17  56  63  61  46
   46  42  80  80  63  86
    6  71  93  21  41  25  87  41  82  64  36  13
   85  37  62  23  75  42  72  65  19  51  15  45
   46  66  45  63  17  21  49  96  85  56  68  60
   79  68  92  36  23  62  67  63  29  13  65  86
    3  54  84  36  61  15  16  50  24  15  44  15
   71  30  21  23  39  58  82  33  31  79  41  29
   19  49  34  61  31  23  45  68  73  39  91  61
   93  61  95  73  44  18  19  48  37  32  94  80
   53  73  27  69   8  34  93  11  17  63  20  88
   78  52  66  71  18   7  94  97  97   6  46  56
   47  78  10  23  17  96  15  74   4  21  11  52
   64  84  74  75  53  70  24  80  96  59  59   2
   58  91   9  56  98  39
   95  64  34   6  55  78  55  37  83  62  72  94
   90   2  25  85  12  89  36  55  44  86  33   9
   42  18  52  21  46   8  16  88  32  96  31  87
   88  55  90  61  92  39  20  33  88  97  66  58
   60  73  60  94  68  19  53  25  81  55  60   8
   41   9  99  84   5  43  84  15  13  24  32  79
   94  38  54  24  99   2   8  63  45  80  51  43
   55  46  87  65  19  16  50  71   7  70  10   8
   89  19  49  46   7   2  89  94   3  83  23  67
    4  54  19  57  43  70  78  70  10  57  85  65
   21  20  35  68  99  52   3  95  65  30   7  57
    4  47  54  73  34  92   3  80  31  36  45  61
   35  94  38  57  89  80
   22  71  90  75  81  34  42  50  40  53  26  61
   65  97  93  49   7  31   3  70   1  54  23  72
   97  59  55  90  74  34  82  58  62  47  92  70
   79  76  76  92  81  92  64  48  12  68  97  90
   92  27  83  81  15  93  44  85  71  73  13 100
    3   3  77  37  82  18  21  67  34  82  66  47
   84  95  88  50  56  54  70  92   7  78  88  11
    9  66   2  62  83  92  22   2  85  18  45  19
   47  32  19  79  69  79  35  61  93  97   2  26
   17  32   5   9  98  37   8  86  16  26  90  89
   11   7  82  18   1  36  99  47  87  42  24  52
   30  47  45  61  18  40 100  64  28  35  37  72
   81  54  23  67  87  78
   21  93  45  47  19  66  34  67  15  29   7  94
   58  24  80  16  86  37   9  91  86  85  92  50
   76  93  31  87  47  57  60  78  48   4  18  54
   73  44  77  42  24  34  86  27  88  21  58  37
   46  15  45   4  13  53  57  98  40  92  29  10
   91  96  19  43  99  60  44  22  31  43  20  71
   71  34  25  54  44  41  41  45  70   9   9  14
   14  74  40  12  87  59  16   9  69  99  40   1
   26  21  45  24  67  54  36  84  42  16  81  62
   95  19   7  89 100  60  23  43  80  48  41  84
   40  13   3  64  15  59  76  23  57   8  46  27
   88  89  55  46  95  32  22  27  43   7  85  59
   54  74  13   3  32  93
   24  10  54  69  56  31  72   4  28  64   9  63
   56  17  70  85  70   5  17  66   9  33  69  88
   47  29  94  16  28  77  60  21  91  40  89  74
   49  10  74  40  15  71  96  12  46  34  28  42
   92  10  25  94   7  80  24  64  24  47  34   2
   64   5  23  98  51  26  30  43  10  99  64  23
   42  14  30  88  41  20  62  34  30  79  79  21
   99  17  58   4  27  88  37  85  51  88  36  43
   86   5  25  69  42  39   3  76  40  11  37  80
    4  56  26  36  88  39  12  41  38  94  39  59
   57  10  65 100  48  73  11   5  22  89  88  53
   41  93  67  78  82  60  12  72  90  53  86  76
   11  92  21  56  63  91
   65  36  72  98  61  91  61  72   4  28  60  44
   43  56  53  19 100  94   5   3  57  67   7  83
   45  26  22  69  37  55  61   2  18  64  82  27
   43  20  56  45  47  13  94  33  30  27  68  38
   71   2  17  66   8  50  82  36  16  23  70  37
   33  89  60  65  81  23  73  59  97  46  29  28
   50  57  79  83  44  57  76  67  95  14  37  96
   78  97  69  98  12  92  50  81  10  45  70  96
   52  48  69  37  94   5  77  48  83  97  71  66
   91  91  71  76  45  90  76  19  38  90  80   8
   32  41  56   6  26  62  49  22  80  19  69  69
    5  19  28  51  72  10   3  17  85  65  73  48
   47  31  26  22  61  98
    8  57  40  99  15  48  60  79  81  38  84  55
   48   3  82  88  85  93  45  50  56   6  31  83
   13  73  32  98  50  16   4  47  10  91  73  50
   37  80  71  36   2  55  91  66  78  67  37   1
   85 100  47  90  10  15  67  25  80  49  53  49
   33  87  77  70  45  69  33  52  55  46  81  43
   58  55  62  13   3  33   5  63  57  16  55  75
   93  66  61  55  42  73  28  59  70  48  90  42
   43  83  12  15   2  87  56  59  46  60  38  88
   34  29  11  80  86  11  82   5  22   4  24  49
    2  94  69  60  10  82  62  31  47  84  44  24
   76  51  49  73  75  42   2  59  51  90  69  83
   75  11  82  53  78  74
   57  62  69  59  29  68 100  98  16  49  97  18
   21  69  73  53  80  73  46  86  15  29  39  98
   62  89  34  24  85  16  15  54  80  16  63  17
   89  48  12  56  55  47  28  34   5  29  49   3
    6  15  23  47  86  44  74  53  58  17  72  11
   32  22  93  88  71  11  69   8  66  54  18  39
   76  62  30  54  30  81  25  68  20  67  51  73
   85  42  26  32  28  28  97  20  36  79  48  79
   81  91  81  79  54  15  36  40  98  55  71  25
   24  83  54  53  38  36   3  33  97  32  10  71
    8  91   6  66  64  74  84  25  87  20  46  22
   25  21  84  45  69   5  76  31  90  55  94  51
    3  38  99  34  83  87
   18  38  84  74  98  74  91  68  51  91  41  95
   39  93  78 100   5  65  64  95  81  10  52  32
   95  99  77  68  61  35  78  67  14  48  41  67
   99  49  76  69  65  41  29  78  41  18  29  40
   94  58  73  12  39  27  61  16  53  16  65   5
   21  18  66  80  40  67  23  31   3  48  12  78
    3   9  16  34  72  58  89  52  98  12  63  63
   32  49  47  90  21  49  78  27   6  75  67  81
   86  55  94  56  10  54  17  84  87  75  33  79
   83  77  56  17   2  50  54  18  82  46  11  46
   69  95  54  82  35  10  10  98  32   3  34  88
   64  24  75  80  32  50  25  86  65  16  91  14
   75  29  84  97  54  66
   53  41  51  54  75  34  68  71  22  62  64  34
    4  34   6  57  79  79  92  99  67  76  31  26
   37  58  48  61  44  95  60  77  22  10  15  78
   93  27  20  20  29  14  77  25   4  13  35  59
   76  11  73  95  57  69  40  44  75  47  54  87
   10  23  90  76  15  91  59  44  78  98  99  83
   57  10   3  54  40  80  74  52  47   4  68  20
   52  29  75  26  28   7  27  86  77  63  82  66
   82  54  57  31  20   8  74  75  70   3  80  18
   79  92  22  75  92  20  13  12  20  30  94  65
   60  37  23  61  39  41  74  20  76  57   9  35
   61  50  89  70  33  36  83  27  43  45  55  35
   19  15  72  25  80  92
    4  30  61  58  87  39 100  99  37  88  64  63
   97  91  57  26  84  93  13  62  75  17  87  86
    2  28  21  92  30  85  54  72  57  76  75  58
   89  21  82  73  42  49  29  45  36  21  41  47
   21  11  69  43  93 100  83  94  56  30  40  85
   79  40  59  58  97  38  32  92  26  54  82  25
   21  94  31  39  54  66  59  40  46  77  32  22
   17  97  84  45   4  72  14  51   1  72  99  13
   72  85  79  47  94  27  12   5  75  62  52  50
   16  40  71  42  42  20  43  47   2  75  23  80
   27  93  70   8  65  25   5   8  95  97  56  31
    8  81  22  44  75  90  67   8  99  13  79  63
   57  64  35  94  20  50
   61  38  13  72  48  28  38  80  47  44  88  65
   21  83  63  14  99  27  50  21  67  24  64  92
   44  72  35   8  87  70  16  33  19  65  18  37
    7  83  59  27  99  62   5  37  55  68  11  94
   43  27  43  94  73  41  74   7  41  28  42  51
   17  55  65  62  90  96   4  71  86  94  53  38
   71  51  72  62  61  28  15  90  43  81  89  65
   45  20  94  26  41  93  65   6  33  16  83  35
    5  24  65   4  83  78  10  82   2   7  99  53
    2  92  39  66  69  15  35  57  41  34  89  39
   73  48  18  28  15  90  60  84  73   4   3  51
   19  63  67  65   6  89  98  13  68  11  98  28
   70  15  33  81  47  70
   97  62  97  67  24  75  32  82  88  22  67  73
   31  21  14  93  49  78  20  20  88  24   4  35
   12  61  62  82  16  97  49  90  75  22  30  57
    1  80   8  80  74  42  38  31  51  93  22  47
    8  49  88  64   2  21  63  40  38  45  41  90
   97  90  36  17  41  54  53  18  24  75  41  63
   34  69  70  53  13   4   5  12  48  28  92  39
    4  84  71  90  79  89  91  92  68  42  57  66
   92  25  98  68  98  66  64  17  88  27  50  26
   58  74  59  99  39  22  98  16  94  80  16  50
   80   6  82  74  15  89  18  77  68  81  66  32
   23  87  25  80  99  19  31  33  20  59  99  74
   89  16  38  68  68  10
    401   438   401   401   432   381   389   413   422   407   431   401
    422   393   427
