 30 100
  103  45  72  26  57  80  68 105  39  73  62  89
   58  62  76  55  76  38  31  93  66  29 109  38
   61  89  88  50  57  27  47  84  48 101  79  65
   70  58  94  50  72  74  84  56  60 107  48  43
   86  31  35  89  36  13  43  44  45  34  71  59
   71  28  30  45 112  61  24  23  82  31  66  44
   53  48  84  14  54  21  60  50  73  98  43  77
  109  86  67  26  92 109  98  63  66  77  57  23
   71  63  55  61
   14  77  12  87  88  36  52  93 104  35  28  42
   31  61  69  74  43  10  72  79  98  59  69  52
   73  48  41  92  74  60  53  88  23  41  94  73
  112  59  57  45  40  47  73  41  18  35  23  63
   47  72 100  92  20  36  77  97  66  38   6  93
   15  41  37  44  51  86  16  10 116  55  32  25
   25  78  46  54  26  36  56  53  41  10  21 111
   10  29  96 112  73  21  84  90  96  37  55  28
  106  87  89  80
   94  17  82  25  46 109  87  34  93  59  67  59
   27 107 106  85  36  38  88  16 101  88  65  84
   23  83  46  70  59  40  58  25  57  62  29  28
   87  10  29 107   8  14  21  63  48  71  79  51
   76  22  41  79  40  10  37 103  14  56  69  42
   51  93  83  61  76  34  13  18  58  17  43   7
   57  70  47  73  66  79  27  23  98  16  63  39
   25  48  18  15  14  46  65  85  43  58  10  88
   75  17  52  88
   95  66 109  86  78  13  94  89  28  65  62  90
   69  59  87  62  20  37  19  96  88  95  81  74
   30  98  93  59  70  43  22  48  40  34  92  56
   79  73  60  15  40  76  59  94  45 117  24 108
   68  75 102  59  15  58  81 105  21 105  55  62
   84  41  94  39  54  78  98  67  86  67  61  59
  105 101  91  91  44  37  40  88  60  53  15  50
   99  72  32  45  98  66 101  22 101  95  48  68
   91  94  44  78
   82  25  61  78  89  65  93  53 104  51  67  26
   66  31  88 110  21 100  93  45  67  68 116  73
   18  46  99  96  92  47 101  89 107  26  69  91
   66  53  32  77  22  74  73  99  60  75  45 100
   70  43  17 103  47  61   2  97  98  34  45  36
   16  77  42  81 105  59  17  30  35 116  48  48
   60  19  70  50  67  78  35  93  80 102  20  63
   10  91 114  90  69  96  43 112  62  30  66  81
   74  31   9  20
   70  22  31  81  40  99  21  51 100   5  42  31
   38  51  56  33  34  88  66  48  49  97  58  25
   34  20  47  51  87  24  52   7  69  75  53  72
   48  91  26  46  84  28  30  83  47  91  60  98
   47  37 108  48 110  40  97  36  56  68  45  63
   34  64  56 101  72  76  58 113 107 113 100  21
   59  34  47  52  48  55  89  47  92  35  12  34
   25  97  84  79  74  89  22  74  83   3  92  91
   87  61 105  28
   98 109  94  85  34  54 109  34 103  72  64  25
   62 105  43  20  39  96  79  46  72  91  25  53
   95  61  57  19  30  73  82 109  60  88  26  52
   22  61  17  66 101  89  50  10  23  17 111  63
   35  95 100  17  92  84  17  52  73  38  81  85
   16  94  19  71  91  34  18  22  43 104  51  43
   96  83  98  52  16  85  54  86  34  32  31  98
  104  83  55  70 112  25  47 114  81  27  40  86
   59  86  84  44
   60  29  58  73  96  25  79  60  28  96  95  41
  100 106  42  37  87  12  37 100  16  10  59  12
   75  92 108  68  93  78  62  42  50  18  94  13
   22  47  59  36  91  38  33  77  93  36 111   4
  104  47  22  25  39  44  95 113  87  99  26 101
   25  13  20  81  14  46  24  86  92  40 100  53
   71 111  36  42  96  80  37  28  95  46  94  52
   57  57  53 103 113  56  47  65  20  49  56  78
   74  83   4 104
   72 100  25  92  90  94 115  94  18  64  72  98
   70  48 102  69  41  14  32  22  24  83   8  13
   87  88  93  30  31  89  24  75  19  67  87  49
   42  76  92  10  39  95  89  49  44  27  38  92
   47  70  67  69  73  75  88  58  77  11  86  24
   29  27  71  37  13  43  85  97  80  74 106  73
   87  95  76  23  41  33  94  26  19  30  33  96
   95  82  84  36  31  46  63  21  17  80  52  62
   88  19  27  93
   99 110  99  97  25  87  80  65  78  47  64  23
   97  52  70  82 104  56  80 117  36  78  16  56
   49   9  45  42  22 111  15 108  77 106  88  87
  107   9  23 104 104  60  32  38  76  52  59  28
   58  84  44  34  42  30  99  64 106  79  99  50
   98  29  52 110  50  43  97  79  89 117  21  22
    7  46  99  86  91  99  57  22  70  65  45  60
   47 111  61  41  78  99  64  63  25  23  95  77
   95  84  48  80
   67  22  51  38  24  66  95  39  77  49  71  76
    8 103  65  13  23  55  89  72  23  49  93 100
   15  58  28  85  22  67  97  17  62  36 103  15
   79  56  42  27  57  15  47  35  57  40 106  83
   62  18  72  74  34  66  56  91 101  14  73  71
   89 106 117  97  62  37  59  94  12  75 105  50
    9  48  80  69  30  19   9  35 104  30  97  20
   95  42  36  97  44  16 101  74  38  20  31  55
   78  86  34  30
  102  91  40  70  48  26  63  73  77  74  57  46
   81 109  16  55  54  88 109  76  18  74 113  27
   26  35  96  51  67  88  17  17  97  30  15  55
   56  27  57  25  20  95  90  52  72  94  39  51
   51  38  65  20  91  50  94  62  13  83 105  40
  110  84   6  80  65  60 100  52  85  18  90  87
   29  91 105  57  70  49  39  98  42  54  57  40
   11  27  89  44  50  58 102  87  27  38  26  60
   35  63  53  44
   30  78  29  64  44 103  29  65  99  81  88  94
   82  46  43  53 101  76  38  57  60  99  87  66
   69  41  38  38  33  94  96 104  79  25  31  50
   28  79  30  77  98  73  38 100  81  42  33  53
   39  27  94  64  40  69  64 106 109 104  15  79
   95  50  50  34  46  24  98  54  39  34  19  45
   90  18 112  10   7  94 105  83 112  88  42 108
   50  53  22  30  83  68  61 112  61 104  18  88
    9  33  34  14
  113  54  36 108  83  82  81  18  23  22  14  43
   24  57  88  35  30 101  66  78  79  66  85  84
   72  15  72  56  63  71  22  25  48  35  60  92
   69  53  23  59  80  33  76  87  30  96  25  39
   67  48  67  34  57  87  26  32  32  88  35  56
   62  67  57 102  82  87  57  46 103  51  29  37
  109 104  63  31  77   8  93  73  23  37  91  17
    5  71  57  86  29  20 106  52  73  13  27  22
   14 106  35  50
   66  75  95  86  89  53  33  68  28  80  31  42
   20  76  54  30  99  26  91  28  37  39  98  61
   82  16  21  99  81  27 112  89 100  89  50  94
   68  54  80  97  38  58  19  92  92  41  56 104
   66  82  94 118  97  90  45  33 103 108  51  35
   25  26  23  47  34  31  60  82  17 107  69  48
   63  39  74  68  86  74  24  62  51  51  59  77
  109  97  49 100  27  90  41  21  22  14  49  59
   43  86  72  99
  105  24  23  76  28 102  73  63  44  85  81   7
   74  14  50  26  17  15 107  96  56  23  94  63
   51  24  22  58  81 114 110  79  15  42  80  52
   23  76  43  35  82  51  21  27  96  46  70 107
   34  35  74  53  77  78 105  72  61 103  85  45
   82  40  34  23  38 101  33  34  16  84  15  51
   25  38  81  50  21  29  29  93 103  46 100  97
   48  22  83  46  55  82  62  30  95  83  67 103
   55   5  82  90
   32  23  98  18  38  45  97  29  21  62  20  81
   69  47  15 100  96  95  50  13 104  88  69  27
   56  34  95  56  18  34  82  51  13  86  70 103
   34 109  35  33  31  18  56  94  43  72  50  34
   95  66  58  25  10  63  85   4  95  31  24  32
   34  31  60  93  28  31  20  32  82  33  42  58
   96 116  30  49  55  38  53  65  10 101 109  65
   36  42  17  81   7  24  34  66 113  68  71  62
   76  59  96  48
   59  53  99  28  57 103  42 100  73  20  91  69
  109  63 109  47  64  16  52  44  33  39  97  41
   72  18  69  20  34  34  88  55  42  41  52  62
   20  68  60  87 106  83  58  31  12 104  79  16
   94  34  20  36  92  91  61  59  74  23  90  93
   19 102  49  35  11  41  76  69  29  48  85  74
   37  83 115  65  98  18  60  58  85 113  39  16
  110  60  37  19 105  95  58  60  40  86  18  55
  102  40  19  26
   72  28  44 109  44 111  30  88  81  94  44  39
   45  35  54  66  13 105  60  86 105  25  83  17
   96  32  14  94  80 104  24  70  63  92  38  37
   43  76  85  53  58  83  55 100  45  74  47  14
   37  42 105  61  95  63  65  70 107  53  68  22
   97  19  64  70  65  83  32  47  64 103  62  89
   72  99  25  48  80  61  58  12   8  65  97  12
   74  75  57 103  98  82  33  63  63  93  43  47
  103  58  75  59
   51 111  75  23  72  51  20  97  60  20  84  76
   69 110  80 102  54  34 101  60 113 109  80  90
   97  21  55  88  68   8  56  12 101 105  28  89
  105  43  35  23  11  52  15  76  86  62 101  12
   50  55  45  46  37 108  27  57  58  12  97  43
   48  93  32 117 106  35  73  44  91  27 104  34
   13 102  61  90  34  29  71  34   9  85  47  93
   21 104 101  89  60  83  42  98  90  98  78 111
  107  11  46  58
   46  60 107  51  94  85  32  18  77  41  80  56
   11  63  78  26  26  42  27  88  18  44  84  88
   77  85   9 101 103  27  50 117  82  28  19  25
   52  85  49  36  70  17  27  14  25  27  65  16
   54  30  81  10  37  51  38  99  86  26  91  89
   77  65  28  77  89  29  98  41  19  86  19  40
   88  22  29  38  12  52  27  22  68  69  49  17
   18 104  38  29  30  63  91  39  32  44  54  71
   93  17  17  86
   67  29  25  83  74  54  99  11  60  53  52 114
   45  98  42  61  64 102 106  49  90  54  92  83
   86  45  49  28  84  46  51  68  46  64  86  55
   21  63  68  66  60  35  93  52  99 100 112  96
   52  87  35  21  73 108  91  37  99  98  66  53
    6 103 107 112  97  36  86  92  58  12  43  50
  113  27  78 112  79  56 103  27  31  66 103  53
   35  24  33  22  94  44 102  38  51  42  96  85
   41  30  76  52
   49  86  50  80  57  83  11  84  89  28  83  91
   24  97  99  80 105  96  70 100  70  39  68  77
  105  18  90  10  93 108  82  69  94 105  29  93
   77  31  55  60  55  47  56  35 102  52  50  78
   74  54  44  70  19  78  57  92 100  36  89  70
   42  73  33  89  22 107 101  61  32  50  73  53
   91   5  49  19  75  43  31  78  88 109  90  80
   91  25  75  79  95  47  76  39  42  25  38  68
   99  44  66  78
   80 107  51  14 102  33 102  10 106 100  55  74
   37  60  67  20 103  35  79  26  94  72 111 107
   65 106  22  20  66  33  80  12  54  27  48  51
  106  48  20  31  96  69  96  74  56  97  17  54
   42  35 108  80  51  98  93  56  62  72  16 108
  112  23  22  91  83  48 103  53  17  47  71  74
  106  45  89  33  13  78  32  34  12  47  31  14
  118  27   6  58  19  49  57  25  28  66  71  23
   25  17  76  77
    8  78  84  59  69  71  96  38  14  85  58  47
   95  82  50  64  22  14  53  39  23  50  69  56
   21  88  68  23 113  65  21  61 107  65  16  14
   45  30  74  75  74  19 102 105  18  72  36  58
   36  51 107  31  65  90  89  90 101  34  78  76
   75  33  84  33  96  42  80  80  62  59  84  41
   54  78  35  34  61 100  77  85  58  25  73  58
   17  67  58  90  58 100 109  11  47  75  79  44
  109  99  73  61
   20  23 106 102  65 105  52  41  55  85  21  99
   93  92 104  75  69  64  58  20 101  57  17  47
   18  71 109  52  40  45  89   7  93  62  91  46
   30  92  33  95 106  91  57  95  90  43  78  94
   35  57  88  85  66  90  95  10  86  59  84  30
   95  86  15  81  38  86  32  23  73  51  58 105
   69  86 106  56  28  16  61  77  40  20  80  52
   59 114  67  56  13  65  23  99  31  13  73  90
   62  56  44  96
   58  24  57  79  11  56  74  85  65 102  61  70
   38  43  62  32  88 100  99  23  94 101 105  42
   94  89 107  96  68  44  21  79  42  59  20  36
   58  99  99  75  21  36  90 101  24  62  64  58
   94  58  48 103  71  42  31  63  86 100  40  16
   85 102  93  33  89  61  55  93  32  43  66  56
   17  46  41   8  66  47 106  20  76  26  21  46
  100 112  27  51  18  52  51  68 113  36  88  98
   80  73  42  29
   10  98  57  68 111  34  43  23  42  58 101  23
  103  22  67  37  56 105  27  50  56 106  95  45
   90  24  64 112  15  31  76  43  97  15  22  87
   26 102  56  52  77  86  48  77  73  63  21  84
   20  74  73  36  46  76  75  54  23  75  90  92
   56  30  26 118  42 111  70  48  18 112  57 113
   21  42  71 111  45  50 103 116  55  66 101  37
   90  26  94  36 100  90  18  62  22  92  83  13
  103  81  22  48
   54  76  51  76  87  89  85  24  32 100  17  26
   96  63  59  47  72  71 115  32  33  10 117  31
   59  94  18  67  56 102  96  21  78 105 109  38
   42  55  81  93  56  48 109  48  93  66  82 113
   70  87  86  64  34  86  76 105  20 107  46  35
   26 106  55 102  93  99  13  55  60  42  91  90
   44   4  58 105  73  13  47  58  60  97  62  66
   22  69 106  84  47  69  56  57  17 104  32  26
   37  78  65  31
   80  60  93  16  57  24  19  66  92 109  25  93
   27  40  63  31  48  71   7  90  51  69  50 109
   99  27  17  31  44  98  73  74  63  16  59  25
   28  87  35  51  63  48  44  77  32  95  16  47
  100  14  58  52  79 106  16  45  24  92  35  36
   38  42  62  42  28  88  79  17  71  62  63  46
   38  93  51  77  13  40  75  53  16  85  23 111
  107  43 109  52   6  17  93  15  33  25 101 103
  104 103  74  23
    6  63  40  78  57  27  42   2  78  39  57  17
   60  41  26  59  43  81  89  27  45  78   8  76
   48  28  17  58  48  84  70  36  71   5  27  52
   44  47  12  67  35  41  31  54  55  12  57  60
   19  76  72  27  68  92  72  76  66  78  41  60
   43  87  75  65   7  53  85  88  25  89  48  72
   58  58  26  98  61  96  52  52  47  12  67  43
   10  29  37  86  17  11   9  55  53  36  56  87
   41  40  60  59
   93  33  99  24  27  72  65  20   3  67  84  72
   82  48  50  34  65  96  39  37   4  56  34  61
   38  57  63  15  45  52  58  26  91  64   9  46
    8  50  50  74  70  71  43  77  97  83  82  40
   58  33  11  19  90  69  41   7  37  69  99  14
   91  71  78  65  53  26  98  96   3  59  87  82
   78  40  65  57  79  73  53  63  69  96  81   2
   98  88  22   7  37  97  24  18  18  74  64  76
    1  23  20  33
   22  99  35  95  71   6  29  68  11  52  42  47
   80   5   1  29  74  81  30  88  18  21  55  35
   94  30  67  36  54  73  53  93  63  46  84  92
   32  93  73   4  95  99  87  57  67  38  29  68
   42  85  73  37  71  97  76   3  99  46  38  61
   59  18  31  51  29  78  91  92  60  99  75  97
   59  46  69  39  36  24  75  79  10  95  47  68
   86  55  93  97  92  65  49  20  68  58  96  32
   34  99  63  16
    9  51   9  23  40  97  15  13  90  52  56  28
   46  48  18  45  93  68  87  16  32  19  23  41
   87  12  18  59  43  59  98  54  80  83  15  60
   40  37  51  99  79  35  57  11  63   2  78  12
   50  29   6  56  98  47  38  13  85   6  56  57
   34  73   9  69  60  42   9  53  25  49  49  59
    2  13  25  26  58  74  68  31  46  59  96  57
   11  44  78  68   5  45   2  97  18   9  64  52
   23  23  71  25
   29  77  50  30  24  46  13  49  14  65  52  82
   50  79  20   1  91   4  13  59  48  38   3  47
   93  60  21   9  26  68  12  16   7  89  44  16
   49  56  87  28  80  40  46  17  55  45  66  13
   42  73  93  11  64  42 100  19  10  72  72  74
   95  35  63  27   4  58 100  72  73   4  66  63
   58  96  36  69  46  29  72  11  38  15  94  44
   94  13   2  21  44  13  60   1  47  82  54  30
   33  76  97  83
   40  82  80  28  77  11  84  60   9  99  64  72
   77  68  52  84  75  25  50  72  60  15  47  85
   83  90  56  69  25  90  60 100  49  36  65  35
   70  29  77  71  25  77  83  26  64  18  43  15
   57  65   5  55   3  63  19  77  55  51  75  46
   69  49  48   2  47  44  52   2   5   3  17  88
   48  80  67  61  63  58  20  61  19  80  91  69
   78  14  19  23  30  13  94  32  25 100  10  23
   26  59  12  83
   13   7  22  33  77  66   7  79  11  35  50  84
   55  11  60  87  81  22  24  73  30  22  78  51
   14  50  45  85  80  45  29   5  50  31  76  58
   95  59  98  45   4  16  55  99  89  90   2  42
   72   9   2  95  19  24  94  55  45  78  36  29
   86  17  88  39  20  71  86  84  61   7  58  64
   15  24   8  68  89  31  62  25  78  75  85  15
    2  35  47  49   7  79  57   4  34  84  64  19
   50  18  18  67
   56  79  61  39  17  86  27  45  77  14  14  70
    3   5  64  77  27  99  83  17  97  93  45  92
   37  19  10  52  21  28  54  76  58  99  17  89
   95  55  48  82  25  81  80  42   9  69   9  98
   16  72  84  84  72  63  16   5  21  18  88  18
   91  98  98  36  95  60  87  30  19  64   7  50
   33   2  75  60  24  38  69  83  20  63   8  59
   51  54  58  16   1  54  60  53  86  61  49  37
   41  30 100   7
   35   8  94  14  14  20   5  23  98  53  30  21
   42  70  18  35  79  99  73  82  87  22 100  91
   19  27  10  85  78  29  87  34  83  45  27  56
   72  36  22  97  78  10  26  64  72  87  69  19
   57  33  39  42  35  43  27  53  33  98  34  94
   87  85  40  82  96  70  35  13  35  39  13  34
   24   7  29  83  77  77  19  84  91  75  81   6
   20  36  19  81  87  61  47  99  86  31  65  49
   23  84  84  24
   17   1  20   8  88  29  29  53  41  64  40  82
    6  63  35  37   8  55  30   3  76  40  90  61
   64  96  58  64  80   9  90   9  39   4  15  29
   13  95  87   6   7  51  75  79  40  63  45  82
   45  35  62  83  70  79   8  38   5  32   7  61
   10  73  62   1  64  65  14  39  26   3  95  90
   98  68  21  22  16  14  62  83  37  41  63  48
   59   5  45  70  30  20  38  54  89  88  17  27
    9  35  60  39
   36  85  69  75  81  47  16  63  30  54  31  35
   94  13  55  97  80  58  27  38  88  70  26  16
   96  48  76  20  86  44  13  90  45  71   8  95
   23  61  64  79  56  90  68  68  54  69   5  36
   42  91  37  43  74  46  46  23   4  95  38  42
   22  12   3  22  49  76  52  15  99  43   2  52
  100  66  32  49  79  84  96  75  10  74   9  85
   22  61  77  15  72  95  13  32  82  91  88  64
   34  25  77  72
   11  25  71  32  59  94  48  34  35  37  46  57
   30   9  95  48  66  31   5  33  91  41   5  76
   80  71  11  64  52  27  99  90   6  83  94  56
   55  92  60  88  91   7  21  68  43  10  78  63
   63  65  51  85  19  68  23  56  92  25   3  78
    8  29 100  29  53  60  14  61  26  92  23  18
   87  13   7  60  32  58  63   4  66  57  49  73
  100  90  24  66  55  60  16  32  77  76  93  55
   72  47  52  66
   83  38  88  50  73  17  81  40   5  28  21  16
   29  57  72  50  19  39  79  51  48  20  29  52
   40  79  72  68  69  15  19  10  32  88  80  61
   80  37  90  25  15  45  73  20  38  78  86  51
   79  82  19  39  73  42  54   7   4   3  95  36
   10  55  58  82  58  84  10  57  71  77  95  62
   25  98   3  97  98  19   6  27   5  20  63   6
   59  49  83  72  34  42  45   3  59  10  91  22
   95  84  76  89
    6  52  84  12  35  35  25  84  84  95  99  76
   82  59  22  73  74  12  36  41  26  42  26  23
   33  96  30  55  56  49  80  87  54  76  46  18
   39  57  90  46  38  71  44  32  73  20  86  69
   49  54  42  73  56  22  86  79  82  17  73  51
   43  50  59  12  21  30  55  69  13  51  84  78
    2   7  49  89  28  96  18  32  79  66  21  94
   97  42  55  27  85  93   8  50  41  93  89  80
   92   5  77  65
   40  41  25  28  21  53  76  52  83  34  83  61
   93  31  57  86  15  89  20  86  76  78  19  58
   26  88  91  16  23  84   7  28  11  30  58  16
   43  64  26  16  75  49  97  11  19  74  55   9
   54  27  19   2  13  23  58  73  17   3  68  76
   82  83  96  69  85  85  49  21  92   8  42  65
   47  72  30  34  29  36  88  43  63  53  60  40
    7  12  67  20  83  27  79  98  89  95  55  52
   59  16  32  18
    7  88  95  41  90   5  31  51  76  17  36  98
   38  90  53  87  96  99  10  19  56  80  20  48
   57  92  83  56  35   1   7  31  92  64  30  68
   87  32  74  72  34  64  90  84   9  57  33   9
   79  82  35  63  39  38   5  37  54  13  27  60
   27  65  83  84  70  13  82  83  92  31 100  60
   95  70  37  63  87  83  84  27   8  63   7  10
   59  95  28  59  63  24  47  77  15  24  44   8
   58  97  21  28
   77  83  22  85  79  65  19  85  88  51  93  29
   33  67 100  11  15  20  60  97  14  22  43  91
   46  86  14  47  93  76  36  60  89  23  43  12
   69   7  71  81  84  91  48  17  75  36  55  69
   13  54  46  92  93  45  24  98  10  85  90  84
   69  82  51  16  83  87  82  70  21  79  65  53
   18   1  78  65  55  64  57  41  93  16   9  42
   77  68  97  21  95  87  86  39   6  47  46  55
   26  46  21  71
   50  53  16  82  46   8  68  19  47  92  22  36
    9  41   8  70  55  91  62  75  76  71  21  71
   30  96  41  91  70  81  24  57  74  65  55  53
   93  47  56  23   6  35  51  72  92   6  41  87
   17  80  94  66  21  12  50  56  35  79  28  18
   99   5  62  83  92  72  35  42  82  68  31  33
   81  28   2  46  18  96  42  44  19   4  80  90
    9  51  80  91  12   9  54  53  77  29  89  48
   14  66  92  94
   46  74  67   8  76   9  83  16  32   9  64  71
   62  79  52  38  98   4  55  20  12  86  22  96
   14  70  89  11  31  10  80  32  42  11  70  71
   74  29  21  64  61  33  63  14  67  33  58  99
   70  64   9  45  13  40  40  50   5  61  38  83
    5  99  56  41  46  25  80  65  42  15  57  27
   38  11  82  64  40  48  59  99  96  43  12  97
   44  39  63   6  21  26  78  43  39  12  65  57
   13  59  42  48
   60   2  40  83  35  52  91   8  51  89  27  41
   51   6  23  14  48  75  16  51   3   7  36  26
   20  95  56  20  51  95  53 100  11   8  83  15
   11  69  67  87  99  62  88  35  18  40   4  96
   65  56  72  70  82   8  84  63  45  98  16  61
   63  10  87   3   4  77  38  67  19  93  13  80
   89  15  59  24  77  76  43  69  99  34  66  10
   97   5   7  17  43  23  69   4  30  19  40   3
    2  92  69  53
   73  51   5  62  19  18  74  91  30  71  22  61
   91  45  39  83  83  69  93  24  99  68  23  27
   34  22 100   7  16  88  62   3  24  83  89  91
   54  35  68  70  48  89  90  95  91  81  39  87
   66  75  23  92  74  53  74  17  16  85  15  15
   33  43  81  42  22  89  12  72  94  23  95  77
   16  89  88  64  94  55  87  83  42  38  66  91
   89   8  77  78  72  45  18  65  70  64  48  49
   19  96  86  25
   47  80  78  30  37  53  15  96  56  58  60   3
   69  19  69  50  39   4   2  54  13  62  15  27
   27  68  71  82  20  68  60  40  60  55  33  54
   84  47  45  48  52  78  16  61   6   5   2  15
   52  24  74  83  47   2  20  78   3  16  48  53
   99  14  10   8  11  75  31  18  46  98  60  67
    1  86  26   1  23  55   7  80  85  54  13  65
   81  88  87  91  23  71  10  75  53  70  15  25
   79  80  32  60
   66  26  54  38  54  19  96  22  22  89  23  27
   93  21   8  38   9  18  33  13  48  71  37  28
    4  91  23  94  26   3  33  35  26   2  81  16
   39  72  50  53  56  70  54  74  12  67  58  39
   40  56  63  36  92  24  55  23  10  75  14  48
   70  36  83  21  89   4  10  51  85  69  36  49
   11  97  64  90  40  72  75  38  26   3  16  31
   13  92  42  38  19  68  35  66  71  82  67  40
   18  58  42  35
   25   4  65  90  13  78  14  95   7   2  49  42
   72  58  51  82  17  71  30  91  17  43   4   7
   50   7  94  88  49  87  28  92  58  84  55  52
   12  59  82  73  15  33  10  44  48   6  92  52
   76  84   3  22  68  16  15  59  43  47  92   9
    8  81  98  24  26  62   9  52  89  58  46  30
    5  68  20  87  90  33  79  78  91  64  89 100
    2  82  99  53  96  70  46  88  89  36  49  83
   86  90  38  25
   97  24  26  49  36  42   9  65  90  22  60  73
   16  30  68  44  94  93  65  69  81  61  46  55
   99  32  46  86   4  49  90  45   7  50  96  97
   68  85  46  40  42  93  15  11  93  47  66  58
   70  51  11  82  42  13  23  23   2  69  24  28
   29  77  26  71  13  66  36  38  41  58  28  72
   51  41  76  86  43  13  43  34  53  85  43  45
   94  49  55  21  54   2  11  97  60  39  32  63
    2  10  43  49
   82  88   2  14  51   7  60  73  55  33  83   8
   22  15   8  40  33  47  48  99   6  46  93  55
   91  39   3  58  80  57  22  95  26  52  11  56
   74  17  84  16  13  25  62  25  27  74  31  15
   71  53  27  18  53  14  22  93  28  55  26  76
    8  25  99  24  79  30  86  91  42  59  46   6
   51  22  10  63  74  95  45  31  65  85  31  65
   44   3  49  46  97  45  83  11  81 100  37  17
   45  56  58   7
   51  78  59  26  93  48  45  33  42   9  53  50
   73  68  54  79  15  17  17  86  21  12  15  76
   25  26  11  16  47  66  94  35  67  45  89  82
   60  17  14  39  91  81  15   9  78  49  54  55
   13  58  67  10  44  70  74  44  28  18  62  99
   34  18  23  79  22  44  57  10  72  70  45  53
   85  67  68  96  44  65   5  91  28  81  81  61
    8   6  88  68  85  53  62  51   7  76  23  15
   35  38  75  84
   96  20  58  38   6  76  59  89  65  59  16  95
    1  89  38  73  55   7  88  62  62   7  10  67
   22  81  54   5  95  84  35  74  12  96  93  27
   80   9  62  63  26  21  60  28  31  48  88  30
   85  43  42  66  62  26  31  62  88  33  20  24
   48  75  78   1  77   5  35  66  88   5  61   3
   97  78  48   6  68  62  11   2  64  43   1  66
   21  94  25  73  20  20  84  41  89  12  25  97
    2  23  94  59
   57  29  55  35  20  15  19  95  74   9  95  94
    9  41  57  66  43  45   4  74  86  98   3  76
   55  15  85  52  57   9  15  96  35  12   8  73
   69  64  22  27  53  57  10  66  21  45  30   3
   41  16  21  55  76  28  42  13  99   6  69  69
   77   1  63   9  14  13  92  60  56  74  20  17
   65  99  55  10  47  92  67  53  44  22  58  46
   98  51   4  36  62  40  51  52  87   2  83  93
   65  29  46  83
   38  54  19  91  58  95  85  45  27   2  78  22
   84  69  39  76  63  46  98  23  58  47  60   6
   21  87  93  85  58  21  41  43  50  95  43  82
   75  27  68  64  47  68  60  33  70  15  95  72
    5  97  53  64  40   8  99  59  86  27  83  71
   78  65  45  68  83  21  34  87  37  45  47  57
   75  23  68  37  91  65  33  61  96  17  93   4
    2  69   7  52  98  94  25  92  73  85   9   8
   10  13  44  90
    132   147   157   117   123   137   125   134   142   119   141   138
    134   137   130   142   141   131   128   122   150   117   118   131
    130   119   124   138   125   149
