 25  90
   96  30  55  88  32  58  49 102  68  27  70 101
  101  30  35  33  44  53  80  77  97  46  34  46
   49  13  33  80  69  77  45 110  92 103  67  85
  104  86  62  20 107  99  45  52  99  63  77 103
   59  39  40  30  84  55  68  35  64  78  80  28
  110  68  33  82  31  49  59  18  72  55  33  56
   24  58  24  56  97  18  90  79  67  76  66  47
   97  20  79  60  46  38
   59  19  97  38  75  65  40  98  46  91  87  51
   63  89  25  33  86  66  31  55 110  94  53  69
   20  27  82   9  38  45  42  71  32  97  59  18
   33  60  41  37 102  43  45 104  12  99 108  54
  104  29  87  47  32  49  16  46  92  76  23  36
  102 110   9  58  43 101  67 109  86  82  32  72
   72  15  80  74  97  60  42  52  10  47  99  87
   38  36  37 101  99  61
   12  51  45   9  93  26  70 112 104 101  88  39
   48  61  84 100 101  45  24 100  67  26  92  50
   84  99  49  89 104  66  62  64  14  88  16  22
  102  29  30  51 117  11  98  52  86  35  84  66
   92  39  67  69  24  96  97 106  27  56  48  21
   72  58  94  29  80  96  87 103  81  26  42  61
   30  57  81  99 104  80  70  91  98  84  40  86
   36  25   4  98  40  91
   45  30  18  39  99  97  37  57  92  24 100  86
   92  16  77 104 101  66  88  15  56 111  80  32
   20  50  83  58  70  20  95  55  94  50  76 102
   14  58  39 105  85  23  90  73  23  55  67  95
   35  21  84  55  66  60  43  18  37  73  43  49
   17  98  69  86   8  82  21  21  66  59  81  67
  106  14  99  45  49  24  57  40 101  18  29  65
   32  49  72  26  86  71
   83  93  47  84  57  71  57  89  80  81  84  22
   29   8  17  98  43  44  70  35  25  74  22  38
   38  90  47  98  25 112  29  25  13  85  30  37
   15  82  77  90  58  50   5  78  82  45  43  84
  100  24  91  31  67  48 113  68  92  38  92  33
   96  71 111  92  98  95 108  78  62 112  32  24
   90  92  84  64  17  77  77  22  40  33  67  54
   29  70  50  79  42  78
   35  90 102  26  17  35  90  27  34  12  40  92
   43  32  83  46  93  82  85  32  33 108  81  32
   36  46  60 109  42  18  76  33  40  22  46  24
  104  76  45  86  27  63  97  67  87  22  24  49
   97  73  28  98  17  36  66  70  26  65  43  40
   15  31 110  88  84  10  25  93  90  26  93  69
   51   6  32  76  37  93  15   7  63  36  83  24
   76 104  40  63 104  62
   76  16  37  71  59  75  14  86  26  82  60  11
   27  82  92  21  17  68 103  97  89  87  13  18
   92  35  77  47  36  45  39  21  62  77  84  16
   95 101  91  84  60  52 111  34  34  36  94  10
   15  33  86  69  72  38  40  21  10 109  59  77
   46  29  51  64  24  97  10  57  27  27  85  47
   78  67  97  81  38  25  37  48  34  59  88  22
  110  15  79  14  44  44
   12  36 103 103  33 104  32  41  86  86  71  90
   21   5  21  87  23  27  56 115  34 111  95  14
   80  19 115  34  83  58  80  56  79  16  13  98
   13  67  93  42 103  26  17  81  83  29  78  57
  110  48  75  43  38  57  53  48  54  34  52  21
   46  16 108  95  56  90  92  18  92  70  70  91
   42  82  52  24  40  16  38  74  38  49  41  38
   80  36  98  55  38  81
   22  88  62  69  79  87  98  56  41  50  64  82
   93  14  65  92  72  70  51  21  87  66  45  71
   94  22  72  68  37  72  97  26 108  58  38  67
   68  47  92  86  57  42  40  55  76  84  90  39
   85  63  88  81  74  63  80  86 101  73 107  58
   32  71  49  91  78  82  94  44   6  84  66  48
   99  50 103  34  71  32  64 112  62  59 101 110
   28  63  88 102  74  44
   67  44  62  57  80  27  50 103  58  15   6  39
   75  18  47  63  45  35  92  71  85 114  82  57
   13  39  91  42  20  59  89  19  71  93  52  36
   13  86  77  51  41  70  65  17  46  26  25  33
   50  21  16  55 115  84  40  32  49  72  91  75
   56  47  57  19  20  26  41  71  55  15 104  82
   88  52  93  60  67  16  25  79  67  52  84  74
   54 102  55  78  82  11
   48  68  65  24  72  76  27  85  99  45 100  59
  111 105  95  88  51  58  36  78  42  83  90  51
   15 107  10  36  80  73  41  19 100  51  19 100
   52  72 118  35  82 101  43  59  58  76  16 102
    2  46  50  82 108  80  92  73  10  99  62  35
   73 106 100  26  67  85  37  45  68  45  87  91
   97  18  40  61 101  70  43  25  30  96 105 104
   39  75  43 105  76  87
   82  15 105  74  22  46 100  41  13  97  72 112
   84  24  70  47  20  61 102 110  93  42 105  34
   56  78  42 102  42  63  48  96  35  45  62  80
   93  20  28  42  18  55  34  29  28  40  18  54
   51  36  45 107  40  94  23  34  66  54  15  93
   49  53  74  11  29  89  78  75  68  26  97  85
   39  61 100  33  48  90  70  12  13  64  63 111
  100   9  56  72  72  64
   32  34  88  21  54  73  51  48  98  68  72  84
   66  49  55  99  88 105  25  56  39  60  59  99
   50  31 103  64  42  32 103  94  77  77  22  58
   68 108  54  34  93  11  53  61 102  57  13  52
   23  21  27 110  97  80  64  75 109   3 101  35
   34  98  45  76  93  55  59  64  50  30  20  51
   22  47  98  71  42  69  77  90  10  63  21  98
   64  76 116 102  15  51
  111  36  41  36  69  43  60  65  97  73  53  67
   99  24  56  81  41  20  68  51  14  75  66  35
   57  78  24 114  50  37  35  26  15  27  98  21
   30  37  67  59  56  84 101  93  37 102  84 109
   72  99  81  46  28  13  63  25 102  50  26  31
   77  43  87  52  20  63  39  15  97 102  33  61
   46  17 101  82  50  34  86  76  99  12  70  91
  102  83  39  63  96 107
   62  39  22  36  52  31  87  34  53  22  81  90
   60  65  56 110 102  26  87  52  66  20  36  15
   70  32  27  77  56  38  77  22 105  36  19  69
   65  82  90  75  35  72  25  58  80  92  98  44
   54  10  88  44  38  31  57  44  72 114  57  38
   89  22  14  73  25  38  48  35  29  72  29  43
   80  28  44  27 100  41  36  39  98  47  77  44
   18  64  85 114  72 105
  104  59  98  12  88  59 101  53  64  78  49  77
   56  68  50  33  88  50  71  92  84  26  62  37
   10  47  73  68  19  99  88  58  45  49  84  80
   42  19 110  71  82  65 101  96  28  64  66  38
   80  49  15  36  88  37  55  36 113 103  65  13
   92  95  81  26  87  23  64  90  42  52  59  36
   54  33 101  94 110  40  93  17  27  18  50  38
   64  53  41  23  89  46
  113  27 102  29  29  53  45  74  55  83 106  58
   37  87  88 102  18  10  57  62  58  34  41   9
  100  90  57  90  64  76  65  83  58  30  26  32
  113 103  94  14  21  39  15  98  65  91 101 103
   91  78  85  77  21  65  44  72  65  39 108  80
   93 103 107  48  22  83  10 113  34  61  38  62
  101  76  62  89  87 100  52 102  72  61  71  11
   36  79  48  95  38  49
   59  26 106  83  62  93  34  96  69  96   9  11
   80 101  81  93  84  51  55  94  48  77  83  10
   56  24 116  53  21  22  77  91 109  90  66  84
   90  63  94  56  81   6  23  46  27 101 112  14
   76  50  38  20  20  42  53  77  45  19 107  53
   50  61  91 101  73  89  96  54  21  81  73  84
   13  27 106  85  55  86  38  60  58  74 116  51
  117  91   6  23  31 103
   64  87 102  24  42  60 110 107  72  21  52  52
  104  86  34  35  27  97  39  61   8  72   6  33
   45  45  48  64  42  85  63  23  63  65  72  15
   41  35  59  94 103 101 108  85  18 100  46  63
  109 107  55  95  97  25  36 100  75  75  58  68
   76  52  43  85  68  84  62  28  15  89  44  53
   76  50  54  12   4  47  61  58  52  79 108  47
   26  22  54  97  28  80
   71  17  66  39  26  90  64  41  89  39  25  17
   88 104  83  73  26  25  76  86  26 108 106  67
   80  43  51  96  53  67  48  50  94  23  83  31
  102  55  50  68  74  26  21  41  24  70  89  27
   28  73  46  72  82  34  16  51  77  27  71  32
   38  80  28  23  60  56 107  69  27 100  50  92
   75  41  94  75  26   8 105  42  66  57 105  63
   51  52  65  95 104  87
   30  73  24  69  51  96  43  12  41  49  67  60
   42  75  76  49  20  77  80  36 106  12  48  48
   97  26  46  34  88  75  67  66 101  53 105  22
   62  94  51  52 105  69 102  36  71 104  56  54
   99  70  56 105  70  92  84  38  37  43  19 116
   88  34  20  97  33  99  97  82  75  39  50  73
   14  43  73  35  38  68  70  26  69  48  70  10
   21  39  40  93  30  85
   41  81  81  77  44 103  72  39  95  15 104  80
   51  67  28  11  88 113  67 113  47  82  69  63
   31  33  87  95  43  44  45  42  79  88  84 103
   87  90  52  21  57  70  23  85  73 105  17  29
   23  66  19  65  33  54   9  83  70  77 103 109
   60  45  25  10  45  25 104  17  13  94  61 100
   50 110  29  44  92  81  66  21  56  70 102 113
   13  40  89  88  22  85
   80  92  94  18  31 106  80  56  47  42 114  46
  100 105  12  77  93  56  26  96  77  14  28  84
   16  81 102  34  55  22  67  45  44  53  82  75
   68  29  34  19  64  83  44 106  44  14  31  13
   26 100  96  93 110  63  88   4   8  94  55  66
   48  80  40  63 103  69  58  37  89  71  17  77
   28  45 103  74  39  88  26  69  97  24  80  77
   75  45  54  67  40  67
   56  59  56  19  23  64  84  15 100  78  43  99
   97  91  58 110  60  34 111 110  48 100  80  48
   93  51  96  86  87 104  26  98  61  99  71  79
  104  34  85  78  36  68  96  53  77  39 102  94
  103  43  56  45  88  65  39  40  40 102  51  36
   20  53  97  56  84  34  49 102  77  50  26  38
   75   3  42  85  79  78  42  87 101  25  58  60
   65  92  55  92  14  54
   43  56  71  87  56  82  89  80  52  51  89  80
   76  32  23  31  32  55  65  71  76 112  72   8
   80  25  71 107  92  53  52  43   9  45  24 111
   64 108  28  67  46  42  51  79  36  70   5  79
   88  29 102  53 102 107   9  90   5 108  17  46
   38  22  13  67  95   6  98  37  10  88 102  55
   81  30  77  24  81  47  72  76  48 110  57  20
   54  71 108  22  86  24
    8  87  59  23  74  51  56  10  49  81  50  16
   13  76  79  76  59  51  36  26  14  69  83  65
   62  95  82  25  39  28  60   5  28  16  38  27
    7  33  53  91  10   7  69  50  15  55  34  12
   51  68  69  86  23  61  43  70  47  26  27  92
    2  44  81  29  76  58  57  84  38  63  80  64
   85  45  93  46  11  92  22  34  47  27  45  57
   21  84  28  55  73  70
   60  87   8  78  29  55  65  10  70  23  20  67
   49  31  82  83  25  49  86  56   8  15  51  47
   87  84  20  99  72  68  73  40  75  19  54  92
   79  52  77  75  14  64  67   4  91  19   5  59
    7  79  17  72  78  56  96  60  18  43  85  67
    5   5  99  57  67   6  44   7  29  30  84  37
   37  89  26  44  20  60  72  63  93  58   9  16
   79  83  79   1  19  48
   99  69  68  99  21  80  49   5   4  17  30  80
   60  43  27  11  15  59  83  14  39  85  19  70
   34  18  63  22   1  53  53  49  90  21  92  81
    4  89  84  52   3  96  22  59  17  83  23  44
   12  65  44  41  84  23  18   5  75  53  63  90
   47  58  17  77  23  13  29   9  34  85  77  47
   74  62  33  14   8  37  46  17  22  28  69  25
   79  82  99   4  68  13
   69  78  84  81   7  18  74  53  20  85  11  28
   15  93  28   9   7  41  24  96  56   1  38  82
   83  61  37  44  48  91  24  49  14  56  28  14
   97  53  75   6  26  85  26  46  97  54  47  11
   67  82  19  55  52  45  64  95  82  35  59  60
   97  22  47  29  96  38  97  93  52  57  39  50
   11  94  13  57  62  87  54  62  19  92  73  47
   78  66  34  84  24  39
   22  17  63  25  51  38  48  19  25  29  21  82
   80  95  87  21  72  63  49  84  86  41  83  79
   73  30  60  22  81   6  80  95  99  20  85  66
   95  38  35  12  57  62 100  39  24  66  70  29
   18  81  15  89  47  63   2  49  19  77  22  87
    6  33   9  19  21  11   7  28  41   3  82  89
   27  11  26  46  96  32  34  93  71  78  39  48
   86  34  56  29  61  25
   84  21   7  92  90  72  26  78  71  97  80  18
   71  88  30  61  14  38  22  79  78  11  33  84
   84  59  50   9  74  86  38  70  70  96  73  94
    6  30  74  19  87  40  21  42  19  90  88  54
    5  38  86   4  95  84  38  36  83  53  77  69
   97  86   6  29  29  94  86  18  21  88  20  37
   54  98  70  34  69  16  92  99  56  79  37  82
   37  10  63  50   2  46
   29  94  76  39  59  32  97  31  91  38  58  93
   84  23  28  82  93  46   5   5  23  26  95  96
   23  83  39  57  70  67  72  94  44  29  35  89
    9   6  13  36  53  66   3  79  81  82  21  98
   87  87  24  41  42  75  63  86  99  10  54  27
   59  80  60  40  95   6  92  52  81  90  26  62
   33  46   6  25  73  95  81  59  84  51  19  91
    5  95  26  88  63  59
   90  70   3   5  79  11  84  79  32  33  33  12
   83  98  95  23  80  79  50   3  85   3  22  98
   31  96   5  82  26  55  27  46  27  95  90  19
   93  44  27  65  13  93  90  37  36  85  42  51
    1  67  34  74  81  56  58  69  49  75  64  97
   74  91   5  17  57  25  24  88  24  42  43  25
   66  22  50  80  64  98  66  38  77  68  78  71
   28  72  16  53  81  30
   84  14  41  49  33  28   7  49  78  65  55  35
   26  91  44  19  39  46  58  97  31  39  57  43
   17  85  34  41  66  42   9  86  11  54  73  51
   40  57  23  25  62  74  76  56  31  34  25  72
   32  40  23  23  37  47  40  25  14  47   5  46
   84  32  54  12  38  38  14  64  96  35  38  67
   15  63   6  82  32  81  38   7  54  45  11   5
   78  48  23  18  42  67
   38  70  51  47  29  84  64  13  50  93  99  80
   36  96  68  40  75  76  25  39  23   4  20  46
   92  66  14  64  98  57  26  83  38  24  68  81
   96  33  26  54  69  33  42  94  56  77  79  87
   56  88  87  48   5  25  77  77  69  38  17  45
   63  68  52  88  87  84  72  34  56  96  12  20
   21  59  18  51  44  95  79  33  44  50  32  36
   56  10  47  41  34  95
   64  39  38  85  38  35  80  26  12  69   5  48
    5   2  14  24  52  44  84  34  61  25  16  64
   92   7  93  78  27  36  77  93  19  67  86   4
   67  33   2  71  24   4  67  47  57  29  94  12
  100  69  64  22   3  30  18  46  97  17  56  75
   31   2   3  89  39  34  76  66  39  73  28  23
    6  94  68  55   6  32  63  90  73  13   8   3
   67  45  66   6  27  21
   29  94   3  29  98  65  13  76  91  19  35   7
   21  83  47  70  90  46  15  10  12  72   8  86
   62  25  60  16  71  52  61   7  76  65  43  34
   14  83  87  66  99  60  86  77  77  68  86  51
   60  67  75   7  62  15  96  72  43  57  89  23
   66  64  28  96  82  23  39  33  44  83   7  33
   72  50  13  75  68  16  34  99  92  49  46   3
   14  98  54  32  42  56
   75  77  31  90  55  35  65  65   7  42  48  35
   54  59  57  16  14   5  94  64  75  50  52  17
   54  84   5  53  77  71  15  13  32  34  98  51
   46  10  65  79  26  98  58  54  11  46  96  65
   88  94  84   4  18  36  52  36   5 100   7  84
   77  11  71  33  13  53  59  47  60  74  94  51
   91  64  13  33  65  34  35  22  99  49  82  18
   49  26   4  11  93  58
    3  75  70  77  48  70  49  46  15  38  54  49
   15  87  63  39  64  86  51  52  89  42  41  70
   47  33  84   1  67  78  76  82  89  82  20  86
   89  65  48  54  64  26   7   9  78  18  20   7
   35   9  33  60  82  97  53  78   7  53  92  85
   34  65  26  52  87  47  64  90  19   1  70  59
   66  87   3  27  57  83  21  35   3 100  43  24
    3  34  75  39  23  12
   49  63  90  84  59  82  16  76  58  85  23  24
   58  48  53  10  18  89  19  67  43  82  75  95
   43  76  78  35  47  65  29  83  14  76  94  36
   53  31  17  42  84  47  88  56  39  25  15  62
   60  96  22  72  79  77  61  66  34   6  52  68
   14  91  99  38  84  79  65  68  83  39  89  61
   40  90  67  82  17  71  75  66   5  56  35  63
   92  43  24   2  40   8
   15  46   9  91  22  54   9  52  55  30  68  26
   55  38  67  70  23  63  44  26  23  80  41  82
   92  73  46  35  92   9  24  47  64  59  19  39
   65  84   9  44  25  39   3  20  92  41  54  68
   33  65  96  73  18  79  55  72   6   6  49  94
   18  25  39  81  26  84  44  15  65  53  60  69
   60  78  18  14   8  69  18  91  85  88  69  82
   43  58  79  90  30  66
    4  84  11  84  89  58  59  33  56  30   3  50
   65  30  31  13  86  97  54  54  51  85  73  97
   10  12  55  19  39  42  38  26  46  90  86  87
    3   9  13  97  88  70  95   9  43  14  17  16
   29  40  25  34  97  46  68  41  51  81   2  31
   14   2   3  58  81  26 100   3  80  50  66  53
    2  32  56  26  26  10  59  12  31  58  46  96
   77  39  55  16  65  66
   58  92   9  29  44  25  70  15  34  19  96 100
   35   9  39  18  26  60  60  22  57  40  22  94
   54  94   4  50  88  92  32  20  10  13  51  31
   12  48  24  55  39  96  97  56  92   9   6  88
   39  66  70  90  89  68  49  35  60  83   1  50
   61  54  22   5  34  20  11  51  96  23  30  29
   98  88   9  20  52  24  69  51  46  38   4  60
    2  25  96  80  80   9
   50  26   6  85  60  59   3  10  44  92  65  54
   11  17  75  67  75  14  76  58  98  45  99  86
   70  61  69  50  61  22  47  93  49  42  39  93
   77  69  54  17  14  13   8  27  93  16  70  46
    9   1  63  18  14  77  77   3  36  42  53  43
   41  52  62  23  39  25  46  76  98  20  59  51
   43  58  51  91  98  61  55  47  64  34   5  71
   82  87  52   9  75  24
   44  93  36  80  90  22  53  73  18  64  84  90
   25   6  28  33  85  79  33  18  79   6   6  36
   33  75  67  15  58  48  68  65  18  79  22  74
   16  62  61  38  31  92  89  67  86  41  18  84
   91  40  57  41  28  73  88  68  38  76  35  84
   71  29  87  87  44  57  11  48  91  16  52  27
   39  77  17  37  87  94   9  77  42  63   2  55
   69  53  55  17  14  32
   89  35  89  37  60  13  77  93  69  69  45  43
   74  31  27  62  85  35  28  76  12  98  55  70
   11  80  70  86  22  38  50  47   6  49   6  93
   56  10  58  59  14  50  18  82  46   1  60  66
   21  50  54   6  42  15  21  76  74  73 100   4
   18  80  87  22  70  16  16  27  33  73  63  41
   97  69  36  84  65  47  35  83  48  66  32  96
   95  75  71  11  88  22
   69  36  39  37  76   8  48  79  20  87   8  26
   67  36  86  97  18   7  42   5  60  37  33  57
   72  81  19  25  65  66  75  65  36  27  19   6
   23  18  60  81  50  44  86  21  44  13  98  88
   93  45  89  54  70  57  95  28  45  40   7  10
   44  58  78  95  62  86  12  96  89  10  52   3
   67   5  82  62  11  30  52  93  49  45  15   2
   92  70  24  31  80  33
   32  13  13  85  76   9  26  48  73  76   4  66
    7   2  93  37  16  63  87  24  35  95  75  31
   94  21  16  68  56  93  49  65  58  50  28  40
   45  80  76  90  41  22  60  11  58 100  87  89
   94   6   8  10   4  39  31  99  96  10  52  50
   71  24  77  56   6  40  53  82  27  35  94  40
   88  61   2  43  66  26  79  43   8  81  32  28
   38  61  56  46  71  41
   60  54  46  85  91  51  25  93   5  29  74   5
    6  17  56   9  47  81   6   8  72   7  29  65
   16  65  22  17  22   6  86   9  49  12  48  32
    5  78  32  31  78  49  16  55  34  66   5  21
   17  77  50  68  32  46  69  70  65  12  64  76
   87  51  19  55  26  81  63  15  33  56  83  68
   38  99  67  18  27  24  62  24  13  85  44  47
   54  12  59  13  90  61
   71  64  32  17  52  34  26  37  50  54  21  29
   27  77  97  77  77  61  42  48  35   6  37  98
   26  77  34   5  17  61  67  61  99  61  85   7
   54   4  79  50  60  63  64  37  70  48  97  32
   22  79   9  64  11  13  96  15  98   4  87  68
   70  90  97  37  23  98  13  71  93  18  10  51
   21  77  29  88  32  64  48  31  55   2  47  89
   65  40   7  89  28  84
    144   150   137   153   148   161   163   157   122   159   124   146
    144   147   161   145   133   138   141   152   148   140   140   130
    146
