 10 300
  103  47  27  15  35  56  73  74  44  90  75  15
   60  49  20  98  77 105  93  21  69  98  70  76
   27  63  99  79 103  26  26  32  64  44  63 105
   33  42  65  76  75  93  87  50  46  21  61  41
   64  57  49  22  20  80 106  92 102  84  86  27
   59  82  64  40 115  68  35 100  62  34  89  96
   80  95  35  53  78 101  74 100 105  22 109  47
   36  32  25  54  98  61  17 114  96  78  64 100
  109 112  39  80  92  79 103  29  69  11  71  24
   68  88  94  62  33  53  49  36  45  92  34  70
   22  81  83  18  84 104  72  37  69 104  24 101
   46  26  11  71  43  36  46  93  55  54  60  29
   42  68  88  39  45  47  75  74  85 100  62  59
   73  90  66  41  47  73  84  64  32  98  26  56
   32  23  27  80  86  93  89  68  44  53  99 109
   19  34  22  73  73  43  44  15  68  90  56  78
   46  24  49  62  35  48  96  29  75  16  64  97
  103  62  84  97  51  10  22  18  64  61  13  45
   82  66   9  91 101  66  38  84  37  92 114  37
   82  18  39  37  82  63   9  64  51  55  16  67
   75  24  90 102  11  27  38  36  98  57  45  46
   77  73  22  39  43  97  28  22  78  20 116  43
   94  65  46 108  70  25  69  98  13  16  28  31
   89  56  57  41  74  90  31  20 112  39  83 101
  117  38 104  42  91  35  48  80 100  54  11  35
   19 104  32  27  90  63  34  75  63 107  79  26
  105  62  40  86  55   4  11 101  62  32  56  94
  113  86 101  19  58  87  23  97  51  95 105  25
   23 116  87  40 101  62  26 110  51  20  43  21
   84  86  62  77  65  70  40  90  59  78  57  83
   20  48  19  65  37  89  68  91  46  51  22  13
   21   7  77  45  85 104  70  27  61  74  18  85
   87  75  85 107  13  87 104  21  38  25  31  42
   56  58  52  73  48  22  87  65  26  37  96  82
   33  20  35  67  65  13  62  46 102  54  73  72
   97 101 101  60  33  51  51  64  41  81  18  32
   38  95  58  60  35  60  51  89  64  56  42  69
   61  39  50  49  25  67  18  20  47 105  71  42
   29  56  93  51  90  12  42  13 107  22  60  28
   16  57  24  78  44  35   6  91  62  16  54  58
   88  24 115  76  65  52 108  55  62  37  92  38
   36   6  24  31  83  86  91  48  88  55  82  55
   22 108  68  61  39  61  90  69  91 102  64  60
   66  46  19  60 103  41 102  91  41  76  39  96
   59 107  96  92  21  33  88  17  59  20 105  59
   84  38  65  81  22  74  62  53  12  37  59  49
    9  63  55 100  92  25  49 106  40  84  15  64
   53  35  92  46  50  21  59  91  83  63  97  66
   60  35  21  15  94  51  72  77  83  51  71  12
   33  58  85  88  20  53  50  72  50 101  34  77
   46  55  57  22 111  61  64  75  22  33  65  74
   93  75  38  56  45  84  66  34  23  80 114  39
   71  14  92  73  61 107  59  51  77  46  29  94
   81  25  81  99  21  96  80  25 105  97  95 108
   67  47  33  22  60  90  41  64  84  13  32  52
   43  14  36 116  19  80  95  85  80  41 113  42
   20 100  26  99  75  55  28  23  81  72  58  80
   84  29  72  94  27  47  36  10  27  50  10  68
  108  73  26  99  78  20  61  49  52  92 107  65
   66  37  53  19  81 108  86  93  56  63 104  87
   48 102  84  26  31  82  65  82  57  30  18  54
   93  63 112  36 109  57  82  73  95 103  32  95
   90  16  12  53  33  69  98 115  93  77 111  69
   68  25  66  66  87  19  59  79  76  25 104  52
   45  21  36  52  90  82  22  54 103  19  41  24
   96  95  30  81  73  34  75  22  38 100  62 101
   63  45  52  33  64  44 105 108  27  88  44  76
  104  15  29  68   9  18 103 113  40  56  98  13
   69  88  91  33  53 104  53  96  68  24  42  79
   25  92  71  37  15  88  76  69  45  27  28  83
   17  39  87  90  86  80  80  96  92  88  76 101
   15  23  70   8  70  94  52  97  96  94  71  51
   93  40  86  86  69  41  42  69  53  24  24  44
   70  61  35  39 108  87   8  80  50   7  15  66
   71  93  49  16  29 100  25  36  81  17 100  75
   91  72  17  41  25  32  41  93  80  73  60  44
   64  73  70  95  48 113  33  24  29  47  84  12
  101  12  98 103  39  15 102  89  67  33  12  61
   46  17  94  30 100  75  24  70  18  34 103  61
   67  30  86  22  35 106  80  88  25  71  25  84
   98  78  60 110  78  88  53 115  45  19  11  53
  102 114  85  92  82  45   6  54  81  85  88  86
   57  33  76  41  47  88  76  12  70  37  10  47
   30  16  16  59  66  43  33  94  14  56  29  56
   50  46  68 113  66  49  75  51  17 105  51  77
   73  57  35  81  63 103  56  88  91  57  31  99
   45  11  30  91  93  49  50  75  84  60  32  28
   90  21  49  33 103  21  51  92 101  66  32 101
   77  77  33  38 104   6  38  29  28  25  89  91
   48  58  97 108  39  80   5  51  28  70  25  26
   76  41  70   8  52  70  28  73  18   9  67  68
  103 106  82  34  31  87  99  80  22  11  84  34
   56  15  46  53  66  32  45  31  29  77  42  19
   40  58  94  63 103  15  33  98  48  35  25  73
   38 103  45  42  42  91  60  94  47  38  31 107
   64  40  22  96  79  74  40  33  51  83  71 108
   23  10  93 103  89  33  93  52  64  92  98  39
   47  29  57  20  57  74  34  84  66  13  62 103
   38  62  15  59  18  55  31  80  74 111  65  66
   51  75  47  62  57  42 100  79  85  67  84  35
   89  90  46  19  16  34  52  88  65  85 117  14
   50  23  89  30  64  87  29  43  96  71  50  40
   42  17  45  23 105  99  13  94  32  56  37 104
   60 108 110  47  29 106  93  93  52  85  68  32
   33  99  50  80  73  99  82  81  85  65  85  15
   24  33  12  36  81  92  66  52  70  52  12  58
   38  36  94  99  98  64  99  45  53  70 101  49
   98  48  99  20  18 100  80  87  69 102  85  20
   62  35  56  37  94  27  94  65  56  88  99  61
  113  22  81  49 107  70  63  18  40  38  97 106
   81  29   9  29  84  50  65 101  20  12  41  86
   90  87 112  79  60  22  41  23  53  90  47  95
   14  64  43  67  49  17  24  95  44  68  35  59
   75  60  20  86  78  12  24 109  86  99  51  44
   99  35  60  36 104  51  17  64  91  16  19  67
   27  23  55 104  14  27  75  82  48 107  65  32
   61  27  99  77  61  34  19  53  87 106  30  24
   81 114  16  86  41 109  79  99  30 106  21  21
   77  83  56  56  12  82 101  63  96  49  12  21
   43  35  82  50  37  28  90  18  50  44  71  45
   42  95   6  50  59  67  97  44  39  65  97  30
  104  20   9  36  61  82  73  45  27  81  30  30
   60  48  31  98 106 107  86  69  31  53  25  82
   86  72  53  62  90  88  60  78 100  45  89  37
   29 106  89  25 105 112  64  35 104  74  56  61
   66  97  37  49  21  65  79  68  30  94  83  84
   98  20  10  72  34  26  18  36  55  22  16  80
   78  70  58  46  43  98  15  36  22  39  65  37
  103  18 104  90  70 109 103  52  77  44  38  79
   99 108  85  83  67 110  60  91  68  87  51  41
   56  89  91  10  31  28  74  79  29  42  49  30
   59  91  98 104  62  62  33   8  33  30  50  78
  102  94  79  79  58  60  29  43  66  57  19  63
  107  53  21  51  65  90  45  29  62  73  72  27
  107  31  66  43  64  56  81  93 105  19 115  76
   42  26   8  45  87  18  10  62  36  39  12  18
   30  46  56  75  90  62  38  33  21  22  91 105
   11 103  21  50  68  44  87  68  53  23  37  60
  100 101   6 114  13 112  81  60  56  63  50  31
   69  75 103  28  57  39  25  62   5  74  80  20
   35  59  18  51  63  86 100 106  54  40  20  70
   42  95  23  25  99  28  70  48  30  23  41  43
  102 111  56  71  64  65  46 105 100  64  86  71
   23  57  83  33  94  82  96  16 100  34  49 105
  109 108 103 103  34 100  94  64  33  40  83  79
  101  78  24  98  70  64  78  82  90  88  67  79
   71  43  29  56  93  32 106  70  84  53  93  51
   76  54  59  26  37  99  13  47  18  32  80  20
   74  41  84  31  33  81  21  73  62  67  60   7
  113  97  95  96 114  52  90  70  18  64  41 113
   60  94  37  37  76 101 103  81  97  98  51  19
   72  59  35  62  80  58   8  47  50  45  40  51
   41  99  49  51  20  53  48 101  66  40  80  52
   98  19  32  17  22  72 107  84  64  86  22  84
  102  28  61  90  49  31  37 106  75  57  39  80
   57  16  81 106 104  51  61  57  47  94  32  17
   42  88 110  24  33  24  98  31  45  36  76  56
   88  55  25  76  28 105 105  15  74  83  49  69
   92  68  25  19  70  24  17  82  62  25  62  58
   65  82  72 104  67  36  50  87  56  50  64 101
  116  80  27  53  97  10  13  86 106  82  20  90
   50  19 104  69  68  68  30  41 100  92  79  15
   37 112  66  91  48  40  95  49  43 102  82  39
   19  36  86  58  64  52  28  38  19  37  26  78
   23  37  50 110  86  87   9 100  28  45 102  29
   66  57  60  78  22  44  49  72  19  52  49  66
   59  69  98 113  93  87  18  64  51  37  92  24
  100  95  16  55  48  51  64  89  88  69  34  97
   57  87  68  98 110  60  96  74  73  72  94  82
   24  69  31  29  96  88  74  98  89  14  87  99
   32  14 106  70  20  28  59   3  81  27  53  95
   21  54 109  37  36  72  46  79  73  69  29  26
   83  75  68   9 112  45  43  42  71  33  37  43
   36  35  93  24 102  44  30  29  61  70  79  60
   14  10  74  88  90  68  97  41  76  40  89  95
   14  44  75  51  21  47  91  88  60  86  42  34
   87  79  27  82  62  73  85  31  71  87  42  54
   51  65  70  43  23  44 101  59 103  65  66  73
   69  82 101  84 113  56  32  95  93  73  57  45
   29  51 103  47  67  90  39  97  11 105  32  19
   98  89  43  70  50  49  41  33  84  53  69  75
   31  83  87  90  72  95  44  83  87  26  96  50
   60  82  26  33  18  32  70  72  56  29  38  88
   94  93  34  18  13  13  65  85  79  94  25  77
  112  48  49  29  35  53  30  48 107  88  47 101
   90  23  62  97  26  20 100 101 107 106  99  90
   88 100  74   9 101  42 108  23  21  96  61  61
   38  13  78  33 101  68  83  71  28  14  64  57
  104  23  16  64  31  88 104  18 116  33   5  89
  102  53  37  84  46  62  78  76  75  81  43  10
   84  67  19  40  69 100  68  63  18  14  37  84
   37  25  90  64  73  88  78  20  65  65  92 109
   12  57  70  92  49  40  76  56  79  44  12  78
   31  97  14  59  64  19  29  79  64  17  22  17
   80  81  50   7  32 103  90  39  92  17  15 101
   18  45  81  95  13 103  28  86  16 104  72  95
   72 111  45  94 105  69  58  37  35  72  42  82
   27  22  78  76  68  93  43 104  66  77  12 103
   91  84  83  50  75  71  24  77  19  17  51  65
   61 103 108  94 103  94  41  69 114  47 111  60
   47  59 116  93  94  78  43  99  58  78  52  22
   79  16  50  43  64  94  44  46  20  40  66  95
  107  79  24  50   7 108  73  68  36  87  51   7
   80  45  82  58 103  39   8  79  89  53  16  52
   60  40  80  82  59  93  43  98  47  89  54 115
   19  51  54  98 102  34  88  44  89  53  99  53
   80  63  83 103  83  55  22  26  63  78  99  68
   55  56  95  24  48   4   6  19  10  55  75  64
   44  24  48  27  75  57  88 111  29  54  17  31
   29  93  26  63  65 109  39  48  65  40  98  50
   79  44  47  67  46 108  10 102  27  75 103  76
   82  66  40  68  65  26  74  46  12  31  94  20
   69  28   6 106  65  47  37  31  81  38  46  61
   87  32  97  83  30  75  94  32  66  14  96  51
  108 102  97  20  22  44 105  97  66  13  71  37
   43  86 104  82  62  87  75  67  80  91  91  61
   36  98  50  81  72  46  86  51  41  41  32  80
   46  94  24  68  95  79  47  38  44  78  24  97
   99  60  35  88  21  25  34  87  41  96  53  98
   53  99  67  57  36  65  36  20  71  56  48  98
   30  86  84   3  74  18 111  17 103  59  59  72
   20  84  56  18  94  26  32  70  56  98  29  62
   58  88  59  62  85  11   5  96 109  50  50  53
   75 103  35  69  52  29  73  57  91 104 100  39
   90  88  10  36  98  82  33  73  60  97  58  22
   91  10  52  28  29 103  64  21  37  85  64  14
   89  31  94  15  23  77  93 110  45  29  44  21
   92  40  76  67 107  36  48  71  74  52  78  33
   30  17  21  65  54  47  49  26  59 113  58  56
  106  86  46  32  46  69  21  52  30  88  50  36
   77  45  69  45  32  86  42  28  97  83   5  82
   51  55  51 106  48  79  45  81  83  12  34 118
  105  70  93  23  56  55 113 106 113 105  81  34
   83  52 107  28  46  87  42  15  53  41  69  73
   36  18  89 103  25  89  24  19  71  91  63  68
   36  82  26  40  73  66  82  41  61  77 101  79
   35 102   6  71  60  19 108  63  75  70  51  36
   76  23  92  94  83  80  78  56  96 100  64  24
   59  60  78 101  99 102  91  97  43 108 104  91
   77  34  32  61  27  44   5  87  12 107  46  18
   91 112  21  37  85  55  88  77  49  35  92  54
   33  39  60  30  50  82  29  67  63  48  28  37
   22  63  52  76  57  47  39 109  50 100  22  40
   51  14  41  88  49 104  23  53  61  62 100  92
   30 104  67  76  83  63  15  58  80  36  48  27
   68  77  60  61 111  22 118  37  36  19  32  36
   14  37  78  21  69  81  93  13  26  49  96  89
   97  38  59  75  13  82 112  19  25  79  48 109
   91  41  23  74  71 104  70  30  68  64  75  90
   40  39  89  42  51  99  58  85 107  20  62  93
    6  72  91  91  76  58  36  44  69  25  27  93
   57  62  95   6  35  12  12  91  45  19  48  42
   75  52   3  33  11  91  80  87  49  66  48   3
   79  68  37  36  28  18  22  61  59  98  56  75
   43  49  65  82  85  27  13  26  17  20  21  92
   52  35  53  76   3  42  69   4  56  78  31  24
   22  21  73  57  30  19  46  11   2  89   7  55
   78  71  83  61  13  49  97   2  22  32  48  18
    7   4  63  40  28  23   5  81  51  98  49  87
   51  23  14  49  73  60  65  78  70  12  70  47
   89  30  26  92  28   5  39  74  50   4  82   5
   64  86  95  35  70  68  65  10  56  56  59  78
   73  41  22  70  57  58  36  37  25   5  48  48
   30  24  51  61  72  47  33  43  87   6  88  60
   79  96  92  31  31  18  31  37  66  60   6   3
   84  71  91  29  46  64  58  98  34  13  57  39
   64  87  70  48  67  64  22  82  32  97  46   7
    6  53  27  14  67  97  98  93  48  59  98  74
   31  50  97  27   2  45  81  23  65  27   1  66
   26  96  80  76  29  40  94  45  66  61  97  46
   40  79  30  12  93  83  68  74   5  53  59  64
   39  42  97  75  64  22  78  89  33  89   3  69
   24  39  56   3  45  89  42  21  99  86  79  77
   18  53  63  78  46  14  87  92   5  75  31   9
    1  73   8  64  11  76  72  36  19  60  97  85
   86  10  70  76  27  48  80  27  43  11  39  79
    7  47  69  17  51  98  91  15  49  72  58  13
    3  19   2 100  45  25  90  20  55  21   5  77
   88   1  15  66  14  49  82   5  67  85  68  86
   21  24  53  42  54  36  69  12  48  37  54  36
   86  72  99  53  74  31  34  13  60  60  96  97
   82  95  39  62  17   6  35  85  43  46  98  26
   25  33  21   5  98  18  16  84  75  83  76  75
   57  50  50  44  65  92  24  39  77  73  13  27
   84  83  79  44  54 100  46  56   6  54  37  36
    7  10  16  45  69  61  54  41  69  36  96  82
   72  12  45  58  74  54  60  22  56  49  63  44
   44  70  63  69  93  39  88  98  73   9  35  69
   75  59  21  57  23  97  63  91   2  85  59  75
   99  58  83  24  62  79  96  16  52  90  65  53
   32  78   2  37  51  62   2  55  52  79  11  80
   82  96  93  83  23  27  14  58  30  58  38  56
   85   3  40  41  66  44  21  43  16  13  48  43
   40  65  95  53   7  74  11  15  61  39  78  20
   56   2   8  25  90  76  29  94  60  96   5  50
   26  66  46  29  91  33  50  62  91  66  47  62
   95  48  56  19  24  86  60  14  72  27  87  45
   58  83  11  63  67  88  52  25  20  41   8  46
   54  79  83  87   8  60  34  34  28  54  32  97
   83  48  31  27  91  66  53  36  60   3  86  38
   65  57  49  95   8  45  44  39  87  72  46  43
   14  29  71  64  57  25  41  80  97  30   3  67
   33  93  25  42  46  10  45  67  38  56  84  19
   24  93  22  12  90  22  38  94  15  10   8   5
   47  72  73  82  54  27  64  54  33  97  87  67
   71  92  79   3  87  35  19  35  22  66   4  68
   95   3  90  19  31  61  91  79  30  44  44  30
   25  83  33  17  83  58  79  98  75  62  94  45
   10  42  90  10  29  93  58  55  63  26   5  44
   52  78  54  98  29  12  16  11  63  53   3  27
   69  10  28  86  74  36  50  29  54  76  89  57
   25  57   5  68   2  52  30  47  21   2  78  19
   17  99 100  65  73  43  18   5  26  39   7  36
   35  82  50  38  16  87  52  41  37  86  13  53
   72  94  69  55  27  26  94  49  16  83  62  82
    8   8  73  22  38  83  43  96  73  19  53   5
   44  73  66  76  45  62   2   7  85  14  71  44
   14  91  85  48  97  85  15   3  71  52  13  98
   41  30  12  72  55  14  66  13  36  84  72  29
   77  15  40  74  99  21  37  43  70  93  83  24
   85  80  20  16  18  31  31   6  20  14  38  14
   96  83  45  96  39  20  55  13  14  23  49  51
   26  78  18  29  39  74  70  36  52  92  91  60
   50  52  72  64   9  23  97  24  65  97  96  38
   49  27  55  91  80  19  95  84  24  96  14  27
   24  37  89  67  82  75  66   9  28  31  53  63
   50  38  48   7  57   1  79  95  81  65  19  91
    1 100  11   1  63  95   3  31  36  71  99  52
   58  99  25  76  12  36  94  47  99  70   3  45
   40  81  25  98  73  12  28  15  79  49  92  18
   10  24  56   3  28  20  57   3  67  91  98  61
    3   3  23  28  24  71  99  58  35  25  27  31
   59  78  37  72  55  15  28  98  48  78  97  71
   77  91  92  57  45  68  71   9  90  54  81  55
   69  68  40   4  46  66  40  55  98   8  59  34
   42  45  83  22  51  14  49  20  13  48  85   5
   74  97  83  14  17  63  64  30  34  42  72  87
   25  90  71  86   2  91  56  19   6  38  79  13
   39  34  87  79  12 100  69  84  90  95  20  23
   72  52  15   6  64  23  97  69  76  35  77  87
   27  71  42  99  61  42  83  47  84  93  37  34
    2   9  23  86  76  30  19  29  95  96  27  81
   55  88  65  55  51  85  62  73  82  39  76  93
   75  56  15  52   9  97  71  17  62  83  79  47
   67  17  68  78  78  18  44  10  56  69  74   4
   53  76  84   7  29  37  74  72  62  28  41   5
   84 100  18   9  20  86  18  56  47  24   5  67
   61  89  60  91  61  44  75  23  36  93  48   3
   75  57  95  56  88  56  81  30  31   6  48  43
   53  28  70  54  49  68  15  38  35  36  18  79
   30  15  64  96  89  83  50  21  47  18   2  98
   63  95  26  74  54  19  85  68  23  31  59  70
   63  88  72  97  14   6  93  15  87  49  80  15
   53   7   5  67  84  12  26  22  68  29  36  80
   83  12  62  29  30  11  37  34  32  50  20  96
   94  71  99  75  30  28  39  68  41  53  96  56
   67  84   8  12   4  52  20  68  61  34   5  54
   16  63  16  85  94   8  30  23  43   9  25  95
   50  83  47  78  25  84  17  41  53  30  18  53
    6  91  32  56   8  43  44  92  79  76  13   5
   30  78  96  88  21  68  48  16  89  96  63  18
   30  15   6  25  47  94  78  81  62  21  72   8
   89  44  64  40  69  88  89  19  69  34  67  51
   40  50  94  29  42 100  96  10  31   6  51  63
    3  70  59  81   9  67  93  41  24  95  99  44
   86  88  63   7  92  91  38  22  61   5  42  74
   50  76   6  26  50  72  93  59  27   3  81  87
   32   6  99  22  78   4  34   3  77  13  97  98
   31  23  55  60  95  33  18  44   7  55  97  88
   63  77  22  66  73  86  16  85  68  62  40  65
   72  25  99  63  43  50   7  71  63  45  13  76
    6  85  99  78  55  21  32  70  93  32  77  87
   49  64  83  11   5  12  19  39  73  66  79  23
   32  39  55  54  20  28  58  31   3  63  13  70
   86   3  17  94  15   2  49  77   8  33  55  47
   46  22  65  68  89  48  40  46  89   9  34  31
   11  94  92  38  74  84  90  80  58  94  98  24
   27  41  62  58  59  14  88  75  96  63  50  67
    4  99   2  24  39   9   8  60  39  71  80  40
   12   3  35  25  50   4  52  26  52  20  61  73
   52  20  23  98  72  76  37  27  75  74  57  83
   43  14  17   9  54  42  72  95  83  87  53  26
   11   8  25  32  45  55  74  59  51  49  92  54
    3  64  82  51  41  28  69  82  42  37  33  93
    5  77  46  76  43  64  27  12   3  88   5  26
   73  82  96  58  28  95 100  40  69  73  93  93
   86  67  52  31  29  41  74  78  88  95  27   4
   97   7  90  60  35  75  31  43  53  90  75  58
    7   2  97   3  98   6  30  55  47  49  69  87
   45  38  12  79  54  64  90  49  98  40  26  98
   70  52  93  67  53  17   3   2  60  62  85  37
   73  10  96  89   8  77  35  62  82  89  66  62
    1   2  64  36  52  40  64   6  17  47  30  32
   89  47  26  78  12  20  15  92  20  86  53   1
    6  10  14  14  83   9   8  43  76  78  25  34
   13  31  90   9  37  43  29  22  28  20  39  28
   34  68  86  64  20  84   7  41  27  52  19  51
   40  57  54  85  77  11  97  65  84  86  36  86
   42  70  31  71  87  23  88  42  51  52  54  98
    3   5  15  13   6  60  15  33  93  48  78   6
   50  20  78  69  34   3  15  21  17   4  63  88
   33  59  72  53  31  53  94  70  67  69  66  60
   78   6  56  54  97  60  71   5  51  66  24  59
    8  99  71  95  87  44   2  19  46  25  98  24
    6  92  59  17  62  87  73   3  45  46  71  31
   45  88  34   6   2  56  56  62  57  17  83  99
   67  31   7  80  76  83  20  87  63  71  37  55
   32  62  77  43  83   9  12  96  39  28  64  49
   28  43  89  95  41  89  98  32  41  79  57  53
   44  32  44   7  51  66  68  25  56  53  53   6
    4  33  80  58  22  97  98  21   4  28  91  27
   64  99  14  42  49  52  81  67  17  16  33  91
   72   4  45  22  67  66  21  63  71   9  31  71
   89  69  19  59  56  62  78  73  84  81  77  29
   79  65  59   4  16  31  95   5  75  61   9  86
   49  62  54  40  98  75  66  39  86  64  63  49
   61  50  16   5   9  18  86  40  69  83  18  91
    9  24  91  56  62  67  49  13  31  48  76  11
   48  24  43  18   7  54  15  28  43  43  21  37
   94  42  89  76   7  21  37  13  17  89  32   9
   83  96  10  43  95  82  58  99  34  91  62  14
   93  57   8  81  78  42  59  38  47  39  81  85
   31  42  44  96   7  74  75  73  39  78  79  70
   75  74  23  79  18  69  77  80  42  47  30  48
   91 100  46  27  24  40  12  67  29  62  20  23
  100  58  33  63  82  66  28  25  53  33  78  80
   22  35  83  32  52  41  25  75  48  21  62  61
   60  54  42  61  88  61  10  60  14  42  45  46
   33  32   6  22   7  64  78  25  25  46  53  64
   78  53   1  64  47  30  67  23 100   6  79  88
    8  22  63  37  65  69  73  71  30  49  39  34
   73  28  19  21  39  24  68  22  21  90  22  65
   49  25  85  75  87  79  44  44  51  90  75  19
   23  18  86  93  98  98  55  22  34  14  83  35
    2  63  69  78  73  55  84  59   4  14  70   2
   29  88  43  21  79  86  12   6   6  12   9  18
   15  15  33  96  19  61   8  84  98  10  46  58
   78  98  34  76  11  52  24  40  78  96  38  60
    5  81  89  46  81  29  11  97   1  79 100  19
   10  58  74  36  69  58  39  33  30  22  68  95
   20  50  98  74  43  18  36  54  91  95  71  36
   69  95  14  38  33  25  35  99  37  45  19   8
   99  53  39  26  71  76  34  46  32  64  99  42
   79  16  97  45  50  96  74  26  38  88  90  93
   36  34  64  99  83   8  25  65  27  91  87  12
   96  63  27   8  95   3  77  27  92   5  32  24
   43   7  64  13   6  33  62  68  85  40  66  29
   78  88  27  27  39  17  73  13  49  34  95   9
   11  22  36  66  40  48  96  34  83  95  56  46
   41   6   1  17   5  25  69  49   4  73   8  58
   59  43   3  15  13  32  69  15  59  28  56  88
   27  99  52  73  48   8  73  56  97  80  36  18
    2  40  95  52  97   3  41  43  69  31  53  95
   39  59  37  47  15  72  95  23  18  50  86  67
   50  77  29  30  46  14  77  16  72  22  58   4
   93  69  66  18   6  78  23  68  23  53   7  51
   35  54  32  13  24  53  97  79  44  31   3  38
   60  52  13  94  55  98  99  85  95  60  40  52
   63  96  72  81  41  54  23   7  75  49  90  71
   86  14  92  53  51   3  80  57  41  63   9  61
   32  66  69  36  67   4  94  15  87  44  14  37
   23  53  78  48  47  77  45  60  95  85  26  84
   42  78  99  12  41  62  82  72  37  73  65  42
   23  78   9  25  74  32   8  85  43  93  15  55
    7  12  19  94  89  70   3  16  37  93  47  78
   64  16   4  34  53  17  36  44  27  13  13  52
   70  20  66  27  30  64  25  61  63  75  87  35
   57  24  79  43   8  31  58  82  60  40  89   5
   15  44  82  28  94  86  86  16  71  17  51  12
   61   8  52  47  75  41  74  96  41  49  59  10
   75  28  20  99  32 100   8  89   5  52  53  33
   90  27  61  84  23  83  74  42  63  15  89  45
   51  30  52  42  28 100  98  11  10  68  68  54
   33  14  74  46  56  89  46  46  29  14  18  78
   21  31  95  66  13  27  79  37  49  15  47  83
   12  95  52  91  76   3  55  92  78  34  48  88
   26  84  23  99  93  37   9   5  73  83  73  81
   16  76  30  51   7  83  56  46  35  50  35  82
   89  88  91  44  59  64  63  88  49   7  60  51
    5  24  58  79  59  38  89  58  80  23  54  72
   37  63  42  57  76  25  63  81  19  30 100  29
   53  57  63   2  58  41  60  32  26  94  84   2
    6  41  11  87  55  50   1   5   4   5  28  71
   32  58  12  82  64  24  60  96  67  64  34  37
   67  96  13   3  77  14  86  92  39  13  41  43
   72  38  79  80  45  41  34  76  46  42   3  29
   78  17 100  46  59  89  11  48  40  34  62  75
   28  97  11  19  34  26  36  50  16  15  52  79
   52  56  25   9  15  16  11  15  61   7   1  29
   37  86  80  42  89  62  99  15  99  10  57  99
   18   3  99  83  17  56  28  33  62  85  18  57
   82  70  58  83  64  38  91  44  57  56  78  75
   81  39  66  30  62  67  73   4  66  14  86  67
   59  92  68  22  63  13  81  57  43  46  18  28
   90   9  51  40  29  52  89  53  28  75  55  86
   34  34  58  49   7  80   1  77  74 100  85  77
   96  72  31  96  44  34  14  91  89  65   9  19
    9  78  51  32  94  29   8  94  87  27  58   6
   16  75  97  37  46   8  38  80  49  47  34  14
   79  73  19  69  64   4  45  29   5  87  48  18
   1209  1243  1187  1244  1201  1193  1225  1186  1195  1210
