 10 250
   99  74  90 104  97  28  39  90  50  11  81 100
   84  29  83  26  31  76  79  53  79  43  27  57
   61  81  61  75  76  62  41  69  44  64  19  23
  105  27 106  53  50  56  53  48  86 109  69  66
   49 102  62  92  43  67  90  95  62  68  21  18
   97  59  66 100  84 115 106  77  58  31  28  17
   75  72  39  91  14  57  23  68  55 111  83  81
   67  68  26  90  88  49  49  75  51  39  91 113
    9  78 102  26  91  90  43  95  95  38  76  40
   88  75  73  57  26  66 103  16  25  53  66  35
   88  18  95  50  98  62  19  69  69  91  39  14
   98  50  65  45  35  58  48  23  90  14  22  35
   75  63  61  14  19  62  99  55  42  78  41  50
   13  71  23 102  16  24  49  78  93   5  34  65
   68  90  30  87  85  75  13  46  60  28  50  27
  104  62  41  47  33  60  73  72  71  27  25  57
   19  77  84  29  89  57  80  25  34  43  23  27
   48  10  44   9  74  72  10 100  86 112  78  54
   23  29  75  29  49  69  81 102  65  40  75  57
   64  98  26  45   8  72  47 104  87  18  28  33
   34  25 114  23  55  83  62  15  96  52
   85  74  83  48  40  26  50  37  35  41 102  62
   90  90  42  43  40  91 103  99  58  44  70  82
   49  94  80  60  63  87  57 101  60  57  68  73
   10  45  75  76  75 103  88  59  36  39  29  51
   38  61  83 104  90  77  49  88  94  75 115  92
   81  63  45  97  22  85  75  88  87  97  87  76
   43  55  28  26 101  47  19  93  92 100  96  92
   45  35  25  72 105  87  66 110  99  28  26  44
   66  28  60  38 101  87  19  69  67  20  19  11
   48  57  12  40  56  70  91  88 104  98  94  55
   67  30  58  35  58  63  39  21  83  52  52  82
   44  66  80  87  76 103  40  49  12  97  58  60
   31  98  52  25  58  92  49  74  22  86  11  79
   25  71  29  99  68  31  27  72  82  58  16  45
  102  16 109 108  71  91 105  85  46  28  49   9
   87 100   7  89  37  56  31  45  97  87  34  78
   25  14  26  47  52  37  24  38  90  28  69  66
   42  49  21  87 104  87  81  92  79  68  39  36
   50  68  39  62  42  42  80  30  12  89  89  56
   20  68  27  15  54  99  50  28 105 111  69  34
   38  37  82  81  56  75  65  55  53  57
   32  40 106 105  23 101  56  26  47  83  51  76
  107  11  44  37  25  61  71  57  64  18 104  78
   90  29  20  14  36  70  28  67  85  88  17   3
   34  54  22  33 114  40  75  74  53  68 102  31
   24  47  52  77  60  34  78  56  29  81  90  81
   37  77  24  15  92  67  36  15  75  86  46  52
   48  89  27  15  29  81  92  57  44  21  92  40
   66  48  24  19  45  83 119  10  69  50  26  39
   54  20  89  82  91  23  44  76  58  30  19  61
   64  60  70  74  22  29  93  62  81  77  49  75
  103  44  22  61  78  93  49  35  84  46  15  19
   77  91  96  11  81  66  58  97  61  83  88  53
   83  38  50  48 114  88  12  26  35 104  35  72
    4  23  37  91  20  96  84 101  77  77  74   9
   88  95  42  86  17  79  67  74  43  58  60  50
   46  77  54  97  65  77  29 100  52  81 104  25
   95  46  90  42  68  91  58  74  35  42  94  10
   47  89  30  93  87  57  22  38  65  13  18  69
   47  22  86  22  82  85  95  99 110  27  86  80
   13  76  82  80  12 101  11  50  52  82  61  70
   96  62  36  63  75  30  29  92  24  28
   25  40  58  18 105  36  33  61 100 109  23 101
   89  63  77  27  80   6 104  60  73  17 111  18
   84  92  56  20  49  40  14  15  21   8  64  31
   64 100  51  38  16 112  84  27 111  81  48  34
  110  28  34  30  54  31  46 100  19  58  58  71
   19 100  40  43  97 111  16  73  44  88  93  82
  103  14  57  34  26  69  52  95  84  91  28  49
   31  84   7  33 106  32  73  90  10  32  18  76
   35  98  35  78  70  69  83  98  41  49 102  51
   65 112  66 105  36  52 110  61  95 103  74  14
  101 108  99  43  51  62  67  82   7  36  39  26
    9  25  75  91  78  93  38  39  61  53  65  16
   51  18  93  42  98  62  75  84  86  15 104  39
   28   4  32 107  73  69 112  70 101  25  72  27
   74  45  41  66  48  95  70  21  29  46  54  83
  109 107  53  41  73  63  50   6  33  58  50  86
   25  69  74  11  77  70  91  73  96  91  28  71
   36  41  92  72  36  44  85  77  96  96  74  89
   31  97  99  94 107 101  87  98  22  79  26  79
   77 113  76  70 105  72  60  24  61  37  55  63
   25  87  47  31  14  55  99  46  28  15
  105 105  56  35  52  40  31  28  36  80  27  72
   19  47  59  27  87  43  72  37  98  48  67  26
   90  79  96  23 106  21  76  80  52  99 102  83
  104  47  64  72  99  78  38 102  18 108  53  42
  102  48  15  29  63  16  99  99  55  29  57  68
   47  12  31  37 100  96  75  49  75  49  79   4
   53  91  18  71  99  32 110  30  80  44  63  24
   82  66  96  77  82  79  57  77 101  96 108 108
   80  80  18 107  24 106  33  60 112  60  32  22
   94  87  38  81  45  46  31  88  34  18  72  53
   26  93  57 110  17  39 109  77  69  75  38  84
   85  37  89  74  26  27  62  67  42  57  27  50
   13  15  86  27  69  95 102  89  66  43  74  17
   66  77  97  73  79  65  62  57  83  98  24 104
    8  35  18  91  55  31 100  64 105  31  66  69
  100  22  82  45  56  28  12  57  97  77  54 100
   90  55  80  50  93  28 102  82  46  41 114 106
   73  89  31  63  59  72  17  17  42  21  69  83
   39  43  63  15  65 112  45  72  29  67  70  22
   16  87  60  64  19  34  46  39  27  24  42  52
   98  37  92  41  89  31  14  99  24  26
   60  32  42  81  80  86  80  65  62 109  66  38
   15 104   8  28  90  88  16  28  69  56  70  78
   91  97  67  30  95  43   6  77  33  38 107  17
   82  55 102 104 103  28 109  58  48  45  78  73
   77  87  93  44  94  24  63  89  75  57  61  48
   36  45   3  86 107  77  37  68  72  46  95  62
   44  64  20  28  43  23  25  86 101  55  19  23
   20  86  71  36  59  24   9  62  17  73  28  63
   75  77  88  88 106  26  86  74 109  97  93  19
   12  15  50  22 109 107  58  96  73  81  79  10
   29  14  81  24  25  80  63  92  72  44  49  44
   74 100  31  27  76  74  73  17  99  88  30  42
   13  31  59  66  39  56  33  92  53  70  61  28
   82  89  35  54  87  83  77  34  70  33  56  72
   87  38  36  96  84  23   9  17 114 103  51  83
   66  83  39  91  32   8  37  86  38  57  62  94
   79  25  60  63  83  31  37  17  83  36  25  60
   27  66  38  70  87  31  38  48 103  49  44  69
   99  51  11  97  52  23  15  51  17  72  75  28
   70  39  64  56  45  29  38  81  42  17  45  57
   19  90  93  74  17  50 113  37  92  54
   47  96  26  33 100  74  76  81  35  32  57  23
  113  13  82  37  30  94  84  66  70  83  88  23
   18  33  68  56  24  22  41  97  44  96  45  26
   54  53  97  77  66  35  84  39  75 101  13  82
   23  46  56  38  95  43  45  70  93  52  44  69
   11  63  19  73  45  47  23  98 101  81  88  88
   26  94  25  59  66   4  19  45 102  37  16 108
   60  87  30  86  22  69  26  78  12  62  56  16
  100  51  64  55  39  77  15  30  53  41  11  53
   50  59  19  71  91 102  24  35  52  89  30  65
   20  50  61  32  90  61  31  45 109 101  48  30
   30 110  80  31  36  53  66  48  60  21 102 116
   50  55  34  48  92  90  59  88  67  47  71  27
   51  26 104  94  44 102  79  46  49  94  17  71
   51 103 107  36  15  76  28  47  60  28   9  27
   86  82  25  32  77  50  26  69  69  35  11  99
   87  45  80  39  99  14  43  17  48  91  42  54
   46  80  45  98  76  50  98  80  17  26  84  36
   15  70  47  37  71  21  13  78  26  71 111 114
   36  70 109  29  24  27  99  97  38  71  13  57
   46  59  68  90 111  94 102  56  31  36
   29  13  37  69  41  17  27  81  53  86 101  51
   18 100  81  43  35  79 103  46  36   5  64  95
   12  28  68  70  55  16  80  66  30  94  34  16
   89  36 112  94  24  94 104  47  40  17  11  99
   23  19  47  79  90 110  44  56 109  78  15  18
   31  61  31  74  89  19  27 103  59  79 103 100
  100  90  60  39  28  37  22  18  71  27  55  20
   86   9  65  91  72 109  99  50 110  84 102  31
   85  32  71  40  48  60  91  34  56  37 115  43
  100  46   9 105  71  79  75  43  36  27 112  25
   29  99  48  24 108  31  96  78  65  28 107  94
  106  41  36  57  57  85  94 109  79  28 103  27
   28  10  87  21  24  84  66  33  20  91  54  21
  103  56  86  92  29  70  91  92  66  56  48  41
   21  36  44  24  80  72 119 105  32  93  76 108
   78 106  50  87  56   6  44  62  40  44  59  38
  104  54 101  68  77  86  34  49  51  23 107  52
   46  79  34  46  69  61  22  76  44  34  40  81
   99 105  52 110  64  52 102  30 110  61  72  65
   74  46  37  13  63  47  31  18 110  20  97  96
   30  91  89  64  72  51  45  85  58  30
   38  43  30  13  17  86  42  42  96   6 100  38
  108  68  95  57 100  92 104  13  40  28  81  23
  101  69  89 116 109  31  88  47  63  54  93  73
   47  44 108  35  37  98  71 101  83  92   8 105
  112  92  88  54  63  45 118  60  71  99  74 100
   82  54  20  69  93  31  40 110  52  41  38  19
   23  17  20  17  96  98  86  31  84  56  54  89
   29  49  36  73  53  14  32  99  33  50  49  91
   10  93  73 110  48  41  71  64  62  84  39  15
   32  56 100 108  79  36  79  84  23  96 107  23
   20  34  26  38  58  64  38  69   7  31  10  89
   82 114  75  13 116  97  34  59  27  66  65  30
   79  73  76  44  52  98  17 104  83   8  56  19
   33  73  59 100  87 100  54  54  54 106  92  30
   41  62  93  65  84 100  32  66  11  67  67  53
  106  88  19  83  13  39  52  65  53  22  53  21
   68  72 103  35  29  49  51  37 113  75   6  13
   40  77  14  48  38  95  62  61  93  96  99  52
   42  76  93  19  12   4  95   9  11  82  44  24
   69  41  13  44 107  25  80  19  61  84  79  31
   40  74  40 107  20  58  32  76  22 103
   38  52  80  83  83  65  96  44  41 114  11  30
   38  61 103  82  38 107  19  97 108  30 111 101
    8  68  34  67  37  67  65  80 115  94  29  60
   79  57  39  44  12  75  69 104 109  22  61  60
   57  43  38  77  25  61  94  87  58  21  49  65
  100  76  99  37  63  67  99  86  39  55  42  53
   85  47  67  40  66 106  79  17  88 113  75 114
   39  71  66 108  67  94 107  70  69 101  39  54
   66  97  24  19 104  43  62  78  50  20 112  48
  100  37  99  18  40 104  75  42  84  82 103  32
   37  64  52  49  94  22  51  98   9  66  22  60
   43  82  52  29  45  88  42  86   6  49  83   6
  105  87  17  55 103  89  70  74  81 105  36  38
   56  30  38  45  79  22 100 102  95  76  88  30
   95  58  99  50  72  11  90  27  30  70  60 101
   92 111 116 102  64  79  40  39  25  22  51  79
   78  42  43  67  31  86  37  87  40  46  27  16
  109  93  44  63  89  23 102  81  32  24  69  15
   35  75  17  53  64 110  89  72  74  56  55  92
   67  97  60 113  69  98  29  96  74  83  43  23
   31  49 106  42 101  49  60  95  39  35
   19  43  16   7   7  81  72  25  66  96  27  13
   21  83  28  88  84  38  25  62  26  71  87  55
   59  32  52  34  39  43  75  47  66  51  92  88
   15  92   2  60  61  62  50  54  31   7  41  49
   62  18  45  12  73  49  29  20  45  39  95  86
   23  46  41  13  22   4  11  34  49  77  85  93
   37  39  70  25  91  59  91  38  48   2  20  36
   48  38  92  21  18  70  55  36  66  72  17   3
   96  33   9  76  26  23  72  17  18  69  38  71
   31  40  38  60  77  45  15  92  92  50  50  76
   25  97   8  54  22  45  85  45  51  18  77  99
   12  67  55  70  76  46  56  90  30  98  87  67
   34  55  41  91  99  48  20  50  64  36  78  61
   95  40  79  18  95  90  53  39  25  97  79  44
   35  15  74  29  17  35  97  62  56  86  64  91
   10  45  72  58  85  57  45  31  41  80  82  49
   91  33  27  77  31  50  40  77  68  67  95  83
   71  99  76  99  28  47  97   3  16   2  28  65
   86  77  33  82  63  43  26  16  49  74  36  51
   47  14  83  63  98  48  69   2  24  91  81  79
   86  90   6  83  59  31  57  88  15  66
   30  28  33  66  62  89  61  74  75  65   9  50
   23  21  69  63  79  16   7  14  51  74  46  36
   53  11  35  55  51  23  60  10  57  45  35  42
   99  67  36  39  42  12  21  52  78  77  89  59
   81  42  20   9  17  30  64  17  17  41   5  22
   23  43  72  14  86  26  33  18  28  17  29  42
   68  62  87  86  17  68  91  20  19   5  10  11
   73  71  94  30   6  30  39   9  10  92  93  61
   47  77  51  69  10  28  92  37  50  87  92  91
   64  45  91  63  49  36  24  18   9  13  17  58
   40  72  49  78  61  47  64  92  22  60  60  20
   59  41  30  30  30  10  72  53  95  10  56  57
   76  21  59  80  62  20  59  29  88  16  93  41
   79  35  76   3  42  80  83  43  38  46  96  75
    3  98  10   7  37  15   2  19  60  91  63  95
   21   7 100  25  71  55  83  58  13  33  71  34
   90  97  93  64  60  81  94  78  13  74  41  41
   64  62  93  18   7  32  35  15  23  39  69  75
   58  36  78  42  64  68  40  79  99  20  13  55
   88  38  78  95  54  10  52  90   3   5  49  69
   72  75  20  34  56  29  44  60  66  56
   80  71  10   7  83  14  61  78  61  32  68  42
   11  99  60  79  86  41  34  53  47  93   9  26
   21  86  94  97  77  32  75  48  17  25  99  99
   69  62  85  86   5  68  45  39  62  34   7  80
   80  73  65  34  52  84  34  50  87  30  16  32
   82  25  82  90  12  43  67  96  27  30  71  56
   66  29  83  93  81  24  11  47  76  93  20  80
   51  70  93  99  70  26   1  92  33  56  77  70
   65  84  16  32  12  80  75  28  55  84  99  53
   38  46  45  35  98  82  26  51  24  40  70  42
    7  70  89  51  25  25  55  68  27  56  98  91
   30  29   9  94  36  54  58  16  50  26  30  49
   24  75  60  58   2  32  98  93  83   9  71  31
   99  85  65  13  96  15  18  11  38  38  29  98
   19  10  74  31  85  41  37  44  75  52  53  62
   66  36  64  23  39  36  88   6  51  37   2  82
   24  69  28  76  42  22  47  31  68  69  15  95
   64  18  89  23  29  48  80  73  49  90  99  45
   60  96  31  97  23  32  13   9   9  76  30  24
   97  44  21  35  95   5  93  59  53  31  58  41
    8  44  71  53  29  84  88  28  83  86
   84  76  44  93  10  68  76  52  12   1  84  14
   15  52  34  78  35  98  10  48  31  93   2  96
   19  17  59  92  60  80  93  89  93  96  55  73
   46  12  68  81  96   4  30  76   5  35  70  82
    6  74  72  90  63  80  63  19  83  46  58  42
   98   5  72  77   7   2  93  36  76  23  18  37
   12  97  47  86  84  48  51  11  24  13  90  62
   73  28 100  80   4  75  38  19  93  84  97  34
   75   8  77  37  32  50  23   7  71  62  16  64
   50   3  41  15  67  54   8  45  21   8  36  92
   19   7   3  65  66  54  53  35 100  82  75  85
   97  88  33  29  41  25  65  79  47  58  48  93
   63  91  16  72  13  43  45  20  21  95   9  77
   87  98  78   6  35  42   5  36   6  87  47  90
   34  64  77  50  72  25  37  99  87  64  57  24
    8   6  52  75  47  44  60  99  78  52  58  21
   81  51  32  96  40  45  15  30  16  11  82  46
   72  62  17  31  68  64  26  32  15  19  30  22
   87   8  13  26  10   1  29   8  91  28  76  24
   35   7  34  36   1  42  60  87  41  80  50  41
   83  33  63  79  92  53   4  72  83  88
   14  10  49  76  66  77  86  86  74  22  80  43
   99  63  52  89  17  73  36  81  17  72  40  85
   21  32  13  89  10  94  33  30  63   6   2  28
   15  55  54  37  12  34  80  10  99   3  57  66
    8  72  97  87  52  98   9  10  55  83  62  40
   66 100  80  80   8  20  30  62  27  54  33  98
   59  16  89  48   6  79   9  82  25  70  55  81
   38  54  13  29  37  41  48  25  19   8   4  10
   24  25  86   4  86   5  83  52   5  51  75  94
   11  33  79  30  71  64  88  14  80  92  36  49
   80  14  62   6  88  81   2  37  38  43  78  27
   26  82  15  29  86  75  53  37  62  55  91  54
   96  99  27  84  37  18  16  27  49  60  46  94
   45  37  22  32  26  45  57  56  28  17  88   9
   95  71  91  13  54  85  20  48   4  73  49  42
   17  80  36  68  57  89  92  54  10  39  63  11
   14  53  30  68  24  85  16  25  69  74   6   9
   33  15  86  54  43  33  85  88  75  85  35  28
   68  62  42  96  50   5  73  43  79  39  50  85
   97  15  56  56  96  68  64  63  91  82  65  68
   16  74  15  71  22  85  96  14  96  86
   51  73  74  21  30  25  28  41  48   1  44  64
   87   6  95  84  13  15  92  85  51  49  40  40
   17  11  45  81  12  77  97  33  79  67   8  94
   28  61   5   3   8  86   7  45  62  66  38  38
   29  28  27  72  18  80  48  14  33  47  45  72
   77  62  99  31   6  34  74  34  42  67  10  49
   68  48  92  75  64  94  80  30  17  62  88  84
   89  21  44  71  56  89  94  53  92  36  92  46
   38  32  26  18  14  83  22  38   3  10  15  96
   98  96  65  81  10   4  55  22  33  37  32  95
   82  88  31  86  84  30  44  26  38  75  62  73
   34   4  75  79  33  45  37  96  18  28  88  62
   94  88  50  39  64  47  71  18  59  41  42  88
   32  24  74  64  15  24  35  77  43  70  51  30
   32  77  71  16  26  92  93  94   4   4  51  36
   50  19  66  24  85  97  66  24  64  48  52   9
   29  89  45  56  33  77  81  99  22  82  82  45
   76  46  74  50  25  85  81  66   6  70  76  47
    8  56  91   6  59  82  97  54  89  35  41  88
   46  65  47  46  75  82  81  22  74  94  75  47
   90  21  19  32  97  69   7  69  23  66
   73  20  83  76   6  41  35  37  75  77  50  90
    7  95  36  73  75  21  26  53  41  34  23  83
   90  78  42  62  90  86  77  17  61   8  75  88
   52  58  20  39  40  80  34  65  31  13  94  24
   79  73  50  77  22  59  63  39  16  52  60  45
   99  42  88  31  60  62  97  17  10  30  22  18
   84  14  80  52  47  98  91  74   9  72  95  11
   54  22  90  18  90  42  86  41 100  57  63  96
   10  56  46  63  72  36  93  80  59  63  95  66
   64  46  90  43  28  17  81  82  60  27  80  53
   91  59  54  87  25  48  88  61   2  13  62  79
   89   4  32  84  69  64  36  69  42  97   3   1
   52  54  76  67  12  29  56  28  48  65  43  75
   58  82   3  17  76   6  41  65  57  15  89  38
   66   3   7  75  89  44  90  67  48  83  99  92
   31  31  94  74  38  69  85  42  34  76  92  12
   23  58  25  73  21  98  64  98  54  14  64  50
   66  27  66  13  31  52  19  34  89  89  19  75
   87  34  60  77  38  96  95  38  82  43   9   5
   78  33   7  73  85  83  15   6  80  40  92  57
   65  59  52  19   8   8   5  63  76  68
   91  99  74  45  79  90  89  30  56  33  11  60
   99   8  25  64  71  32  14  66  78  99  47  10
   95  82  34  41  52  91  40  52  78   8  69  87
   17  66   4  17  95   9   8  66  63  99  94  12
   88  98  58  38  19   1  61  59   3  40  93  98
   78  49  84  37  21  87  85  16  50  30  12  13
    6  19  44  68  84  74  97  85  34  76  51  82
   17  96  38  19  34   4   3  70   6  27  12  81
   25  82  42  66  66  57  15  83  55  69   3  65
   11  71  97  15  36  36  39  61  84  87   6  80
   81   5  69  79   7  89  14  40  46  86  12  24
    1  74  66  46  62  17  18   5  41  78  11  78
   76  96  19  81  83  24  41  85  88  26  54  98
    5  50  29  17  88  45  13  24  42  55  67  66
   92  69  73  83  27  33   1   6  84  27  35   6
   26   7  70  24  48  98  63  49  76  70  47  64
    8  52  18  49  25  27  69  59  66  82   1  50
   64  23  82  74  41  47  84  43  71  85  72  39
    3   5  55   5  43  64   9  86  10  52  48  37
   37  65  76  92  50  63  85 100   5  86  20  14
   77  26  13  52  33  63  72  20  45  75
   80  76  79  96  98  33  75  72  21  98   2  79
    2  50   8  62  14  24   1  99  78  90  38  80
   18  40  25   2   8  82  32  71  52  60  25  29
   67  72   2  73  80  13  48  11  31  16  99   6
    3  26  23  51  48  64   2  51  40  20  46  13
   32  49  98  51  25  89  71  10  54  77  78  88
   85  94  95  90  23  10  19  75  34  47  48  28
   76  54  73  40  55  97  77   5  69  52  56  20
   93  24  38   5  57  65  32  39  41  18  76  95
   88  61   5   6  24  73  24  20  89   7   3  94
   90  73  78  80  53  48  67  34  97  77  95  30
   24   5  38  95   2   9  73  55  87  52  46  81
   41  44  44  68  59  13  92  10  27  97  55  92
   69  42  47   5  31  11  64  49  52  14  24  81
   71  41  20  46  31  13  80  37 100  44  53  63
   10  18  93  33  93  69  66  44  55  89  58  89
   35  38  14  79  91  62  66  67   5  40  96  96
   80  25  97  55  70  14  48  45  13  14   8  61
   70  38  18  87  95  98  16  99 100  21  64  85
   39  68  89  74   7  79  38  83  45  20  36  71
   68  38  72   4  92  46  85  41  85   6
   71  64  39  28  31  38  21  67  61   5  97  89
   73  46   8  24  76   9  92  10   3  82   5   3
   97  40  75  51  68  45  48  31   1  16  75  42
   32  55  72  71  92  44  40  13   6  95  45  55
   51  68  68  31  90  50   9  25  59  96  54  47
   15  38  15  69  48  43  17  23  67  53  62  58
   28  67  46  72  41   2  39  86  31   6  33   3
   66  40  50   6  44  17  11  45  48  10  66  63
   52  13  92  97   6  77  52  41  69  98   8  62
   12  73  11  93  80  12  40  77  23  24  15  80
   78  55  63  62  26  94  51  13 100  39  81  49
   68  25  51  80  65  18  66  25  98  67  33  97
   12  25  92  62   7  22  37  37  37  12  75  67
   55  75  66  66  31  86  12   7  22  41  18  87
   17  50  13  52  35  93  28  75  88  35  45  13
   11   5   3  11  45  39  66  78  93  86  59  23
   32  69  62  51  87  22  65  25  76  74  88  87
    2  10  69  49  24  81   1  33  80  94  45  88
   79  40  99  61  47  10  29  32  42  53  62  12
   35  13  50   3  42  16  84  24  31  24  77  93
   80  55  14  78  10  61  51   7  65  67
   1049   974  1058  1007  1006  1051  1074  1006  1026   942
