 20 200
  102  91  55  89  81  30  99  34  21 105  89  65
    7  73  25  67  78  25  83   9  64  93  25  37
   42  54  19  15  49  93  49  37  78 107  82  45
   99  20  70   6  76  33  61  83  34  32  82  66
  104  53  70  50  62  49  25  80  46  73 100  86
   99  28  21  26  30  53  10 104  27  26  67  54
   43  90  79  66  67  50  57 103 102   6 111  94
   23  56  15  81  22  67  71  26  43  90  75  81
   63  32  67 105  38  80  52   5   6  48 112  42
   60  66  65  19  74  82  19  72  84  93  92  45
   56  83  25  45  33  99  77  46  44 110  48  74
   83 102  85 115  87  70  32  82 104  58  69  36
  105 114  42  37  81  16  16  33  33  88   7  18
    5  52  22  24 114  20 115  87  83  90  65  93
   92  23   5  62  99  79  45  14  18  70  89  80
   86 102  66  65  75  67  48  53  50  82  70  93
   41  42  64  16  29  59  51  77
   77  43 103  64  88   7  39  40  47  28  56 105
   76  55  99  29  57  95  61  65  71  96  92 106
   40  45  99  25  26  28  85  84  96  98  50  69
   20 112  96  10  74  34  66  68  56  92  25  76
  101 102  39  28  88  76  64  40 105  27  37  97
  111  85  26  36   7  53  25 109  14  92  78  20
   81  31 101  60  63  23  83  71  27  35  44  81
   61  17  84  73 108 110  11  87  87  74  36  65
   21  58  26  78  56  81  33 110  44  86  41  96
   23  86  66  76  20  57  39  97  12  31  81  68
   84  26  38  27  94  12  82  34  55  95  16  46
   87  15  50  26  35  82  46  64  54  15  60  32
   22  57  58 106  26  40  86  49 106  76  99 104
   99 114  75  66 100  52 109  63  75 108  19 104
   92 108  53  59  46   6  74  80 101  18  42  64
   46  60  44  92  31  29  72 111  42  98  45  21
   92  95  69  81  80  81  45 109
  111  63  68  45  76  12 101 100  63  26  57  80
    8  56  44  61  63  84  85 102  57  80  92  30
   31  59  95  57  45  54  67 100   9  23  59 101
   47  24   9  72 103  78  48  61  70  61  87 101
   90 100  48  95  68 108  58  44  87  68  82  10
   33  22  57  99  41  61  67  42  70  63  70  23
   95  23  92  38  65  47  49 114  50  43   9  82
   90  38  82  73  64  69  35  97  66  51  18  57
  102  58  52 105  12  94  76  26  75  54  33  94
   97  19  54  17  59 112  25  85  76  33  40 110
  114  40 111  46  29  35  61 108  51  32  74  79
   76  66  20  71  77  57  46  91  53  88  14  18
   71  87  58  29  90  26  57 109  37  97  75  77
   88  76  15  28 101  58  76   5  14 108  31  16
   38  43  58  13  97 100  22  72 104  66  52  16
   55  80  46  42  85  39  84  96  49  66  70  87
   91  40  36 103  44  68  18  31
   74  17  59 110  62  74  50  36  47  47  37  95
  104  25  69   8  28  72  21  73  70  99  42  52
   63  77  30  91  38  79  47  80 106 102  97  10
   26  93  35  41  58  21  63  62 109  28  53  31
   73  43  63  95  30  85  35  33  89  29  88  93
   35  98  87  67  38  76  75 109  66  56  79 102
   17  14  92  98  91  19  18  92  96 107  56  80
  106   8  26  94  32  73  73  14  81  67  92  66
  108  49  34  91  31 106  21  52 103  37  89 103
   95  22  32  60  41  57  23  65  95  46 111  87
   33  67 106  53  89   8  20  63 101  93  22  54
   30  46  94  55  98  60  95  94  19  76  18  81
  104  46  13  47  25  86  47  57  69  98  54  45
   68  80 100  89  91  64  43  12  76  18  54  79
   78  42  41  69  85 105  45 105  28  83  47  24
   24  70  86  71 104  60  22  50  66  91  73  91
   24  71  83  63  96  63  17  72
   51  21  29  89  90  60  53  64  98  36  38  68
   29  59  13  78  66  82 101  17  63 105  74  74
  103  36 104  38  87  36  51  98  41  23  84  27
   18 105  90  62  24  64  43  51  60  39  81  36
   21  92 109  29  45 101  44  84  49  17  61  95
   58  77  25  38  69  31  66  17  42  21  58 105
   22  13  95  67  83  22 107  67  60  99  73  66
   17  58  62  76  99  16  26  50 101  30  98  38
   32  67  51  61  14  53  28 111  43  79  17   7
   25  19  20  27 103   6  32  88  27  70  55  50
   56 115  19 106  49  18  27  35  45  30  45  46
   16  15  10  54  70  26  68 106  92  96  90  69
   47  85  50  46  24 102  79  96  36  74  24  31
   85  91  19  82  28  80  90  96  97  51  97  69
   35  12  73  19  75  27  31  31   9  83  30  42
  110  46  45  32  53  72  45  44  77  45  49  35
   76  16  45  97  44  56  44  10
   12   3  77  91  43  29 117  64  71  44  81  78
   18   7  45 104  32  33  86  89  65  42  97  87
   57 108  97   6  85  50  42  82  83 105  89  96
   65  38  62  33  97  56  29  23  99  11 105  35
  100   8  53  49  42  92  82  34  41   7  54  62
   72  97  23  35  63  91  32  20  42  45  59  94
   80 104  41  26  80  61  65  93  95  78  43  30
   78  39  76  83  48  64  37  13  47  39  89  94
  106  30  28  51 104  64  82  54  51  99  77  57
   23  33  18  84  52  36  36  70  82  79  33  43
   93  94  25 108  79  52  54  50  91  29  39  27
   57  59  26  35  29  90  63  56  14  27  71  48
   66  46  54  41  79  94  83  36  14  42  23  11
   33  18 106 101  70  54 104  21  84  10  16  41
   51  24  57 111 102  22 101  72  96  22  58  17
   95  81  98  46  25  37  28  86  95  31  42  92
   64 100  87  85  19  30  28  75
  101  80  58  54  87  93 113   9  89  94  91  34
   77  87  56  95   5  17  69  39  79  42  75  32
   20  75  93  41  80  36  99 116  36  10  30  24
   47  41  55   8  24 113  81  73  63  66  95  64
   23  42  55  39  74  17  70  99  45  22  75  59
   13  72  50  88  35  92  67  77  77  85 105  69
   22  73  80  19  83  28  65  67  89  57  76  59
   72 106  85  75 109  32   4  16  95  60  94  47
   46  21  88  69  60 106  65  44 111  23  80  71
   17  36  89  32 111  92 103 115  89  34  22   5
   39  38  70  82  74 105  55  17  78 105 104  35
  112  65  42  35  42  34  56  84  81  48  74 100
   80  39  75  45 106  60  87  14  83  91  29  59
   81  85  37  27  38  57  68  70  93  83  75  47
   62  17  41  74  57  46  59 102  79   9  80  81
   21  65 102  48 108  42  34  80  99  43  79 100
  115  86  53  33  40  61  71   9
   92  70  80  46  79  38  82  75  94  49  41  94
   55  22  83   5  83  24 111  91 101  79  77  64
   24  84  39  57  29 108  82  65  24  59  79  20
   66  40  54  88  22 114  66  18  30  48  61  99
    6  99  24  39  36  99 109  95  23  96  77 102
   70  66  95  83  94  91  35  47  16  39  89  77
   54  66  72  34  30  44  58 101  48  67  67 103
  100 107  25  10  39  12  22  69  71  37  77  82
   45  62  79  72  82  19  27  53  35  57  92  84
   45  94  73  41 111  80  93  63  87  70  39  34
   96 104  22 101  27   6  45  72  80  66  96  73
   59  64  43  63  68  26 107  28  33  86  26  45
   23  74  65  80  70  91  49  99  37  89  42  57
  107  77  77  84  41 100  17  30  97  43  54  82
  114  23  52  63  83  43 108   8  40  66  95  32
   21  76  56  79 101  22 114  35  88  37  92   9
   69  20  88 102  11  77  61  58
   94 105  67  22  58  40  24  24  26  61  54  60
   76  56  63  88  44  42  29  31  45  85 107  83
   39  97  38  31 117 101  89  67  96  27  72  70
   31  21  20  16  31  96 105  17 101  90  55  61
  115  80  99  23  72 102  11  38  89  60  85  29
   47  77  72  34  34  29  35  61  53  66  40  53
   12  22  67  20  40  41  24  66  28  25  93   4
   59  13  70 112  52  34  79  89  29  49  57  35
   17 105  89 111  64  32  90  87  95  93  28 103
   29  49  59  31   9  32  84 113  25  57  36  58
  112  27  74  12  21  39  87  59  93  49   8  21
   85  25  78  65  95  41   7  67  90  36  61  22
  107  91   9  30 109  59  46  39  43  92  40  31
  103 107  10  34  73  70  45 103  73 106  85  71
   60 117  75  26  40  63  20  28  17  13  20  88
   91  59  89  41  91  63 113  44  38  60  67  46
   88  23  37  77 108  18  17  55
   39  33  55  43  19  72  58  30  26  12  61  71
   35  39  52  66  50  78 100  27  93  99 107 107
   79 115  21  16  70 105  78  69  92  90  72 114
   26  47  27  37 111  88  56  52  46  54  18  71
   91  39  79  86 108  81 108  22  84  49  33  70
   87 106  59  74  61  13  76  25  79  26  38  37
   81 100  76  86  69  76  96  79  93  68  84  82
   23  99  39  55  55  91 100  28  62  96  89  56
   57 107  49 111  45  53  63  98  36  58  44  74
   70  29  80  56  58  38  40  71  25  75  50  71
  107  17 107 104  18  97  43  79  45  51  16  70
   36  86  40  86  51  71  62  33  59  92 106  69
   79  61  14  51   5  89  19  76 101  33  79  18
   86  71  73  33  23  33  79  54  77  52  58  87
  108 112  58 111  84  90  27  83  21  29  63  38
   32  46  96 100  36  52  98  86 116  57  54  82
   68  82  63  45  21 108  54  49
   27  94  83  56  92  54  49  38  56  49  46  66
   98  65  17 107  35 100  18  51  57  83  53  55
   45  44   7  47  91  39  29  38  44  37  83  83
   19  44  67  86  82  19  26  78  97  75  90  43
   49  45 112  42  74  44  87  71  24  55  56  93
   73  24  75  76  84  88  85  42  57  46  75 103
  106  82  62  71  99  29 108  57  96  56  66  89
   74 102  91  85 117  70  87  95  45 104  97  90
   89  87  38  65  14  30  87  64  87  63  61  76
   58 112  70  29  39  98  80  22  69  32  39  93
   30  96  23  64  96  37  49  44 100  59  28  95
   21  70  63  70   6  84  71  40  42  66  11  56
   36  37  24  88  32 102  46  95  59  57 111  86
   61  73  46  70  96  88  37  83  51  40  95  17
  102  32  76  11   4  98  85  37  30  32  81  37
   91  88  47  87  48  91  39  87  28 107  45  30
   39  36  72  79  33  94  22 103
   27 105  65  96  61  40 110  28  76  71 102 103
    8  17  66  34  49  60  49 107  30  68  34  92
   55  47  82  83  72  86 110 103  25  94  25  96
   59  51  43  57  25  90 112  55  73  85 101  57
   42  84  70 111  94  56  54  44  25  88  68  63
   89  75  67 112  18  85  86  29  73  76 104  68
   67  92  81  93  86  61  98  94  72  78  66  28
   27  31  45  84 101  94  35  22  72  75  53  69
   73  14  61  36  60  83  20  35   9  94  35  24
   82  91  52  16  28  42  13  98 117  63 106  64
   71  98  95 103  58  74  27  68  14  79  59  56
   34  20  66  47  36  76  68  87  99  28   9  14
   92  88  73  26  64  16  63  76  18  99  58  31
   97  83  31  60   8  77  88  15  70  33   6  97
   34  53  28  88  69  16  61  81  71  19  23  73
   20  21  10  96  29  96  33  26 110 105  46  58
   76  88 101  55  65  89  35  22
   50  32  93  29 112  68  22  90  45  87  91  87
   67  66  65  44  33  24  93  69  78  89  35  13
   20  98  44  76  38  15  90  62  40  80  61  52
   89  92  87  78  72  65  67  77 100  44  37  98
   26  94  56  65  32 104  51  52  18   9  22 103
   28   5  37 100  51  87  81  67  78  41  81  61
   99  46  20  31  50  48 109  36  21  68  30  57
   67  95  83  33  46  30  34  85  89  59  22  82
   26  43  38  82  37  50  41  32  68  31  99  75
  105  34  20  97  22  50  64  75  75  33  31  36
   27  70  84 114  14  31  42 108  88  31  78  12
   55  74  84  56  82  27  54  42  64  57  66  82
  109  27 106  11  32  51   9  39  83  11 101  21
   75  56  96  17  96  72  68 100  44  65 107  28
   21  36  87  40  33  89  63  50  86 100  43  31
   44  25  36 103  76  59  54  33  65   9  21 108
   77  74  77  79  58  62  29  91
   55  80  61  54  81  97  88 112  75  20  96  86
   56  75  53  70  53  35  16  65  40  47 110  26
   18  45  63  48  96  67  47  62  57  16  34  47
   32  61  37  95  25  60  78  33  73  99  90  58
   54  73  76  30  52  55  68  60  97  64  37   4
   74  18  22  31  92   4  84  90  15  91  35  87
   75  66  92  50  45  16  45  70   8  82 106  94
   82  53  93  79  88  17  85  30  42  53  44  63
   61  34  18  65  22  91  22  34  47  94 102 119
   62  12  31  35  35  51  95  55  25 101   6 107
   31  79  56   8  11  98  85  74  82  44  80  86
   26  84 111  66 101  97  96  20  34  10  50  19
   99  35  25  76  86  85  57  78  86 102  51  15
   89  19  27 109 101  87  79  34  55  55  41  95
   79  50  22  48  54 111  54  33  39  89  63  71
   61  90  47  57  78  41  39  30  53  75 102  80
   59  38  79  67  84  28   7 106
   56  40  84  92  78  81 113  23  89 104  34  72
   72 115  88  58  44  67   4  65  62  99  51  98
   78  52  32  35  95  72  87  27 114  54  42  32
   12  50 114  60  72  49  36  70  43  81 100 109
   33  60  75  13 109  50  82 106  58  95  63  60
   25  40  10  49 108  47  85 105  29  63  97  80
   66  52  78  46 111  36 114  52  74  19  52  62
   82  39  22  53 115  34  66  79  66  19 106  66
   91  69  49  94  32  89  10  15   6  49  80  98
   88  28  38 112  62  57  29  39  22  34 113  50
   23  82  76  21  24  79  87  89  74  42 112  39
   45 114  19  37 100  74  98  69  90  60  40  85
   67  31  86 100  32 100  90   9  37  59  54  78
   21  23  21  31  95  96  56  38 107   4  35  75
   69  46  34  19  62  21  66  81  63  37  40  29
   36  62  35  39  46  19  17  93  81  18  35  98
   42  90  96  94 107  80   8  23
  108  21 106  60  29  94 113  97  36  89  40 101
   64  64  25  78  68  82  87  54  28  65  68  98
   64  39  76 102  84  70  44 101  43  15  32  73
  101  23  87  83  89  85  49  49  11  70  86  47
   52 103  40  12  86  73  46  66   7  47  70  84
   11  77  22  98 104  64  38  31  44 103  24  80
   51  29  95  28  60 115  79  27  89 110  93  95
   64  50  48  12  31  22  69  74  37  29  60  85
   85  28  80  57  56   9  65  24  51  20  35  25
   86  11  26  14  89  63  37  53  78  44  15  70
   85  83  66  92  43  53  64 117  89  86  51  20
   54  85  16  68  53  79  39   9 113 100  86  65
   35  58  27 106 107  48  71 116  18  35  32  88
   45  61  94  30  46  82  23 102  35  28  16  47
   28  26  18  98  18  63  49  34  58  21  55  43
   71 109  41  49  95 112  43  84  42  82  37  78
   22 111  67  30  97  82 108  99
   27  86  42  97  31  80  98  36  63  77  17  65
   47  70  79  50  26  48  16  68  48  18 102  32
   16 105 109  35  23  10  62  19  38 105  44  80
   32  49 113  95  57 108  98  28  68  81  13  94
   68  11  58  13  19  62  25  39  22  85 107  51
   65 113 110  17  77  82  42  71  18  50  38  62
  106  95  53  89 102  82  96 100  38  69  76  48
   99  64  79  23  90  87  29  17  94  84  81  50
   97  37 115  77  76  68 102 108  83  73  80  32
  117  41  60  76  27  21  69  58  31  27  99  92
   38  30  34  55  17  22 106  70  19 100  25  75
  108  69  53 108  27  21   2  36  18  43  51  95
   32  63  78  21  81  96  91 102  35 109  99  86
   34  59 115  90  32  73  50  70  23 103  83  55
   88  73  53  85 105  37  79  68  66  32 102  63
   54  41  87  81  19  45  89  73  33  61  17  83
   51  54  87 104  20  37  41  57
   63  95  98  55  33  64  13  52  23  93  30  51
  107 102  24  26  50 109  59  12  58   6  67  87
  105  20  59  46  74  95  89  98  77  44  98  86
   53  71  36  48  98  88  89  43  77  62  44  62
  109  17  50  28  35  29  13  54  22  31  86  21
   21 101  98  30  23 105 109  33  19  64  65  45
   19  84  38   9  37  90 104  53  75  22  59 101
   73  29  97  89  45  26  59  98 106  18  65  50
   67  94  62  99  66  43  44  15  90  79  86  88
   27  90 105  25  88  23  52  93  29  92  79  21
   80  56  85  23  24  29  31  89  52  65  22  82
   66  60  87  51  55   9  45  46  34  92  23  34
   34  54  57  45  57  84  75 105  51  20  17  34
   29  85  15  39  80  17 100  87  74  99  75  62
   80  90 100 101  94 100  38   9  17  34 104  19
   29  91  64  71  63  52  80  75  57  91  95  91
   57  65  46  74  44   9 106  41
  103  95 103  26  94 107  17  80  40  35   8  65
   84  14  20  27  53 100  19  20  43  81  13  81
   44  44  40  81  93  97 114  94  72  73  72  79
  102  95  58  24 106  38  33  21  50  60  13  22
   98  50  10  35  75  88  80  81  49  78  50  90
   42  85  60  18  99  75  53 118  46  29  83  87
   61  91  37  68  41  23 104  23   7  20  16  52
  107  43  64  62  36  88  72  58  37  40  81  40
   14  52  52  76  19  28  73  92  91  44  91  42
   32  37  32  16 101  36  47  46  59  24  41  67
   90  20 102  58  30  94  60 102  59  52 102  31
   98  52  70  62 100  43   9  17 100  63  97  61
   14  30  34  88  64  65  54  78  96 104  68  42
   39  92  19  92  60 103  94  88  96  99  51  41
   18  18  17  81  42  98  23  45  64  50  49  36
   59  11  83  41  25 107  79 105  17  67  36  70
   27  72  20  66  54  86  40 112
   86  61  48 104  84  50  71  16  73  92  75  34
   27  64  69  47 102 106  15  22  31  62  92  81
   95  73  90 107  59  80  62  27  81  43  92  80
   39  84  18  58 111  50  79  29   4  76  77  51
   36  76  63  67  99  74  83  28  27  85  38  54
   60  70  31  35  89 103  37  52  71  68  76  39
   95  84  70  27 103  44  18  37  88  59  28  70
   77  74  68  25  96  15  39  76  65 104  42  24
   23  88  14  24  25  95  55  39  74  34  19  35
   86  61  94 102  89  59  81  79  88  53  95   8
   76  24  85  84  34  53  65  12  29 101  97   7
   61  18  55  55  37   6  43  24 114  80  93  68
   51  17  22  60  50  64 106  75  15  32  75  64
   27  29 102  94  81  85 106  84  78  30  45 105
   13  59  17  38  47 111  19  27 100  74  22  23
  101  20  49  26  24  66  63  64  23  66  59  55
   29  79  93 107 116 102  47 105
    6  13  61  26  37  75  14  76  98   7  30  46
   96  34  84  44  33  80  19  94  50  11  86  83
   73  66  96 100  56  20  58  82  25  12  25  60
   20  94  34  96  39  81  57  37  85  83  38  48
    7  59  39  62  40  53  86  25  60  44   9  34
   15  85  87  84  76  53  96  16  80  82  44  50
   72  21  24  41  51  62  49  13  10  97   5   9
   83  58  87  30  89  53  47  85  75  23  37  28
   57  73  50   5  67  26  68  97  98  60   3  68
   43  54  42 100  43  34  90  44  27  12  14  61
   61  32  86  67  86  18  30  74  67  10  60  40
   31  12  29   2  16  37  70  32  12  48  41  71
    5   5  69  80  22 100  90  78  74  17 100  90
   98  57  91  86   6  97   1  31  20  26  52  24
   24  88  99  43   5  31  71  89  94  45  16  31
   17  12  41  45  27  44  63  66  60  29  46  25
   72  75  47  91  82  56  61  26
   33  66   1  53  16  99  68  69  56  75  54   2
   31  56   7  85  54  17  44  54  40  16  23  10
   76  62   4  86  91  87  22  26  22  10  59  42
   83   6   8  92  37  78  40  42  61  26  81  40
   18  12  72  79  20  30  43  73   6  76  79  20
    3  19  91  71  95  63  84   5  98  22  25  85
   25  85  10  45  50  88  37  40  84  79  74  29
   43  91  24  35  12   8  95  17  16  31  75  40
   91  53  91  42  52  25  84   2  58  23  76  11
   86  19  40  39  95  49  64   5  99  80  29  44
   33  84  67  77  22 100  38  82  51   8  94  57
   33  92  52  92  78  20  56  43  60  96  53  88
   89  45  58  10  78  72  24  54  11  33   8   6
   11   5  44  51  14  54   9  52  32   3  91  11
   23   3  62  43  61  97  43  40   6  97  71  46
   69  45  74  19  82  81  34   4  72  22  58  99
   20  19  48  30  38  32  68   9
    8  39  39  71  41  94  10   4  50  88  63  27
   97  46  67  50  48  27  33  11  62  24  17  79
   89  56  13  46  64  61  41  18  95  87  48  12
   63  92  97  47  13  33  63  41  47  59  27   2
   21  10  64  22  34   7  48  72  28  43  35  96
   73  84  61   5  70  58  38  64  41  48  44  97
   18  87  19  74  45  56  56   6  66  68  99  35
   22  73  35  38  42  43  83   8  39  69  98  58
    3  56  54   9  92  16  44  84  34  59  72   9
    9  92  49  91  51   8  81  32  43  81  70   6
    2  62   3  60  80  70  45  10  58  87  38  27
   37  52  89  40  28  52  68  23  56  23  98  90
   45  33  53  91  14  84  48   6  73   6  35  33
   14  44  94  88   7  57  33  98  90  12  72  93
   69  73  48  99   6   4  96  33  15  49  58  95
   55  39  61  70  26  80  23   8  59  45  40  26
   15  70  82   6  72  50  87  76
   36  90  46   9  46  33  69  77  58  58  76  25
    6  80  41 100  79  39  99  35  41  12  71  61
   48  36  79  28  69  32  67  25   3  14  18  98
   94  13  72  70  62  96  51  57   6  83  67  87
   35  68  51  22  79  35  67  74  15  77  29  25
   76  19  24  43  80  30  28   7  43  48  25  16
   98  94  28  19  15  96  93  25  19   1  46  25
   10  98  90  13  79  39  36 100  33  50  11  36
    5  59  84  29  76   8  84  59   2  74  16   7
   17  89  80  59  65  57  92  40  16  73   1  23
   78  42   8  49  25  98  85  49   7  23  96  60
   77  65  10  47   4  57  25  16  93  35  84  37
    8  59  97  63  82  30  56  50  44   9  55  67
   34  34   9  28  23  43  72  99  29  89  60  25
   41  62  62  42  31   4  65   4  80  28  71  91
   91  41  16  40  10  59  84  52  45  28  37  19
   84  40  21  40  16  53  93  39
   55  98  76  28  20  50  66  48   4  82  81  34
   78  54  89  41  39  28   3  96  54   7  29  43
    5  81   8  79  28  73  60  10  62  79  30  84
   92  14  27  43  90  52  71  59  60  77  39  84
   84  20   2  91  62   6  74  18  58  96  56  12
   44  36  77  70  42  88  39  91  70  92  60  11
   83  93  20  48  21  96   2  50  47   3  37  36
   94  58  48  41  14  96  94  56   8  80  14  78
   82  50  66  49  91  61  78   1  71  32  89  98
   95  86  89  87  12  98  71  31  88  36  63  60
   56   4  85  13  53  84  81  82  70  88  72  56
   91  93  93  61  40  89  41  12  22  21  15  45
   67  34  65  74  79  16  31  24  72  43  88  80
   18  20  92  32  90  27  20  11   8  64  16  42
   76  91  36  84  35  75  88  73  99  32  81  65
    5  71  62  83  50  38  66  59  39  61  57  75
   31  90  70  13  76  47  59  92
   95  99  34  21  69  78   1  55  49  67  33  34
   91  99  60   4  71  82  20  23  53  64  21  28
   57   9  15  98  34  60  65  35  27  12  13  19
   42  76  49  83  22  54  81  88   7 100   2  78
    9  96  59  62  78  17  25  73  76  98  62  43
   36  11  94  70  39  20  77  83  78  62  60  19
   31  15  65  82  27  54  45  21  15  39  60  88
   31  65  44  21  71  46  71  97  58  72  27  17
    9  87  78  56   4  52  38  51  56  14  37  57
   82  78  91  19  67  73  74  42  36  24  79  60
   20  14  93   3  28  61  64  64  14  80  68  76
   46  59  82  70  73  18  48  51  98  85  45  64
   45  66  54  63  23   8  34  80  99  69  82  95
   73  90   9   4  33  64   2  82  33  98  97  65
   60  89  53   5   5  91   7  45  24  81  53  90
   17  32  11  72  88  75  90  20  21  77  62  25
   41   3  28  17  90  85  85  27
   16  25  60  57  15  16   4  95  19  15  27  82
   38  30  59  15  97  95  46  67  35  73  45  83
   98  39  14  72  32  83   8   1  75  98  75  88
   57  77  48  98  87   6  35  37  48  53  20  38
   95  71  51  67  44  85  35   9  68  87  34  60
   89  31  56  29  76  25  51  25  34  26   3  50
   97  35  24 100  30  86  50  51  13  47  30  56
   39   6  25  40   8  71  98  91  22  60  12  56
   74  97  17  34  48   5  48  67   7  95  23  42
   89  72  28  72   5  15  15   3  24  77  96  97
   74  82  39  34  34  14  56 100  24   9   3  83
    6  55  65  68  69  81  63  28  31  54  34  19
   27  68  35  73   6  43  29  96  22  16  85  56
   31  35  70  79  82  53  40  43  13  22  34  71
   41  85  74  28  60  74  50   9  35  99  22  38
   89  46   4  57   7  63  69  26  19  66  34  11
    4  21  58  78  74  46  35  94
   27  46  37  63  41  81  26  39  18  60  71  17
   55  86  31  99  27  87   3  19   9  30  40  53
   87  36  72  52  88  10  24  51  90  48  32  89
   43  63  65  31  89   1  44  84  81  59  56  18
   99   9  80  80  72   7   2  20  95  22  28   4
   48  49  15  35  15  27  79  70  99  63  23  43
   52  46  43  78  79  66  61  13  68  36  35  14
    2   8  78  97  81  91  82  48  41  75  32  37
   71  43  26  40  32  91  93  57  78  55  15  31
   72  16  41  68   6  29  10  53  18  41  67  69
   15   4  82  19  87  99  73  42  31  53  17  32
   61  56  73  57  38  85   6  78  78  16  91  68
   81  46  53  31  41  15  63  19  68  17  75  50
   10  28  34  33  65  16  98  80   9  66  60  27
    3  95  60  52  21  75  11  96  67  45  10  82
   92  37  63  29  12  90   5  75  28  70  10  94
   46  91  17  18  94  29  48  49
    8   7  41  90  52  79  80  95  77  56  49  52
   26  54  49  27  72  72  86  84  62  28  11  34
   63  11  65  76   2  15  25  42  13  93  42  38
   78  96  90  91  76  13  12  94  19  21  52  44
    1  25  14  88  41   4  94  73  27  53  31  80
   56  29  44  74  84  90  84  47  65  45  71  58
   97  94  41  82  65  72  88  52  83  92   9  98
   43  92  48   1  50  76  38  24  76  58  46  67
   96   7  19   5  38  88  23  31  17  12  87   4
   90  70  56  88  95  85  21   1  91  55  70  53
    8  90  36  93  87  65  30  56  25  56  94  97
   19  87  42  46   8  77 100  44  18  76  56  89
    9  18  97  81  11  55  62  66  74  10  74  76
   13  12  95  78  43  49  61  13  33   4  30  42
   43   2  28  90  72  54  85  91  98  99  89  28
   26  53  22  78  24  43   4  59  76  59  40  70
   24  97  66  37   5  98  85  54
   63  81  56  74  99  46  44  87  93  92  46  49
   76  67  64  53  63  28  17  88  18  12   7   7
   23   5  88  95  48  10  41  41  22  16  30   1
   93  64  83  70   9  24  56  55  74  52  99  35
   29  69  32  34  11  24   4  94  28  62  70  37
   24   2  58  36  48  89  34  86  29  82  73  69
   33   9  32  27  42  38  10  25  21  52  23  28
   79  12  72  60  50  25  13  82  51  20  20  54
   58   7  59   7  71  53  55  10  81  49  63  41
   46  77  33  53  52  79  79  46  86  28  53  33
    4  94   7  10  97  17  65  24  66  69  94  41
   84  29  68  21  69  48  41  74  51  22  10  44
   40  52  91  66  98  26  83  39   5  73  40  95
   27  46  34  70  87  78  31  66  35  61  53  28
   12   8  53   7  21  23  80  28  97  74  49  65
   78  56   6   6  67  64   5  17   4  59  66  22
   36  38  57  59  87   4  48  60
   93  10  37  55  16  50  66  80  56  66  61  50
    9  54  95   2  73  12  99  62  59  23  56  50
   73  60  95  63  13  71  83  73  65  78  22  26
   93  69  38  25  38  89  80  32   5  41  13  59
   60  70   6  64  29  67  31  41  81  53  57  14
   32  80  43  34  29  23  29  73  54  70  31  12
   10  22  40  41  19  80   7  49  13  46  43  21
   28   9  11  27   3  45  18  21  64   8  13  30
   29  24  76  52  89  85  15  48  16  43  57  34
   44   4  45  76  71  18  30  87  49  78  64  15
   79  16  95  39   6  83  61  65   7  61  82  20
   93  43  55  39  98  34  49  66  73  40  95  47
   79  66  84  20  84   8  59   9  54  46   8  24
   47  38  56  47   7  16  65  31  59  76  22  88
    2  74  35  93  99  21  26  66  81  72  25  72
   28  27  64  16  70  17  72  32  81   3  64  80
   71  68  42  40  78  13  82   4
   77  12  49   7  56  65   5  81  28  49   9  11
  100  99  41  74  58  48  70  11  81  42  68  27
   65  55  34  23  39  18   7   9  83  25  87  24
   51  62  59  54  82  23   3  52  29  24  17  55
   68  27  37   6  23  58  55  67  81  26  36  44
   16  36  38   4  99  18  30  89  29  36  12  43
   37  14  33  22  18  49  12  20  43  34  50  84
   76  76  57  34   2  12  67  80  32  30  55  44
   35  88  59  74  48  33  96  69 100  18  85  91
   27  22  60  90  90  66  91  19   2  39   9  50
   35   9  11   3  46  43  92  50  97  31  59  50
   68  99  47  55  80  32  42  33  12  87  94  88
   20  20  47  79  56  95  42  36  89  13  50  80
   18  23  83  44  96  43  15  88  48  81  97  21
   86  51  85  16  34  92  50  33  40  89  97  37
   99  89  92  12  73  21  70  85   5  15  61  46
   40  21   8  58  45  25  80  87
   69  80  11  82   5  45  81  17  75  17  17  18
   45  39  43  66  87  87  19  47  31  18  77  94
  100   6  72  38  64  91  22  41  74  26  50  51
   15  12  32  37  39  48  39  38  19  72  79   5
   87  10  46  43  81  10  55  59  85  93  94   2
   74 100  65   8  60  25  25  43  35  66  33  50
   11  69  94  88  68  69   2  79  99  35  78  50
   49  14  27  78  59  73  68  33  16  46  86  23
   88  76  73  35  76  57  72  81  52  80  21  44
    6  77  94  15  84  62  52  43  44  78  79  76
   84  41  30   6 100  78  72  10  20  79  32  98
   52  34  35  53  26  80  53  78  41  46  45  36
    4  90   5  96  77  55  99  78  22  98  18  94
   40  46  11  94  18  33  38   9  72  46   9  91
   93  69  29  65  86  24  41  65  20  20  72  83
   62  90  73   8  34  43  66  73  46  98  86   1
   42  37  27  41  50  43  79  19
   55  38  41  55  37  12  17   5  42  87  12  17
   53  41  58  33  66  69  87  50  67  62   3  88
   93  64  45  65   8  53  64  56  63  99  86  71
   74  42  81  19  86  51  36  75  42   4  16  57
   50  45  41  83  57  63  51  52  14  53  74  99
   43  91  96  80  10  98  30  27  92  12  83  21
   45  51  27  65  74  91  66  48  99  28   7  15
   29  49  25  35  25  98  35  73  72  50  60  55
   49  76  99  37  93  11  97  77  72  26  14   1
   52  93  87  71  67  59  12  58  85  10 100   5
   80  38  54  99 100  19  33  43  33  71  23  17
   79  30   4  51  19  16  23  97  79  99  56  91
    5  78  84  28  28  34  56  25  32  13  60  94
   27  86  92  11  14  24  26  80  54  58  78   9
   38  60  81  69  57   2  50  73  66  25  50  40
   59  14  68  60  32  63  79  72  56  44  16  23
   44  73  37  44  18  86  98  14
   51  64  24  15  33  25   2  89  25   7  69  31
   39   5  15  52  61  48  99  51  53   5  56   9
   40  64  79  76  10  40  20  76   1  58  78  88
   99  54   1  50  35  66  70  47  66  24   3   7
   87  51  36  93  10  52  30   1  61   9  57  47
   81  72  94  68  12  61  23  10  90  49  13  23
   49  63  26  58   2  75   4  59  40  96  64  54
   30  73  93  51   3  75  41  35  49  96  12  54
   14  42  62  20  86  27  92  99 100  67  40   8
   23  75  75   2  48  54  91  75  95  85   4  53
   96  33  37  81  94  28  26  27  37  67   3  63
   66   4  95  74  19  46  20  38  12  44  71  28
   44  89  22   2  85   8  14  98  71  50  51  31
   97  86  92  79  12   6  50  82  12  99  78  39
   34  66  69  92  49  96  47  30  57  72  62  75
   81  57  81  81  59  92  87  26  38  89  67   5
   70  25   9  21   4  32  94  87
    7  83  11  51  86  19   1  23  71  29  74  15
   48  44  90  38  51  37  16  57  85  42  48   7
   44  74  30  10  27  47  72   2  59  92  71  41
   12  79  26  36  18  31  58  55  91  46  31  55
   50  15  67  92  27  40  69  44  97  55  37  28
   91  41  86  20  15  47  68  73  68  12  87  38
   65  75  21  77  51   4  37  88  24   6  15  23
   47  53  62  99  76  94  35  30  71  82  52  33
   19  82  22  55  51  99  55  87  60  94  82  88
   25  99  79  97  20  43  80  57  41  63  97  33
   25  28  42  27  61  55  40   1  18  31  54  94
   56  28  99  43  50  23  65  96   7  20  31  39
   83  61  84   5   7  54  46   2  91  85  81  25
   59  42  22  81  58  26  85   2  79  78  94  64
   79  94  90  13  93  45  60  72  61  92  48  73
   38  10  78  64  20   4  72  35  60  27  68  33
   85   2  38  83  18  35   9   9
   93  22  76  20  78  23  11  80  44  34  99  45
   66  36  23  58  89  72  95  49  64  93  17  77
   95   3   8  74  83  97  58  88  68  13  70  29
   75  66   3   8  56   3  13  87  35  35 100  19
   50  92  53  91  98  58  90  72  81  18   6  52
   45   4   8  86  26  34  72  45  95  60  77  47
    2  11  51  15  14  32  16   7  67  36  30  71
    5  41  34  84  24  16  90  94  17  25  33  67
   16  71   5  29  38  41   7  10  29  44  39  87
    3  62  43  33  90  89  50  50  83  78  19  25
   72  82  86  64  96  98   7  42  86  13  92  43
    3  46  67   7  86  90 100  69  99  63  56   9
   70  40  37  90  33   9  22   6  76   6  20  23
   86  60   4  23  86  45  60  49  87  11  32  50
   24  37  60  20   6  70  31  47  54  74  15  52
   53  68  17  39  85  71  13  32  83  48  97  21
   67  53  31   9  92  73  74  51
   47  15  15  57  81  51  91  64  81  20  89  53
   12   9  93  82  70  11  52  99  49  97  44  16
    6  86  48  71  33   8  13   4  25  73  22  18
   49  48  66  54  13  16  14  59  34  52  73  52
    7  87  67  92  72  79  98  53  88  80  20  86
   96   9   4  89  91  13  10  82  88  45  53  65
   94  27  73  95  76  17   6  55  27  85  45  17
   38  75  21  13  65  76  58   8   1  93  55  61
   37  13  44   4  39  71  65  98  15  28  33  16
   76  30   5  95  21  80  52  25  85  13  27  97
   26  53  30  88  84  90  81  21  51  49  90  36
   42  53  19  58  63  98  57  70  77  18  86  74
   77  52  53  68  54  21  31   8  60  86  97  80
   86  26  97  70  24  99  12  29  37  19  28  46
   30  15  11  13  17   8  65  94  88  76  12  99
   84  26  49  48  57  55  28  36  47  28  18  11
   45  42  73  37  63  94   8  63
    8  24   4  86  14   8  94  25  68  68  98  46
   27  90  83  77  66  14  84  94  76  28  95  25
   58  67  69  35  11   6   4  26  32  45  42  27
    7  16  61  89   4  65  69  83  69  55  99  84
   20  52 100  73  36  24  33  29  57  32  61  20
   73  27  51  99  20  39  59   1  74  75  29  27
   45  11  81  49  67  83  15  95  97  89  93  51
    6  72  42  45  71  22  41  49  74  65  21  69
   90  60  51  40  87  90  41  17  11  59  28  74
   88  82  73  92  16  82  56  58  53  80  67  53
   18  92   2  52  82  26  53  14  61  63   9  72
   11  67  40  40  19  67 100  88   2  56  17  54
   93  84  81  25  46  52  51  35  17   1  35  61
   66  14  92  14  51   5  25  31  15  11  69  75
   87  89  93  24  73  12  88  62  48  53  62  82
   52  93  37  70  84   1  36   6  93  36  82  49
   76  39  93  45  66  26  71   5
   18  50  55   2  33  59  37  95  37  28  31  82
   80  56  46  70   9  14  96  91  87  54  26  26
   17  33  23  13  53  30  43  76  29  67  22  39
   66  26  99  45   2  65  38  75  99  42  36  67
   75  32  52  37  12  42  24  90  78  35  82  50
   49  46  75  69  22   3  81  53  40  41  35  74
    7  25  39  93   5  69  87  81  16  52  80  32
   43  38  48  82  22  95  66  37  46  14  73  78
   81  26  93  90  87  24  51  79  36  78  94  85
   28  58   9   9  15  47  39  23  14  64   8  99
   32  84  33  19  78  54  46  96  89  10  15  97
   41  98  56  56  72  97  62  94   4  30  10  43
   53  86  87  57  58  42  11  36  91  75  40  43
   81  87   2  23  30  23   5  21  34  83  59   2
  100  52  99  69  65   6  97  83  18  42  84  80
   10  90  66  89  83  37  48  54  86  36  49  51
   87  39  22   5   2   2  69  12
    402   382   398   384   444   417   385   395   434   376   384   385
    419   412   398   402   396   406   415   400
