 10 250
   95  43  85  33  21  62  61  74  83  73   8  31
   96 102  29  72  11  48  93  90  99  67  58  86
   30  79  33  90  79 104  86  63  24  34  71 110
   89  51  11  36  66  36  47  32  26  28  92  85
   56  56  46  60  56  24  42  30  70  84  46  29
   12  35  13  87  42  99  38  38  23  97  54  49
  101  31  15  27  35  34 102  27  63  97  39  85
  101  53  77  91 101  12  27  76  12  17 109  81
   23  44  32  33  42  17  96  77  72 106  16  19
   65  24  93  50  42  88  32  32  35  65  68  38
   82  46  42  34  60  84  66  41  31  62 103  54
   37  97  18 103  96 104  36  39  59  55  30  62
   75  59  68  45 100  84  83  62 105  25 103 106
   90  53  22  61  28  91  37 104  46  36  79  58
   35  55  82  10  44  11  27  41  36  29  92  70
   32  38 106  87  24  51  40  54 107  99  85  97
   75  91  47   3  40  40  42  74  41  38  57  26
  113 104  27  30  41  45  88  70  73  54  90  89
   49  65  45  83  59  72  76  51  52  21  55   8
   57  25  12  66  61  47  30  27  41 102  83 109
   44  25  54  76  40  41  55  71  19  30
   52  36  74  43 104  68  55  45  67  31  82  73
   47  41  81 108  86 101  78  54  65  80  21  46
  113  30  29 100  91  40  30  37  86  94  47  55
   83  18  85  65  86  85  38  93  76  24   7  59
   30  21  59 105  54  35  33  73 104  68 104  59
   21  82  39  86  26  90  26  41  35  92  79  77
   36  69  73  42  38  66  47  83  71  99  61  52
   39 110  26  74  23 107  74  35  25  32  58 106
   57  90  78  41  80 102  86  64  63  44  74  52
   95 101  51  27  33  25  71  26  36  59 102  51
   82  67 101  18  24  80  51  52  33  14  29  40
   37  79 105  22  20  26  38  52   2  93  56  41
   67  27  63  49  20 101  55  93  16  58  39  65
   22 100  10  52  23  24  25  76  32  15  83  76
   49  60  17  90  38  76  47 108  14   9  85  72
   26  27  71  22  39  79  29  47  80  84 113  61
   44  62  48 113  35  56  83  25  85  62  27  55
   76  50  42  64  83  39  30  80  29 117  24  25
   84  22  64  23  22  89  36  71  20  55  71  90
   16  79  55  49  93  94  97  18  43 112  28 109
   39  85  63  78  66  44  36   5  48  42
   69  21  71  87  38  79  94 114  96  80  21  38
   96  54  32  94 115  53  22  54  76  50  74  38
   93  70  36  72  15  71  52  25  68  84  77  66
   35  43 105  93  60  40  31  18  24  30  15  79
   50  81  30  45  79  61  35  47  75  71  49  30
   78  34  29  78 105  60  20  93  22  75  80  90
   98  60  73  77  57  44 104  44  16 112  87  95
   86 113 100  97 100  32  82  25  19  14  67  40
  105  62  90  18  80  52  10  63  22  24  53  39
   60  62  38  92  79  99  84  51  56 102  96 101
   39  27  95 110  16  31  78  47  39  91  20  43
   95  64  31  94  89  82  61  12  91  43  42  75
   68  19  63 108  10  11  59  58   8  65  38  33
   96  59 105  27  95  28  80  40  49 105 117 100
   77  59 105  71  35  47  76  56  98  58  73 112
   58   9  10  59  92  42  28  24   8  35  22  57
   65  69  40  27  86  48  68  25  27  84  59  87
   29  94  65 106  65  41  58  21  28  64  86  42
   10  86  93  85  95  93  87  45  36  93  17  58
   47  87  94  44  88  79  44  21  76  88  49  11
  103  56   8  98  71 104  94  78  47  71
   45  75  99  88  28  75  90  22  39  89  21  18
   87  65  97  26  24  74  39  26  79  98  66  92
   44  12  75  45 105 108  79  72 108  55  53  90
   17  25  33 100  54  64  24 103  69  88  81 119
   17  72  81  51  22  57  20  38  62  16  83  31
    3  95  60  15  94  44  81  72  24  24  84  27
   63  22  45  41  55  56  23  29  12  47  44  40
   55  29 107  40  37 103  60  69  63  30 110  24
   19  32  32  96  34  38  97  43  51  20  88  49
   46  95  46  88  38  39 103 105  59  93  39  39
   16  93  66  34  45  31  78   8  65  95  73  91
   16  24  91  97 104  97  24  76  48  96  74  86
   32  61  68  38  57  44  90  40  94  75  83  47
   48   8  74 110  84  43  89  23  36 103 100  51
   11  57 109 101 102  83 114 102 102  55  14  89
   29  80   7  93  17  87  90  65  71  19  65  86
   23 107  14  59  82  76  44  71  90  93  96  93
   79  31  87 104  91  15  50  30  62 109  66  28
   63  58  50  11  58  92  82 116  13  40  28 101
   21  65  76 101  78  91  87  30  19 100 101  47
  104  17  16  93  54  78 114  75  57  50
  103  32  60  13  23 105  20 101  34  40  65  99
   40  87  17  97 101  30 112  83  63  60  60  92
   16 105  23   9   7  44  22  23  83 104  88  16
   69  17  51  64  80  87 107  96  66  89  31  49
   62  29  25  81  83  40  54  12  60  84 111  52
   60  34 109  95  36  96  50  79  15  32  57  21
   27 117  53  90  73  74 103  28  60  55 107  38
   32  37 109  61  76  26  85  63  26  14  86  23
   24   9 106  65  50  65  64  28   5  78 107  65
   53  44  68  77  81  98  20 105  35  36 111 105
   54  11  44  25  95  57  65  60  63  26  14  22
   30  58  49  46  98  45  55  42  34  41 108  27
   32  24 105  71   8  58  30  27  68  49  65  24
   55  85  80  75  62  66  89  30   9  40  75  31
   41  41  23  85  75  69  39  37  96  82  25  47
   51 105  85  11  49  41 113  25  68  74  26   4
   53  60  49  37  81  53  22  43  96  63  31  33
   42  56  42  38  81  38  85  98  60  96  29  56
   16  79  84 102   5  29  56  70  80  60  94  42
   99  10  14  20  34  75  49  33  88   2  32  91
  107  63  44 102 101  18  64  92 111  79
   82  47 106  23  36  60  60  98 104  76  86  84
   34  31  52  42   7  88  96  46  58  74  31 102
   83  85 110  84  30 101  67  58  30  49  79  75
   95  24  65  52  71  38 110 106  34  32  36  26
   40  14  36  87  70  37  83  23  89  84 106  23
   93  43  86 107  76  65  46  63  97  96  82  43
   11  17  39  25  26  78  48  87 106  78  49  31
   58  60  60  23  56  58  28  93  99  50 103  80
    7 102  84  59  45  19  50 111  99  23  46  87
   70  69  61  41 102  67  29  60  56  95  30  52
  101  46 117  36   6  96  45  50  52 104  99  56
   84  34  54  83  52  13  19  69  98  48 101  49
   97  93  96  90  31   8 115  35  13  82  23 103
   53  19  33  73  16  56  72   7  23  63 109  55
   28  70  10  16  25 110  41  12  88  40  64  21
   20  48  30  64  61  86  91  14  58  87  13  21
   92  98  87 108 108  54 105  17  77  16  43  43
   64 102  85 106  25  85  37  68  70  99  50  80
   36  92 100  40  84  26  83 113  22  41  84  47
   67  45  95  61  40  33  76  58  31  39  28  33
   44  48  65 114  39  94  72  16  71  21
   53  86  52  13  89  74  43  73  90  49 110  58
   50  27  34  88  27  17  25  46  22  78  47 103
   83  67  37  90  23 108  73  47  90  74  63  15
   54  54  31  55  23  14  68  69  42  68   8  83
   51  85 110  59  40  27  18  63  74  77  30  23
   70 106  31  47  14  60  15  36  90  69  53  91
   63  87  92  96  67  21 106  21  79  34  17  77
   90 105  56  42  62 101  96  45 107  54  24  79
  102  41  71  83  10  33  65  85  33  32  70  13
    7  48  57  32  40  15  94  81  44  66 110  63
   65  19  47  59  71  90  69  34   5  35  42  61
   54  18  88 111  50  58  85  93 109  46  48  18
  102  24  36  95 114  29  42  15  35  54  89  18
   83  67  52 105  37  21 105  72  98  18  80  54
  102  67  98  47 116  79  42  52  75  31  72  54
   53  89  20  39  94 103  31  65  63  41  90  22
   14 100  57  87  83  43  45  28   6  91 114  32
   59  44  33  16  47  94 110 100 113  86 103  40
   73  95  63  55  52 103  53  40  69 105  93  29
  103  67  55  96  67  69  80  55  33  21  79  78
   10  24  69  95   8  56  24  60  14  44
   14  94  55  36  11  80  12  18  86  52  87  85
   34  58  38 106  91  77  39  20  30  52  71  66
   35  11  26  37  46  31 102  89  24  34  45  98
   33  53  38  27  69  46   6  64 101  13  48  61
   49 101 105  23  94  73  26  30  66  69  42  71
   22  70  26  71  59  60  43  74 102  86 111 105
   14  86  99  93  77  22  80  80  37  48  97  43
   22   6  20 103 115  30  60  35  24  53  31  75
   30  65 104  66 104  58  16  72  90 103  99  30
   83  97  55  56  91  87  88  11  68  55  12 115
   92  76  12  19  95  64  95  71  68  91  72  37
   35  45 103  30  65  56  91  56  69  40  61  57
   66  77 115  49  24  39  89  72  92  29  88  84
   97  96  64  19  86  77  27 106  92  83  38  96
   69  39  26 110  39  40  82  74  17 105  51  33
   10  86  15  23  86 110  61  79  90  97 114  47
   28  80  65 105  56  74  52  40 104  49 105  99
   60 114 107  13  80  35  50  85  52  34  91 107
   67  99  45  48  17  80  91  95 109  40  68  68
   29  70  13  96 105  62  81  74  19  58  39  47
   28  31  86  98  90  68  61 101  30  41
   43  15  90  37  90  49  30  56  51  74  30  68
   26  63  49  48  67  58  57  46  48  83  64  73
  104  48  83 108  62  52  34  42  96  55 113  44
   76  84  26  42  97  81  17  72  43  13  21 105
   78  42  19  55  45  45  34  81  80  67  42  27
   99  76  28  44  71  83  50 105  92   3  81  56
  107 101 102  11  70  27  96  92  98  12  31  13
   94  62  29  17  52  70  86  82 111  74  36  49
   28  83  49  15  50  79  70  85  31  64  62  60
   85  32   6  44  46  23 105 104  60 108  57  23
   65  62  46  95 111  64  55  68  63  45  15  93
   67  97  24  29  71  50  86  16  16 100  34  46
  110 105  37  91  56  62  21  93  56  99  87  69
   41  16  56  82  41  12  14  19  73  79  72  72
   81 108  77  38  55  93  48  75  13 114  53  41
   47  35  90  51  56   5  23 101  49 105  32  20
   59  94  35  94  88  25  43  96  25  99  61  56
   33  47  60  32  61  97   9  34  85  29  86  88
   57  51  18  19  39 103  55  61  78  37  42  92
   57  93  50 105  70  91  75  95  42  43  94  36
   75  12  73  19  17  13  97  66  32  26
   57  55  93  91  61  40  44  76  12  24 101  14
   53  33  42  58  31  43  83  61  50  64  55  69
   58  84  51  60  26  36  38  68  73  96  64  83
   49  77  65  62   5  92 100  33  43  77  21  90
   48  32  77  80  51  73  23  18  13  97  76  92
   23  90  78  70  20  68  19  32 107  25  91  50
   86 114  55  59 105  52  86  14  71  40  66  32
  108  76 105 107  30  26 101  41  94  28  14  35
   85  54  51  12  64  54  62  35 105  12  93  83
   90  84  31 106  25  47  16  46  45  22  33  31
   34  81  96  26 108  34  67  95  94  61  28  39
   19  38  54  47  79  29  42  81  68  32  15  76
   27  80 104  17  56  21  60  72  98  30  95  60
   70  59  75  88  11  53  61  85  20  34   7  86
   93  86  29  63  88  22 105  39 101  53  47  25
   41  42 100  47 102  24  86  29  43 106  26  31
   99  39  35  90  66  58  97   4  47  12  76  67
  106  49  27  81 102  72  60  32  77  76  87  19
  103  45  84  84  39 107  52  61 107  20  27 108
    6  39  82  75 107  44  99  38 109 104  10  37
   16  72  71  19  70  89  71 102  59  90
   16  77  33  78  98  49  42  41  24  38  95  74
   19  18  85  34  92  64  12  21   9  46  55  31
   73  33  76  13  34   4  21  42  92  80  34   1
   29  62  97  78  41  84  65  76  89  78  28  33
   62  55  73  57  52  87  73  73  39  22  73  79
   91  85 100  24  78  21  79  82  97  19  66  58
    6  80  90  92  72  72  10  83  44  13  80  20
   13  55  37  29   8  96  84  36  95  88   7  35
   88  69  83  69  72  96  23  35  42  10  99  85
   50  88  18  52  73  32  73  81  81  49  41  78
   30  64  60  68  53  28  48  65  84  45  13  61
   72  21  86  14  24   6  69  65  52  65  83  56
   38  58  43  65   4  22  33  50   4  83   7  11
   21  65  85  59  77  20  82   5  65  68  31  48
   77  50  29  92  60  92  92  63  75  85  28  45
   72  75  10  24  80  61  73  50   3  16  26   9
   31  13  57 100  70  64  76  43  77  75  55  77
    6   8  79  89  72  61  21  43  32  59  18  29
   59  54  66  22  56  44  29  53  56  94  52  94
   56  86  95  53  47  64  77  82  68   2  28   2
   67  78  61  33  74  76  53  45  90  72
   61  79  29  71   3  36  48  75  36  75  23  29
   68  77  24  12  28  11  39  62  47  38  86  66
    2  84  82   6  16  75  81  74  29  25  70  55
   25  97  35  55  23  26  75  10  35  94  97  45
   79  84  59   5  60  80  78  38  11  41  10  52
   97  31  79  25  86  16  81  79  71  19  41  26
   68  42  32  61  66  50  70  33  47  12  57  64
   65   8  87  45  85   4  31  79  91  81  57   5
   49  30  42  62  40  10  26  38  48  67  34  66
   18  18  65  89  71  95  38  87  83  53   2  62
   28  38  12  94  79  22  62  53  81  96  82  72
   75  31   3  91  89  90  75  55 100  20  55  77
   40  89  57  66  84   3  57  16  89  60  72  54
   95   3  93  58  97  95  82  31  73  91  33  39
   71  53  97  12  71  28  65  10  94  98  20  47
   91  90  40  80  72  37  79  64  23  19   1  58
   63  53  72   7  80  53  28  78  20  48  93  65
   39  65  70  49  25  76  81  22  73   2  86  83
   30  84  51  83  95  20  83  41  91  50  32  19
   92  24  48  62  12  15   7 100  61   4  92   9
   68  25  48  38  51  72  84  98  63  69
   37  90  38  24  69  27  19   1  10  36  87  70
   19  50  78  16   4  66  81  57  41  64  28  73
   21  38  83  42  95  40  62  85  49  36  43  37
   72  74   6   9  53  64  79  88  79  73  97  32
   56  30  74  75  32  44  81  64  37  35  54  86
   40  77  91  25  10  58  82  15  93  40  39  25
   12  48  42  41  52  58   3  63  95   7  28  23
   33   7  13   5  14  79  30  83  94  97  43  74
    6  41  24  96  29  66  92  44  86  84  57  75
   46  58  77  15  34   6  36  60  63  18  19  12
   76  93  16   7  91  78  26  67  77  20  83  68
   23  42  88   8  30  20  52  92  18  75  60  43
   36  84  40   2  94  93  48  56 100  49  65  80
   15  46   3  83  14  77  30  68  70   8   1  11
   43  51   8  42  75  64  34  55  17  55  32   7
   46  98  99  54  14  68  83  80  95  80  83  54
   53  49  77  83  18  55  52  95  76  25  52  25
   75  26  37   5  38  74  53  90  87  47  21  75
   92  21  25  32  17   9  30  60  84  19  95  50
   59  23  17  58  32  37  66  88  27  15  53  99
   14  52  96  14  40   7  10  38  63  31
   66  39   3  23  74  44  21  91  78  15  94  89
   20  39  22  88  88  46  68  81  26   8  45  16
   75  95  42  75   9   8  36  47   4  49  50  27
   91  86  80   6  62  52  85   9  37  20  38   1
   97  43  37  52  86  47  84  66  57  96  24  78
  100  11  44  99  22  58  37  41  90  94  30  93
   45  81  71  63  63  57  82  81  92  68  70  70
   50  74   5  71  75   3  57  35  53  73   2  79
   92  88  76   6  75  73  14  75  63  91  28  54
   64  18  62  14  69  72   8   4  44  19  76  74
   89  25  43  72  57  87  41  96  38  16  32  11
   99  78  28  23   1  18  79  33  57  21  33  31
   76  54  35  64  49  61  18  71  10  27  31  69
   56  96  45   9  31  63  17  93  66  16  14  57
   92  48   3   4   9  34   2  16  11  61  92  19
   91  31  98  10  95  18  21  51  39  92  44  25
   93   5  93  47  30  39  68  48  25  17  24  17
   34  73  26   2  20  93  67  79  51  10  37  83
   57  61  65  96  48  18  21   3  98  65  75   9
   93  55  34  18  31  12  17  75  99   8  13  73
    2 100  97  14  57  27   4  41  54  67
    8  70  49  92  94   7  85   3  78  77  48  19
   69  28  93  14  13  80   6  22  54  56  59  15
   99   8  92  93  97  67  98  92  37   4  17  90
   48  95  55  43  24  16   6  19  49  26  86  55
   44  83  92  22  22  71  52  99  55  24   9  68
   57  74   1  14  76  18  67  40 100  80  57  95
   75   3  53  18  38  37  12  83  56  55   8  73
   86  72   5  49  44  79  19  49  81  90  17  82
   80  98   7  53  61  52  55  80  99  35  12  43
   58  65  43  32  27   5  83  14  82  75   2  11
   57  99  67  86  16  45  45  56  50  81  89  94
   89  52  61  66  12  61  49  69  80  67   6  82
   84  92   1  34  94  46  81  77  35  57  47  83
   56  19  36  42  40  52  23  77  93  73  38  75
   76  79  82  25  27  45  74  68   7  30  89  71
   57   4  32  95  66  74   3  90  52  41  88  98
   52  47  63  66  34  58  96  76  10  39  82  83
   69  55  74  72  22  78  32  16  53  14  90  59
   92  25  27   9  97  89  54  32  40  52  16  75
   20  97 100  89  77  37  67  74  30 100  79  26
    8  48  58   5  18  93  43  15   6  33
   23  55   4  81  73  53  58  12   7  38  25  36
   84  86  59  61  99  16  16  60  58  43  73  14
   35  21   9  18  74  15  38  55  72  62  25  28
    9  86  43  52  40  64   9  12  70  76  71  85
   66  99  67  24  43  74  37  93  18  31   7  90
   15  75  25   4  41  45  70  51  23  19  21  73
   98  94  76  90  87  28  56  25   4  32  53  80
   50  44  45  87  59  48  80  15  11  66  16  31
   96  10  24  47  65  89  56   4  13  97  74  31
   46  40  43  70   7  43  82  53  53  14  86  50
   16  66   2  74  97  13  66  54  57  13  19  64
   36  86  63  23  62  92  97  43   9  64   7  62
   16  15  14  14  77  96   2  82  90  30  90   4
   63  90  75  38  89  62  39 100  83  48   9  58
   78  49  94  87  86   2  75  91  26  80  55  86
   96  57  80  41  41  34  18  89  44  25  97  99
   12  14  17   2   6  61   6  89  39  86  59  73
   42   3  26   2  78  20  65  42  35   8  62  28
   71  22   6  66  27  91  34   5  92  74  36  67
   53  64  19  46  77  73  37  61  85  67  85  81
   66  66  52   4  66  12  36  97  37  88
   55  28  59  92  25  31  66  41  18  62   3  58
   58  86  82  32  81  99  82  72  92  30  59  12
   35  50  74  27  80   3  35  66  17  37  47  96
   65  58  80  59  96  89  49  34  68  45  96  24
   69  21   1  47  77  92  92  45  37  25  77  97
   34   2  81  55  99  58  98  81  18  33  61  11
   43  29  14  17  40  90   7  89  24  85  93  35
   26  11  54  73  58   2  15  65   4  54  92  36
    9  66  47  23  94  85  45  30  75  70  41  97
   95  66  63  78  76  92  19  38  71  42   9  55
   42  90  56  44  39  27  45  80  98  85  74  50
   56  95  23   2  59  49  26  16   9  66  68  85
    5  92  82  10   1  90  69 100  79  55  22  99
   37  40  65  11  74  90  15  42  13  96  33  60
   12  52  15  63   4  34  73  57  40  84  44  52
   50  13 100  67  14   8  81  48  46  61  30  98
   88   7  49  25  26  67  63  88 100  19   1  78
   52  63  78  90  60  19  10  20   5  16  16  66
   37  11  55  54  64  10  64  65  47  10  11  76
    6  41  54  22  42  35  30  54  78  97  37  33
   95  95  38  14  99  54  78  54  89  74
   91  11  59  66  99  31  90  89  27  59  28  17
   76  59  73  10  26  38  74  82  77  58  49  41
   73  98  88  75  71  85   9  28  85  85  75  10
   81  58  82  89  49  74  97  40  19  93  70  50
   58   9   4  97  19  46  83  83  51  37  75  31
   81  44  81  45  49  52  60  38   9  28   9  13
   93  28   9  10  40  86  33  22  80  54  16  62
   89  98  82   5   3  77  51  78  87  64  81  30
   85  39   4  43  13  47  92  32  23   9  18  81
   34   9  48  60  17  26  26  94  46  49  93   5
   15  35  92 100   7  42  20  43  43  23  48  69
   74  74   6  73  51  58  26  60  47  79  50  52
   45  28   2  62  96  80  15  31  25  73  30  26
   11  24  56  97  23  30  83   8  27  19  70  10
   42  64  87   3  71  71  24  34  90  11  58  82
   95  27  91  83  23   8  42  35  17   6   1  55
   76  39  53   2  51  38  60  65   7  68   7  12
   52   5   4  93  27  76  62  24  52  72  24  11
   46   3  57  59  95  33  13  25   3  75  46  44
   78  41  96  15  10  58  37  45  83  50  75  66
   81  78  30   4  22  48  58  13  81  72
   73  87  25  68  26  69  87  59  52  33  79  37
   92  46  60  69  39  54  45  73  72  34  45  30
    7  56  28   3  58  64  83  69  18  65   4  72
   34  34  78  77  20  24  99  42  59  98  81   2
   33  72  88  65  57  58  81  26  33  39  72  81
    5  42  90  67  40  29  68   3  16 100  30  54
   12   9   1 100  32  88  23  21  22  94  86  91
   10  56  75  92  54  41  20  30   7  35  69  70
   86  29  66  88  69  25  47  25  83  50  42  54
   23  83  98  76  74  97   9   7  53  10  53  88
   51  51  57  13   2  38  59  52  50  66  93  10
   46  17  80  74  40  62  33  95  93   5  76  65
    9   8  78  15  63  53  93  26  56   8  16  47
   76  95  52  35  74  93  98  94  46  32  35  39
   38  10  32  66  57  22  69  36  94   1  66  71
   64  68  24  65  49  98  82   2  69   3  87  93
   51  11  75  23  17  79  61   6  83   6  48  58
   76  56  45  87  50   5  95  79  31  86  24  17
   62  65  89  92  67   6  56  50  27  69  73  25
   60  16  65   8  33  14  42  14  62  76  17  67
   43  94  35  94  88  92  19  42  75  94
   45  56  23  22  48  69  64  33  90  86   4  99
   58  72  67  56  87  75  33  51  61  47  57  41
   62  25  61  60  91  77  75  45  44  11  53  21
   55  38  40  55  98  16  15  69  60  34  83  18
   63  74  40  25  62  35  90  84  91   5  40  26
   92  16  38  41  83  47  89  70   6  93  29  53
   27   2  55  47   9  62  31  97  34  69  40  80
    2  36  14   2  78  82  17  62  17  79  90  83
   33  51  68  93  53  50  48  84  10  90  24  20
   17  36  89  13  93  67  94  67  57  90  70  74
   79  31  15  81   2  71  38  15  14  57  76  68
   98  76  65  57  31  79  69  27  51  84  89  35
   88  29  16  85  55  91  53  35   4  73   8  48
   38  45  36  32  97  52  50  20  94  86  97  26
   24  17  91  55  26  85  12  81  15  64  64  87
   74  77   4  64  11  80  21  73  66   5  89  76
    4  69  76  23  43  47  15  98  71  99  39  43
    5  67  86  23  18  34  51  73  41  42  16  94
    7  75  28  21  74   4  55  45   4  93  91   3
   96  75  33  32   7  74  11  79   3  10  92  79
   94  48  40  92  32  26  32   8  52  30
   1079  1075   990   985  1069   995  1031   977  1039  1026
