 20 125
  108  29  47  52  25  88  51 105  96  63  99 100
   74  86  52  14  59  32  91  82  80  28  25  58
  116  71  28  28  73  17  26  35  67  33  59 115
   71  32  40  34  87  23  21  30  88  45  34  57
   76  61  14  50  28 103  39  42  99  39  80  14
   41  48  73  24  88  28  90  69  36  95  74  46
   56  11  33  39  93  34  90  32  59 100  32  23
   10  51  29  38  45  54  82  94  53  60  24  90
   55  94  74  41  51  79  54  18  87  83  37  21
   78  55  21 114  54  16  45  73 111  29  53  57
   56  79  36  45  77
   40  96  49 111  99  15  83  49  85  33  35  87
   96  62  64  18   4  43  76  45  47  47  35  16
   51  99 102  33  31 100  10  82  26  73 110  60
   35  97  33  81 109  80  91  21 102 111  61  96
   63  17  68  67  45  64  83  70 110  80  75  99
   68  89  18  13  75  73  18  53   9  51  78  31
   90  55  53  70  33  93  30  39  20  72  13  10
   22  60  28   7  96  28  37  97  51  37  77  12
   74  13  42  81  80  95 100  48  49  55  50  66
   28  44  29  35  35   8  41  59  82  36  24  94
  115  41  24  59  22
   24  63  91  33  89  58  41  69  55 109 105  63
   36  42  62  21  32  19  53  84  21  47  58  99
   26  38  70  19  37  13  64  65  95  38  30  27
   90  19 103  57  67  48  89  13  93  22  14  57
   86  35  17  92  91  82  53  67 114 104 109  69
   94  92  95  23  93  26  37  78  65  35  83  64
   26  84  93  80  38  21  28  29  70  24  26  71
   90  64  90  37  31  11  28  51  73  62  99  81
    5 107  47  53  86  87  35  39  12  39  75  76
   18  34  45  48  71  28  35  91  85  54  28  39
   99  55 102  97  58
   24  21  89  82  16  73  62  28  72  46  15  13
   54   5  29  10  40  84  53  47  35  89  80  93
   76  65  85  69  37  17  36  68  58  61  24  92
   64  90  45  45 114  60  64  51  18  91  84  10
   95  71  91  11  32  21  17  85   5  71  14 100
   37  69  27  69  42  42  93 101 106  74  39  43
  102  77  49  97  65  82  31 112  28  33  22  81
   36  20  53  37  45 112  20  49 101  88  63  35
   83  69  95  88  55  33  86  76  49  61  37  70
   32  62 109  38 104  92 105  75  63  77  34 101
  108  76  65  70  77
   15  11  14  59  36 104  77  86  67  37  62  35
   39  81 105  94  57  69  39  86  27  23  80  84
   69  98  41  97  70  73  17  94 100  77  92  90
   95  92  98  38  22  22  59  39  38  14  88   5
   20  51  18  18  76  48  76  32  96 112  19  64
   13  94  77  24  24  97 110  62 112  35  30 101
   75  19  92  81  32  54  74  38  71  74  81  53
  103  84  62  27 109  47  83  72  51  82  18 107
    7  48  63  23  92  47 103  43  66  65  59  30
   24  21  38  42  90  76  45  80  33  53  85  33
  116  22  44  72  44
   18  38  72  65  82   3  94  86  39  30  63  95
   15  75  22  33  22  87  46  26  39  34 110  18
  103  61  48  83  95  94  45  63  63  50  58  52
  105  26 102  72  47  71  28  46  72 105  63  90
   97  28  25  50  61  88  13  62  40  98  48  21
   20  32  74  81  23  50  72  31  56  36  14  49
   98  84  55  37  61 102  63 107  97  34  18  56
   68  75  51  83 110 104  79  34  32  81  32  77
   97  91  66  82  49  24  78  43  93  82  80  75
   78  59  28  26  99  60  73  52  78  69  58  42
   16  73  70  63  35
   92  50  90  75  68   7  70  57  86  51  56  24
   65  39  37  24  73  37  33  97  66  37  56  90
   73  74  49  49  81  45  33  94  31  61  28  44
   86  78  16  83  89 108  76  55  90  56  26  35
   29  69  78 102  89  73  48 114  72  94  76  40
   31  70 106  63  40  99  34   8   8  97  23  22
   89   9  33  16 107  55  99  67  43  58  56 103
   58  35  97  84  59  69 103  81  92  73  79   8
   96  80  75 107  34  79  81  78  51  31  74  30
   13  92  86 107  79 114  16  26  35  55  54  43
   97  54  61  60 104
   45  99  36  97  69  86  97  29 115  42  78  19
   62  40  90  60  49  14  13  76  40  53  65  70
   57  74  58  23 108  99 108  21  62  39  44  51
    3  74  67  33  54 100  81  10  45  88  78  83
   67  48  26  85  22  32  46  68 102  50  70 102
   53  67  79  39  73 106  26  57  19  56  14 104
   51  80  30  70  49  36  55  28  80  66  73  95
   40  65  13 111  93  20  87  97  55  74  84  76
   62  29  37 109 104  50  73  36  93  25  64  56
   83  63  92  25  38  28  29  14  59  13  20  12
   31  44  50  83  20
   62  65  89  79  71  97 103  63  27  36  50  44
   28 105  84  17  13  79  18  48  60  92  64 104
   71  29  62 107  71  45  18  48  94  48  84  94
  107  85  66  88  84  59 104  93  60  72  73  37
   82  14  29  47  44  75  47 100  75  79  28  87
   18  41  61  23 113  81  58  43  63 106  12 118
   14  35  99  38  91  70  81  97  78  73  34  32
   74  38  95 104  29  61  49  33  87  94 105  61
   35  98  81  69  55  16  25  58  52  40  64 102
   39  53  55 103  35  34  40  66  32  34  78  60
   48  86  93  68  65
  110 109 108  16  55  42  37  83  56  56  97  42
   34  39  54  51  54  75  91 110  23  55 106  95
   77  92  70  88  58  50  53  47  29  55  52  44
   93  16  82  92   7  49  43 108   9  55  96  89
   76  68  42  76  17  88  92 106  98  20  96  42
   26  17 115  22  28  60  51  40  91  49  24  34
  103  28  79  73  66  48  28  82  43  35  66  41
   67  83   8 105  94  63  53 102  72  26  20  91
   17  57  64 105  43  27  87  23  21  55  47  36
  100  83  90   9 109  27  12  80  49  69  36  94
   38  74  43  71  73
   57  65  15  70  59  85 115  81  42  77  12  39
   80  67  44  76  68  69  33  83  74  49  35  90
   92  36  69  32  17 100  65   5  24 102  67  92
   65  90  79  93  20  81  75  31  94  87  59  91
  103  39  55  92  47  99  86  37  74  21  39  23
   71  33  59  22  75  39  45   7  47  77  61  21
   83  95 103  26  65  58  26  89 101  58  35  83
   44  18  40  39  40  12  26  26  30  83  90  80
   66  41  14  11  61 100  46 108  29  49  85  41
   65  11  33  51  33  59  79  38  98  18  35  58
   46  75  37  39  47
   52  25  81  31  34  28  53  97  81  13  66  22
   87  42 100 103  59  78  87  62 104  47  51  50
   85  37  91  83 100  61  34  62 117  68  61  30
   10  49   6  97  67  99  18  26  25  63  69  72
    4  88  73 107  73  22 110  18  53  74  27  74
   39 106  93  66  22  69  83 113  26  95  94  20
   46  43  52  64  13  62  91 107  46   4  98   2
   53  35  54  43  35  95  61  19  81 107  35  49
   44  20  77  31 106  37  17  17  60  17  83  38
   14  13  43  75  10  78  30  51  88  66  94  94
   91  58 104  65 106
   96  20  51  27  25  81  93  47  25  63  35  73
   28  90  27  57  87   5  54 113 104  27  97  51
   17  24  54  89  59  59  56  24  92  89  87  68
   55  76  88  56  31  98  51  63  21  98  75  92
   83 108  70  31  86  84  48  59  97  18 107  51
   12  75  54  93  46  17  73 109  36  44  98  69
    8  75 102  79  69  21  95  11  47  70  37  28
   16  66  20  62  10  21  16  78  56  39  16  17
  110  88  51  90  65  89  82  85  81  63  13  36
   87  44  36  30  86  60  18  23  70  40 102  15
   49  35  25  27  29
   30  42  83  72  67  23  72 113  47  84  25  24
   38  22  24 102  96  69 102 101  52  72  46  51
   23  28  70  12  83  69  95  49 109  53  83  62
   70  53  48  50  82 103  43 102  46  80  46  70
   30  49  32  66  90  36  89 107  80  53 108  83
   66  84  21  23  29  69  21  93  12  91  29  56
  105  87 114  71  17  63  38  31   8  84  19  37
   84  92  80 112 110  32  42  70  43  46  87  68
   36 112  36  40  24  44  69 108  84  60  38 100
   19  97  84  60  57  20  62  31  99  85 104  60
   81  32  85  49  85
   21  59  22  46   9  35  48  61  47  62  21  31
   99 100  80  64  43  30  74  82  68  99  55  68
   45  31  45  23  65  53  81  71 103  88  93  83
   82  64  11  58  15  75  98  65  55 108  52  65
    8  30  64  76  76  75  76  96  35  64  85 100
   34  93  93  27 108  53  80  63  22  70  27  42
   99  90  49  85  67 100  87  51  58  51  29  92
   63  80  23  78  72  21  72  42  74  88  57  97
   29  40 100  62  93  24  57 106 100  13  68  47
   85  17  85  96  89  34  67  23  99  85  90  31
   26  89  52 104  20
   51  50  83  61  61  56  64  99  56  16  29  65
   37  27  47  73  47  78  84  37  85  71  94  86
   96  55  22  37 102 109  80  39  79  22  93 118
   27 105  42 103  59  43  47  15  63  40  66  67
   86  50  43  14  46  85  45  79  55 105  30  39
   39  34  80  62  74  67  39  74  86  53  59  38
   51  75  11  18  62  73  89 103  86  64 111  29
  108  13  38  93  62  44  17  54  74  92  89  99
  110 101  26 108  75 107  18  68  70  43   9  37
   89  74   5  45  86  91  36  62  29  62  39  91
   72  83  91  86  30
   26  88  67  74  25  46  55  22  58  77  47  96
   75  76  47   9  81  52  92  87  62  34  39  88
   57  40  83  48 107  72  67  58  80  27  32  75
   91  24  14  12  40  88  51  76  22  95  63  16
   24  62 100  98  51  86  68  33  46  14  20  96
   35  92  83  97  45  64  39  88  92  61  27  58
  102 109  25  17  91  77  41 103  28  63  77  66
   60  58  95  30  50  70  55  51  50 115 101  32
   86  46  23 103 100  59  96  56  17  87  87 108
   93  85  78  64  24  61  24  85  56  71  36  75
   58  72  87  86  19
   20  73  39  65  31  16  61  71  27  25  39  82
   89  63  40  52  16  59  73   9  32  58 109  37
   71  19  85  34  41 103  23  48  57  29  53  69
   75  45  58 107  84  96 101  94  80  49  34 102
   58  70  91  21  78  68  52 100  52  19 114  51
   20 112  29  12  16  19  94  43  89  95  39  65
   49  63  25  60 102  91  58  96  61   8  16  67
   65  40  41  99  60  88  83 107  20  18  92  69
   38 107  98  54  37  69  91  70  62  26  86  12
   97  92  85  19  13  69  98  34  19  73  33  98
   40  80 103  15  28
   99  20  59  57  38  66  37  29 100  21  68  52
   43  92  90  85  34  29  30 114  79 103  75  89
   95  38 100  64  61  64  56  14 100  64  58  79
   18  19  46  60  83  23  53  95  19  73  54  63
   60  28  44 106  32  70  30  56  81  49  81  72
  110  52  22  20 104   5  63  83  37  80  77  62
   78  81  55  57 101  17  82  82  60  31  92  84
    9   4  86  71  35  27  26  62  68  61  12  83
   98  58 109  58  99  66   7  27  75  14  46  67
   95 101  32  56 101 102  92  59  52 102  38  83
   61  51  70  84  60
   56  81  55  95  96  25  23  91  85  60  79 104
   37  18  58  72  62  24  94  55  16  32 109  67
   93  94  96  36  73  63  96  35  63   7 101  41
   98  75  68  88 109  95  63  55  79  43  20  96
   90  65  49  62 103  23  94  50  40  48 103  24
  109  80  18  27  29  45  30  39  62 105  72  96
   47  58  10  60  52  20  14  11  92  23  74  81
   16 107 115  68  35  16  23  28 102 101  93  18
   65  45  21 107  97  80  34  32  64  21  77  59
   26  53  82  52  80  44  16  28  47  90  79  45
  106  83  56  82  99
    7  90  63  61  78  21  58   4  15  43  20  13
   30  25  62  97  45  76  22  26  23  80  94  58
    2  36  75  88  41  90  93  78  51  81  52   1
   35  71  64  69  26  88  89  81  22  59  75  54
   27  49  89  62  83   1  63  74  17  70  22  92
   66  63  29  86  26  74  19  35  83  25  39  62
   51  99  82  71  13  84  27  88  53   2  75  95
  100  51  90  69  59  48  31  20  54  55  92  24
   62  25  44  69  51  37  63  86  20  33  77  87
   32  56  97   6  56  88  59  31   3  87  56  49
   60  24  82  75  36
   80  23  71   5  13  92  32  67  34  80  67  30
    7  45  45  89  99  70  31  66  72  58  74  86
   63   9   3  74  80  13  99  34  85  38   2  42
   83  16  78  33   8  31  26  86  10   5  48  15
   47  87  50  52  68  42  22  39   1  35  28  12
   43  21  93  89  44  31  91  64  97  61  33  84
   28  58  50  41  75  11  88  64  84  31  90  98
   94  47  87 100  23  88  81  21  54  74  36  92
   29  99  64  22  30  25  16  68  69  62  62  42
   76  61  88  83  85  99  76  53  25  70  94  20
    1  67  84  50  87
   95  48  18  74  26  53  78  37  57   6  14  41
   81  75  46  92  84  91  61  21  88  70  50  21
   85  65  41  84  76  92  42  39   9  77  74  90
   14  87  13  53  44  69  22  91  10  90  93  58
   19  72  85  28  13  29  58  41   5   8  10  33
   16  22  19  80  13  89  77  30  48  74  31  44
   93  21  13  31  81  87  86  90  40  94  79  42
   29  50  22  69  83  96  83  56  44  42  13  22
   98   2  71  59  20  33  75  76  99  75  29  28
   89  85  66  57  39  75  84  29  30  51  83  74
   15  48   4  19  55
   81  90  20  37  94  43  53  89  44  65  87  99
   61  97  91  93  68  18  65  73  68  29  32  15
   28  46  25  47  66  87  73  43  46  56  92  11
   56  30  68  72   2  52  46  60  91  14  21  98
   25  44  19  93  79  98  90  21  99  45  94  12
   82  51  88  42  64  71  12  18  13  37  79  66
   10  41  62  20  39  27  80   5  77  76  88  28
   79  95  63  67  65   3  89  56   8  19  51  70
   23  48  16  20  51  75  23  32  53  45  70  40
   88  50   6  72  12  26  11  38  53  29  86  16
    9  30  46  41  30
   96 100  88  53  73   8  34  17  37  68  42  71
   81  23   1  20  54  48  72  22  87  93  23  26
   42  20  64  12  41  33  92  26  10  28  19  17
   10  19  17  76  80  82  51  75  74  93  21 100
   94  61  92  92  33  67  43  85   8   6  90  40
   99  15  37  85  91  22   6  54   4  75  75  19
   32  84  19  35  88  56  42  72  32  32  22  53
   14  28  40  93  10  68  25  40  57  28  86   2
   98  63  53  94  10  58  14  75  47  53  48  81
   78  88  70  64  22  39  64  32  85  53  20  80
    2  88  74  40  69
  100  81  44  37  26  99  23  33  77  79  51  18
   88  30  85  83  84  23  67  76  69  75   6  84
    7  44  69  28  16   8  72  41  53  56  62  64
    4  77   7  33  64  46  80  59  36  12  56  23
    7  83  86  60  43  19  95  49  74  13  68  96
   84  82  30  28  93  58  44  73  48  66  91  55
   13  22  61  74  50  11  39   3  14  83  92  62
   34  36  61  22   4   2  41  76  70  37  75  42
   18  12  37  36  60  91  25  71  22  29  40  37
   31  51  82  94   6  46  35  54  40  49  50  75
   91  34  38  41  70
   19  61  30  33  48 100  42  54  34  68  53  84
   50  64  78  96  36  69  69   9  38  75  50  25
   45  30  58  69  28  70  81  24  73  58  91  70
   25  26  89  20  21   2  33  57  28  59  81  76
   81  48  32  17  23  31  56   2  38  26  35  74
   89  39   1  40  63   5  73  97  96  22  95  80
   23  94  73  93   4  62  11  50  71  46  49  11
   61  79   6  19  54  51   7  39  10  36  31  94
    7  40  43   7  80  33  30  28  57  87  43  84
   96  15  34  10  23   6  87  83  69  64  65  69
   12  48  42  54   4
   75  13  80  10  37  25  15  89   5  65  29  93
   52  76  12  52  56  97  97  35  79  52  51  41
   60  37  56  85   1   7   3  85  51  64  74  51
  100  46  38  69  63  12  27  92  66  31  34  28
   37  67  92  22  89  73  69  49  15  69  50   3
   63  39  27  76  40  12  84  55  85  49  91   4
   64  39  82  50  55  75  51  79  38  51  34  13
   76  43  98   5  15  99  32  22  56  30  27  35
   54  90  72   7   3  70  36  77  18  81  55  52
   29  46  25  91  68  84  82  96  52  98  98  93
   73  63  60  28  89
   51  49  29  33  42  22   6  55  83  72  63  69
   82   9  28  97  92  23  93  59  54  25  54  15
   31  83  51   1  44  61  98  65  17  54  33  10
    4  25  42  22  34  46   4  17  48  36  29  71
   33  91  90  66  60  33  70  19  28  35  88  23
   89  69  45  84   1  38  57  62  49  14  94   2
   97  76  21  77  19  50  28  23  31  43  72  77
   42  79  18  15  78  45  68  86  31  17   6  57
   83   7  30  44  60  93  94  50  55  67  45   7
   73  57  56   7  68  80  68  45  77  70  27  55
   63  18  19  46  46
    6   4   6  90  48  74  66  27  58  60  16  67
   73  65  58  63  59  36  12   8  88  56   4  19
   34  26  50  28  56  55  49  70  86  51  66  69
   20 100  20  26  98  63  74   3 100  56  19  18
   29  41  65  26  96  15  27   9  16  91  10  64
   85  97   2  90  75  51  56  75  21  54  82  81
    3  80  30  39  38  61  81  28  68  73  36  68
   47  25  95   6  24  48  55   2  37  79  92  18
   96  52  50   6  76  84  25  93  94  62  58  75
   10  31  20  94   2  81  96  36  62  37  81   8
   81  42  60  37  35
   54  39  95  41  52  17   3  37  73  29  95  69
   34  36  69  29  44  46  78  26  39  53  76  26
   21  79  46  87  90   6  44  99  94  14  37  21
   51  21  35  14  98  21  33  84  26  17  49  21
   10  64  56  28  57   3  28  65  39  98  69  88
   31  78  56  82  45  68  74  98  73  33  55  96
   22   9  16  77  49  47  90  23   6  46  76  36
   67  93  65  70  75  97  83  76  74  33  26  34
   48  69  99  91  59  18  57   3  82  60  34  64
   49  92  86  54  77  59  31  67  14  90  80  57
   71  44  79  67  64
   68  78  28  81  74  77  50  10  27  91  39  96
   32  63  20   5  55  42  18  43   7  72  52  60
   35  78  20  31   7  55  83  40   1  51  57  74
   92  63  98   8  42  15  93  90  79  52  40  35
   98  26  45   2  36  81   1  91  65  45  81  30
   81  13  27  53  89  35  28   2  90  10  19  99
   71  64  59  47  90  43  28  10  65 100   6 100
   61  82  63  70  78  18  49  96  37   3  80  68
   69  91  26  74   4  80  94  93  52 100  25  77
  100  97  69  42  92  27  86  51  21  37  25   9
   11  57   9  43  11
   15  87  68  81  86  37  21  69  84  53  78  39
   75  19  75  60  18 100  57   2   4  77  21  66
   94  85  52  30  59  50  63  79  12  29  28  47
   47  42  23  55  82  17  62  45  88  21  36  19
   35   1  49  77  19  22  56  57  12  99   1  67
   90  45  52  26  74  96  42   2  69  58   5  45
   96  40  14  32  39  91  17  99  69  44  74  79
   97  43 100  41  99  89  95  26  60  75  87  85
    8  22  66  22  55  17  24  18  33  53  89  81
   30  62  70  83  28  59  86  87  43  71   7  97
   61  83  90  85  73
   83  60  37  41  41  85  31   7  57  25  95  83
   70  80  96  13  24  33   4  15  58  34  73  65
   94  85  41  91  29  34   7  57  10  58  20  50
   36  49  69  65  37   8  74   2  63  23  64  40
   72  67  72  38  19  79  20  12  40  51   7  28
   42  19  94  88  91  47  99  19  99  20  74  56
    9  25   1  36  85  42  73  80  99  31  88  83
   22  19  33   3   2  88  68  42  60  65  24  43
   78   2  76  71  79  72  44   3  23  51  73  11
   86  10  21  56  56  95  50  74  16  26  10  60
   29  72  26  58  31
   98  56  84  57  97  85  60  48  55  49  85  83
   13   4  40  38  74  77  36  27  43   9  51  43
   59  79  72  94  37  56  28  42   4  29  25  37
   34  44  92  56  90  45  13  43  62   9  60  44
   95  84  43  44  41  28  36   7  83  45  19  10
   82  22  15  84  10  67  30  52  86  48  84  60
   21  29  57  24  45   7  20  57  53  51  73  17
   40  40  88  37  35  95  42  66  45  27  50   5
   85  62  15  44  23  89  52   4  11  93  37  66
   28  91  35  20  14  72  43  88   6  35  27  77
   81  22  58   6  90
   57  66  26  53  43  49  51  12  55  89  86  46
   78  93  63  36  66  33  27  68  27  33  25  27
   15  60  89  80  16   7  30  72  34  84  17   1
   79   7  73  15  56  76  57  97  51  77  53  52
   19  57  60  93  71  17  73  32  62   1  78  64
   79  77  36  57  29  36  69  38  22  63  50  82
   65  43  91  97  46  32  28  16  21  56   9  76
    3  93  82  19  48  64  86  64  46  13  31   7
    3   6  92   2  33   7  94  47  43  74 100  81
   24  44  97  61  32  18  84  53  82  49  64  23
   34  35  24  17  75
   93  17  44  32  91  61  63  82  45  41  64  15
   36  38  69  93  38  60  12  30  53  80  72  17
   50  71  19  66   4  43  38  48  28  84  82  27
   16  95  97  98  78  28  68  30  81  23  48  94
   79  46   4  10  58  26  50  77  70  94  85  18
   71  21  32   7  59  50  72  18  11  41  87  55
   18   3  92  92  29  33  76  12  83  56  37  39
   49  59  22  81  61  32  63  68  57   1  15  84
   19  68  93  11   5  51  12  57  91  17  19   8
   10  21  34  51  80  46  90  21  55  36  68  33
   51  38  32  24  90
   87  32  81  50  74  95  58  40  88  79  81  33
   18  53  62  55  92  49  47  93  75  53   9  78
   42  88  28  74  77   8  85  66  56  74  49  48
   34  57  59   6  33  12  17  12  31  71  73   9
   48  33  15  94  35  46  50  17  57  99   3  51
   88   7  90  99  91  99  21  66  13   7  72  54
   62  50  87  49   8  27  53   7  57  97  96  41
   51  76  67  12  44  15  24  11  98  93  27  51
   67   4  20  53  83  42  23  34  49  93  16  92
   20  18  26  98  92  42  19  81  96  42  81  13
   75  35  15 100  81
    6  92  55  49  70  48  69  81   4  86  34  58
   62  14  30  18  83  79  89   6  28  16  34  22
   15  71  15  50  59  50  46  98  11  50  46  39
   89 100  71  43  25  96  58  15  92  42  56  39
   50  81  68   8  80  41  86  64  22  65  32  38
    9  53  89  84  13  99  47  19  73  27  34  57
   41  28  53  52  10  99  27  30  60  83  28  31
   93  99  19  43  69  88  90  40  42  45  98  23
    4  58   2  53  14  47  96  91  43  97  61  36
    7   5  84  59   6   3  11  44  59  10  73  25
   49  59  33  24  51
   53  23  63  23   6  91  94  22  19  51  32  12
   66  95  53  36  53  92   9  59  98  73  10  50
   25  18  13  73  45  45  10  73  52  98  15  66
    4  37  51  21  10  14  39  52  23  76  83   8
   23  42  62  51   6  95  11  54  71  67  14  83
   10  29  90  84  88  74  79  73  42  14  31  22
   58  54  92  48  66  91  96  97  22  96  46  38
   97   5   4  43  69  99  80  78   5   3  21  93
   47  60  91   5   9  34  70  87  52  81  30  58
   84  52  28  66  37  67  95  80  60  13  23  75
    5  26  46  20  16
    270   271   269   265   258   247   239   266   243   247   271   262
    269   241   238   247   244   262   246   248
