 20 200
  108  60  63  64  28  94  69  63  25  90  34 102
  109  58  28 108 109  69  87  74  95  19  87 116
  102  36  60  70  44  49 108  13  16  31  69  31
   94  64  97  43  38 112  98  46  38  40  84  34
   54  82  15  21  98  69 107  29  62  38  36  62
   62  11  10  20  79  24  61  73   2  76  95  48
   93  18  35  10  93  84  60   7 111  21  26  90
   84  34  21  19  34  39  14  70  18  76 101  77
   35  88  96  50  91  72 109  67  47  75 100  67
   78  58  80 118  76  63  60  23  12  91  52  78
  104 108  68  32  12  12  12  40  68  23  51  99
   62  54  46 107  83  64  73  58  95  41  90  37
   54  57  28  36  62  28  29  93  26  26  75 106
   48  77  64  33 114  75  39  77  96  85  48  59
   38  31  64 102  62  96  97  72  61  17 108  10
   57  66  94  55  30  99  13  14  26  59 105  45
   43  42  18  25  36  13  63  91
  107  57  77  32  58  67  34  36  41  75  50  84
   43  46  79  55  72  76  10  59  11  32  91  93
   21  34  92  93  90 113 105  29  85  60  62  24
   98 102  26  78  43  98  91  72 102  15  21  68
   28  10  23  63  55 109  54  82  16  81  66  89
   25  35  95  57  99 105  42  40  21  96  26  43
   91  19  76  98  29 107  51  65  65  58  71  59
   17 105 109  23  72   9  13  35  68  31 108  10
   42  79  34 111  50  70  86  70  62  60  43 107
    6  67  41  29  62 107 113  57  57  81 111  79
   49  64  29  65  47 103  98  89  10  30  60  55
   14  18  95 104  68 114 110  99  59  70  22  43
   30  49  11 110  22  88  28  54  78  34  58  12
   41  47  34  41  96  24  23  20  74  61  86  29
    6  67  81  44  14  33 102  69  67  89  41  34
   39  89  29 107  98  26  19  26  42  99  64  67
   79  71  39  18  77  73  66  24
   97  75  30  96  86  80  30  31  19 108  70  95
   85  96  56  58  68  39 103  38  62  85  74  73
   21  94  31  87 101  35  39 109  18  77  93  49
   18  53  85  20  13  85  69  38  66  55  27  60
  100  66  56  41  36  88  35  29 107  18 106  77
   21  59  34 108  88  16  74  25  85  40  71  45
   27  87 107  24  99  59  74  84  67  92  74  78
  100  78  98  97  31  63  20  55  34  52  28 115
   42  21  87  43  56  85  96  38 111  89  40  54
   86  37  42 100  82  15  33  85  78 100  55  46
   43  25 106  54  23  79  49  99  28  71  51  61
   11  53  67  28  82  26  62  68  92  70  40  80
   97  49 110  85  49  36  12  30  75  98  61  77
   90  46 100  51  80  76  61  80  51 107  30   5
   90  70 114  66  16  85  55  11  27  67  43 114
   98  91 111  52  60  95  26  65  36  56  74  19
   31  36  56  41  79  56  52  57
   74  62  43  35  98  35  77  92  13  96  25  84
   76  56  56  25   6  28 110  66  55  46  49  63
   20  57  19  14  57  67  72  49  47  58  34  57
   93  50  15  33 101  88  19  18  48  12  57  82
   54  88  99  22 111  12  67  44  80  95  40  25
   75  80  70  98  61  60  53  45 112  73  60  67
   68 110  86  32  58  14  24  61  28  78  14  96
   47  49 116  16  19  57  43 102  75  37  69  97
   82  52  77  90  22  18  20  89  29  14  84  97
   11  58  24  37  58  98  30  63  99  75  82  17
    3  87  26  36  75  52  93 101  49  75 100  79
   22  15  21  83  71  75  90  25 104  56  24  11
   98  92  24  10  33 102  93  67  86  34  63  31
   59  19  89  52  89 116  80  85  30  60  87 106
   28  25  98  80  42  26  49  41  97   7  53  45
   88  25 112  26  99  56  13  23  27  52  27  50
   75  99  73  14  33  67  66  94
   80 101   7  44 101   8  50  26  32  38  30  18
   50 107  92  85  67  80  35  69  82  52  36  84
   83  81  51 113  62 111  58 104  47  81  99  24
   78  25  68  37  57  64  85  65  61  33   9  74
   60  58  30  60  36  99   4  80  16  21  23  67
   91  63  17  91  90  51  66  98  39  78  17  70
   28  72  65  61  84  26  84  22  52  78 104  60
   19  60  50  56  47  46  54  55  51  32 114  11
   37  34 115  18  14  40  90  44  49  50  40  58
   53  51  40  11 107  86  28  42  83  30  33  33
   57  80  34  29  34  76  73  97  87  76  17  71
   36  89  92  61  42  60  34   7  61  95  53  58
   89 106  27  72  44  64  52  94  93  34  67  37
   90  91  28  37 105  85  79  72  99 100  96  23
   33 110 117  93  42  60  44  86  79  65  88  86
   31  78 102  59  20  68  43  52  20  34  57  65
   38 105 107  90  40  71  24  47
   52   3  24  71  26  91  65  34  94  21  59  95
   97  65  90  21  88  73  73  80  88  66  42  69
   25  21  61  23  33  45  60  28  77  71  26  94
   14  41  26  26  43   5 108  29  51  84  50  48
   26  67  26  16  78  27  98  61  31  39  21  45
   70 102  34  88  29  84  82 107  97  21  28  78
  112  58  42  13 105  49  30  29  21  43  73 105
  100  79  44 104  19  94  57  15  29  36  44  88
   47  15  57  24  85  50  85  56  41  32  42  60
   69  61  27  51  12  68  79  47  78  22  30 107
   60  55  52  46  81   9  86  88 107  30  33  20
   65  29  48  46 103  96 109  50  65  43 108  16
   55  16 107  16  21  94  68  15  18  72  85  35
   71  79  14  36  32 100  70   9  44  80  30  32
   59   4 108  93  68  32  71  13  26  35  61  24
   97  96 110  72  27  55  60  57  71  66  56  56
  112  97  73  67  49  22  63  39
   68 111  77  29  72  51  51   5 105  35  29  88
   12  48  66  68  80  89  50  65  85  58  41  74
   41  80  84  98  58  67  91  66  55  43  94  91
   85  22  38  21  41  39  26  38  36  82  26  57
   43  24  49 101  70 104  17  89  69  88  38  47
  103  72  42  73  54  27  65  76 100 114  91  55
   82  85  47  50  63  88 100  47  40  34  69  44
  104  82  67 113  57  73  32  56  30  48  87  42
   43  89  60  18  75  87  29  89  18  80  85  40
   72  46  14  21  52   6  98 109  46 108  50  29
   31  81  74  58  72  51  32  54  53  99  50  65
   41  34 107  26  50  51  85  55  92  11 100  97
   86  69  26  29  45  16  47  37  54  18  56 102
   86  41 109  72  28  23  24  51  93  93  32  46
   85  86  60  13 102  60  84  22  44  28   3  72
   59  67  17  39  91  89 106  25 105  93  43  98
   48  45  49 109  48  43  38  32
   88  35  88 104  95  27  12  90  81  86  19  78
   41 102  60 114 103  86  29  69  93  24  19  78
   39  82  10  16  48  26 106 104  44 106  66  22
   82  37  48 104  18  16  63 102  69  59  36  60
   44 103 100 111  82  80  25  27  61 103  12  87
   21  46  23  16  84  21  71  46  36  87  75  78
   83  87  69 105  41  32  68  50  49  34  29 107
   96  57  76  48  42  54  54  35  12 109  97  49
  106  20  42  90  39  53  83  15  57  90  92  80
   20  77  43 103  51   4  33 109 101   7  61  21
   15  38  73 109  81  95 100  69 101  32 100 107
   74  90  78 114  69  72  73  38  51 110  51 104
   42  40  52  51  25  45  48  50  74  23 109  43
   95  96  40  97  24  43  21  48  48  76  11  60
   34  36  12  68  18  49  80  36  40  67  25  97
   65  12  29  52  34 111  83  23  17  50  68  93
   28  20  86  62  83 105  89  73
   76  90  38  63  87 107  75  69  72  95  30  86
   30  23  34  83  62 103  67  60  30  56  29  83
    8  91  95  56  57  64  95  66 115  28  67 104
   72  73  42  46  26  87  59  57  97  61  53  37
  113  56  17  63  58  15  88  81  48  55  23  93
   90  32  47  11  58  52  36  21  70  62  55  83
   79  22  70  21  82 101  23  95  15  74  35 100
   53 101  12  88  70  51  92  94  80  38  36  75
   18  19  83  96  24  63  49  77  92  96 103  40
   46  34  80  90  79  96  42  17  58 102  70  37
   48  56  24  44  55  89  96  93  87  69 111  92
   59  64  95  62  59  92  40  98  17  66  93  37
   66  79  20  96  18  90  16  24  77  71  20 103
   39  94  79  60 107  59 100  91 102  73  62  49
   55  26  99  39  19  67  33  48  87  62  69 103
   58  89  96  59  15  73  98  57  78  23  73 107
   90  10 109  41  83  79 100  52
   19  55  85  84  17  19  19   6  48  56  17  43
   77  43  38  79  31  92  90  91  49  82  88  32
  108  62  74  81  68  93  59  41  67  34  10  77
   82  50  61  76  97  72  82  79  81  17  19  67
   65  51  53  36  32  53  82 106 105 107  24  59
  104  55  75  57  38  66  95  25  24  28  85  98
   93  45 107  33  16  16  93  79  15  80  79  66
  104  74  85  67 107  59  86  95  39  54  81  81
   14  64  67  69  91  96  86  59  57 109  18  26
   15  24  36 103  17  11  32  24  41  27  13  23
   56  66  24  48  37  51  54  24  52  98  88  66
   38  39  39  67  26  78  76  33  83  22  62  30
   91  72  39  43  89  13  40  94  32  44  66  95
   55  31  88  71  74  83  67  56  49  56  39  29
   82  63  12  74  36  94  46  84  21  84  64  21
   58 115  81  56  92  24  35  92  78  57  77  49
   61  14  86  34  80  10 100  52
   38  84  15  63  46  13  27  76  44  61  84  84
   97  31  22 101  96  66  94  28  80  51  41  42
   67  67  25  19  25  87  52  75 101  34  67  70
   13  16  18  32  92  61  19  78 101  96  59 110
   60  24  66  80  73  92  19  68 108  59  82  17
   45 106   8 110  96  14 106 112 109  90 106  99
   65  86  89  13  40  53  84  85  51 107  89  88
   84 108  77  37 104  69  66 108  72  54  65 108
   79  80  56  14  28  88  24  94 104  38  58  34
   37  91  89  38  28  23  61  98  19  33  30  78
   94  53  40  60  12  97  39  81  46  55  97  58
   74  16  22  91  86  56 108  68  41  62  64  65
   30  84  47  71 104  73  29  88  55  93   5  98
   93  45  79  44  35  39  94  89  74  44  32  85
   84  59  58  98  18  52 103  78  69  53  68  37
   47  96   8  44  61  67  62 103  20  49  20  71
  103  88  65  52  37  23  85  29
   83 105  52 101  56 109  45  70  51  55  92  51
   96  73  96  58  76  87  39  80  43 103  74  38
   62 101  58  87  58  22  26  17 107  28  55  15
  103  66  26  24  41  41  99  52  87  86  86  42
   79  83  97  21  70  96  41  17  58  61  82  42
   64  42  68  77  41  74  47  47  96  66   7  24
   78  59  42  51  38   9  14 100  21  26 106  79
   60  26  12 102  83  88  15  42  17  49  64  84
   97  71  66  95  22  32  73  52 103  97 102  61
   56  16  49  58 114  86  82  52  74  66  17  21
   94  73  72  20  59 101  85  82  18  71  96  91
   27  99  44  55  14  10  98  76  49  27  88  97
   99  52 110  68  22 100   9  35  66  83  58  69
  117  19  63  15  76  61  37  13  19   9  66  77
   63  40  95  50  61  64  37  65  71 112  90  44
   29 105  38  28  76  28  56 104  79  40  49  86
   50  50  70  89  23  98  92  19
   85  27 107  95  72  17  71  55 113  80  25  70
   19 101  37  58  73  62  80  79  30  13  36  80
   76  70  20  65  32  33 107  96  87  57  64  57
  117  95  67  76  82  90  77  68  95  52  58  82
   28  36  26  54  18  88  94  23  95  27  90  43
   33  47 102  26  35  61  39  77  55  81  75  30
    4  85  15 115  49  85  57  36  63  67 105  98
   95  26 107  70  54  83  13  67  20  83  48  86
   22  69  46 110  77  37  77  81  84 116  89  71
   20  80  79  22 108  70  12 102  99  80  16  69
   76  30  20 113  71  62   8 104  51  53  78  37
   68 102 115  40  16  52  95  47  81  78  87   7
   15  34  81  65  69  36  22  48  32  97  24  41
   24  64  64  42  95  64  89  48  23  59  76  50
   82  26  47  19  54  60 104  16 107  28 106  23
   44  74  72  30  29  39  39  64  98  29  81  90
   77  71  91  20  60  28  21  36
   60  21  70  84  69   7  87  72  71  61  17  61
   90  37  96  63  89  62 101  69  38  28  38  32
   67  88  69  84  33 100  11  25  81  66  64  82
   67  54  81  27  55  21 102  59  15  49  97  68
   35  95  16  32  57  22  74  24  91  32 108  30
   70  12  50   8  80  31  64  70  68  12  43  32
   76  17  90  40  14  20  79  64  49  45  40  75
   31  10 109 101  77  78  88  19  49  34  28  66
   38  71  78  67  20 104  49  74  80  62  54  42
   22  73  78  84  12  86  63  76  54  73  97  50
  105 101  17  51  64  30  22  34  38  38 113  14
   57  75 100  22  51  14  38  47  30  56  52  17
    9  16   9  98  79  57  79  24  23 117  98  85
   65  28  68  80  61  71  40  91  92  71 109  30
   68 105  30  96  92  11  77  13  21  27  87  61
   18  69  31 108  46  83  43  21 106  52  27  92
   72  84  21  39  77  38  99  67
   18  58  53  54  20  25  52  78  90  11 113  86
  105  86  82  88  91   8  96 108  43 107 100  76
   85  82  60  33  36  73  43  50  20  79  53  49
   27  36  82  55  44  72  56  51  61  78  78  57
   32  99  62  64  69  89 110  18  39 107 103  56
   22  44  67  34  62  74  19  30  73 103  49 106
   86  21  59 107  84  67  33  69  12  80  72  65
   34  88  63  54  47  69  38 101  85  39  41  16
  100  75  25  36  81  12  81  39  87  53 100  34
   78  70  28  72  40 103  40 107  99  68  39  77
   97  98  74  48  65  22  29  39  22  34  85  59
   71  59  60  78  17  57  91  86  96  54  10  70
   86  82  78  10  26  28  66  91  82  67  10  49
   44  94  56 114  95  83  97  22  98  28  31  33
   62  29 109  43  24  36  40  72  40  66  64  67
   31  51 106  44  68  68  37  82  78  38  24  29
   91  55  73  38  46 102  18  90
   91  32  25  94  61  90   6 101  80  77  58  56
  102  77  25  60  25  98  58  49  83  45  31  74
   59 106  52  53  73  53  32  16  75  66  99  71
   97  89  25  18  22  37  42  30  36  45  29  32
   20 108  69  91  25  68  34  21  93  18  17  46
   19  29  90  78  76 102  49  19  70 101  63  46
  105  43  33  26  45 101  17  63  90  55  46  33
   86  82   9  15  97  44  31  59  74  84 117  21
   32  93  74 114  49  45  91  93  53  48  15  21
   79  46 102  95  76  71  70  71  57  51  52 100
   76  36  55  69 109  41  87  52  61  68 101  14
   20  84  83  69  99 101  30  89  66  64  17  20
   14  88  70  60 107  93  76 104  83  61  57  14
  112  61  35  17  23  78 110  31  75  58  72  16
  106  57  63 110  39  56  55  99  45  95  44  77
   24  94  96  17  60  53  98  26  74  45  54  40
   36  97  51  86  82  48  36  63
   63  48  94  41  94  95  67  23  55 101  93  65
   56  48  48  48  46  77  83  12  11  18  61  31
   57  97  11  77  17  18  44  46   7  69  79  79
   56  58   6  76  69 101  26  97 103  70  15  33
   12  20  89  86  76 107  29  22  40  92 109  51
   12   4  49  56  51  26  23  62  61  49 101  61
   81  30  16  49  90  38  80  48  19  89  94  22
   85  25  80 105  12  57  40  29  80 101  67  27
   77  20   7  64  91  64   9  18  13  67  48  71
   66  65  37  54  70  68  26  48  88  60 111  40
  112  55  46  81  56  27  38  16 105  14  42 105
   84  17  42  84  64  97 108  90  84  84  64 105
   82  38  49  32  38  51  79  45  26  66  72  35
  108 108  74  60  38  72  50  61  89  37  41 119
   18  48  60  78 112  11  35  42  57  46  49 100
   85  28  78  95  68  76  44  42  88  45  54  20
  112  75  79  17  96  42  38  42
   64  83  40  33  89  70  26  15  52  64  49   7
   13  71  78 113  87  62  85  89  24  76  86  34
   85 100  26  77  61  53  55  21  46  65  19  96
   27  37  65  94  23  27  61  52  81  85  41  51
   70  41  39  24  63  21  98  60  42  47  65  18
   53  86 101 104  92  26  64  79   6  95  81  60
   51  86  52  91  77  19  24  61  90  41  26  66
    6  78 115  71  59  20  99  90  82  33  24  28
   65 106  90  64   3  52 111  28  60 101  91 105
   58 103  43  96 109  56  96  22  81  40  20  18
   80  76  16  98  81  64  64  24  75  62  24  33
   32  34  39  28  98  12  30  76  57  41  39  51
   38  26  23  15  68 110  49  32  71  36  67 105
   11 103  84 103  83  71  77  47  49  33  82 111
   91  89  36 105  31  44  75  76  38  10  71  64
   39 102   7 109  20 113  23  75  79  59  60  22
   36  52  41  91  50  51 100  75
  104 109  72  17  82  78  99  13  75  30  58  36
   88  15  85  82 108  24  53  84  46  45  99  31
   43  34  51  79  95  60  83  73  67 107  80 100
   82  98  89  46  73  32  35  91  25  77  34  89
   72  42  17  19  84  85  44  64  32  84  34  89
  108  23 110 116  70  66  70  57  80  62 101  94
   78  58  64  33 104 110  60 106  49  11  73  99
   73  88  69  90  65  82  37  91  13  85  46  60
   59  47  26  92   9  47  72  13  87  72  36  51
   59 110  62  35  38  74  92  93  90 107  69  47
   47 107 103  52  76  61  65  61  70  96  98  61
   18  85  79 105  85  37  75  15  40  91  58  12
   25  60  38  54   5  60  66  38  37  88  25  44
   33  85  28  23  52  59  50  67  37  53  99   8
   34  80  72  12  80  28  24  77  70  50  79  89
   66  59  54 117  58  88  44  54  15  12 106  62
  101  79  53  62 105  47  69  41
   30  15  63  56  24  78 106 107  50  60  82  86
   54  70  86 110  51  86  90  83  14  38  25  71
   75  63  84  69  95  78  67  22  87  30  92  86
   31 101  50 104  16  13 111  33  91  60  64  64
   90 102  76 104  71  95  90  33  20  97  44  51
   68  73  63  54  59  66  31  81  20  28  25  10
   18  77 103  20 105  38  75  95  54  86  55  68
   26  30  97 107  42  23  36  83  83  78  53  38
  103  57  46  79  42  22  90  93  36  46  98  86
   66  66  95  96  80  73  53  15  46 104  60  28
   23  51  69  24  29  56  49  25  84  96  87  19
   45  65  21  63 112  35  88  53  88  89  64  53
   35  55  80  62  68 101  97  39 101  96  86  75
   22  88  92 104  82  80  76  38  85  85  74  71
   89  38  36  77  59  90  94  56  18  47  61  49
   41  65  25  89  60  91  17  92 109 104  76  83
   38  40  25  57  92  65  63  44
    3  48  55  38  84  16  42  47  90  15  81   3
    2  56  87   4  11  50  30  42  13  96  29   1
    5  81  54  41  74  66  12 100  95  87  41  85
   22  47  10  66  82   5   5  69  72  75  29  69
   49  21  91  87  22  44   4  82  54  82  74  44
   46  99  98  85  39  85  57  43 100  43   8  62
   24  85  75  96  19  31  54 100   9  91  92  21
   18  72  91  93  72  64  99  35  90  34   4  39
   75  23  22  65  12  36   3  39  56  39  12  41
   35  52  31   2  33  40  50  96  93  12  61  38
    5   9  50  71 100  99  94  65  49  79  53   9
   49  55  63   4  24  44  31  57  12  69  28  79
   65  49  84  71  41  92  80  23  92  94  43   7
   68  28  40  70   2  36  69  28   6  31  58  60
   68  82  52   2  44  15  14  38  49  98  12  98
   54  46  17  53  80   5  96  97  87  47   7  59
   76  73  87  78  74  93  53  15
    6  55  28  74  60  39  84  66  61  35  58  24
   72  63  38  61  37  38  98  46  92  87  21  22
   93  72  10  21  25   1  14  84  27  55  42  85
    8   1  83  42  68  15  29  41  17  96  84  51
   87  92  92  49  63   9  53  29  88  37  39  31
   93  68  16  53  10  12  61  71  90  17  83  61
   28  88  38  13  73   9  51  53  55  51  34  61
   96   7   3  89  39  94  98  82  52  86   7  92
   63  23  70   4  66  33  16  44  47  53  69  12
  100  44  73  86  47  13   6  55  54  27   3  26
   54  39  73  46  61   1  18  26  95  82  51  52
   93  94  17  13  35   3   7   8  56  49  83  73
   72  71  92   3  92  17  87  57  42  68  45  92
   79  58  84  72  16  88  88  89  32  48  18  87
  100  35  34  71 100  71  15  35  39  23  76  73
   70  21  89   6  12  77  97  92  64   5  40  53
   32  36  66  86  39  40  54  90
   16  28  77  15  28  25  82  81  92  11  34  23
   25   7  57  48  49  65  13  66  46  18  36  40
   91  17  82  24   7  80  70  10  94  34  27  69
   88  57  28  99  96  26  47  66  42  55  93  46
    8  45  61  71  82  23  68  75   3  87   6  34
   95  51  73   9  24  88  33  93  30  72  44  57
   79  27  13  85   5  61  34  26  48  24  34  33
    6  36  15  11  73  43  99  55  85  55  74   1
   65  90  32  61  63  20  18  76   3  13  70  54
   26  74  67  12  32  99  69  26  27   6  62  71
   65  83   3  64  89  40  60  12  81  39  62  48
  100  49  36  83  29  82  54  46  16  44  78  28
   21  71   3  24  58  80  97  79  39   8  52  35
   18  56  19  64  33  35  59  26  52   8  84 100
   18  36   2  38  86  19  55  98  76  40  72   1
   10  12   8  61  58  16  82  40  83  51  36  83
   82  75  60  70  32  47  51  53
   42  44  68  69  13  70  35  12  91  17  79  20
   31  53  51  80  97  74   4  36  47  62  61  52
   88  59  84  89  54  37  43  71  66  62  83  51
   12  68  96  84   6  22  87  92  60  93  45  36
   55  26   9  80   7  99  38  68  36   9  80  82
   37  23  43  22  44  57  60  63   7  44  57  35
   49   2  28  85  47  97  96  48  91  24  89  13
   61  62   3  94  88  54  72   4  28  67  40  11
   29  68  27  18  97  89  96  29  74  95  28  14
   93  55  83  80  61   9  74  45  15  38  35  95
   99  33  86  66  32  60  10   4  71  38  11  32
   88  93  90  29  33  44  15  90   4  57  81  99
   15  21  89  93  69  18  11  37  20  85  52  87
   48  92  31  64  25   3  39  19  81  46  17   2
   79  86  15  33  78  91  68  68   7  99  63  72
   26  90   7  82   4  53  94  79  81  53  78  58
   41   5  40  93  77  37  53  12
   27  10  99  64  14  94  61  80  85  81  80  99
   64   3  10  24  53  28  73  42  28  62  69  23
   28  36  56   7  52   2  47   4  56  24   9  85
   40  77  51  76  45  38  21  52  47  76  95  29
   51  55  81  60  84  17 100  29  90  82  88  43
   20  43  87  25  30  55  41  11  72  32  86  42
   92  40  47  58  19  90  29  89  57  33  15  55
   88  52  54  52  56  58  60  53  66  82   3  97
   76  71   2  84  92  77  23  70  60  57  65  59
   60  60  65  97   3  29  79  68  20  86  86  84
   57  33  76  81  73  39  47  15  28  40  96  49
   79  31  15  54  76  56  81  99  52   7  58  47
   18  13  79  44  58  38  52  18  23  73  43  70
   21  29  77  69  15  30  30  47  16  11  19  86
   73   6   1  23  75  45  64  31  34  51  22  25
   85  25   8  47  83  48  66  62  88  71  49  55
   66   9   8  22  79  34  89  60
   60 100  96  32  78  25  37  81  10  91  47  10
   21  38  17  86  29  44  46  32  24  53  64  40
   79  88  49  92  79  70  44  81  32  39  76  23
   89  71  79  82  69  98   7  88  68  26  54  54
   85  53  79  93  39  89  16  41  84  75  96  74
   36   2  69  26  82  26  20   7   8  91  83  24
    7  49  71  99   9  71  85  89  93  75  36   2
    9  40  65  13  90  23  59  92  84  82  73  17
   59  93  46  91  28  69  20  64  68  77  62  52
   39  58  79  52  99  47  37  65  29  90  82  13
   45  64  59  56  21  95  26  15   8  76  76  86
   48  88  61  63   1  16   2  54  55  68   8  99
   50  99   4  92  96  23  41  99  92  34  17  73
   41  25  97  76  72   8  34  99  63  31  78  78
   50  98   9  14  52  87  42  90  92  67  57  93
    9  23  10  32  79  64  54  53  40  54  61  61
    2  21  38  40  69  82  42  68
   51   6  39  78  48  58  51 100  13  80  81  26
   99  55  36  49  28  27  56  51  25  48  67  43
   71  23  18   9  45  51  24  46  62  68  15  18
   25  94  74  86  61  75  87  66  72  27  80  60
   72  78  68   9  36  15  94  31  40  24  80  68
    7  39  63  30  51  80  43  34  20   1  25  54
   37  30  64  61  50  17   9  68  69  73  44  74
   15  21  36   6  60  29  76  64  75  63  24  66
   68  30  48  88  33  15  76  15  90  31  35  72
   33  60  93  85  67  99   9   9  61   2  66  80
   82  22  30  57  47  60  77  66  61   4  53  44
   62  73   4  79  69  64  26  63  20  94  11  23
   17  42  85  75  74  95  59  65  56  92  63  10
   24  66   1  43  79  87  83  61   9  12  79  62
   24  18  59  92  10  55  33  92  67  89  99  34
   53  38  88  72  29  26   3  82   3  18  66   9
   72  69  62   3  69  68  80  72
   19  79  30  15   7  93  93  13  37  33  91  33
   73   7  55   5   7  27  77  47  25  87  83  39
   80  23  95  92  61  85  10  16  59   9  53  82
   34  75  64   6  90  91  54   1  41  52  78  57
   74   8   3   5  28  36  77  87  54  11  99  26
   90  70  88  91  27  83  46  69  73  23  36  34
   33  29  41  13  66  82  42  57  64  72  80   9
   13  63  29  71  61  65  60  80  98   4  16  66
   12  82  75  28  63  62  22  99  52  21  17  23
   91  25  62   8  67  99  76  10  18  97  53  94
   91  64  42   8  25  12   8  43   6  82   4  10
   43  22  38   6  40  45  46  80  54   6  54  11
   73  66  54  60  83  65  65  58  34  84  11  60
    9  23  78  23  95  61  96  67  55  29  99  53
   84  80  93  41  94  54  32  68  71  50  79  14
   50  93  79  65  78   4  29  91  90  65  42  10
   74  94  20  54  36  11  20  44
   26  16  68  57  26  10  27  47  46  16  78  24
   81  82  79  28  47  12  52  52  73  60  82  36
   98  26  10  59  63  44  23  38   2  83  53  16
   40  37  66  59  84  17  61  49  22  48  57  78
    6  62  94  40  58  91  22  28  55  60  92  24
   27  83  62  96  49  55  76  91  37  48  65  27
   37  98  42  86  25  12  93  16  96  45  71  10
   60   8  90  15  34  53  21  16  38  72  80  33
   86  87  30  14  85  47  66  29  22  17  16  66
   60  77  30  21  36  15  75  92  47  16  34  78
   54  60  87  65  63  17  21  27  32  35   8  13
   54  40  12  47  56  27  73  18  94  52   9  74
   42  29 100  17  88  21  92  96  33  37  85   3
   72  22  25  59   4  53   3  21  11  34  45  61
   59  84   9  73  95  40  74  56  33  41  39  15
   52  29  12  52  88  38   7  58  33  93  37  11
   20  97   8  66  22  32  10  52
   85  60  21  31  95  99  99  97  62  56  97  70
   41  64  81  39  86  25  23  19  70  24  25  72
    3  52  33  22  47  21  59  73  42  85  98  34
   20  58  48  30  23  32  28  24  26  98  94  38
   50  63  65  69  85  67  34   8  11   7  90  58
    8  49  40  57  82  54  20  91  85  91  21  18
   26  58   4  80  97 100  21  31  88  31  31  46
   10  45  22  48   4  46  25  21  72  55  39  33
   90  38  44  49  25  20  25  59  54   4  85  85
   89  90  69  13  86  98  79  95  74  80  95  88
   64  41  93  56  75  60  63  94  50   9  31  53
   73  65  70  48  92  41  31  86  35  91  48  79
   28  39  68  64  14  92  64  26  75  63  54   9
   48  85  23  40  43  36  37  49  63  49  65  82
   23  41  97  28  68  22  65  27  94  22  56  98
   62   3  37  56  21  83  67  26  26  52  26  64
   54  91  22  82  28  92  18  58
   72  32  96  56  67  96  91  43  69  44  34  34
    9  73  83   9  11  53  17  85  39  64  71  67
   39  42  86  83  84  23  54  38  16  84  52  45
   89  93  99  82  19  46  90  27  17  14  43   5
   43  85  43  30  45  13  85  51   1  53  20  94
   68  12  95  10  22  90   1   7   2  25  11  11
   53  33  29  93  73  58  33  27  57   9  16  22
   33   8  33  72  16  35  42   3  44  66  49   6
   28  24  53  91  88  15  86  26   8  79  62  80
   65  29  16  73  88  95  50  10  90  74  77  32
   20  62  64  58  98  11  76  28  69  59  21  46
   38  88  88  28  20  57   1  40  78  51  53  44
   74  23  55  44   4  35  78  27  50  11  98   8
   17  68  39  72  83  70  16  22  37  68  78  17
   27  43  58  19 100  50   7  38  51  62  43  73
   60  16  98  58  43  52  56   4  88  63  98  41
    7  32  50  67  72  80  19  90
   30   6  59  10  61  11  66  50  64  57  16  60
   21  42  16  48  28  27  67  25  62  14  42  73
   56   8  47  16  58  92  93  85   9  91  65  93
    5  44  88  95  68  68   3  66  20  34  23  61
   40  27  16  90  46  23  63  86  54  53  33  71
   51  73  49  28  62  34  57  64  22  45  95  87
   41  51  64  69  74  95  90  17  90  89   3  38
   42  81  94  15  34  28  95  69  87  58  41  32
   17  46  39  11  91  77  40  63  10  21   3  59
   62  93  70  54   6  30  30  57  29  54  88  98
   22  46  37  98  45  10  22  38  98  43  13  25
   89   7  72  64  99  92  22  26  60  91  15  15
   13  63   1  38  82   6  97  76  47  24  59  50
    3  94  43  87  37  41  80  95  92  97  46  30
   41  79  23  58  46  54  76  37  39   4  17  70
   80   2  74  89  36  75  64  13  37  77  57  18
   58  54  45  13  80  14  14  99
   27  82  13  22  45  99  44  59   5  22  89  37
   92   4  69  61  35  48  37  30  87  98  75  34
   34  38  90  43  75  76   3   7  24  50  43  46
    3  10  44  43  30  21  38  41  23  51  48  33
   83  67  78  59  95  32  17  96  19  87  19  59
   81  63   8  85  76  57  67  34  49  38  34  78
   99  33  90   1  70  26  61  84  40  49   6  10
   21  77  12  45  50  23  89  41  82  25  62  28
   88  48  67   4  42  76  43  32  19   1  25  34
   88  22  40  84  10  35  99   3  20  31  93  46
   33  85  83   6  33  53  97   2  66  65  24  72
   35  18   4  71  92  68  24  59  35  32  15 100
   97  68  39  53  47  84  89  66  73  19  81  71
   88  43  44  76  16  51  17  59  85  55  44  65
   27  78  66  94  64  48  15  99  10  92   6  81
   58  30  33  76  77  65  64  55   5  85  31  18
   43  49  27  82  47  82  96  81
   42  90  50  33  38  99  16  33  49  50  96  41
   23  69  23  54  29  54  11  43  78  81  72  73
   44  31  42  20  76   6  92  89  24  45  51  38
   49  49  24  87  52  94   9  48  87  54  19  35
   79  15  96  88  45  97  39  90  13  77   9  84
   38  96  58  94  24  89  47  44  40  98  60  75
   42  93  28  65  88  90  41  47  59  69  75  28
   79  94   7   9  29  32  29 100  71  68  74  46
   64  32  33  37  83   7  71  31  40  55  48  76
   96  38  37  22  90  27  43  44  50  29  23  61
   14   4  98  52  47  81  86  78  66  81   7  98
   50  32   3  89  66  89  67  65  83  55  53  94
   93  95  96  22  30  60  32  82  87   2  16  24
   38  92  43  25  50  46  62  13  12  34   2  82
   43   4  81  15  20 100  35  98  89  84  30  44
   90  47  80   6  72  34  75  98  13  61  87  20
   38  35  97  63  38  69  13  44
   97  54  49  57  85  85  56  37  25 100   4  27
    6  16  22  26  13  97  16   3  77   4   2  40
   17  27  59  76  79  38  66  54  87  34  50  56
   82  75  27  58  66  34  48  65  48  37  40  61
   86   8  53  47  33  14   1  89  75   5   8  60
   83  62  49  84  51  40  97  81  40   9  66   7
   24  97  51   3  33  42  75  34  96  26  36  37
   86  23  42  60  63  43  64  11  17  76  74  95
   13  35  90  68  33  96  22  70  23  51  11  74
   33  43  77  30  65  12  63   7  12  43  75  38
    5   4  28  63  53  91  90  74  95  78  28  56
   35  51  44  35  86  58  28  18  24  50  95  37
   19  29  35  95  84  85  48  11  23  47  98  56
   67  20  48   6  25  34   9  80  20  84  81  87
   41  79   1  69  79  77  79  41  79  39  50  39
   76  63  13  65  43  36  74  25  33  73  95  78
   24  63  33  77  63   9  84  15
   29  79  86  19  53  20  97  15  24  39  48  58
   18  36  81  44  88  19  50  58  31  66  86  42
   53   2  67  64  44  57  85  88  43  45  18  44
    8  26  95  90  83  77  70  90  71  64  85  76
   98   3  42  19  84  36  71  96  11  97  99  66
   92  80  19  28  41  11  55  96  39  10  39  68
    7  66  72  94  68   8  95  41  26  62  61  69
   23  34  97  91  16  68  80  53  41  21   3  89
   88  27  39   2  62  72  19  26  58  57  92  95
   24  69   2  18  35  49  46  37  60  62  54   5
   30  66  51  51   6  79  28  50  50  47  10  88
   92  18  25  39   3   3  72  23  52  51  93  82
   91  16  37  49  12  25  31  13  20  46  50  88
    2  59  83  87  91  24   7  84  45  47  46  86
    5  54  50   3  68  55  60  13  58  15  74  34
   93  22  18  93  51  58  17  92  42  63  59  79
   76   8  69  16  33  63  72  44
   40  55  14  73   8  24  44  90  48  11  18  54
   56  60  72  55  57  31  20  96 100  94  44  88
   52  22  92  41  89  85  72  57  97  45  40  29
   55  46 100  30  37  15  94  10   5  45 100  83
   96 100  20  34  27   4  76  96  77  28   8  60
   91  98  59  55  65  77  79  50  46  62  12  46
   23  80  89  69  20  80  26  64  92  28  17  89
   19  95  23   9  96  62  73  86  32   3  53  82
   38  82 100  41  26  51  97  92  98  40  68  39
   46  48  67  52  39  43  77  68  21  52   2  79
    2  54  58  26  55  77  71  94   7  90  69  10
   35  94  75  26  56  23   1  24  26  27  42   4
   29  77  71  77  73  53  32  64  85  36  30  83
    3   6  33  48  66  33  55  59  18  73  62   1
   89  59  55  29   3  98  69  72  55  60  66  20
   22  78  30  18  42  36  58  63  18  65  54  96
    8  40  26  96  16  66  76  73
   49  30  77  85  31  35  86  91  59  55  70  95
   98  32  36   6  31  45  24  27  81  31  22  83
   33   3  85  32  43  66  58  81  69  43  87  18
   80  82  46  16  81  89  48  59  27  35  70  61
   45  79  71  85  53  89   6  58  74  58  48  91
   63  24   9   4  18  85  55  32 100  25  25  58
   58  28  53  21  41  94  83  42  18  65  91  36
   98  40   2  36  52  90   5  12  24  84  80  84
   54   3  13  48  99  58   9  89  51  15  20   4
   49   5  59  16   8  50  20  98  29  79  93  89
   24  44  90  13  32  44  56  95  36  41  94  87
   86  77  79  81  17  96  81  28  59  64  81  56
   72  79  88  94  50   3  65  88  48  66  37  15
   96   1  20   8  23  47  34  72  70  78  22   5
   14  21  72  14  81  66  33  33  71  98  32  46
   73   6  98   4  83   3  79  39  27  49  55  91
   73  66  64  22  59  59  19  31
    4   8  31  88  29  37  19  90  45  73  59  69
   22  97  19  25   8  88  65  33  73  75  10  84
   59  76  52  34  12  42  26  42  35   4  40  19
   30  12  24  67  39  81  68  27  89  38  74  19
   39  60  92  88  18  21  67  48  73  34  83  26
   12  97   8   1  45  38  32  55  33  52  19  13
   27  52  44  84  12   8  42  12  55  94  45  12
   46  31  33  19  38  29  74  29  97  31  69  46
   46  60  92  22 100  58  40 100  21  34  73  65
   52   5  57  77  69  41  10  27  19   7  45  68
   64  11  13  68  32  42  47  52  50  18   9  42
   93  28  26   5  33  77  42  93  71  29  57  91
   90  48  73  59  97  47  38  71  65  28  83  67
   76  28  78  92  67  61  67  41  75  62  11 100
   75  31  37  94  31  78  79  28  33  65  24  31
   46  49  49   3  52  31  74  51  91  90   1  43
   12  39  54  43   6  58  33  61
   78  92  55  49  83  41   5   1  69  60  25  34
   51  48  29   9  59  18  25  33  99  67  88  36
   29  47  24  34  21  31  39  97  33  80  11  23
   80  18  57   1  99  93   2  84  19  56  45  56
   28  16  33   2  47  22  27  71  93  23  67  56
   51  40  50  51  43  37  89  28  91  84  88  99
   97  32   7  94   1  76  34  20  53  29  52  34
   84  86   8  13  76  97  79  20  23  33  49  77
    9  54  68  28  69  82  26  12  66  65  20  29
   50  50  25  13  36  47  60  93  65   2  58  74
   80  61  37  91  88  48  63  90  34  21  24  89
   66  50  97  52   6  83  17  53  19  17  43  50
   78  60  34  47  41   7   8  71   8   6  18  35
   98  26  19   6  21  27  35  76  34  28  30  36
   21  76  75  32  59  16  18  46  84  57  50  59
   63  42  80  20  60  19  98  15   8   6  43  37
   71  62  77  54  25  55  51  76
    409   417   380   419   405   446   403   402   371   429   392   412
    403   437   389   411   422   411   383   372
