 10 400
   97  61  55  23   5  10  13  49  32  80  27  78
   77  27  69  47  90  49  30  91  25  50 104  52
   58  37  94 102 104 104  55  11  76  13 108  23
   42  63  44  85  34 111  30  22  74  87 109 105
   97  83  54  22  83  53  20  67  83  73  88  33
   95  58   4  45  85  54  77  88  32  54  64  74
  114  91  50  64  73  18  96  81  93  86  60  73
  102  19  66  88  37  84  42  79  42  82  11  12
   78  42   9  77 103  95  51  84  19  54 103  26
   90  21  67  26 115  95  99  48  55  50  81  62
   80  89  37  24  44  78  63  79  50  59  36  66
   91  16  19  62  94 102  36  63  54  76  74  46
   84  75   9  65  75 106  25  81  86 114  59   8
   51  92  73  83 103  50  95  42  10  55  33  43
   58 107  95  45  90  58  92  62  82  95 105  12
   83  44  42  28  72  13  59  77  32  57  60  22
   69  48 113  35  42  34  61  72 102  82  76 100
   37 114 101 113  22  50  98  62  64  55  45  39
   58  95  55  52  85  28 105  98  97  11  74  98
  100  23  78  51  15  21  78  46  50  48  48  69
   17  98  18 112  72  63 107  67  90  67  28  85
   15  65  94  24 104  37  92 111  35  71  39 109
   84  50  44  43  94  22  98  38 106  48  53  26
   38  28  93 102  41  51  84  62  83  37  58  89
   74  39   5  60  44  22  51  66  84  96  44  78
   81  64  88  38  60  25  72  31 104 100   8  24
   44 100  36  13  45  14  97  59  36  45  54  75
   10 107  19  78  71  56  50  41  63  30  56  30
   81 103  16  55  37  79 100  74 102  28  39  47
   96  72  13  52  77  34  29 110  61  47  18  73
   14 104  83  68  77  16  11  42 107   7  15  98
  106 101  46 100  81  16  73  27  58  32  72 100
   59  25  22  26  52  64  67  41  54 104  67  22
  113  47  16 104
  106  70  74  36  70  73  82  91  46  55  74  75
   49  65  60  80  73  63 103  84  68  14  34  15
   48  42  87  40  19  21  74  86  75  42  51  47
   30  29 102  92  16  62 104  10 102  91  40  63
  108  65  39  33  73  42  71  95  80  25  37 107
   25  70  23  59  88  21  63  54  54  12  80  74
   54  45 100  51  33  54  40  81  89  22  91  90
   67  95  97  47  98  48  15  97  42  56  99  83
   57  55  81  78  76  55  20  55  96 106  57  53
   35  46  83  87  38  91  80  48 113  84  23  22
   26  66  90  82  80  18  25  68  93  54  36  84
   16 102  86  37 100  97  73  59  91  64  46  19
  101  98  94  43  25  22  48  14  54 100  13 113
   53  51 101  85  96 100  46  59  90  59  32  48
   15  69  92  92  34  88  21  61  50  52  80  78
   50  83  35  80  43  60 101  31  84  45  80  25
   32  34  72  19  49  33  29 116  64  43  84  42
   31  49  14  62 102  89  34  96  33  95  53  66
   15  14  55  32  38  42  57  74  44  21  84 100
   42  62  59  85  48  19  23  85  43  73  68  93
   94  90 117  13  56  23 114  25  95  17  62  92
  105  66  11  77  50  37  93  50  86 105 111  71
   25  10  26  41  91  43  58  58  59  40  54  42
   10  21  99  69  78 111  51  77  19  46 103  82
   27  94  40  55 105  33  34  86  78  26  36  56
   67  35  42  56 101  85  94  28  65 106 107  17
  101  65  80 108  83  55  65  88  60  22  63  31
   24  90  84  58  98   9 106  81  40  81  98  74
  100  27  15  34  64  84  52  35 103 106  93  69
   80  54  74  94  95  65  34 115 114  94  59  48
  101  21  27  28 108  12  97  11 115  78 112 113
   72 101  82  92  17  36  33  85  22  29  46   9
   30  53 101  55  75  87  30  36  27  52  19  81
   38  23  51  39
   24  88  90  30 112 108  92  34  35 101  78  52
   36 100  73  35  91  40  50  51   5  14  27  78
   74  40  16  55  36  16  83  76 115  19  73  74
   70  29  34  72  25  74  64  65  34  34 103  20
   88  70  16  23  29  60  75  28  45  68   9  39
   63  30  23  42  87  48  58  60  86  83  27  36
   12   3  28  80  85  27  47  73  76  71  94  38
   48  96  48  94  38  97  88  16  47  73  68  14
   28  51  64  89  68  52  18  42  48  91  68  93
   58  47  72 100  90  80  44 108  30  84  76  84
   85  60  34  27 100  38  33  24  69  27  32  35
   73  41  99  80  27  55  26 106  14  15  34  82
   45  60  27  87  32  92  92  23  47  69  11  73
   44  42  51  52  52 101   9  49  60  80  51  99
   53  48  32 105  85  30  48  21 100  97  35  88
   38  52  80  47  85  60  51  67  79  13  81  27
   99  27  27  35  54  65  54  54 104  70  93  60
   85  77  19  80 106 104  40  98  75  62  60  50
   46  41 106  57  94  16  95  92  40  90  99 112
   82  75  55  48  17  10  94  68 100  71  76  17
   92  39  23  60  75 103  24  18  42  15 102  86
   24  27  99  86  68  78  52  37 101  36  44  64
   23  34  55  50  88  65 113  42  72  41  89  48
  113  27  47  79  13  59  60  60 103  66  34  45
   24  14  71  60  70  78   6  91 102  61  43  73
   88  63  89  43 111  20  83  20  73  63  86  85
   60 109  92 101 100  57  35  55  87  84  66 102
   33  58  14  30  23 110  13   8  26  11  64 101
   54  67  63  80  80  30  51  15  89  91  32  47
   19  85  94  26  12  26  16  50  78  93  20  18
   33  52  99  70  35  62  51  71  34  40 106  93
   68  89  49  70  35  93  43  55  94 109  18  71
   48  59  20  12  81  90  95  39  65  52   9  79
   46  68  22  31
   18  13  85  81  94  80  71  34  42  77  46  83
   50  65 104  90  64  68  64  75  55  43  71  40
   30  77  38  37  55  47  77  97  59  30  84  73
    7  83  86  98  74  34  17  68  27  99  62  43
   49  17  35  86  58  36  33  64  24  38  19 105
  114  39  46  51  35  30  55  48  37  85  79  71
   48  59  73  93  30  42 110 101  42  14  30  45
   37  71  70 100  52  15  28  91 112  66  75   9
   48  48  22  42  78  98  48 103  42  96  17  55
   60  33 107 103  97 106 106  37  35  32  61  35
   43  26  97  21  49  79  34  59  85  48  94  87
   84  98  21  55  97  34  33  74 111  51  35  98
   94  71  85  87  20  66  45  18  32  69  84  27
   28  70  79  44  38  98  23 106  36 102  48  92
   46  47  87  59 102 105 118  94  37   7  73  32
   64 104 102  46  81  73  73  15  15  39  52  66
   24  47 107  47  18 100 107  23  58  71  61  84
   91 104  54  88  55  58  42  31  84  65 104  39
   56  30  70 104  47  29  95  72  65  33  34  79
   77  57  80  99  34  52 108  44  46 107  99  39
   84  56  85  84 103  94  64  30  88  33  45  69
   41 109  62  94  66  99 105  20  15  32  93  64
   16  57  57  42  75  93  56  93  42  92 105 105
   71  95 102   6  31  62  19  40  81  55  47  33
  101  53  40   8  45 103  97  20  31  78  95  24
   19  33  13  59  13  67 108  42  98  62 102  64
  106  25  12  60  18  84  68  68  86 103  73  89
   37  16  71  35  72  54  18  24 115  91  99  17
   26 108  84  58  80  33  33  26  20  32  30  94
   22  58  72  32  62  90  73  38  18 101  14  67
   20 109  46  39  33  90  59  44  38  63  90  35
   24  51 107  99  82  77  87  53  93  90  31  73
   18  75  42  67  44  15  32  71  15  33  42  91
   81  29  90  84
   99  92  55  87  92  47  15  53  74  49  55  68
   83  64  14  77  85  84  87  94  88  55  56 102
   34  53  18  98  68  83 100 101 100  44  94  67
   14  67  25  65  72  63  83  64 108  11  22  19
  111  28  47  17  21  22  42 104  77  20  76  24
   81  88  95  71  16  64  69  62  38  39  86  36
   86 105  69  93  98   8  38  33  58  87  38   5
   35  62  89  75  98  63 110  63  31  91  93  74
  110  29 100  36  15  50 116  67  26  57  64  38
   10  68  68  20  72 106  44  23  60  30  22  60
   89  27 101  80  80  84  49  54  89  47  37  69
   91  97  97  67  92  19  28  66  66 106  66  50
   21  69  72  59  69  78  23  68  31  57  23  46
   71  65  94  43  83  64  29  61  90 115  77 105
   47 103  82  69  56 104  90  57  94  70  41  27
   85  33  81  91  49  64 106  36  98  57  35  76
   30  74  75  41  90  73  26  20  96  67  35  66
   53  48  27 115  97  60   9  66  12  60  35  52
   74  50  58  90  54  27  53 112  11  35  15  54
   78  37 103 113  34  86  40  40  94  64 102  53
   53  82  78  40  36  88 102  96  81  34  96  34
   83  10  85 102  31  91  95  66  67  41  51  93
   60  66  94  16  25  72  32  94  46  25  39  19
   94  98  88  29  69  84  41  37  29  62  80  13
   83  72  50 107  94  85  58 109  74  18  64  28
   92  69  32  57  55  76  26  34   7  69  62  27
   45  13  75  14  21  86  27  39  44  30  94  58
    3  73  34  21  25  77  74  95  11 102  29  76
   77  92  79  26  16  46  61  32  40 114  54  65
   97  31 104  65  94 100  51  34  19  35  37  28
   26  61  18  56  17  23  88  53  56  17 101  57
   35  64  41 103  46  17  28  56  40  71  70  53
   19  72  46  43  33  25  71  57  13  36  16  63
   17  44  45  59
   66  91  32  40  40  99  67  96  21  68  80  40
   34  69  38  63  15  90  60  38  95  45  41  57
   49  64  67 106  67  80 103  22  17   8  91  22
   54 101  68  74  72  32  90 112  84 110 116  77
   26  60  30  98  92  77  16  47 110  50  90  35
   33  13 103  51  78  19  30  64  36  63  91  71
  105  74  46  10  70  68  43 110  10  48  89  44
   83  72  94  63  77 109  43  50  43  38  28  41
   38  29  39  72  63  47   9  40  31  61  40  10
   17  47  13  71  22  76 105  91  18  51  45  92
   12  21  34  42  17  30  84  21  25  56  34  74
   81  68  79  37  86  98  15  99  53  36  72  53
   68  70  26  83  97 112  19  63  44  20  35  72
   96  48 113  90  77  73  55   7  59  21  89  45
   96  63  96  89  36  84  32  34  20  19  20  66
   19  29  71  11  32  79  67 102  68  17  38  42
   78  47  67  86  33  25  64  53  86 114  59  97
   46  32   7  20  66  97  10  71  34  33  83  17
   74  68  35  80   9  26  23  94  31  83  43  81
   41 107  21  31  31  95  98  20  89  99  55  75
   28  28  55  76  92  43  22  82  96  45  26  60
   55  51  82 108  49  95  17  57  88  20  74  98
   66  96  37 105  98  92  25  38  11  35  47  63
   31  62  77 100  46  47  76  39  50  51  53  50
   88  78 109  50  26  38  70  58  56  10  98  85
   45  45  43  24  22 108  37  77  91  78  46  46
   62  45  64  62  61  52  97  30  11  61 104  20
   63  99  38  15  68  15  97  93  96 113  25  21
   16  24  22 111  83 104  50  78  82  29  54  56
  102  61  83  83  41  85  75  11  66  94  29  24
   15  36  90 109  90  82  92  91 109 102  86  85
   17  61  73  83  74  35  73 112  73  35  62  53
   91  67  36  31  94 113 102 101  52  81  18  82
   24  77  66  76
   37  54  81  55  56  88  61  91 105 103  41  17
   26  54  10  23  45  81  47 101   9  21  21  30
   68  17  21  62  20  56  85  72  20  56  48  89
   15  90  26 108  43  97  64  54  21  80  88   7
   89  89  33  89  63  97  43  67  96 103  48  42
   37  80  18 113  63  94  39  40  98  30  53  90
   90  73 114  85  51  77  85  21  72 107  63  24
  111  30  36  58  53  33  52  87  95  84 104 107
   85  30  88  19  64  58  38  24  48  84  51  20
   50  12  57  77 115  40  28  61  46  99  72  44
   24  76  71 104  88  95 104  48  34  45  34  24
   82  37  38  49  24  82  33  86  92  71  61  33
   51  50  50 102  47  44  76  49  56  93  26  83
   37  83  20  88  39  68  59 101  78  29  99  16
   88   8  21  61  24  73   6  68  87  11  56  15
   53  91  35  51 106  25  23  46  86 108  19  38
   53  53  53  19  56  64  28  20  79  44  70  41
    8  57  98   8 106  56 113  47  78  33  37  24
   73  77  14  52  45  74  73 100  20  41  47  53
   26  39  20  21  18  67 108  35  59  70  15  82
   47  89  83  20  13  28  22 108  39  25  56  71
   67 107 102  33  43  13  80  99  86  48  32  81
   10  24  41 110  35 102  76  31  61  56 101  32
   39  16   9  94  54  62  34  35  15  43  27  90
   16  18  36 104 115  39   9  33  46  21  31 105
   17  69  27  50 118  48  95  70  76  44  23 110
   73  77  70  59  92  75  16  98  28  87 101  55
   83  42  59  52  27  78  83 118  52  29  35  48
   19  60  18  48  93  83  38  78  74 112 101  91
   29 110  40  44  85  66  12  88  97  70  77  54
  110  69  58  57  33 110  99  56  85  34  60  39
    9 112  70  77  83  23 100  17  59  56  37 102
   12  72 103  59  94 101   4  66  65 107 112  88
   57  24  38   9
   45  72 102 100  81  38  81  64  35  99  64  79
   88 111  43  88  65  76 106 101  17  77  60 101
   70  37  39  15  16  33  99  17  85  39  70  15
  105  33  38  75  96  94  55  10 108  85  41  37
   67  62 107  35  92  75  93  33  15 114 105  23
   91  70  50  24  37  40  97  95  89  87   7  92
   66  81  51  76  39  74  11  42  26  14  88  15
   85  51 113  80  83  13  19 110 102  29  45  95
   48  29  80  92  42  98  74  60  98  41 105  74
   65  77  55  92  85  37  41 106 114 106  44  19
   62  77  62  49  85  62 101 113  60  58  25  99
   36  81  94  83  61  31  99  45  78  57  23  97
   38  58  18  14  51  93  46  66  94  24 107  29
   88  84 117  66  90  69  96  35  95 101  86  56
   56  95  18  52 116  28 105  40  75  49  64  67
   46  67  29  48  33  29  73 107  78  99  41 104
   48  26  32  42  46  23  27  54  84  92  89  26
   82 100  82 100  19  87  44   6  57  47  49 114
   53  96  65  26 108  54  84  62  47  38  29  70
   75  64  67  21  18  52  69  23  19  53  78  29
   32  77  69  27  48  81  65  38  73  19  84  94
   81  38  19  60  65  21  12  14  58  19  94  23
   88  98 117  42  41  73  57  38  65  63  74 101
   26  78  22  21  22  46  69  66  76  10  86  85
   99  34   9  90  19  90  29  30  14  94   3  29
   62  47  76  27  36  20  85  79  24  53  26 104
   49  56  73  17  46  30  55  85  43  24  92   8
   80  89 113  42  16  95 108  75  47  31  32  77
   78 102  23  76  80  27  35  40  51  16  82  90
   42   7  73 101  44  36  44  69  33  86  14  22
   47 115  17  93  20  63  86  38  22  37  42  94
   97  87  28  83  28  71 101  53  66  49  56  12
   81  50 104  34  70  41  21  91  19  75  41  64
   36  46  30   3
   78  30  24  11  36  55  37  94  84 111  49  29
   93  92  72  31  56  62  99  40  67  98  62  98
   38  82  60  34 106  97  94  77  46  79 100 108
   73  19  44  26  41  23  48  16  47  81  95  87
    8  62  10  16  96  96  31  98  73  40  91  41
   82  46  61  49  96  31  82  50  28  53  83  35
   73  74  63  41  35  43  56  56  43  59  41  28
  102  37  71  56  91 102  12  64  81 106  61  97
   28  91  32  24  53 101  47  46  72  94 104  58
   83 102  93  45  43  95  35  52  38  27  53  23
   47  58  30  36  86  16  92  88  17  32  56  49
   63  17  81 105  66  15  11  47  97  96  52  81
   69  70  63  10  45  99  69  44  12  21  28  83
   88  23  64 113  91  84  22  10  98  92  25  53
   93  31  61  14  69  79  18 101  88  58  36  26
   27  74  80  19  24  30  49 109  21  30  42  52
   61  32  48  93  86  31  58  21  98  25  26 103
   39  71  82  84  19  42  36 108  91  53  88  26
   68  50  25  68  86 100  65  67 102  38  35  72
   38  77  69  95  23  41  36  54  66  63  87  17
   70  27  62  77 109  25 104  15  57  67  30  16
  106 105  51  23  94  72  88  43  29  82  68  44
   43  32 108  65  59 104  91  64  94  30  25  28
  104 103  42  33 101  17  99  73  55  57  85  92
   85  13  40  31  83  23  33  22  51  55  27  36
   70  71  64  26  54   8  77  29  96  46  99  79
   80  98  25  27  64  77  41 114  62  96  44 102
   82  19  24  26  53  30  74  20  98  48  20  98
  101  78  98  90  96 115  39 112  62  94  71  68
   56  27  70  89  43  68 100  12  80  15  48  60
   95  64  68  50  44  40  74 108  80  15  51  87
   19  21  73  20  71 113  15  17  34  78  74  87
   48  80  98  76  94  63  16  92  47  10  41  44
   55  19  89  25
   76  22  33  33  23 114  42  41  69  39  60  47
   96  34  42  88  66  47  71  27  83  52  34  20
  109  42  81  40 105  71  60  58  33  27  85  74
   58  99 101  48  50  23  90  91 101   8  85  27
   71  17 108  91 100  69  77  72  49  44  22  15
    6  50  55  98  31  67  47  57  86 116  40  26
   70  76 105  46  72  36  96  71  62  71  78  58
   25  53  81  81  63  85  39  84  33  54   8  21
   61  98  13  78  24  90 105  43  26  14  31  97
  100  97  93  12  56  79  53  51 103  76  52  13
  101  47  24  76  22  92  83  26  58  20  49  36
   83   6  21  21  60  26  33 108  56  34  22  60
  104  68  66  88  62 117  94  38  76  73  83  17
   26 104  20 102  80  71  22  33  69  90  81  23
   52  54  70  78  84  94  85  39  57  75  21  60
   98  83  47 111  22  42  61  18  47  46  35  24
   12  64  25  83 109  27  77  95  78  40  60  49
  100  89  60  28  12  60 103  16  90  20  64  73
   85  86  32  21  50  63  55  61  63   9  77  38
   57  11  39  48  33  76  27  94  61  97 101  81
    8  90  63  15  65 100  53  70  14  67  53  88
  108  27  92 101  66 104  43  98  27  92 102  24
   94  36  39  71 110  80  71  48  91 112  74  56
   70 104  82  51  60  15  84  11  19  91  40  86
   82  54  67  27  22  81  49 105 107 116  35  79
   19  66  21  32 100  28  80  15 102  56  44  13
  101  57  35  18  39  56  77  52  74   9  67  77
   51 111  86  17  48  87  51  84  38  65  79 112
   64  33  27  89 101 102  58  92  41  94  93  68
   77  87  33  53  72  56  58  63 104  10  43  53
   46 112  94  98  47  61  67  62  70  74  25  72
   71  80  67  98  87  68  22 107  63 114  53  11
   91  98  85  21  44  78  39  92  45  29  32  56
   12 110  45  74
   14  48  63  84  98  95  95  57  77  31  90  31
   30  92  42  70  22  61  86  27  90  66  16  58
   48  69  24  15  11   4  59  99  33  98   3  88
   72  54  62  26  69   2  87  85  44  20   2   6
   14  32  52  81  30  55  85  43  29  39  28  82
   10  54 100  70  24  63  41  22  87  49  52  44
    6  25  61  50  29  99   8  35  15  24  43  31
   13  92  46  22  73  29  69  35  66  29  91  91
   28  75  97  34  17  24  68  22  95  54   2  91
   29  93  37  87   1   9  14  62  52  58  39  44
   29  29  74  78  63  27  45  28  60  44  67  50
   12  94  92  44  23  16  71  57  61  39  36  68
   27  32  99  39  34   9  82  32  18   4  44  94
   55  22  45  22  12  53  21  72  96  56  78  71
   46  13  11  64  21  46  28  55  20  16   8 100
   22  73  68  81  36  91  56  42  74  62  53  89
   47  60   3  76  72  75  56  38   2  21  34   9
   75   2  12   2  83  55  20  58  53  58  63  67
   55  10  62  50  26  74   6  22   8  98  35  11
   12  95  29  53  97  94  28  59  69  69  60  37
   94  21  93   2  39  42  10  35  23  45  86  28
   91  55  13  86   9  78  10   4  67  34  77   4
   19  60  59  59  21  83  22  65   8  59  63  93
   69  82  24   9  61  65  33  57  28  80  61  24
   40  81 100  54  61  83  56  49  23  19  64  30
   24  56  21  65  49  91  35  71   4  10  99  84
   66   8  76  93  65  97  11  49  68  66  50  38
   95  13  94  25  46  49  59  65  47  74  55  90
   24  14  92  50  81  27   2  36  10  88  69  70
   10  33  97  56  34  68  79   7  45  64  97  40
   96   3  32  35  35  99  97  69   9  96  93  16
   14  17  74  11  39  97  38  93  44  83  32   9
   52  93  84  85  58  55  44  79  59   7  46  82
    4  69  96   7
   10  44  41  75  45  34  36  28  56  49  34  31
   56  43  43  25  47  44   7  28  46  93  77  97
   60  66  33  74  97  92  42  21  27  70  65  63
   79  73   7  14  95  49   6  94  13  16  72  56
    1  49  71  86  39  64  42  13  36  91  67   2
   92  47  88  48  17  91  53  61  66  93  23  45
   54  74  10  67  80  56  65  27  21  96  12  16
   52  25  13  71  22  63  94  22  65  49   6  33
   60  48  23  35  36  57  99  60  10  11  59  59
   84  70  32  17  78  16  34  68   4  27  92  96
   84  54  14  31  26  96  91  43  18  57  68  24
   92   4  28  71  14  18  42  53  24  42  56  83
   19  12  20  72  85  95  61  88  62  13 100   1
   61  57  19  22  22  10  59  44  17  45  73  63
   93  33  21  10  70  27  98  55  63  63  27  30
   65  33  70  22  70  60   6  77  33  75  35  89
   79  73  39  84  62  72  78   1  51  64  33  62
   75  59  92  40   6  25  85  19  85  15  49  47
   96  96  54  82  76  72  60  37  75  89  27  11
   61  47  57  19  63  98  91  18  60  45  49  18
   19  25   2  92  64  91   1  86   7  94  45  11
    3  43  93  33  66  74  18  62  18   9   2  31
   81  95  85  63  26  67  53  44  46  68  58  77
   92  90   4  42  39   1  56  36  99  56   7  22
   86  21  79  56  11  70  77  23  32  91  76  55
   44  83  62  49  10  34  12  76  40  12  13  86
    9  39  36   4  27  57  47  21  43  94  57  80
   96  20  25  57  18  97   2  28  65  25  13  40
    6  75  92  68  47  32  54  70   6   8  11  35
   22  66  36  23  19  37  68   2   5  23  61  71
   16  96  75  91  12  98  15  96   3  24   8   4
   32   3  32  17  92  78  79  26  94  76  71  97
   73  66   9  59  39  17  76  76  77  51  83  29
   82  88  51  75
   89  23  26  81   4  12  26  68  84  15  32  59
   70   2  33  68  14  65  54  64 100  96  89  35
   32  77  90  65  78  98  30  37   1  90  31  44
   41  73  71  30  80  28  48  39  69  86  17  94
   22  37  95  86  84  54  42  84  64  38  97  67
   40  84  94  69  26  62  44  49  17  20  80  74
   97  99  85  29  18  82  67  31  40  40  25  80
   57  17  68  16  73  20  14  94  60  35  45  93
   74  61  44  24  52  59  92  66  66  23  41  27
   55  66  41  11  17  35  59  12  78  30  44  27
   28  51  76  80  18  65  75  78  35  86  84  71
   43  75  20  40  92  64  87   4  95  90  70  37
   75  58  89  21  81  14  21  92  70  38  94  35
   64  65  55  68  67  11  95  70  60  26  51  11
   55  66  72   6  30  80  62  93  17  20  81  23
   74  62  22  63  19  59  52  41  27  96  30  80
   10  81  79  72  49  42  48  64  11  45  19  56
   22  38  98  36  13   7  77   8  40  48  50  64
   65  69  12  60   9  99  17  10  72  24  17   8
   32  33  51  62  90  93  24  52  12  40  36  94
   15  78  93  43  38  15  80  95  77  97   6  25
   85  88  13  24  43  35  59  77   4  80  72  44
   97  78  60  63  14  38   7  75  45  72  20  67
    2  82  63  31  99  50  46  44  11  51  84  67
   83  88  37  60  36  42  98  22  14  43  75  38
   19  57  17  60   4  97  25  97  39  47  26  22
   49   5  17   4  11  52  79  58  29  32  53  10
   74  51  95  81  94   3  92  97  90 100  50   6
   64  41  48  23  34  78  66  91  19  18  79  62
   89  31  14  90  92  90  87  53  40  16  99  86
   69  50   9  38  69  43  61  42  76  63   6  10
   45  22  62  41  76  17  66  54  22   2  85  33
   60  61  92  93  30  19  25  74  45  52  95  33
   69  38  83  76
   95  94  25  38  12  29  32  78  77  33  61  27
   69  47   4  16  46  51  55  43  63  74  47  69
   78  40  79  70  52  60  39  20  44  73  20  29
   98  21  29  20  30  76  93  47  92   9  57  63
   55  95  69  26  62  79  74  53  91  64  85  13
    2  63  60  69  81  76  65  63  82  31  40  40
   57  49  44  19  77  67  10   8  60  97  79  66
   75  34  46   2  58  98  74  16   4  41  31  99
   65  64  94  61  42  16  69   6  60   6  88  55
   48  73   8  12   6   5   4  71  69  81  52  70
   66  83  10  82  67  32  86  61  28  71  12  20
   31   7  93  60  16  73  73  46   2  52  72  12
   13  39  34  25  85  42  57  89  80  35  27  89
   78  48  35  76  77   7  97   8  78  11  65  21
   73  55  26  56  11   4   1  17  74  97  40  84
   41   9   3  64  39  43  39  87  97  78  60  44
   94  56   9  71  89   9  13  80  60  31  44  24
   24   4  64  15  62  53  64  82  27  52   3  75
   55  74  32   5  61  85  22  38  38  79  75  32
   43  57  38   6  77  53   3  65  64   3   8  67
   20  51  25  29  11  14  47  75  17  69  69  41
   77   7  53   8  40  10   4  83  92  87  19  39
   99  50  52  67  30  25  54  10  67  16  15   5
   34  15   3  96  88  45  86  76  34  55  63  75
    7  57  73  98  67   8   9  97  80  26  16  96
   92  70  98  54  99  44   4  70  12  49   8  42
    9  90  96  60  90  18  36  42  22   8  42  22
   72  97  33  76  44  59  93  91   1  17  14  85
   87   7  34  56  38  84  78  93  91  74  85  20
   82  59  31  78  43  20  38  73  86  15  96  40
   91   3  60  67  78  12  46  65  73  51  24  72
   78  65   5   6  24  35  17  57  20  15  80  36
  100  28  69  50  63  89  76  32 100  84  65  12
   22  81  16  31
    4  23  53  16  10  63  95  54  46  69  48  38
   22  50  93  28  18  27  24  15  20  60  60  12
   70  58  85  12  38  36   6  18   9  60  16  38
   90  49  95  50  39  54  19  39   7  94  84  94
    5  79  63  89  84  81  65  15  39  90  27  89
   25  30  13  43 100  46  42  55  82  63  26  77
   23   7  34  15   6 100  70  75  57  26  71  99
   81  53  25  44  13  45   5  42  80  19  24  36
    4  88  12  66  96  69   3  45  94  53  45  82
   97  52  36  96  38   9  67  80  60  79  90  45
   24  84   5  25  22  24  60  61  22  67  83  46
   21  10  15  35  23  95  75  37  38  11  42  61
   86  49  46  45  44  39  91  38  81  47  91  67
   43  44  19  59  31  42  86  42  14   2  30   7
   55   8  27  44  55  11  22  46  18  40  75  79
   30  85  31  21  67  47   1  75   9  51  72  44
   81  42  27  79  12  35  87  93  10  41  73  48
   55  62  84   4  20  51  98  44  93  48  85  64
   39  70  46  30  63  93  66   7 100  76  87  57
   27  76   3   4  82  21  64  66  17  50  15  61
   56  29  34  77  80  30   9  13  30  82  14  84
   21  92  22  10  89  26  23  49  43  68  66  21
   43  49  25  91  95  35  71  22  67  89  76  90
   17  10  29  88  47  21  67  72  76  46  38  95
   25  47  64   5  22  26  44   4  37 100  55  91
   20  51  88  60  65  30  94  69  98  42  50  87
   74  97  44  96  95  28  84  76  58  73  19  47
  100  40  76  86  85  26  31  10  94  10  76  31
   40  19  31  76 100  56  48  79  67   3  55  38
   22  84  10  43  16  11  67  77  87  78  79  75
   82  50 100  64  99  94  19  61  56  99   5  48
   70  54  77  12  61  97  89  52  70  38  34  61
   99  41  65  68  71  81  42  56  98  75  89  47
   89  67  75  52
   51  13  79  67  80  12  45  22  94  46  24  72
   86  51  73  40  92  29  55  77  25  66  71  47
   57  41  36  11  43  28   2  97  88  99  20  81
   59  10  52  39  40  84  21   5  31   1   4  29
   91  55  77  13  24  33  98  56  10  67  30  80
   78  92  12  60  27  91  79  40  81  40  18  47
    3  37  65 100  34  35  59   9  95  63  27  67
   19  45  17  44  30   5  77  61  71  73  76  74
   68  86  68  36  45  72 100  65  76  42  63  97
   85  64  92  43  92  37   3  23  93  58  71  15
   98  81  71  78  98  72  35  86  86  54  73  40
   22  49  32  83  29  16  95  10  52  76  30  64
   45  35  76  37   9   3  83  47  72 100  79  33
   14  63   2  21  34  41  55  96  59  88  22  69
    7  49  16  26  74  33  73  85  91  92  99  41
   98  85  47  96  82  38  44   2  47  94  66  75
   33  69  50  26  79  84  53  63  26   5  54   9
   68  71  99  90  44  16  94  43  73  86  34  90
   36  48  82  34 100  92  92  22  86  35  69  22
   78   4  83  84  83  25  16  97  26   3  60  41
   91  91  60  26  16  61  90  35  14  57  87  57
   52  56  20   9  67  10  99  55  30  91  45  22
   47  24  80   7  11  16  82  71  95  77  69  46
   87  40  36   9  73  68  27  73  56  59  62  60
   28  40   2  70  80  64  47  44  60  92   5  23
   66  71  68  92  93   7  72  36  23  31  66  65
   46  60  42  56  41  51  11  72  92  46  12  87
   53  17  73  92  43  95  16  11   6   7  94  89
   99  89  92   4  31  12  52  34  37  83  51  58
   10  57  28  20  62  26  41 100  43  17  80  83
   88  72  21   9  23  34  13  24   2   9  28  30
   96  41  39  20  29  68  47   6  41  76  53  49
   12  50  75  80  24   7   3   9  66  39  98  30
   81  39  50  30
   65  48  23  48  62  23  59  18   5   3  66  97
   77  64  97  96  66  21  58   1  98  90  99  87
   43  91  84  49  91  54  21  37  96  47  63  27
   90  27  90   2  59   6  39  53  94  36  17  99
   17  17  78  27  57  14  72  47  15   6  60  70
   82  39  92   6  41  14  72  70  19  77  67  26
   27  46   6  26  54  34  34  90  38  13  45  90
    4  85  74  59  67  73  66  16  13  34   6  11
   32  81  26  91  42  45  75  86  63  27  60  98
   67  94  54  36   2  80  74  43  70   9  30  61
   93  37  37   5  32  14   3  56  80  60  77  81
   29  71  77  57  95  27  74  29  25  31  56  78
   56  66  54  10  63  67  37  63  59  11  80  34
   67  29 100  24  71  35  53   2  25  75   9  86
   29  97  94  49  87  31  97  34  24  93  50  93
   66  17  71  51   5  86  81  72  18   4  92  66
   65  63  55  92  48  52  82  97  41  69  40  68
   95  56   8  95   3  57   3  70  34  87  80  85
   47  29  97  66  60  39  47  14  96  79  61  67
   93  68  83  89  86  42  10  67  60  44  92  30
   64  30  26  91  99  85  89   3  77  78  62  36
   45   9   7  71  75  94  24  16  30  69  75  35
   93  96  71   5  71   9  31  79  56  58  10  82
   69  93  97  14  63  51  83  75  98  63  88  18
   86  91  70   2   4  73  93  83  67  84  73  14
   91  35  79  61   2  63  19  47  26  66  79   5
   44  36  46  56  20  28  86   8  91  31   2  63
   32  72  50  56  84  35  36   2  58  87  69  67
   98  43  92  60  26  35  82  35  37   1   8  22
   85   2  68  71  24  45  96  15  11  37  32  53
    1  49  55  51  85   2   4  64  19  69  47  73
  100   7  32  41  33  85   2  94  47  60  76  13
   93  44   7  46  10  11  98  47  44   7   2  20
   61  91  64  95
   61  43   9   2  23  82  36  53  78  16  39  29
   29   2  75  17  49  38   3   7  85  27  47   5
   49  82  64  87 100  82   4  98  26  66  49  95
   12  69  71  34  11  16  61  98   3  35  65  75
   45  41   7  74  25  43   9  83  95   3   8  80
   16  41  54  79  73  78  22  24  14  29  96  21
   51  33  66  27  81  31  99  65  84  88  27  98
   23  59   7  39  32  91  87   3   3  85  66   9
   67  82  39  25  62  11  46  50   5  63   7  46
   43  31  55  13  17  68  62   5   1  11  59  93
   49  32  46  71  28  46   3   2  43  55  85  12
   68  36  26  30  53  77  13  63  41  54  82  23
   65  46  85  94  55  11  61  45  18  81   1  81
   30  28   3  49  15  47  22  72  14   6  18  46
   52  22  89  59   2  90   8  73  31  61  43  42
   56  44  82  65  79  74  43   2  25  12  79  16
   68  87  83  69  57  93  80  57  32  15  14  90
   28  10  33  19  87  27  60  97  51  72  68   1
   53  18  39  77   3  51  21  45  65  76  80  40
   34  46  44  98  98  54  42  88  98  53  33  85
   84  33  34  86  62  31  39  75  32  94  32  26
   28  77  92  51  43  90  98  97  53  89  19  79
   32   9   3  61  64  38  59  78  47  44  37  10
   84  33  87  84  85  64  36  42  42  95  31  25
   14  83  97  30  96  22  85  85  89  26  99  88
   55  58  38  75  73  98  17  41  89  63  85   2
   54  58  45  94  59  83  50  34  65  79  15  99
   25  16   1  75 100  25  12  27  71  79  70  30
   39  13  97  33  25  84  77  72  59  86  25  27
   69  98  39  17  58  83  58  44  71  22  97  83
   71   2  93   9  92  45  33  70  93  74  76   9
   10  30  82  21  91  31  17  60  39  70  62  90
   30  69  15  76  45  61  84  21  83  28  75  41
   69  73  75 100
   33  84  80  99  75  63  65  17  35   6  59  85
   18  10  39  89  59  57   7  64  48  18  54  13
   77  26  45  85  11  14  18  28  68  27   4   7
   32  96  67  84  65  89  63  90  60  26  12  31
   96  57  97  95  16  23  79  11  30  74  23  74
   29  60  55  54  20  89  33  59  83  55  31  73
   45  38  51  64  67  64  46  57  59  45  68  76
    8  77  32  61  27  16  92  44  21  13  53   5
   74  27  84  81  54   6  57  64  32  25   9  51
   28  10  12  66  71  16  74  64  81  83  51  81
   60  61  78  75  16  90  22  18  95  71  50  69
   39  86  23  15  54  99  97  64   8  19  53  37
   35  35  43  96  71  18  51  68  98  96  78  20
   16  90  42   7  20  27  98  97  11  13  80  55
   21  85  52  96  48  27  91  17  23  46  81  81
   86  34  22  90  87  83  66   7  99  83  72  60
   59  73  71  12  17  74  54  93  11  83  85  15
   63  42  23  34  85  67  67   6  12  57  25  91
   44  59  90  41  20  16  46  41   2  67  84  35
   76  35  47  13  81  66  81  59  45  47  15  87
   49  91  56  28   7  90   2  91  61  36  73  99
    5   8  69  86  11  39  31  66  89  36  36  67
   63  82   2  46  58   1  15  54  12  86  77  84
    5  12  64  85  10  98  15  38  57  56  26  12
   21  92  77  75  25  91  70  91  63  57  81  68
   44  37  43  84  49  94  35  84  16  73   3  41
   32  11  86  84  55  32  73   3  48  10  67  12
   32  90  78  91  62  90  33  90  17  63  92   4
   12  35  10  14  24   2  81   5  46   8  38  43
   51  81  44  25  76  46  16  98  31  98  61  49
   16  54  40  54  68  64  36  12  23  99  55  31
   87  99  38  94  47   2  92  91  74  24  46  15
   70  31  16  32  19  55  95  21  56  99  65  76
   64  98  18  86
   29  94  73  87  93   2  65  72  47  68  58  72
    6  84  70  29  53  56  41  90  37  57  76  84
    8  74  32  80   3  43  47  54  69  79  17  37
   45  11   9  67  61  86  28  29  10 100  18  88
   41  88  12  22  11  37  27  38  70  73  97  93
   98  53  57   7  80  44  63  54  29   2  64  76
   46  37  11  62  34  81  11  40  48  42  29  50
   90  52  31  21  49  17  65  34  84  53 100  85
   54  14  92  39  85  23   8  71  87  89  79  17
   12  20  19  98  55  29  58  61   2  36  50  90
   18  63  95  31  80  22  33  94  57  90  57  66
   28  97  87  99  46  87  80   8  51  82  85  52
   16  39  41  17  48   2  23  81  26  45  23  90
   82  13  87  11  33  49  86  85  47  25  31  81
   60  53  36  31  34  11  29  68  61  35  92  55
    6  32  61   3  97  68  57  94  62  57  70  86
   99  42  83  20   7  75  37  13  39  80  44  54
   20  21  45  86  95  56   4  86  27  89  54  39
   31  16  82  97  63  57  62  50  48  95  26  71
   46  98  81  67  69  38  76  20  42   6   2  21
   99  16  41 100  38   9  63  47  98  45  58  31
    8  92  20   4  46   9  67  12  79  17  15  89
   13  72  80  47   8  31  44  63  29   3  45  56
   41   1  27  63  51  89  20  99  89  19  75  25
   37  60  38  93  95  28  62   1   6   3  77  29
   99  39  89  77  11  80  32  92  13  50  58  94
   12  54  76  85  81  63  35  66  38  98  39  38
   60   6  24  97  58  23  65  33  77  47  33   4
   53  86  92  22   6  18  44  26  79  23  14  44
   28  31  79  56  41  52  50  47  13  97  75  53
   58   4  16   4  73  45  44  57  34  37  91  30
   45  39  48  16  27  52  89   6  50   2  67  96
   14  20  24  94  65  26  66  11  65  90  76  58
   94   1  65  29
   1602  1581  1668  1596  1649  1663  1678  1628  1637  1604
