 10 225
   94  43  86  33  96 104  74  35  47   4  53 110
   50  83 108  67  38  75  18  62  20  78  34  68
   29  74   7 108  88  39  31  52  29  38  28  88
   29  48  51  18  65  74  67  61 116  61  43  98
   47  66  80  48  38  41  60  25  85  54  23  20
   79  96  46  59  47  69  67  73  48  68 100  30
   37  75  92  98 106 103  88  84  61 104  96  99
   60  90  93  76  21 110  71  55 112  29  42  26
   28  59  50  61  41 101  94  44  17  80  67  38
   59  67  19  53  52  28  24  67  43  99  28  13
   46  18  86  21  49  65  44  75  56  37  12  14
   22  35  98  61  24  80   7  76  12  38  37  43
   76  80  16  68  96  68  21  87  38  78  59  92
   35  88  89  65  27  21  17  27  75  68  65  72
   92 109  52  45 101  31  51  67 109  73  50  54
   62  54  99  53   9 102 104  41  69  49  85  57
   88  80  81  23  35  90  81  25 109  56  56 107
   84  14  47  42  71 113  16  81  50  35  43  63
   52  54  14  39  76  26  67  87  91
   31  95  84  60  83  62  40  64  16  21  49  25
   82  68  98  21  37  49  26  62  82  59  37  25
   66  51  93  15  56  52  25  72  63  34  69  99
  103  77  18  61  52  91  56  59  81  72  44 106
   43  37  22  50  14 101  60   9  81  29  47  67
   88  60  80  10  79  95  35  27  89   4  57  85
   94  38  75  91  87  59  64  73  32 107  40  86
   69  18  33  37 104  15  31  90  95  52  24  58
   45  65  67  70  13  56 103  75  35  12  12  73
   20  94  70  51  40  79  73  92  14  25  55  23
   42  36  89  91  45 106  60 102  70  40  32   9
   43 106  49 102  74  33 103  88  80  58  65  95
   17  66  44  41  76  63  15  14  68 107  34  51
   37  60  65  96  98  22  30 105  89  34  56  92
   81  59  19  35 105  94  58  39  20   5  30  37
  103  30  29  45  91  21  44  59  40  69  25  22
   41 108 109  42  71  64  99  69  36 106 113  33
   39  21  69  75  16 105  55  49  42   7  66  45
   83  89  36  73  35  87  96  52  45
   19  55  18 113 110  74  57  93  45  90  88  42
   63  95  15  71  29  32  21  44  19  70  46  60
   74  63  90  99  65  14  93  24  50  29  26  48
   27  82  66  87  44  81  30  31  17  24  95  75
   41  42  98 110  15 113 105  22  42  43  96  60
   92  61  66  87  73  49 103  75  91 106  69  23
   63  38  45  33  75  93  73  51 105  16  20  98
   58  18  63  88  10  95  32  10  39  41  61  74
   27  86  15  90 100  71  33   4 111  55  84  41
   88  82  34  74  35  98 108  72  78  94  82  35
   78  67  77  53  76  65  76  73  53  83  64  30
   79  83  78  77  37   6 102  32  81  19  73  76
   44 107  21  49  95  13  41 105  50 110 109   6
   76  96  26  72  72  73  97  64  19  66  53  83
   67  21  89  50  23  98  57  52  51  71  99  73
   60 105  78  36  31  11 108 107  10 108 108  57
   45  16 100  57  65  47  95  14 109  42  80  40
   36  32  63  49  71  84 101  44 107  19 108 109
    3  19  69  74  32 103  18  54  11
   25  20  23  98  58  48  33 114  18   8  19  65
   17  89  56  56  57  18  18  95  18  20  27  19
   46  22 101  52  95  94  83  39  48 106  13  92
   22 104  33  30 100   7  74  18  41  63  72 100
  106  35  94  51  95  99  48  53  35  20  76  44
   90  66  39  83  62  14  61  95  39  12 105  62
  109  45  76  49 106  20 104  52  38  35  73  33
  103  20  75  21  35  64  51  56  80  21  59  56
   55  73  59  45  66  59  68  90  81  24 101  47
  102  84  81  60  91  44  56  68  75  50  68  19
   36  30  97  90  83  32  91  22 100  84 103  29
   96  54  78  28  97 109  35   8  66 105  43  27
   56  36 114 104  74  72  90  73  33  96  76  92
   53  70  69  36  67  60 103  65  89  91  71  38
   15  23  73  34 103  28  17  39  18  79 114  16
   39  36  25  21  38  21  38  48  93  70  76  22
   50  81  38  24  17  75  24  69  14  50  99  83
   94  64  27  78 103  31  28 100  31  60  13  85
   88  67  27 102  76  42  49  93  96
   48  44  25  99  35  57 101  31  63  30  43  20
   80 103 112  74  71  92 100  99  82  20  45  14
   58  27  78 102  51  85  67  90  35  48  26  76
   41  71  75  73  89  83  42  78  64  16  50  61
   50  71 103  14  79  53  47   9  51  20  25  49
   84  23   8   4  34  39 107  80  95  93   9  53
   90  34  37  54  89  88  44  84 102 110   7  83
   46  56  24  87  48 102  55  98  52  80  87  37
   25  85  66  29  62  68  88 100  62  43  44  18
   82  42 113  29 101  75 101  37  87   9  17  93
   41 111  63  75  17  58  83  15  52  61  48  36
   21  49 110  35  89  66  48 105  54  90  76  16
   47  74 109  47  74  81 115  64  67  98 107  72
  102  62   5  87  94  72  33 116  35  61  21 105
   68  84  63  69 108  34  35  69  95  31  64 101
   64  56  42  81  39  99  95  54  52  29  48  17
   62  39  84  50 102  99  36  33 102  73  93  61
   64  28  24 106  65  52  88  76  94  82  86 100
   75  82  68  31  94  29  85  35  50
  105  92  89  90  94  32  35  51  38  59  55  60
   31  66  57 109  33  31  97  74  82  23  57  29
   91  28  50  43 100  75  66  31  89  80 103  79
   20 113  62  80  68  52  86  41  84  26 104  60
  110  20  75  15  43 100   8  82  25  75  84  73
   82  66  90  60  89  31  58  45  42 104  30 116
   99 103  71  34  24  19  92  66  90  51  48  58
   20 103  71  37 109  54 105  36  14  65  54  73
   52  73  86  92  89  11  13  37 117  92  63  49
   43  38 102  70 112   8  95  83  94  13  78  65
   68 100  46  96  42  56  29  48  22  46   7  29
   95 100  90  27  86 100  52  45  47  83 105  89
   44  27  57  56  79  54  83  64  79  54  48 110
   69  53  44 113  28  77 104  58  69  59  40  39
   75  89 111  50  87  66  61  61  42  53  75  74
   94  88  56  87  63  66  80  59 100  85  52  48
   79  91  44  71  85  21  41 101 100 105  91 106
   50  26  40  23  93  39  62  82  51  25  34  92
   99  60  84  96  36   8  62  95  79
   44 103 100  81  79  30  56  77  70  74  45  48
   69  78  65  79 104 108  71  61  18  61  47  98
   13  56  41  72  32  33  40  16  63   9  99 102
   53  38  68  72 106  72  71   6  57  69  19  41
   99  96  74  37  74  15 102  54 102  95  42  49
   95  51  67 105  30  53  12  54  73  24  65  52
   27  52 103  15  80  30 106  96  54  39  62  55
   76  91  78 107  88 103 101  91  95  36 104  70
  106  22  82  54  57  98  73  58  50  38  84  83
   75 105  75  25 105  31  58 101  62  19  72  35
  102  91  36  87  26  86  29  24  87  66 107  61
   18  44  46  63  90  40  88  14  14  21  18  35
   23  63 115  34  53  94  35   4  15  47  79  48
   28  22  68  71  52  89  97  72  16  32  11  87
  103  59  78  53  92  63 115  84  45  14  74  81
   89  65  30  28  19  28  87  62  96  85 102  43
   94  10 104  46  23  84  22 103  81  86  93 105
   82  31  25  85  75  13  88  22  78  89  24  35
   56  37  72   6  75  52  40  46  79
   96  45  46  13  75  61  51  21  43  75  26  41
   26  55  46  15  35  44  65  87  65  65  92  45
   10 104  32  87  95  37  55  98  74  30  70 104
  105  32  11  80  50  27  67  23  26 103  44  93
   30  63  79  23  44  83  53  38  98  74  31  68
   29  65  69  29   3  77  35  65  75  97  84  20
   24  18 101  84  42  46  27  73  36  75  93  70
   40  27 108  67   9  56  73  96  90  80  27  79
  106  68  26  68  67  69  86   5  81  18  18  29
   66 115  60  42  17  88 102  43  33  76 113  55
  113  10  25  70   6  31  68  74  72  54  32 102
   98  75  44  84  12  45  77  52  18  56 115  97
   70  74  98  21  32  21  89  43  77  51  19  23
   91  93 102  88  11 113  40  69  51 101  92  39
   12  84  68  78  49  97  42  29  80  26  95  98
   58  39  25  69  73  20  23  72  94  35  26 102
   59  97 119  90  61  64  60  82  90  57  14  63
  103  21  10  54  44  49  24  40  39  21  62  20
  100  15  52  50  75  49  13  91  89
   74  61  38 101  72  40  80  90  83 103  60  14
   90  98  85  35  23  40  29  90  69  47  94  97
   58  88 117  80 102  22  14 102 106  78  81  31
   98  65  40  83  92  19 102  96  58   5  94  34
   81  95  17  68  55  22  55  88 111  22  14  82
   28  90  12 105  48  84 113  96  93  41  54  14
   52  30  27  79  50  57 106  65  94  25 106  46
   29  32   4  64 111  91  89 105  48  49  15  10
   70 104  59  81  52  90  28  97  90  39  45  37
   65  78  65  23  89  84  94  54  47  31  81  37
   58  56  95  95  73  89  46 101  70  51  46  10
   86  47  78  41   5  75  89  94  86  96  89  49
   40  41 103  37   9 107 101  69  64  19  75  73
   25  20  31  82   3 104  49  20  72 108  34 100
   60  40  53  28  91  51  41  19  90  96  47  26
   66  99  88 112  94  57  79  51  76  31  76  98
   62  22  64  60  20  51  53  83  97  43   3  60
   66  90  74  96  96  36  29  46  88  13 111  27
   40  75  68  47  84  49   9  12  39
   53  89  17  74 105  72  17  19  88  25  24  21
   76  82  33  67 107  56  34  28  56 107  90  89
   72  51  34  97  84  81 102  91  41 100  69 108
  104  93  58 113  66  94  67  73 100  15 104  43
   27  58  90  42  46  15  39  87  74  50  85  64
   76  65  61  23  33  49  31  36  66  30  63  75
   65  21  29  74  33  31  82  98  54  85  87  49
  102  33 114  85  84 105  64  34  85  23  32  82
   23  99  34  24  83  56  65  96 105  88  61  41
   16  15  65  98  76  98  50  50  72  11 105  55
   55  64  85  36  85  93 109  73 109  10  35  86
   63  23  87  34  72 105 109  13  81  82  22  41
   69  29  72  76  40  74  30  27  69  22  27  66
   27 105  78  84  89  77  62  70  41 106  63  81
   29  60  72  23  54  80  16  71  99  31  34  46
   34  74  13  68  65  26  22  54  30  80  53  39
   60  21  76 110  81  16  53  30  82  75  16  58
   47  62  34  49  43  16  93  33  56  97  72  30
   21  91  50  39  97 109  39  70  34
   15  68  30  86   7   4  30  68  56 100  55   1
   67  24   4  42  76  36  90  48  88  31  68  34
   76  37  96   9  29  72  82  63  77  70  83  28
   78  66  69  84  53  42  51  49   3  41  63  16
   70  36  25  54  78  70  42  83  22  50  94  96
   27  11  65  56  70  36  49  45  59  43  12  84
   80  34  19  15   5   4  20  35  59  14   7  10
   56  28  20  32  92   9  31  56   4  82  75  90
   84  56  60  46  71   7  21  59  89  31  53  67
   58  49  96  53  58  87  92  46  71   4  88  92
   67  94  25  83  67  48  64  43  61  74  97  90
   88  82  10  48  86  37  98  29  97  64  71  71
   35  23  89  49  21  47  87  32  75  36  46  23
   79  21  30  41  91  82  94  84  32  43  41  41
   25   9  50  70   9  83  67  43   5  40  55  50
   51  56   4  63  93  15  13  70  48  60  26  61
   17  25  31  88  74  14  27  77   7  52  51  12
   26  95  62  69  34   6  95  33  60  81  76  52
   52  60  96  72  35  78  50  32  29
   75  19  21  52  22  45  70  54  99  94  60  84
   35  47   9  85  74  54  85  51  34  46  71  85
   52  56  12  87  58  52  95  39  53  82  41   3
    5  39  97  45  51  24  54  58  21  35  67   3
   63  66  94  61  90  10  50  99  36  82  59  49
   21  59  39  95  34  18  82  80  29  98  59  17
   25  75  27  19  32  43  56  38  72   7  68  21
   33  99  83  70  16  96  85  26   9  54  91  53
   64  53  44  43  95  59  11  35  81  93  90  36
   82  19  45  67  73  32  31  14  88  77  54  88
   75  66  27  15  62  11  46  12  41  68  77  98
   60   7  58  13  29  69   8  31  38  60  51  18
   88  45  59  71  37  54  92  91  50   8  72  59
   73  50  46  23  12  92  80   5  24  77  58  13
   26  43  90  73  14  17  44  65  88 100  75  76
    5  89  80  68  23  88  59  54  80  47  86  88
   72   6   4  67  40  56  16  51  83  10   2  83
   75  85  42  36  95   4  56  62  69  95  48  58
   29  26  72  46  76  25  10  59  69
   98  49  86   1   3  39  56  27  63  14  20  67
   40  11  96  42  90  72  94  70  93  46  66  51
   34  48  24   9  54  92  20  95  59  74  88  69
   92  26  49  22  74  27  74  72  93  82  20  28
   73  62  13   2  92   1  10  95  71  60  14  46
   18  58  48  31  41  55   5  37  24   8  46  96
   54  78  71  82  30  15  45  58  14  89  91   9
   59  97  45  14  94  23  71  96  73  63  45  33
   81  17  89  18  13  41  82  99   4  55  26  73
   31  28  69  42  74   5   7  31  37  19  29  75
   31  50  38  62  27  51  33  38  66  35  43  79
   27  33  41  27  69  97   3  76  27  89  38  39
   67   8  87  61  18  96  69   6  52   5   3  96
   35  17  81  30  31  36  20  39  85  40  55  28
   53  92  15  69  96  20  47  60  52  49  10  40
   46  11  27  75  84  99   5   5 100   5  12  45
   64  93  20  60  55  69   8  97   2  78  29  80
   72  88  42  64  41  31   1  58  13  94   8   8
   99  97  34  39  79   9  95  66 100
   79  83  84   5  56  67  81   5  84  99  93  40
   87  20  51  48  55  90  95  19  91  85  88  92
   71  89  19  58  14  12  37  79  64   5  91  18
   95  10  83  82  10  98  30  84  65  42  44   3
    9  80  26  67  21  12  58  50  78  93  33  74
   22  49  68  32  41  99  56  12  72  95  11  45
    8  70  37  62  14  97   6  58  69  72  44  75
    9  89  40  99  82  54  56  59  28  82  58  49
   55  36  54  59  41  52  49  21  39  96   6  56
    2  25  30  53  12  58  54  43  34  68  42  94
   68  78   5  21  25  75  28  94   7  33  14  82
    7  53  28  86  15   9  74 100  44  11  62  78
   59  83   6  14  28  48  21  38  73  23  40  19
   55  38  47  84  43  59   9  52  22  23  33  70
   95  86  31  79   9  92  98  74  84  41   2  86
   67  77  83  82  82  92  78  63  10  35  36  84
   63  33  67  89  93  37  94  51  91  62  16  28
   14  56  82  31  12  73  92   8  84  57  89  32
   32  44  81  12  31  76  64  10  15
   65  72  86  18  81  49   7  81  48  79  71  90
   28   6   3  42  36  16  11   7  29  85  66  97
   52  82  29  12  59  34  42  20  82  57  94  34
   75  45  36  30  13  28  63  27  54  87  61  42
   70  34  13  97  30  51  70  96  55  99  83  54
   30  82  98  99  82  75  12  35  16  20  93  58
   18  73  68  51  18  31  59  22  16   3  98  23
   72  54  92  16  57  13  58  16  63  32  16  81
   84  25  49  80  54  51  21  11  43  74  60  87
   29  77   3  88  17  44   3  66  31  96  97  24
   64   5  48  45  94  48  23  95  58  50  65  82
   89  66   9  79  22  39  60  10  53  16  43  95
   68  28  10  67  31  30   4  39  35   8   2  42
   14  44  97  22  23  48  71   3  73  43  99   8
   36  27  41  42   3  86  85  49  14  74  55  11
   49  56  76  28  74   7  16  54  59  86  70  91
   48  63  27  53   7   8  82  87  16  46  26  59
   40  78  83   5  48  57  23  33  11  27  32  10
   41  35  39  81  17  87  19  83  53
    6  12  29  22  17  77  69  66  68  53  61  51
   80  54  46  11  80  88  19  39  21  91  59  85
   21  83  70  63  17  34  41  72  21  37   8  32
   96   4  40  27  48  64  32  67  19  83   9  60
    1  89  45  94  63  10  94  34  88  29  34  31
   20  52  21  43  25  81  60  71  70   9  82   4
   10  15  44  76  81  88  27  43  23  51  58  60
   91   2  44  83   6  61   9  77  94  46  54  35
   54  41  26  13  31  93  94  76   2  11  51  63
   75  80   9  49   8  95  25  33  22  92  30  38
   48  12  73  15  72  53  74  65  98  61  95  79
   24  11  23  75  25  12  55  65  57  26  13  21
   69  89  59  62  25  60  24  51  39  64  54   2
   34  64  65   2  92  36  11  45  41  60  63  79
   28  25   9  66  32  37  50  50  69  56  27  45
   17  31  48  28  55  51  31  51  11  17  62  60
   26  11  61  32  26  94  63  18  12   7  16   3
   56  78  77  79  19  64  44  30  68  79  73  23
   19  55  32  22  84  99  48   9  34
   69  12  20  32  26  76  47  27  46  38  65  55
   44  25  46  41   3   7  43  45  97  51  59   6
   91  48  62  38  86  85  74  96  45  99  21   6
   62  79  38  45  14  37  47 100  58  44  90  78
    4  19  31  83  37  89   9  56  15  16  67  70
   21  63  39   6  77  56  90  64  30  81  37  64
   87  58  12  91  25  72   5  12  51  70  58  47
   39  14  29  13  15   6   9  22  16  67  15  48
    6  84  33  49  52  17  31  59  70  66  28  36
   27   9  37  79   9  89  56   4  48  83  31  77
   18  11  80  24  82  22  78  87  21  40   6  57
   97  72  56  56  13  78  15  90  97  98  87  69
   91  56   4  74  61   9  76  99 100  71  23  58
   78  97  52  37  61  25  12  32  89  82 100  30
   17  60  38  62  21  41   4  20  63  98  33  27
   24  49  77  81  89  78  31  56  12  19  11  60
   18  93   8  67  96  32  98   7  36  28  16   7
   29  83  84  18  39  94  22  81  32  16  95  72
   64  74  46  99  41  56  77  68  30
   22  70  59  93  32  48  52  96  72  45  80  62
   82  62  66  87  81  62  51  27  46  42  27  69
   99  11  81  23  18  82  61  18  41  86  39  15
    3  77 100  31  69  76  39  79  94   7  65  15
   84  51  30  96  73  22  55  68  15  43  84  36
   86  38  37  76  99  43  83  42  36  19  28  92
   78  84   6  26  70  61  88  31  77  28  13  48
   68  89   7  47 100  55  41  10  27  37  86  33
   12  50  84  39  52  36  34 100  27  89  85  77
   41   5  48  67  98  30  18  68  74  35   5  50
    7  95  82  45  99  81  46  45  40  66  85  17
   22  45  67  22  90  63  32  58  91  63   5   6
   38  38  12  93  87  99  22  69  35  59  86  89
   11  25   1  18  98   1  76  37  65  12  25  76
   96  29  51  42  53  17  67  77  33  88  12  13
   53  72  81  50  37  94  83  45  18  70  87   8
   52  14   1  14  52  51  55  32  21  57  95  56
    8  92  97  62  73  65  83  62  66  94  57  85
   15  95  52  61  29  70  90  21  15
   37  41  74  17  43  78  23  30  27  12  55  91
   16   4  26  76  91  78  87  26  39  69  18  22
   55  25   3  31  14  88  95  12   4  28  24  74
   19  39  71  19  20  99  11  17  51  99   9  75
   24  23  89  48  61  92  58  16   7  88  94  29
   91  14  97  10  70  35   5  22  13  76  66  99
   64  84  82  37  63  46   7  43  25  79   9  61
   85  77  99  46   9  22  22   4  61  53  99  99
   36  10  54  24  54  23  77  21  21  76  72  79
   44  34  53  88  17  23  10  55  63  79  35  81
   47  62  11   8  38  26  59  15  47  53  60  94
   21  56  24  76  98  37  29  21  33   8  28  69
   71  77   6  69  99   4  10  44  55  96  36  43
   87  97  83  38 100  13  62  98  41  10  75  14
   58  78  55  88  23  58  64  94  12  17  59  92
   49   5  18   5  18  61  25  62  27  88  28   5
   45  88  46  51  94  61  51  28   9  62 100  59
   54  30  44  23  10  66  84  65  14  89   4  84
   71  42  52  67  23  64  99  95  77
   64  13  93  44   6  46  94  92  14  87  81  85
   36  30  69  41  10  55  74  74  63   2  24  27
   38  52  85   5  18  30   1  29  70   5  37   6
    9  19  48   3  52  18  49  35  14  95   3  75
   89  59  21  62  65  95  75  31  37  55  24  55
   38  51  45  96  85  67  88  72  36  80  39  30
   52  90  88  44  82  73  26  11  60  33  33  66
    3  78   1  20  35   6  51  84  17  92  73  38
   88  12  77  81  24  47  53  23   4  32  45  63
   90  93  40   4  26  13  68  53  37  94  13  64
   50  54  34  69  27  11  11  34   6  97  85  23
   55  85  28  73  47  12  11  94  33  34  95  61
   39  82  32  34  74  35  72  83  46  97  93  36
   89   8  33  19  16  36  44  34  65  12  51  29
   74  56  30  89  57  27  90  43   4  80  80  74
   77  41  93  49  38  85  95  59  75  40  64  74
   47  88  33   6  37  95  60  83  24  37  95  49
   61  49  76  56  71  90  20  86  52   5  37  79
   93  15  61  67   8  11  79  34  77
    931   957   889   945   866   840   884   955   880   902
