 25 100
  115  46  31  76  65  99  29  80  72  76  77 101
   59  62  89  72  96  72  38  17  12  98  98  36
   16  22  21  40  56  49  62  71  50  85  29  76
   91 108  71  84  28  52  95 101  54  89  49  52
   41  47  49  81   9 100  40  10  29  79  10 113
   43  80  82  29  79  24  43  96  66  76  64  85
   61  78  77  82  48  39 111  25  81  92  88  93
   25  55  81  24  29  57  30  58 113  57 106  79
   17  77 100 107
  105  85  83  96  46  76  12  52  85  94  26  31
   21 107 107  39 109  44 113  32  92  43  65  33
   72  43  94  29 107  49  86  97  72  77  84  45
    7  23  91  87  78  86  36  19  55  83  88  50
   17  24  22  58  91  32  25  65  77  87  79  89
   28  82  49  57  49  40  49  59  93  40  33  49
   88  20  22  36  95  80  84  78 103  94  31  93
   31  85  65  78  78  27  48  63 108   6 114  68
   58  19  75  72
  101  79  59  24  48  82  25  34  78  75  29  40
   86  71  65  55  63 115  46  97 101  59  33   7
   71  57  94  96  46  98  20  29  46  47  81  27
   99  79  60  46  13  96  77  90  33  60  74  26
   97  90  74  17  93  91  64 106  20 112  15 117
   90  86  85  71  24  82  76  11  87  88  75  49
   79  10   6  48  39 100  71  64  23  93  39  65
   18  55  44  72  78  55  39  52  66   8  11  42
   20  83  22  44
   39 112  85  33  63  46 116  20  22  32  81  63
   84  69  98  19 109  22  83  14  84  36  44  78
   18  93 101  68  35  19  77  30  88  93  84  78
   72  42  28  30  82  17 102   8  77  77  99  99
   59  61  77  35  20 106  32  78  77  28  39  56
   91  49  31   6 109  51  94 114  82  17  80  89
   24  71  60  40  92  87  88  90  69  80  34  96
   80 105  56  40  23  93  32  99  69  43 100 114
   72  61  99 107
   67 103  23  41  44  78  44  48  54  25  94  27
  114  32  27  46  56  80  47  28  55  63  16  58
    8  83  35  14 107  83  66  19 105  47  46  49
   29  48  90  42  77  81  97  89  90  26  68  36
   44  59 101   7  62  85  94  67  44  18  51  30
   88  36  35  99  61  93  69  15  93  32  13  85
   43  74 102  95  81  92  41  41  91  99  88  69
   17  54  22  21  92  45  66 103 104  65  28  98
   43  33  34  67
   77  33  39  13  30 111  66  24  40  67  72  52
   46  52  15  33  30  43  66  10  24  32  95  41
   26  87  95  77  93  50  28  31  26  75  18  52
   36  23  18  27  49  66  50  97  62  69  43  46
   76  27 101  26  64   8  67  30  74  58  28  18
   34  61  81  27  39  78  75  57  19  75  31 106
   17  51  18  93  44  78  49 100  71  81  71   6
   40  42  68  91  93  31  63 104  41  79  99  53
   66  79  43 103
   50  68  54  51 103  81  51   9  23  28  38  85
   41   4  64  74  83 104 112  69  94  77  38  62
   43  43  91  33  93  80  47  96  68  46  18  75
   68  51  12  31  11  79  20  73  85  28  77  54
   53  82  49  50  42  48 113  38  48  20  64  93
   60  78  23  72  79  38  20  69  46  64  45  95
   59  66 110  57  45   6  73  62  97  22  47 105
   54  29  55  50  38  67  69  90  72  66  34  57
   91 102 110 112
   20  34  52 104 101  56  78 101  25  90  11  46
  118  63  15  26  10  39  73  99  10  26  71  83
   70  10  45 101  98  74  34  27  48  29  70  84
   54  67  61  93  90  64  67  22  28  43  15  17
   73  22  98  18  24  48  33  63  50  15  78  60
  106  37  26  77 110  78  54  82  35  24  43  31
   57  12  32  79  24  68  28  32  13  40  62  89
  107  91 110  20  53  31  60  43  87 104  51  68
   76  74  31  63
   40  42  57  37  45  28  28 101  30  22  78  62
   54  59 116  25  71 101 109 103  51  40  74  93
   27  92  50  30  16  58  16  27  90  54  92  38
   97  86  57  47  97  84  15  57  23  78  61  39
   79  68  89 105  34  56  11  35  22  18  41  32
   89  34  38   9  49  76  59  29  45  57  47  88
  107  79  71  92  68 103  72  85  42   7   8 101
   69  27  18 106  27 113  85  18  59  34  98  93
   24  95  57  78
   47  61  30  89  61  91  60  24  77  23  38  97
   97 106 102  46   7  71  31  86  25  26 105  22
   72 112  62  49  75  23  64 111  91  60  59  36
   89  13  51  54  97  39  62  88  67   6  69  34
   55  53 103  59  54  23  46  28 105  68  28 109
   31 110  66  87  83  54  93 101   9  45  32  43
   80  99  17  83  94  20  11  16  25  48  72 116
   90  51  59  24  69  72 100  52  83 101  16  44
   62  46  52  13
   82  64  82  51  72 102  60  61  79 103  51  41
   72  25  67  84 102  79  85  74  58  79  33  82
   70  24  85  23  66  96  22  37  25  92  73  85
   24  62  46  84  38  93  59  59  45  58  40  70
   95  47  17 101  43  59  71  28  77  53  40  98
   99  82 110  60  96  77  53  93  72  63 107  68
   68  76 109 104  97 105  32  87  94  83  48  33
   29  34  32  51  46  96  65   3  23  78 107  19
   66  36  61  88
   70  36  97  69 104  77  84  88 100  96  51  21
   23  52  27  42  56  78  30  11  86  40 102  24
   63  60  48  63  49  70  92  94 107  20  59  38
   37  74  70 109 107 106  19  96  99  28  69  83
   54  61  63  99  25  46  85  99 104  19  24  85
   20  18  36  54  74  16  22  83  95  59  96  81
   60  86  30  63  43  89  85  73  23 103  60  85
   38  41  78  91  88 105  14  31  21  50  40  95
   30  65  31  20
  103  77 103  10 105  47  79  55 110 100  81  90
   47  15  38  70  44  93  53 102  39  52  69  73
   64 102 102  34  97  12  45  66  70  63  57  64
   51  52 100  80  10 110  54  60  10  28  37  65
   21  71  65  96  76  44  55  80  68  49  51  37
   73  68  51  18  43  34  49  39  44  17  98 110
   30  75 105   3  57  67  13  27  99  34  44  33
   20  97  57  94  31 112  17  47  75  42  38   8
   65  72  51  44
   61  35  61 100 103  92  62  12  54  60  23 100
   78  91  26  43  33 107  69  61 104 100  89  51
   80  90 109  49  91  99  59  81  22  95  39  95
   22  59  44  20 111  71  71  51  60  66  43  26
   29  76  33  42  41  24  54  95  83  63  42  89
   67  23  35  85 105  31  51  34  52  27  24  69
   61 102  42  28  10  34  76  62  86  87  40  38
   65  85 106  62  70  79  19  72 109  30  95  56
   39  98 112  82
  100 106   7  59  77 109  37  74  85  49  48  14
   58  91  57  27  92  78 112  63  80  18  43  40
   23  40  42  50 101  51  77  12  92  47 111  59
   25  80  57  98  87  55  49  63  69  78  37  36
   74  53  31  61  85 117  24  90  14  40  82  78
   89  62 110  36  19   8  65  74  87  66  40  28
   13  19  72  97  60  14  46  37 110  33  91  29
   18  12  65  35 102  60 111  23 104  52  86  86
   68  31  66  50
   45   8  80  27  84  50  56  92  50  52  72  82
   46  27  21  37 102  44 103 100  16  70  73  44
  106  88  52  74 103  25  74  32  52  63  67  99
   32  79  22  91  36  99  50  90  79  91  66  69
   74  45 107  49  61  85  81  37  36  78  57  69
   49  51  48  52  95  49  40  96  42  94  24  66
   88  90  67  54  64  34  99  39  52  68 112  58
   76  53  70  51 109  74  46  32  59  77  96  29
   53  86  30  59
   94  55 108  96  79  17  67  70  79  79   5  92
   62  39  83  91   9  93   4  93  17  66 103  38
  108  34  69  87 101  10  71  38  42  53 107 104
   42  19  19  95  50  21  32  91 108  94  69  11
   94  32  48  37 113  38  59  45 107  42  75  55
   75  56  40  55  30  52  77  17  10  26  85  20
   43  56  42  99  65  42  52  21  28  69  55  62
  107  17  31   9  68  84  42 113 105 111  47  83
   51  72  18  76
   62  59  71  65  84 109  90  39  71  65  69  47
   88  40  84  70  49  39  32  70  28 108  84  84
   97 112  40  93  38  29  30  98  29  70  72  59
  107  28  65  82  60  60  77  77  23  62  44  37
   35  82  68  84  78  40  42  42  14  80  82 101
   91  40  46 108  51  69  17  74  74  94  92  51
   65  80  17 104  17  36  60 107 100  81  30  82
   35  54  74  51  24  65  66  93  34  78  94  58
   44  72  10 108
   12  54  87  64  66  52  53 107  16  78  83  99
   73  46  94  97  63  12  64  89  70  46  18  89
   42  96  72  15  63  46  67  25  29  29  96  46
   61  28  59  62 105  96  71  28  47  97  90  55
   51  81  13 102  48  41  40  80 104 108  80 112
   21  21  31  45  52  96  55  57  59  89  12  87
  114  56  74  58  27  74  93  67  79  81  42  73
   93  87  75  98  44  26  38  20  68  73  35 106
   92  22  87  69
   42   6  81  66  92  37  71 102  47 110  74  31
   68  26 107  66  12  29  44  70  45  36 101  75
   63  96  49  94  61 114  12  98 114  71  24 100
   57  79 100  73  35  12 117  38  77  91  19  31
   94  17 106  84  57  31  52  21 102  33  93  89
   77  43  17  59  25  32  77  57  77  65  51 115
   31  79  20  99  55  42  36  51  92  52  96 102
   16  43  42  35  85  95   3  46  76  44 109  89
   42  56 101  95
   67  70  18  51  54  51  73  91  97  61 104  18
   69  50  51 100  76  87  30  60  30  75  60  60
   67  97  53  55  55  67  99  29  40  12  62   7
   30  41 101  64 102 113  35  58  74  32  99  49
   25  61  93  68  21  52  75  22  27  23  92  60
   32  41  89  73  78  90  89  29  46 102  27  11
   21 112  73  75  13  80  92  97  21  77  90  66
   69  70  37  49  12 102  96  81  54   4  73  38
   36  85  26  71
   25  96  99  56  18  71  75  97  52  16  35  82
   16  53  53  17 100  29   9  21  52  66  42  87
   74  35  82  90  92  66  54  27  77  93  38 106
   59 106 102  44  29  11  86  47  64  31 100  24
   21  50  62  14 101  80  40  35  31  68 106  21
   70  92  10  81  87  64  31  86  61  28  96   7
   24   7  65  50  29  94  64  45 115 114  48  28
   66 111  34  17  58   7  94 100  67  60  14  52
   23  98  21  88
   48  44  16 101  44  14 101  21  50  14  80  47
   32  90  93  78  25 101  25  86  29  60  88  50
   41  60  71  94  24  40  94  26 111  40  80  24
   58  72  18  96  26 103  17  88  34  36  19  30
   99  66  56  98  67  56  24  10 101  25  47  70
   27  92  28  84  20  57  47  29  83  48  65 106
   80  42  64  80  60  26 102  82  88 100  29  96
   45  77 109  62  20  24  60 100  89  38  68  92
   64  87  51  45
   73  36 101  64  93  23  48  30  25  40  60  92
   26  15  83 107 104  31  67  58  31  87  96  88
   40  84  95  91  97  28  50  90  85  60 103  17
   19  45  27  75  49  40  68  22  85 103  70  15
   18  39  26  43  87  47  20  16  94  60  36  19
   74  41  48  97   7  89  34  88  62  81  17  97
   13  94  19  72  80  29  94  44  67  37  33 100
   77  70  39   9  84  94  30  53  88 108  95 100
   50  54  58  82
  105  80  80  65  43  89  19  93  85  31  42  98
   67  81  61  55  35  27  30  65  28 101  26  55
   66  73  47  90 104   6  28  78  64  18  49 106
   29  55  83  77  79  87  49  34  93  49  10  33
   88  90 106  47  53  98 102   8  23  23  78  43
   67  57  64  35  85  58  21  44 102  20  87  80
   16  56  71  38  53  57  27 103  79  70  47  23
  101  55  92  87  43  20 111  11 108  46 111  36
   65  82  32  62
    5  60  75  29  51   4  88  31  36  35  39  18
   60  52  31  41  23  46  74  94  93   8  13  72
   88  97  94  80  56  70  54  35  69  28  81  33
   14   9  39  28  83  60  14   4  54  22  67  61
   68  65  53  26  93   4  80  93  75  37  92   4
   63  27  34  78  29  82  70  12  43  41  47  28
   46  25  42  20  66  74   5  80  25  13  23  18
   86  60  30  91  86  50  80  55   3  63   9  30
   87  33   2   3
    5  31  27   8  72  32  91  55  34  13  78  81
   94  10  13  75   8  67   6  84  11  60  39  81
   47  63   8  90   7  57  29   9  33  35  27  75
   97  88  20  23  26  28  77  83  51  33  16  62
   90  87  81  57  20  81  82  49  34  33  33  25
   83  37  61  63  57  71  56  54  11  67  87  71
   17  90  89  69  25  25  31  28   7   9  75  24
   89  26  40  32  39  84  64  48   1  96   4  48
   53  92  35  46
   19  37  60  79  69  24  88  76  26  27  84  80
   31  39  55  49  39   1  65  11   5  59  75  96
   45  58  11  23  62  18  82  86  64  60  37  76
   11  34  49  71  91  23  42  21  71  54  41  77
   17  21  46  87  26  17  40   2  93   5  96   3
   17  23  28  31  79  31  28  98  21  24  36  62
   34 100  97  56  79  18  48  49  81  18  69  40
   86  62  76  43  36  55  69  65  53  94  96  65
   88  30  98  60
   64   8  32  70  48  69   4  98  89  86  24  51
   27  45   9  88   6  81  26  97  36  72  66  36
   91  24   8  41  73  97  37  81  24  11  34  24
   36  74  82  78  29  98   9  99  30  31  19  21
   52  55  30  81  90  10  75  29  35  75  63  64
   20  60  78  98   9  57  21   4  35  95  34  14
   96  46  58  63  28  22  32  22  35  31  83  14
   39  13  56  68  95  18  73   8  42  66  16   2
   35  50   8   8
   45   2  84  70  74  27  73  55  52  87  25  77
    6  87  81  65  56  27  68  82  56  48  97  61
   97  19  74  97   9  25  38  91  14  56  61  66
   83  69  28  63  36  30   5  26  23  77  43  74
   61  54  13  98  41  19  11  52  76  94  52  88
   27  73  68  12  48  16  42  92  18  85  89  18
   77  37  15  22  38  22  70  68  12   3  26  39
   87  57  82  84  28  65  43   6   8  52  79  16
   66  79  84  44
   43  86  78  90  76   5  53  84  70  51  40  67
   68  51  88  76  86  73  38  95  81  83  19  61
   90  26  18  32  21  55  81  82  87  45  90  64
   66  92  98  79  59  42  66  12  50  46  64  71
   43  88   5  82  47  99  51  90  29  58  76  93
   72  47  25  91  68  31  32  57  96  30  75  13
   91  65  93  26  74  37  59   4  42  25  45 100
   80  61  52  17  19  73  51   5  61  34  16  60
   37  34  73  16
   67  52  62  64  16  38  62  99  86  81  77  32
   68  99  56  28  28   6   4  40  11  28  79  46
   76  74  19  72  14  37  61  21  43  57  93  43
   42  55  94  82  97  38  95  38  24  83  25  65
   59  29  66  64  66  55   2  71  54  89  50  14
   49  24  94  34  32  68  93  42  69  47  73   8
   49  43   5  54  59  97  45  55  11  88  71   6
   54  74  58  60  76  43  49  19  36  37  68  46
   28   3   7   7
   84  86  60  11   2  50  36  16  78  17  99  67
    2  53  97  89  97  66  32   6  94  81  35  22
   35  99  71   6  13  45  84  75  71  89  33  27
   53  45  47  10  27  44  36  86  86  71  91  87
   41  83  12  93  96  70  78  48  54  94  36  52
   14  74  86  31  10  33  60  21  75  87  63  76
   59  97  72  40  86  43  80  75  89  64  52  13
    6  17   2  91  58  83  50  64  31   2  69  41
   39  36  78  43
   79  75  61  80  69  90  89   5  75  82  38  56
   52  47   1  91  33  10   8   5  58  71  37  15
   77  23  58  83  86  47  88  76  25  66  10  74
   10  32  54  60  18  33  96  57  96  25  50  71
   23  35  21   5  83  55  98  84  90  93  63  86
   18  71  65  97  71  43  59  84  61  49  68  16
    9  41  34  23  52  16  45  26  76  96  99  12
   36  79  84   3  93   7  27  97  52  70  20  16
   92  10  57  35
   65  41  84  30  59  18  45  88  40  82  73  12
   21  10   8  64  98  33  77  22  94  92   9  98
   36   6  52  63  43  89  50   1  20  56  47  66
   29  93  67  63  22  77  43  18  44  97  33  71
   49  67  12  52  58  89  66  75   3  49  80   2
   74   8  52  24  35  61  10  12  97  57  80  63
   32   4  86  22  19  92  95  90  95  54  30   3
   12  64  50  81  51  39   7  59  35  17  86  69
   56  73  58  97
   35  43  24  63  39  17  43  57  32  14  69  69
   32  87  46  28  10  32  21  33  47  41  74  22
   36  83  17  95  46  16  90  83  89  28  38  35
   87  51  61  27  78   9  47  59  75  52  77  37
   10  64  92  15  61  57  40  83  26  61  71   6
   12  26   9  45   9  34  60  26  43  39   4  49
   39  41   3   6  13   5  86  24  20  29  63  69
   73  85  86  60  65  17  44 100  95  32   1  90
   52  79  58  31
   50  83   7  34   2  37  32  23   4  11  61  94
   93  68  88  66  64  25  87  91  22  71   8  91
   40  42  66  45  62  37  28  11  13  98  61  65
   75  40  38   6   4   4  83  13  19  79  41  22
   53  48  53   9  94  69  28  14  11  89  87  26
   85  99  71  58  44  90  93  22  25  59  20  30
   51  16  74  51  65  18  20  37  90   9  51  34
   64  74  32  23  25   6  96  82  83  63  79  25
   73  39  76  97
    4  41  17  93   5  73  41  64   7  18  32  16
   62  87  81  36  69  25  60  18  64  58  40  39
   45   5  18  79  16  98  70  46  45  47  61  53
   53  63  11  39  99   9  65  44  92  76  83  53
   91  48  48  13  35  71  56  33  43  67  65  83
   43  38  67  94  68  69  66  68  68  94  15  10
   88  32  13  99  54  52 100  93  15  83  58  84
   90  15  48  12  78   7  96  57  38  74  74  96
   44  38  59  60
   53  81  59  11  17  25  51 100  55  42  95   2
   27  12  79  64  81   5  40  46  16   2  15  67
   23  23   3  64  12  19  49  25  91  13  64  16
   88  48  73  86   3  34  31  59  60  41  76  80
   74  34  84  69  77  95  63  10  28  48  66  29
   47  89  84  25  14  77  55  68  52  80  78  46
   41  11  68  75  94  70  26  54  23  24  71  71
   43  28  14  49  33  32 100  40   2  76  20  55
   78  10   2  27
   13   5  96  44  34   4  74  39  17  59  64  89
   60  12  62  84  27  39   7  48  37  94  62  73
   97  71  68  65   3  64  37  99  22  72   9  52
   88  25  61  13  30  57  64  41  43  38  74  74
   44  60  85  45  20   3  96  25  91  75  36  37
   25  49   3  70  92  99  46  35  32  41  67  75
   98  97  42   8  56  91  66  72   4  72  22  85
   89  93  41  76   6  49   6  86   3  64  25  25
   42  78  45  56
   65  95  23  77  18  61  57  21  61  63  40  24
   61  91  81  81   9  69  12  11  94  44  41  64
    4  16  67  39   4  86  37  76  60  41  35   5
   76  35  86  15  77  12  57  28  30  23  42  33
   32  66  13  60  53  27  26  73  70  24  57  39
   62  57  71  59  25  55  76  20  65  11  86  53
   31  18  45  57  42  86  17  71  67  52   8  57
   36  61  32  69   2  40  66  88  61  34  21  81
   51  27  78  59
    9  56   3  16  33  94  44  48  29  35  97  12
   51  81  32  16  97  24  98  18  94  52   9  78
    4  68  39  16   3  97  39  73  72  56   4  10
   65  99  96  25  61  91  78  17   3  16  39 100
   18  87  63  73   6  69  56  66   7  62  44  51
   35  60  72  61  86  57  33  85  92  83  19  84
   60  61  65  17  42  63  57  89  83  50  64  47
    5  93  83  99  38  36  63   7  10   3  73  27
   62  32  95  32
   46  56  42  42  30  11  28  66  48  37  50  69
   17  77  29  50  54  72  70  33  90   9  31  25
   18   1  63  26  82  90  83  11  87  40  43  55
    3  90  38  31  51  42  35  34  81  56  65  82
   80  20  43  35  32  71  75  71 100  37  24   2
   18  70  57   9  63  51  88  31  32  22  21  67
   38  33  94  11  97  72  60   7  10  37  72  24
   74  49  30  54  93  40  51  12  72  33  24  55
   64  39  99   4
   94  61  31  42  51  52  65   7  95  35  20   4
   34  65  14  20  40  92  46  29  41  64  96  18
   67  15  48  98  44  58  52  78  77  86   6  72
   44  91  59  49   5  10  44  92  73  14  13  56
   55  37  95   9  68  71  72  35   5  12  34   6
   94  97  73  64  65  19  56  51  45  31  99  21
    5  59  42  55  91  33  10  43  37  23  65  32
    9  26  44   4  72  80  74  93  49  39  75   4
   25  93  30  34
   78  98  29  39  14  77  45   7  73   9  31  88
   52  90   1  51  91  86  73  32  67  66   4  39
   44  23  60  17  44   6  90  21   3  38  85  20
   45  36  11  38  80  99   2  69  38  12  97  80
   25  97   5  25  54  75  63  93  17  83  26  17
   39  74  94  52  95  79  43  58  34  47  68   4
   79  34  95   9  55  69  78  61  14  59  21   8
   95  64  72  68  23  13  99  65  34  73   7  24
   76  58   8  23
   38  33  89  60  56  62  45  13  18  46   3  96
   46  63  61   4  30  17  88  52  78  30  56  48
   35   8  64  64  60  50   5  88  76  95  45  99
   82  79   1  44   8   4  74  49  37  77  18  62
   78  46  18  40  81  59  35  85  93  88  19  57
   74  61  22  34  25  12  20  82  74  15  91  93
   86   3  39  39  97  37  10  21  81  40  14  54
   38  32  71  62  98   9  11  30  53  99  36  80
   81  18  89  31
   90  18   7  54  96  42  39  11  67  90  67  28
   94  64  52  90  11  80  97  93  68  36  74  31
   41  83  26  28  10  51  65  91  28  23  73  12
   47   5   6  65  89  91  17  58  45  71  15  83
   93  61  56  91  15  40  78  80  86  46   5  94
   47  16  93  24  17  38  86  21  45  81  19 100
   86  95  44  60  77  20  44  71   5   6  66  79
   43   4  69  86  58  96  17  15  45  44  94  63
   96  22  90  32
   66  76  91  16  64  97   3  96  52  97  37  57
   80  27   9  42  86  13  81  21  83  59  18  59
   65  43  45  20  84  76   9  86   2  80  37  86
   46  43  84  17  87  10  88  28  72  80  88  76
    7  47  55  11  52  64  80  98  15  82  67  44
   79  24  76  23  89  45  59  80  19  62  52   5
   28  76  48  35  51  84  12  27  21  11  83   6
   66  38   9  45  83  78  54  15  31  68  42  18
   44  16  61  60
   45  80  16  52  18  95  56  75  86  70  48  16
   78  95  30  11   3  72  44  53  84  17  21  24
   71  36  21  11  12  78  67  17  30  47   2  97
   87  75  92  35  63  71  46  84  35   5  33  96
  100  64  86  65  22  55  87  86  25  46  83  85
   35  63  71  10  97  29  81  24  50  27  87  14
   93  19  94  45  34  80  12  65  48  74  86  11
   39  41  80  97  21  24  77  57  28   3   7  12
   64  53  57  27
   10  31  32  51  72  26  87  26  20  72  74  14
   35  30  50  56  69  89  81  38  83   7  81  51
   38  38  61  25   8  96  81  35  50  92  59  12
   86  59  24  42  30  29  68  77  25  68  94  77
   23  27   2  57  63  21   2  94  84  88  32  70
   38  57  39  74  21  55  92  67   9  90  25  29
   99  55  37  79  51  56  85   8  24  49  64  87
   10  64  19  23  63  98   5  99  10  74   9  83
   51  36  72  45
    152   157   167   147   166   186   159   172   172   164   145   158
    166   151   157   151   165   151   147   154   159   171   166   166
    164
